0
0
0
0
0
0
0
0
0
0
0
0
0
0
0
0
0
0
0
0
0
0
0
0
0
0
0
0
0
0
0
0
0
0
0
0
0
0
0
0
0
0
0
0
0
0
0
0
0
0
0
0
0
0
0
0
0
0
0
0
0
0
0
0
0
0
0
0
0
0
0
0
0
0
0
0
0
0
0
0
0
0
0
0
0
0
0
0
0
0
0
0
0
0
0
0
0
0
0
0
0
0
0
0
0
0
0
0
0
0
0
0
0
0
0
0
0
0
0
0
0
0
0
0
0
0
0
0
0
0
0
0
0
0
0
0
0
0
0
0
0
0
0
0
0
0
0
0
0
0
0
0
0
0
0
0
0
0
0
0
0
0
0
0
0
0
0
0
0
0
0
0
0
0
0
0
0
0
0
0
0
0
0
0
0
0
0
0
0
0
0
0
0
0
0
0
0
0
0
0
0
0
0
0
0
0
0
0
0
0
0
0
0
0
0
0
0
0
0
0
0
0
0
0
0
0
0
0
0
0
0
0
0
0
0
0
0
0
0
0
0
0
0
0
0
0
0
0
0
0
0
0
0
0
0
0
0
0
0
0
0
0
0
0
0
0
0
0
0
0
0
0
0
0
0
0
0
0
0
0
0
0
0
0
0
0
0
0
0
0
0
0
0
0
0
0
0
0
0
0
0
0
0
0
0
0
0
0
0
0
0
0
0
0
0
0
0
0
0
0
0
0
0
0
0
0
0
0
0
0
0
0
0
0
0
0
0
0
0
0
0
0
0
0
0
0
0
0
0
0
0
0
0
0
0
0
0
0
0
0
0
0
0
0
0
0
0
0
0
0
0
0
0
0
0
0
0
0
0
0
0
0
0
0
0
0
0
0
0
0
0
0
0
0
0
0
0
0
0
0
0
0
0
0
0
0
0
0
0
0
0
0
0
0
0
0
0
0
0
0
0
0
0
0
0
0
0
0
0
0
0
0
0
0
0
0
0
0
0
0
0
0
0
0
0
0
0
0
0
0
0
0
0
0
0
0
0
0
0
0
0
0
0
0
0
0
0
0
0
0
0
0
0
0
0
0
0
0
0
0
0
0
0
0
0
0
0
0
0
0
0
0
0
0
0
0
0
0
0
0
0
0
0
0
0
0
0
0
0
0
0
0
0
0
0
0
0
0
0
0
0
0
0
0
0
0
0
0
0
0
0
0
0
0
0
0
0
0
0
0
0
0
0
0
0
0
0
0
0
0
0
0
0
0
0
0
0
0
0
0
0
0
0
0
0
0
0
0
0
0
0
0
0
0
0
0
0
0
0
0
0
0
0
0
0
0
0
0
0
0
0
0
0
0
0
0
0
0
0
0
0
0
0
0
0
0
0
0
0
0
0
0
0
0
0
0
0
0
0
0
0
0
0
0
0
0
0
0
0
0
0
0
0
0
0
0
0
0
0
0
0
0
0
0
0
0
0
0
0
0
0
0
0
0
0
0
0
0
0
0
0
0
0
0
0
0
0
0
0
0
0
0
0
0
0
0
0
0
0
0
0
0
0
0
0
0
0
0
0
0
0
0
0
0
0
0
0
0
0
0
0
0
0
0
0
0
0
0
0
0
0
0
0
0
0
0
0
0
0
0
0
0
0
0
0
0
0
0
0
0
0
0
0
0
0
0
0
0
0
0
0
0
0
0
0
0
0
0
0
0
0
0
0
0
0
0
0
0
0
0
0
0
0
0
0
0
0
0
0
0
0
0
0
0
0
0
0
0
0
0
0
0
0
0
0
0
0
0
0
0
0
0
0
0
0
0
0
0
0
0
0
0
0
0
0
0
0
0
0
0
0
0
0
0
0
0
0
0
0
0
0
0
0
0
0
0
0
0
0
0
0
0
0
0
0
0
0
0
0
0
0
0
0
0
0
0
0
0
0
0
0
0
0
0
0
0
0
0
0
0
0
0
0
0
0
0
0
0
0
0
0
0
0
0
0
0
0
0
0
0
0
0
0
0
0
0
0
0
0
0
0
0
0
0
0
0
0
0
0
0
0
0
0
0
0
0
0
0
0
0
0
0
0
0
0
0
0
0
0
0
0
0
0
0
0
0
0
0
0
0
0
0
0
0
0
0
0
0
0
0
0
0
0
0
0
0
0
0
0
0
0
0
0
0
0
0
0
0
0
0
0
0
0
0
0
0
0
0
0
0
0
0
0
0
0
0
0
0
0
0
0
0
0
0
0
0
0
0
0
0
0
0
0
0
0
0
0
0
0
0
0
0
0
0
0
0
0
0
0
0
0
0
0
0
0
0
0
0
0
0
0
0
0
0
0
0
0
0
0
0
0
0
0
0
0
0
0
0
0
0
0
0
0
0
0
0
0
0
0
0
0
0
0
0
0
0
0
0
0
0
0
0
0
0
0
0
0
0
0
0
0
0
0
0
0
0
0
0
0
0
0
0
0
0
0
0
0
0
0
0
0
0
0
0
0
0
0
0
0
0
0
0
0
0
0
0
0
0
0
0
0
0
0
0
0
0
0
0
0
0
0
0
0
0
0
0
0
0
0
0
0
0
0
0
0
0
0
0
0
0
0
0
0
0
0
0
0
0
0
0
0
0
0
0
0
0
0
0
0
0
0
0
0
0
0
0
0
0
0
0
0
0
0
0
0
0
0
0
0
0
0
0
0
0
0
0
0
0
0
0
0
0
0
0
0
0
0
0
0
0
0
0
0
0
0
0
0
0
0
0
0
0
0
0
0
0
0
0
0
0
0
0
0
0
0
0
0
0
0
0
0
0
0
0
0
0
0
0
0
0
0
0
0
0
0
0
0
0
0
0
0
0
0
0
0
0
0
0
0
0
0
0
0
0
0
0
0
0
0
0
0
0
0
0
0
0
0
0
0
0
0
0
0
0
0
0
0
0
0
0
0
0
0
0
0
0
0
0
0
0
0
0
0
0
0
0
0
0
0
0
0
0
0
0
0
0
0
0
0
0
0
0
0
0
0
0
0
0
0
0
0
0
0
0
0
0
0
0
0
0
0
0
0
0
0
0
0
0
0
0
0
0
0
0
0
0
0
0
0
0
0
0
0
0
0
0
0
0
0
0
0
0
0
0
0
0
0
0
0
0
0
0
0
0
0
0
0
0
0
0
0
0
0
0
0
0
0
0
0
0
0
0
0
0
0
0
0
0
0
0
0
0
0
0
0
0
0
0
0
0
0
0
0
0
0
0
0
0
0
0
0
0
0
0
0
0
0
0
0
0
0
0
0
0
0
0
0
0
0
0
0
0
0
0
0
0
0
0
0
0
0
0
0
0
0
0
0
0
0
0
0
0
0
0
0
0
0
0
0
0
0
0
0
0
0
0
0
0
0
0
0
0
0
0
0
0
0
0
0
0
0
0
0
0
0
0
0
0
0
0
0
0
0
0
0
0
0
0
0
0
0
0
0
0
0
0
0
0
0
0
0
0
0
0
0
0
0
0
0
0
0
0
0
0
0
0
0
0
0
0
0
0
0
0
0
0
0
0
0
0
0
0
0
0
0
0
0
0
0
0
0
0
0
0
0
0
0
0
0
0
0
0
0
0
0
0
0
0
0
0
0
0
0
0
0
0
0
0
0
0
0
0
0
0
0
0
0
0
0
0
0
0
0
0
0
0
0
0
0
0
0
0
0
0
0
0
0
0
0
0
0
0
0
0
0
0
0
0
0
0
0
0
0
0
0
0
0
0
0
0
0
0
0
0
0
0
0
0
0
0
0
0
0
0
0
0
0
0
0
0
0
0
0
0
0
0
0
0
0
0
0
0
0
0
0
0
0
0
0
0
0
0
0
0
0
0
0
0
0
0
0
0
0
0
0
0
0
0
0
0
0
0
0
0
0
0
0
0
0
0
0
0
0
0
0
0
0
0
0
0
0
0
0
0
0
0
0
0
0
0
0
0
0
0
0
0
0
0
0
0
0
0
0
0
0
0
0
0
0
0
0
0
0
0
0
0
0
0
0
0
0
0
0
0
0
0
0
0
0
0
0
0
0
0
0
0
0
0
0
0
0
0
0
0
0
0
0
0
0
0
0
0
0
0
0
0
0
0
0
0
0
0
0
0
0
0
0
0
0
0
0
0
0
0
0
0
0
0
0
0
0
0
0
0
0
0
0
0
0
0
0
0
0
0
0
0
0
0
0
0
0
0
0
0
0
0
0
0
0
0
0
0
0
0
0
0
0
0
0
0
0
0
0
0
0
0
0
0
0
0
0
0
0
0
0
0
0
0
0
0
0
0
0
0
0
0
0
0
0
0
0
0
0
0
0
0
0
0
0
0
0
0
0
0
0
0
0
0
0
0
0
0
0
0
0
0
0
0
0
0
0
0
0
0
0
0
0
0
0
0
0
0
0
0
0
0
0
0
0
0
0
0
0
0
0
0
0
0
0
0
0
0
0
0
0
0
0
0
0
0
0
0
0
0
0
0
0
0
0
0
0
0
0
0
0
0
0
0
0
0
0
0
0
0
0
0
0
0
0
0
0
0
0
0
0
0
0
0
0
0
0
0
0
0
0
0
0
0
0
0
0
0
0
0
0
0
0
0
0
0
0
0
0
0
0
0
0
0
0
0
0
0
0
0
0
0
0
0
0
0
0
0
0
0
0
0
0
0
0
0
0
0
0
0
0
0
0
0
0
0
0
0
0
0
0
0
0
0
0
0
0
0
0
0
0
0
0
0
0
0
0
0
0
0
0
0
0
0
0
0
0
0
0
0
0
0
0
0
0
0
0
0
0
0
0
0
0
0
0
0
0
0
0
0
0
0
0
0
0
0
0
0
0
0
0
0
0
0
0
0
0
0
0
0
0
0
0
0
0
0
0
0
0
0
0
0
0
0
0
0
0
0
0
0
0
0
0
0
0
0
0
0
0
0
0
0
0
0
0
0
0
0
0
0
0
0
0
0
0
0
0
0
0
0
0
0
0
0
0
0
0
0
0
0
0
0
0
0
0
0
0
0
0
0
0
0
0
0
0
0
0
0
0
0
0
0
0
0
0
0
0
0
0
0
0
0
0
0
0
0
0
0
0
0
0
0
0
0
0
0
0
0
0
0
0
0
0
0
0
0
0
0
0
0
0
0
0
0
0
0
0
0
0
0
0
0
0
0
0
0
0
0
0
0
0
0
0
0
0
0
0
0
0
0
0
0
0
0
0
0
0
0
0
0
0
0
0
0
0
0
0
0
0
0
0
0
0
0
0
0
0
0
0
0
0
0
0
0
0
0
0
0
0
0
0
0
0
0
0
0
0
0
0
0
7.006492321624085e-45
2.101947696487226e-44
4.203895392974451e-44
7.707141553786494e-44
1.373272495038321e-43
2.214051573633211e-43
3.545285114741787e-43
5.577167888012772e-43
8.660024509527369e-43
1.328430944179927e-42
2.026277579413685e-42
3.0660410399427e-42
4.610271947628648e-42
6.936427398407845e-42
1.041445018686204e-41
1.561326748950711e-41
2.33764609818666e-41
3.496800187876149e-41
5.226282752545838e-41
7.803971277671339e-41
1.164254816099631e-40
1.73531196628128e-40
2.584386731784974e-40
3.845583375646595e-40
5.717437864291686e-40
8.493340057195933e-40
1.260650137460535e-39
1.8696152136991e-39
2.770460950967273e-39
4.101981758261036e-39
6.068451919217338e-39
8.970257976544241e-39
1.324876550625167e-38
1.955192510915416e-38
2.883018008036621e-38
4.247652338821458e-38
6.25309036799309e-38
9.197812031569019e-38
1.351819063965016e-37
1.98516684558671e-37
2.91286252641818e-37
4.270586886319615e-37
6.25604654723343e-37
9.157085926144531e-37
1.339243766704615e-36
1.957073434607722e-36
2.857590247889962e-36
4.169059606408396e-36
6.077455026432483e-36
8.852197101153697e-36
1.288326885233101e-35
1.873470954807054e-35
2.722161087424105e-35
3.952088345720712e-35
5.733049530937828e-35
8.309807190309059e-35
1.203490287031681e-34
1.741568923111996e-34
2.518171778569092e-34
3.638116674475334e-34
5.251877793201143e-34
7.575292427946801e-34
1.091769949355962e-33
1.572207714848478e-33
2.262224919162076e-33
3.252436013697832e-33
4.672281477251502e-33
6.706510450863964e-33
9.618594932250665e-33
1.378396430717723e-32
1.973713789748162e-32
2.823851581540392e-32
4.036893279043057e-32
5.766343456920576e-32
8.230032679450237e-32
1.17368220873106e-31
1.67242812241348e-31
2.381181274045445e-31
3.387548553956734e-31
4.815338316900529e-31
6.83937172842321e-31
9.706306059542002e-31
1.376385300942788e-30
1.950178794172383e-30
2.760941886296107e-30
3.905607628234182e-30
5.520373121292086e-30
7.796448790472882e-30
1.100205536324437e-29
1.551313248395998e-29
2.185615868167504e-29
3.07678292435075e-29
4.327814955930889e-29
6.082600145075692e-29
8.541981387696595e-29
1.198607195343636e-28
1.680521089747987e-28
2.354290227051741e-28
3.295527098354025e-28
4.609339209999152e-28
6.441713736960375e-28
8.995248398255024e-28
1.255087137263357e-27
1.74978053981369e-27
2.437486982123618e-27
3.392735523402054e-27
4.718530289678672e-27
6.557109681438225e-27
9.104733663733549e-27
1.263196804554584e-26
1.751151647859699e-26
2.425635579617837e-26
3.357193256650365e-26
4.64275827380225e-26
6.415415625792954e-26
8.857732069845118e-26
1.221994352955858e-25
1.684475891555254e-25
2.320113631445827e-25
3.193027419599105e-25
4.390812124411796e-25
6.033035639807281e-25
8.282773264265112e-25
1.136225155212864e-24
1.557405881119414e-24
2.132985421624216e-24
2.918922808330478e-24
3.991222422873531e-24
5.453029011902379e-24
7.444204261253861e-24
1.015423571580568e-23
1.383963372623449e-23
1.884734957384825e-23
2.564627508096219e-23
3.486957052049022e-23
4.737149494441799e-23
6.430366221206696e-23
8.721725054214029e-23
1.181998761906659e-22
1.600588300620612e-22
2.16565921201452e-22
2.927846773654964e-22
3.955071404610495e-22
5.338360332714416e-22
7.199611121831865e-22
9.701917798000283e-22
1.306331747645492e-21
1.757505356443554e-21
2.362582319971126e-21
3.173396429012646e-21
4.259010398470973e-21
5.711365878497197e-21
7.652757564468802e-21
1.024572402337176e-20
1.37060984066681e-20
1.832025241956954e-20
2.446782642032096e-20
3.265168159786926e-20
4.353732676027882e-20
5.80047932220137e-20
7.721680611863936e-20
1.027082830872789e-19
1.3650377452655e-19
1.812713708892881e-19
2.405243473439016e-19
3.188849762286399e-19
4.224292739589199e-19
5.591376981388944e-19
7.394830274077322e-19
9.771970544698791e-19
1.290269406684715e-18
1.702248365127975e-18
2.243930691185622e-18
2.955559755634127e-18
3.889679104958623e-18
5.114830785871632e-18
6.720354026841637e-18
8.822591781024223e-18
1.157292430437119e-17
1.516815647617268e-17
1.986392515601576e-17
2.599200173424748e-17
3.398259126692811e-17
4.439308279238159e-17
5.794498129118485e-17
7.557147222575082e-17
9.847846581517361e-17
1.282229475828495e-16
1.668134774921798e-16
2.16838899249884e-16
2.816330815967957e-16
3.654856905453864e-16
4.73911281159196e-16
6.139929017618426e-16
7.948206187756836e-16
1.028049711434057e-15
1.328611835349838e-15
1.715618753730605e-15
2.213512025785853e-15
2.853521650401729e-15
3.675515668460482e-15
4.730347820532891e-15
6.082823962138672e-15
7.81545865486755e-15
1.00332238448398e-14
1.286953738564335e-14
1.649383381881631e-14
2.112108163604236e-14
2.702378488898035e-14
3.454709256297747e-14
4.412775009223109e-14
5.631792639659502e-14
7.181511245055172e-14
9.149956183354679e-14
1.164812061908715e-13
1.481582868542719e-13
1.88290735000235e-13
2.390917054184011e-13
3.033418785255981e-13
3.84531653480763e-13
4.870385236603603e-13
6.163476304853199e-13
7.793254431544272e-13
9.845604149669174e-13
1.242784521127138e-12
1.567396819973643e-12
1.97510974589421e-12
2.486751256303155e-12
3.128252431400247e-12
3.931870454221276e-12
4.937693483253458e-12
6.195498107597341e-12
7.767030074656844e-12
9.728815843212946e-12
1.217561208105566e-11
1.522463578818023e-11
1.902076239568284e-11
2.374287398632102e-11
2.96116499376442e-11
3.689907407400383e-11
4.594002955826682e-11
5.714648892984897e-11
7.10247624602367e-11
8.819653340985667e-11
1.0942440703543e-10
1.356429829568739e-10
1.679965611067757e-10
2.078848343467499e-10
2.570182955352607e-10
3.174852880594159e-10
3.918328717045227e-10
4.831648414693746e-10
5.952595083513756e-10
7.327120576938739e-10
9.011057455765581e-10
1.107217761919799e-09
1.359266255107627e-09
1.667207039091068e-09
2.043090363557098e-09
2.501485019124061e-09
3.059989595044499e-09
3.739839993244232e-09
4.566637290537301e-09
5.571212824406757e-09
6.790660034283746e-09
8.269563700480376e-09
1.006145744497644e-08
1.223055345889179e-08
1.485379907961715e-08
1.802330729105961e-08
2.184923353354407e-08
2.646317120991171e-08
3.202217868647494e-08
3.87134946322476e-08
4.676011400306379e-08
5.642734635102897e-08
6.803052343684612e-08
8.194404443884196e-08
9.86119204071656e-08
1.185602371833738e-07
1.424116220505312e-07
1.709022541263039e-07
2.049015250804587e-07
2.454351317737746e-07
2.937119063517457e-07
3.511548243295692e-07
4.194374412236357e-07
5.005255161449895e-07
5.967257834527118e-07
7.107419719432073e-07
8.45739521082578e-07
1.005420813271485e-06
1.194110836877371e-06
1.416856775904307e-06
1.679541469457035e-06
1.989014663195121e-06
2.353241598029854e-06
2.78147604149126e-06
3.284454805907444e-06
3.874621143040713e-06
4.566380539472448e-06
5.376388344302541e-06
6.32388082522084e-06
7.431047379213851e-06
8.723454811843112e-06
1.023052482196363e-05
1.198607242258731e-05
1.402891848556465e-05
1.64035773195792e-05
1.916102155519184e-05
2.235955253127031e-05
2.606577072583605e-05
3.035566260223277e-05
3.531579932314344e-05
4.104470644961111e-05
4.765435369336046e-05
5.527183384401724e-05
6.404121086234227e-05
7.412556442432106e-05
8.570926001993939e-05
9.900045552058145e-05
0.0001142338296631351
0.0001316736015724018
0.0001516168267698959
0.0001743970933603123
0.000200388312805444
0.0002300091437064111
0.0002637276193127036
0.0003020661824848503
0.000345607113558799
0.0003949985548388213
0.0004509605350904167
0.0005142922163940966
0.000585878558922559
0.0006666986155323684
0.0007578333024866879
0.0008604741306044161
0.0009759327513165772
0.001105649746023118
0.001251205569133162
0.001414330210536718
0.001596914720721543
0.001801021746359766
0.002028897171840072
0.002282981760799885
0.002565923146903515
0.002880586311221123
0.003230067435652018
0.00361770368181169
0.004047084599733353
0.004522061906754971
0.005046760197728872
0.005625585559755564
0.006263234186917543
0.006964697036892176
0.007735264021903276
0.008580528199672699
0.009506385773420334
0.01051903236657381
0.01162496022880077
0.01283094566315413
0.01414404157549143
0.01557155791670084
0.01712104305624962
0.01880025677382946
0.02061713859438896
0.02257977239787579
0.0246963482350111
0.02697509899735451
0.02942426688969135
0.03205202147364616
0.03486640378832817
0.03787525370717049
0.041086096316576
0.04450609534978867
0.04814191535115242
0.05199964717030525
0.05608468130230904
0.06040158122777939
0.06495398283004761
0.06974446028470993
0.07477437704801559
0.08004377782344818
0.08555123955011368
0.09129372239112854
0.09726645797491074
0.1034628227353096
0.1098742038011551
0.116489864885807
0.1232968792319298
0.1302800178527832
0.1374216675758362
0.14470174908638
0.1520977318286896
0.1595845371484756
0.1671346724033356
0.1747181415557861
0.1823025792837143
0.1898533701896667
0.1973337233066559
0.2047048509120941
0.2119262218475342
0.218955859541893
0.2257505059242249
0.2322659641504288
0.2384575754404068
0.2442804574966431
0.2496900409460068
0.2546424567699432
0.2590951025485992
0.2630070745944977
0.2663396298885345
0.2690568268299103
0.2711259126663208
0.27251797914505
0.2732083201408386
0.2731770873069763
0.2724094688892365
0.2708963751792908
0.268634706735611
0.2656275033950806
0.2618843615055084
0.2574215233325958
0.2522620856761932
0.2464359104633331
0.2399795949459076
0.2329362630844116
0.22535540163517
0.2172925174236298
0.2088085860013962
0.1999697238206863
0.1908463984727859
0.1815128475427628
0.1720464378595352
0.1625266522169113
0.1530342847108841
0.1436505168676376
0.1344559788703918
0.1255297809839249
0.1169484779238701
0.1087851151823997
0.1011082381010056
0.09398096054792404
0.08746010065078735
0.08159533143043518
0.07642840594053268
0.07199253886938095
0.06831181049346924
0.06540074199438095
0.06326396763324738
0.06189610436558723
0.06128167733550072
0.06139525771141052
0.06220176070928574
0.06365685164928436
0.06570755690336227
0.0682930126786232
0.07134535163640976
0.07479070872068405
0.07855038344860077
0.08254208415746689
0.08668126910924911
0.09088252484798431
0.09506100416183472
0.09913387894630432
0.1030217632651329
0.1066500842571259
0.1099503934383392
0.1128615811467171
0.1153309568762779
0.1173151582479477
0.1187809184193611
0.1197056025266647
0.1200775429606438
0.119896225631237
0.1191720962524414
0.1179262921214104
0.116190105676651
0.1140041574835777
0.1114174798130989
0.1084863841533661
0.1052731797099113
0.1018447205424309
0.09827090054750443
0.09462315589189529
0.09097278118133545
0.08738942444324493
0.08393952995538712
0.08068489283323288
0.07768133282661438
0.07497752457857132
0.07261401414871216
0.07062236964702606
0.06902466714382172
0.06783309578895569
0.06704989075660706
0.06666748970746994
0.06666885316371918
0.06702812761068344
0.0677114874124527
0.0686781033873558
0.06988135725259781
0.07127020508050919
0.07279050350189209
0.07438658177852631
0.07600267976522446
0.07758448272943497
0.0790804922580719
0.08044338971376419
0.08163121342658997
0.08260836452245712
0.08334644138813019
0.08382485061883926
0.08403119444847107
0.08396138250827789
0.08361952006816864
0.08301755785942078
0.08217476308345795
0.0811169221997261
0.07987534999847412
0.07848586887121201
0.07698754966259003
0.07542143017053604
0.07382921129465103
0.07225194573402405
0.07072880119085312
0.06929586082696915
0.06798513233661652
0.06682360917329788
0.06583258509635925
0.0650271400809288
0.06441586464643478
0.06400074064731598
0.06377735733985901
0.06373517215251923
0.06385812163352966
0.06412532180547714
0.06451190263032913
0.06499001383781433
0.06552986800670624
0.06610079854726791
0.06667237728834152
0.06721546500921249
0.06770315021276474
0.06811170279979706
0.06842122972011566
0.06861628592014313
0.06868629157543182
0.06862569600343704
0.06843407452106476
0.06811591237783432
0.06768027693033218
0.06714033335447311
0.06651269644498825
0.06581667810678482
0.06507346034049988
0.06430523842573166
0.06353434175252914
0.06278234720230103
0.06206926330924034
0.06141284480690956
0.06082793697714806
0.06032603234052658
0.05991492792963982
0.05959853157401085
0.05937687680125237
0.05924621596932411
0.05919936299324036
0.05922607704997063
0.0593135841190815
0.05944721400737762
0.05961105227470398
0.05978867784142494
0.05996382236480713
0.06012106686830521
0.06024645268917084
0.06032801792025566
0.06035622209310532
0.0603242851793766
0.06022834405303001
0.06006752327084541
0.05984387546777725
0.05956215783953667
0.0592295415699482
0.05885520204901695
0.05844982713460922
0.05802510678768158
0.05759317055344582
0.05716602131724358
0.05675502121448517
0.05637038499116898
0.05602077394723892
0.05571295320987701
0.05545155331492424
0.05523894354701042
0.05507521331310272
0.05495822802186012
0.05488383769989014
0.05484612286090851
0.05483775958418846
0.05485040694475174
0.05487510561943054
0.05490276589989662
0.05492456629872322
0.05493238195776939
0.05491914600133896
0.05487912148237228
0.05480816215276718
0.05470381304621696
0.05456539615988731
0.0543939508497715
0.05419214442372322
0.05396405607461929
0.05371492728590965
0.05345087498426437
0.05317854508757591
0.05290476232767105
0.05263620242476463
0.05237902700901031
0.05213864147663116
0.05191942304372787
0.05172455683350563
0.05155591294169426
0.05141399800777435
0.05129798874258995
0.0512058213353157
0.05113435164093971
0.05107953771948814
0.05103671178221703
0.05100081115961075
0.05096668004989624
0.05092932656407356
0.05088417232036591
0.0508272796869278
0.05075552687048912
0.05066674202680588
0.05055976659059525
0.05043449252843857
0.05029182508587837
0.05013356357812881
0.04996231943368912
0.04978131130337715
0.04959417507052422
0.04940474405884743
0.0492168627679348
0.04903416335582733
0.04885987937450409
0.04869667068123817
0.04854653030633926
0.04841069504618645
0.04828959703445435
0.0481828860938549
0.04808948561549187
0.04800766706466675
0.04793517291545868
0.04786937311291695
0.04780741780996323
0.04774640873074532
0.04768356680870056
0.04761636629700661
0.04754265770316124
0.04746080189943314
0.04736971482634544
0.04726891592144966
0.04715852811932564
0.04703923314809799
0.04691221937537193
0.0467790924012661
0.0466417521238327
0.04650229215621948
0.04636285081505775
0.04622549563646317
0.04609211906790733
0.045964315533638
0.04584332183003426
0.04572993889451027
0.04562452808022499
0.04552700743079185
0.04543685913085938
0.04535319283604622
0.04527481645345688
0.04520030319690704
0.04512810707092285
0.04505666345357895
0.04498443379998207
0.04491005465388298
0.04483237490057945
0.04475053027272224
0.04466396570205688
0.04457247257232666
0.04447615519165993
0.04437543451786041
0.04427101090550423
0.0441637821495533
0.0440547987818718
0.04394518211483955
0.04383605346083641
0.04372847452759743
0.04362337663769722
0.04352151602506638
0.04342343285679817
0.04332941025495529
0.04323949292302132
0.04315349087119102
0.04307097569108009
0.04299135133624077
0.04291388392448425
0.04283773899078369
0.04276204854249954
0.04268597066402435
0.04260873049497604
0.04252964630723
0.04244817048311234
0.04236391931772232
0.04227669164538383
0.0421864278614521
0.04209325090050697
0.04199738800525665
0.0418991819024086
0.04179902747273445
0.04169733077287674
0.0415944866836071
0.041490837931633
0.04138662666082382
0.04128194227814674
0.04117675870656967
0.04107087478041649
0.04096394032239914
0.04085543751716614
0.04074469208717346
0.04063091054558754
0.04051316902041435
0.04039046540856361
0.04026173427700996
0.04012586176395416
0.03998173028230667
0.03982818126678467
0.03966407105326653
0.03948825225234032
0.03929957002401352
0.03909684345126152
0.03887887299060822
0.03864440321922302
0.0383920930325985
0.03812047839164734
0.037827979773283
0.03751283511519432
0.03717310354113579
0.036806620657444
0.03641099110245705
0.03598358109593391
0.03552150726318359
0.03502162545919418
0.03448053076863289
0.03389457985758781
0.03325987979769707
0.03257232531905174
0.03182757273316383
0.03102108836174011
0.03014813736081123
0.02920380979776382
0.02818302437663078
0.02708054147660732
0.02589097432792187
0.0246087945997715
0.02322834357619286
0.02174383401870728
0.02014937624335289
0.01843897998332977
0.01660657674074173
0.01464603934437037
0.01255121175199747
0.01031594164669514
0.007934116758406162
0.005399718414992094
0.002706864848732948
-0.0001501246879342943
-0.003176663536578417
-0.006377831101417542
-0.009758296422660351
-0.01332224067300558
-0.01707327179610729
-0.02101434394717216
-0.02514767274260521
-0.02947464771568775
-0.03399574384093285
-0.03871044516563416
-0.04361714795231819
-0.04871309548616409
-0.05399427935481071
-0.05945538729429245
-0.06508971005678177
-0.07088910788297653
-0.07684390991926193
-0.08294288069009781
-0.08917317539453506
-0.09552031010389328
-0.1019681096076965
-0.1084986999630928
-0.1150925010442734
-0.1217282339930534
-0.1283829659223557
-0.1350321173667908
-0.1416495591402054
-0.1482076048851013
-0.1546771824359894
-0.1610279530286789
-0.1672284305095673
-0.1732460856437683
-0.1790476143360138
-0.1845991015434265
-0.1898662894964218
-0.1948146969079971
-0.1994100660085678
-0.2036184966564178
-0.2074068188667297
-0.2107429206371307
-0.2135960608720779
-0.2159372121095657
-0.2177394032478333
-0.2189780622720718
-0.2196314483880997
-0.2196809053421021
-0.2191112339496613
-0.21791110932827
-0.2160732299089432
-0.2135947793722153
-0.2104776352643967
-0.206728532910347
-0.2023593932390213
-0.1973873823881149
-0.1918350607156754
-0.1857303977012634
-0.1791067719459534
-0.1720029562711716
-0.1644628942012787
-0.1565355509519577
-0.1482746154069901
-0.139738067984581
-0.1309878379106522
-0.122089259326458
-0.1131104752421379
-0.1041217967867851
-0.0951949805021286
-0.08640247583389282
-0.07781659811735153
-0.06950866430997849
-0.0615481398999691
-0.05400171875953674
-0.04693242907524109
-0.04039879143238068
-0.03445392474532127
-0.0291447639465332
-0.02451131492853165
-0.02058598026633263
-0.01739298179745674
-0.01494787540286779
-0.01325719896703959
-0.01231821533292532
-0.01211883127689362
-0.01263761706650257
-0.01384398993104696
-0.01569852977991104
-0.01815345510840416
-0.02115320973098278
-0.02463522180914879
-0.02853075228631496
-0.03276587650179863
-0.03726254031062126
-0.04193973541259766
-0.04671470075845718
-0.05150419473648071
-0.05622579157352448
-0.06079915165901184
-0.06514731794595718
-0.06919790804386139
-0.07288434356451035
-0.07614686340093613
-0.07893357425928116
-0.08120124042034149
-0.0829160064458847
-0.08405400812625885
-0.08460167050361633
-0.084555983543396
-0.08392448723316193
-0.08272510766983032
-0.08098579198122025
-0.07874395698308945
-0.07604575902223587
-0.07294519990682602
-0.0695030614733696
-0.06578568369150162
-0.06186371296644211
-0.05781066045165062
-0.05370143055915833
-0.04961086064577103
-0.04561218991875648
-0.04177560657262802
-0.0381668359041214
-0.03484580665826797
-0.03186546638607979
-0.02927073463797569
-0.02709762565791607
-0.02537258714437485
-0.02411201409995556
-0.02332203462719917
-0.02299849130213261
-0.02312716655433178
-0.02368424087762833
-0.02463695779442787
-0.02594449557363987
-0.02755902335047722
-0.02942690812051296
-0.03149005025625229
-0.03368730843067169
-0.0359559990465641
-0.03823339939117432
-0.04045823961496353
-0.04257217049598694
-0.04452110081911087
-0.04625643417239189
-0.04773618280887604
-0.04892586171627045
-0.04979920387268066
-0.05033865943551064
-0.0505356676876545
-0.05039068311452866
-0.04991298913955688
-0.04912027716636658
-0.04803801327943802
-0.04669860377907753
-0.04514037072658539
-0.04340642690658569
-0.04154341295361519
-0.03960015997290611
-0.03762631118297577
-0.03567094728350639
-0.03378124907612801
-0.03200122341513634
-0.03037055768072605
-0.02892361208796501
-0.02768856473267078
-0.02668676152825356
-0.02593228407204151
-0.02543171495199203
-0.02518414333462715
-0.02518137916922569
-0.02540838718414307
-0.0258439090102911
-0.02646126411855221
-0.02722928859293461
-0.02811339311301708
-0.02907671593129635
-0.03008129075169563
-0.03108924813568592
-0.03206396475434303
-0.03297116979956627
-0.03377994149923325
-0.03446356579661369
-0.03500025346875191
-0.03537369519472122
-0.03557339683175087
-0.03559484332799911
-0.03543948754668236
-0.03511446341872215
-0.03463223949074745
-0.03401000052690506
-0.03326895833015442
-0.03243351355195045
-0.03153035044670105
-0.030587462708354
-0.0296331811696291
-0.02869519963860512
-0.02779965475201607
-0.02697028964757919
-0.02622771635651588
-0.02558880299329758
-0.02506623417139053
-0.02466818504035473
-0.02439821138978004
-0.02425526268780231
-0.02423389442265034
-0.02432459965348244
-0.02451429888606071
-0.02478693053126335
-0.02512413822114468
-0.02550601586699486
-0.02591188624501228
-0.02632107958197594
-0.02671370096504688
-0.02707133255898952
-0.02737765572965145
-0.02761898562312126
-0.0277846809476614
-0.02786743082106113
-0.0278634037822485
-0.02777226269245148
-0.02759703435003757
-0.02734388411045074
-0.02702173963189125
-0.026641845703125
-0.02621724270284176
-0.02576217614114285
-0.02529150433838367
-0.02482008375227451
-0.02436218038201332
-0.02393093332648277
-0.02353786304593086
-0.02319249324500561
-0.02290203049778938
-0.02267117984592915
-0.02250204794108868
-0.02239416912198067
-0.02234462462365627
-0.02234826236963272
-0.02239800244569778
-0.02248520962893963
-0.02260010689496994
-0.02273224666714668
-0.02287096157670021
-0.02300582267343998
-0.02312706783413887
-0.02322598919272423
-0.02329524792730808
-0.02332913316786289
-0.02332373149693012
-0.02327701076865196
-0.02318883500993252
-0.02306087501347065
-0.02289645001292229
-0.02270032279193401
-0.02247840911149979
-0.02223747037351131
-0.02198476903140545
-0.02172773145139217
-0.0214735884219408
-0.02122907899320126
-0.02100015431642532
-0.02079174667596817
-0.0206075944006443
-0.02045011706650257
-0.02032037079334259
-0.02021805383265018
-0.0201415903866291
-0.02008824981749058
-0.02005433477461338
-0.02003539353609085
-0.02002645842730999
-0.0200223084539175
-0.0200177263468504
-0.02000774629414082
-0.01998786814510822
-0.0199542660266161
-0.01990393549203873
-0.01983479596674442
-0.01974576339125633
-0.01963674835860729
-0.01950862444937229
-0.01936314627528191
-0.01920282654464245
-0.01903078705072403
-0.01885059103369713
-0.01866604387760162
-0.01848101988434792
-0.01829926110804081
-0.01812422648072243
-0.01795892603695393
-0.01780581474304199
-0.01766669750213623
-0.01754268631339073
-0.01743418350815773
-0.01734090223908424
-0.01726192608475685
-0.01719577796757221
-0.01714054495096207
-0.01709398068487644
-0.0170536432415247
-0.01701703481376171
-0.01698171533644199
-0.01694543287158012
-0.01690621301531792
-0.01686244085431099
-0.01681291684508324
-0.01675688847899437
-0.01669404283165932
-0.01662450283765793
-0.01654876582324505
-0.01646765507757664
-0.0163822378963232
-0.01629374735057354
-0.01620348356664181
-0.01611273176968098
-0.01602268777787685
-0.01593438349664211
-0.01584863662719727
-0.01576599478721619
-0.01568673923611641
-0.01561087090522051
-0.01553812064230442
-0.01546799298375845
-0.0153998052701354
-0.01533274538815022
-0.01526593137532473
-0.01519847754389048
-0.01512955687940121
-0.01505845878273249
-0.01498463656753302
-0.01490774843841791
-0.01482767518609762
-0.01474453508853912
-0.01465866900980473
-0.01457063294947147
-0.01448115240782499
-0.01439108792692423
-0.01430138107389212
-0.01421300135552883
-0.01412688381969929
-0.01404387876391411
-0.0139647014439106
-0.01388989016413689
-0.01381977647542953
-0.01375446002930403
-0.01369380950927734
-0.01363746356219053
-0.0135848568752408
-0.01353524904698133
-0.01348775997757912
-0.01344142016023397
-0.01339522283524275
-0.01334817707538605
-0.01329935807734728
-0.01324795465916395
-0.01319331210106611
-0.01313495822250843
-0.01307263132184744
-0.01300628669559956
-0.01293609384447336
-0.01286242343485355
-0.0127858268097043
-0.01270700059831142
-0.01262674760073423
-0.01254593580961227
-0.01246544811874628
-0.0123861413449049
-0.01230879873037338
-0.01223409548401833
-0.01216256152838469
-0.01209456473588943
-0.0120302913710475
-0.01196974702179432
-0.01191275753080845
-0.01185898575931787
-0.01180795393884182
-0.01175907161086798
-0.01171167381107807
-0.01166505552828312
-0.01161851081997156
-0.0115713682025671
-0.01152302697300911
-0.01147298514842987
-0.01142085995525122
-0.0113664073869586
-0.01130952499806881
-0.011250258423388
-0.01118878927081823
-0.01112541928887367
-0.0110605526715517
-0.01099466904997826
-0.01092829182744026
-0.01086196303367615
-0.01079620979726315
-0.01073151361197233
-0.01066829264163971
-0.01060687564313412
-0.01054749172180891
-0.01049025729298592
-0.01043517515063286
-0.01038213912397623
-0.01033094339072704
-0.01028130203485489
-0.01023285929113626
-0.01018522400408983
-0.01013798266649246
-0.01009073108434677
-0.01004309300333261
-0.009994742460548878
-0.009945420548319817
-0.009894946590065956
-0.00984322652220726
-0.00979025661945343
-0.009736116975545883
-0.009680964983999729
-0.009625023230910301
-0.009568563662469387
-0.009511888027191162
-0.009455309249460697
-0.009399131871759892
-0.009343634359538555
-0.009289052337408066
-0.0092355627566576
-0.009183280169963837
-0.009132249280810356
-0.009082444943487644
-0.009033777751028538
-0.008986098691821098
-0.008939215913414955
-0.008892902173101902
-0.008846918120980263
-0.008801018819212914
-0.008754980750381947
-0.008708610199391842
-0.008661752566695213
-0.00861430075019598
-0.008566207252442837
-0.008517478592693806
-0.008468171581625938
-0.00841839611530304
-0.008368297480046749
-0.008318047970533371
-0.008267832919955254
-0.008217836730182171
-0.008168233558535576
-0.008119170553982258
-0.008070763200521469
-0.008023086003959179
-0.007976166903972626
-0.00792999379336834
-0.007884509861469269
-0.00783962570130825
-0.00779521930962801
-0.007751153316348791
-0.007707284763455391
-0.007663469761610031
-0.007619580253958702
-0.007575510535389185
-0.007531183771789074
-0.007486555725336075
-0.007441619411110878
-0.007396399509161711
-0.007350952364504337
-0.007305359467864037
-0.007259719539433718
-0.007214141078293324
-0.007168734446167946
-0.007123600691556931
-0.007078828290104866
-0.007034481503069401
-0.006990601308643818
-0.006947200745344162
-0.006904265843331814
-0.006861757952719927
-0.006819617468863726
-0.006777770817279816
-0.006736136507242918
-0.006694629788398743
-0.006653175223618746
-0.006611707154661417
-0.006570177618414164
-0.00652855820953846
-0.006486842408776283
-0.006445044185966253
-0.006403199397027493
-0.00636135833337903
-0.006319582927972078
-0.006277943029999733
-0.006236508022993803
-0.006195345427840948
-0.006154513917863369
-0.006114059127867222
-0.006074014585465193
-0.006034398917108774
-0.005995215848088264
-0.005956458393484354
-0.005918110255151987
-0.00588014954701066
-0.005842554848641157
-0.005805306602269411
-0.005768393632024527
-0.005731816869229078
-0.005695588421076536
-0.005659737158566713
-0.005624308250844479
-0.005589361302554607
-0.005554968025535345
-0.005521211307495832
-0.005488179624080658
-0.005455967038869858
-0.005424667615443468
-0.005394371692091227
-0.005365164950489998
-0.005337127484381199
-0.005310331471264362
-0.005284843035042286
-0.005260717123746872
-0.005238006357103586
-0.005216756835579872
-0.005197011400014162
-0.005178811494261026
-0.005162197630852461
-0.005147208925336599
-0.005133884958922863
-0.005122262984514236
-0.005112378392368555
-0.005104260984808207
-0.005097934044897556
-0.005093409679830074
-0.005090684629976749
-0.005089741200208664
-0.005090539809316397
-0.005093020386993885
-0.005097096785902977
-0.005102658644318581
-0.005109570454806089
-0.005117671564221382
-0.005126778967678547
-0.005136688239872456
-0.005147174466401339
-0.005157997831702232
-0.005168904550373554
-0.005179631989449263
-0.005189911462366581
-0.005199471022933722
-0.005208040587604046
-0.00521535612642765
-0.005221161060035229
-0.005225210916250944
-0.005227277521044016
-0.005227156449109316
-0.005224665161222219
-0.005219651851803064
-0.005211997777223587
-0.005201622843742371
-0.005188486538827419
-0.005172593984752893
-0.005153996404260397
-0.005132794380187988
-0.005109138321131468
-0.005083228461444378
-0.005055313464254141
-0.00502568855881691
-0.004994689952582121
-0.004962689243257046
-0.004930086899548769
-0.004897304344922304
-0.00486477417871356
-0.004832930862903595
-0.004802200477570295
-0.004772989545017481
-0.004745676182210445
-0.004720598459243774
-0.004698046017438173
-0.004678251687437296
-0.004661384969949722
-0.004647547379136086
-0.004636768251657486
-0.004629004281014204
-0.004624138586223125
-0.00462198443710804
-0.004622290842235088
-0.004624746739864349
-0.004628993105143309
-0.004634631797671318
-0.004641240928322077
-0.004648386035114527
-0.004655633587390184
-0.004662571009248495
-0.004668815992772579
-0.004674032796174288
-0.004677945282310247
-0.004680346697568893
-0.004681110382080078
-0.004680192563682795
-0.004677640739828348
-0.004673589486628771
-0.004668258596211672
-0.004661946091800928
-0.004655018914490938
-0.004647898487746716
-0.004641046281903982
-0.004634944722056389
-0.004630078561604023
-0.004626916255801916
-0.004625887610018253
-0.004627368412911892
-0.004631659016013145
-0.004638970829546452
-0.004649416077882051
-0.004662998951971531
-0.004679609555751085
-0.004699027631431818
-0.004720925353467464
-0.004744877573102713
-0.004770376719534397
-0.004796846769750118
-0.004823666997253895
-0.004850191064178944
-0.004875775426626205
-0.004899797029793262
-0.004921681247651577
-0.004940920043736696
-0.004957091063261032
-0.004969872068613768
-0.004979049786925316
-0.004984525963664055
-0.004986320156604052
-0.004984560422599316
-0.004979479126632214
-0.004971393849700689
-0.004960696212947369
-0.004947828128933907
-0.00493326224386692
-0.004917479585856199
-0.004900949075818062
-0.00488410796970129
-0.004867346026003361
-0.004850992001593113
-0.004835305735468864
-0.004820473026484251
-0.004806607961654663
-0.004793760366737843
-0.004781922325491905
-0.004771044477820396
-0.004761049523949623
-0.004751850385218859
-0.004743367433547974
-0.004735545255243778
-0.004728364292532206
-0.004721853882074356
-0.004716096445918083
-0.004711230751127005
-0.004707448650151491
-0.004704983439296484
-0.004704099614173174
-0.004705075640231371
-0.004708186257630587
-0.004713676869869232
-0.004721743520349264
-0.004732515197247267
-0.004746032878756523
-0.004762237891554832
-0.004780962131917477
-0.004801926203072071
-0.004824742209166288
-0.004848926328122616
-0.004873911384493113
-0.004899070132523775
-0.004923742264509201
-0.004947262350469828
-0.004968991037458181
-0.004988343920558691
-0.005004820879548788
-0.005018031690269709
-0.005027712788432837
-0.005033744033426046
-0.005036151967942715
-0.005035110749304295
-0.005030931904911995
-0.005024050362408161
-0.005015005357563496
-0.005004408769309521
-0.004992921836674213
-0.004981221165508032
-0.004969969391822815
-0.004959787242114544
-0.004951225593686104
-0.004944748245179653
-0.004940713755786419
-0.0049393679946661
-0.004940839949995279
-0.004945145454257727
-0.004952194634824991
-0.004961802624166012
-0.004973708651959896
-0.004987592343240976
-0.005003091413527727
-0.005019822157919407
-0.005037395283579826
-0.005055430810898542
-0.00507357157766819
-0.00509148882701993
-0.005108891520649195
-0.005125526804476976
-0.00514118280261755
-0.005155688151717186
-0.005168907810002565
-0.005180742125958204
-0.005191125441342592
-0.005200024228543043
-0.005207436624914408
-0.005213392898440361
-0.005217958707362413
-0.005221234634518623
-0.005223359446972609
-0.005224510561674833
-0.005224903114140034
-0.005224787630140781
-0.005224444903433323
-0.005224179476499557
-0.005224308930337429
-0.005225150845944881
-0.005227009300142527
-0.005230159964412451
-0.005234832875430584
-0.005241201724857092
-0.00524936756119132
-0.005259352270513773
-0.005271092988550663
-0.005284442566335201
-0.005299173295497894
-0.005314986687153578
-0.005331526976078749
-0.005348402541130781
-0.005365204997360706
-0.005381531082093716
-0.005397005472332239
-0.005411304067820311
-0.005424170754849911
-0.005435430444777012
-0.005445000715553761
-0.005452894605696201
-0.005459218751639128
-0.005464164540171623
-0.005467995535582304
-0.00547103164717555
-0.005473626777529716
-0.005476148799061775
-0.005478957667946815
-0.005482384003698826
-0.005486711394041777
-0.005492161959409714
-0.005498886108398438
-0.005506958346813917
-0.005516375880688429
-0.005527063272893429
-0.005538880359381437
-0.005551635753363371
-0.005565098486840725
-0.00557901244610548
-0.005593116860836744
-0.00560715701431036
-0.005620898678898811
-0.005634140688925982
-0.005646721459925175
-0.005658526904881001
-0.005669491365551949
-0.005679597146809101
-0.005688872653990984
-0.005697388201951981
-0.005705248564481735
-0.005712586455047131
-0.005719553679227829
-0.005726312287151814
-0.005733027122914791
-0.005739857908338308
-0.005746951326727867
-0.005754435434937477
-0.005762414075434208
-0.00577096501365304
-0.005780133418738842
-0.005789935123175383
-0.005800351034849882
-0.005811332724988461
-0.005822804756462574
-0.005834666080772877
-0.005846798419952393
-0.005859069060534239
-0.005871341098099947
-0.005883479490876198
-0.005895358044654131
-0.005906867329031229
-0.005917919799685478
-0.005928454920649529
-0.005938442889600992
-0.005947885103523731
-0.005956815090030432
-0.005965293850749731
-0.005973407067358494
-0.005981257185339928
-0.005988955497741699
-0.005996615625917912
-0.006004344206303358
-0.006012232508510351
-0.006020348519086838
-0.006028733216226101
-0.006037394981831312
-0.006046310532838106
-0.006055423989892006
-0.006064651533961296
-0.006073884665966034
-0.006082998588681221
-0.006091856397688389
-0.006100320722907782
-0.006108258385211229
-0.006115548778325319
-0.006122088059782982
-0.006127793807536364
-0.006132605951279402
-0.006136487703770399
-0.006139421369880438
-0.006141406483948231
-0.006142455618828535
-0.006142588797956705
-0.006141826510429382
-0.006140186451375484
-0.006137676537036896
-0.00613429257646203
-0.006130015477538109
-0.006124808918684721
-0.006118623539805412
-0.006111393682658672
-0.006103044841438532
-0.006093495991080999
-0.006082663312554359
-0.006070466712117195
-0.006056833546608686
-0.00604170560836792
-0.006025040987879038
-0.006006819196045399
-0.005987041164189577
-0.005965735297650099
-0.00594295421615243
-0.005918776150792837
-0.005893304012715816
-0.005866663530468941
-0.00583899999037385
-0.005810476373881102
-0.005781271029263735
-0.005751575343310833
-0.005721588153392076
-0.005691514816135168
-0.005661566276103258
-0.005631952546536922
-0.005602884571999311
-0.005574570968747139
-0.005547215230762959
-0.005521017126739025
-0.005496167577803135
-0.0054728495888412
-0.00545123778283596
-0.005431492812931538
-0.005413762293756008
-0.005398177541792393
-0.005384850315749645
-0.005373870488256216
-0.005365301854908466
-0.005359177477657795
-0.005355499684810638
-0.005354235414415598
-0.005355311091989279
-0.005358614958822727
-0.005363992881029844
-0.005371250677853823
-0.005380153656005859
-0.005390429869294167
-0.005401773378252983
-0.005413851235061884
-0.005426307674497366
-0.005438773892819881
-0.00545087456703186
-0.005462237633764744
-0.005472503136843443
-0.00548133160918951
-0.005488412454724312
-0.005493475589901209
-0.005496295168995857
-0.005496697034686804
-0.005494564771652222
-0.005489841103553772
-0.00548253208398819
-0.005472707562148571
-0.005460498854517937
-0.005446096882224083
-0.005429747514426708
-0.00541174691170454
-0.005392435006797314
-0.005372185725718737
-0.005351398605853319
-0.00533048901706934
-0.005309876054525375
-0.005289972759783268
-0.005271174479275942
-0.005253846757113934
-0.005238315090537071
-0.005224855616688728
-0.005213684868067503
-0.00520495418459177
-0.005198742728680372
-0.005195057019591331
-0.005193823948502541
-0.005194897297769785
-0.005198059137910604
-0.005203024949878454
-0.005209453403949738
-0.005216957069933414
-0.00522511312738061
-0.005233479663729668
-0.005241608712822199
-0.005249062087386847
-0.005255429539829493
-0.005260339006781578
-0.005263472441583872
-0.00526457978412509
-0.005263483617454767
-0.005260089412331581
-0.005254389718174934
-0.005246463231742382
-0.005236470606178045
-0.005224651657044888
-0.005211315583437681
-0.005196825601160526
-0.005181587301194668
-0.005166034214198589
-0.005150605458766222
-0.0051357327029109
-0.005121819209307432
-0.005109226796776056
-0.005098258145153522
-0.005089145619422197
-0.005082042422145605
-0.005077016074210405
-0.00507404375821352
-0.005073018837720156
-0.005073751322925091
-0.005075979512184858
-0.005079379305243492
-0.005083582364022732
-0.005088191013783216
-0.005092795006930828
-0.005096993409097195
-0.005100409965962172
-0.005102711264044046
-0.005103621166199446
-0.005102934315800667
-0.005100524052977562
-0.00509634567424655
-0.005090442020446062
-0.005082935560494661
-0.00507402466610074
-0.00506397383287549
-0.005053095985203981
-0.005041739903390408
-0.00503027206286788
-0.005019056610763073
-0.00500843720510602
-0.004998723044991493
-0.004990170709788799
-0.004982971586287022
-0.004977246280759573
-0.004973035771399736
-0.004970301408320665
-0.004968929104506969
-0.004968735855072737
-0.004969481378793716
-0.004970881156623363
-0.004972622729837894
-0.004974382929503918
-0.004975846502929926
-0.004976722411811352
-0.004976760596036911
-0.004975762218236923
-0.004973594099283218
-0.004970191046595573
-0.00496556144207716
-0.004959783982485533
-0.004953000228852034
-0.004945406224578619
-0.00493724225088954
-0.004928772803395987
-0.004920276813209057
-0.004912027157843113
-0.004904273897409439
-0.004897232167422771
-0.004891069605946541
-0.004885897506028414
-0.004881765693426132
-0.004878660198301077
-0.004876506980508566
-0.00487517612054944
-0.004874494392424822
-0.004874253645539284
-0.004874228965491056
-0.004874187987297773
-0.004873909521847963
-0.004873196128755808
-0.004871887620538473
-0.004869867116212845
-0.004867070354521275
-0.004863487090915442
-0.004859162028878927
-0.004854186438024044
-0.004848696291446686
-0.004842859227210283
-0.004836862906813622
-0.004830901976674795
-0.004825165960937738
-0.004819826222956181
-0.004815026186406612
-0.004810871556401253
-0.004807424265891314
-0.004804701078683138
-0.0048026735894382
-0.004801272414624691
-0.004800391849130392
-0.004799900110810995
-0.004799648653715849
-0.004799482878297567
-0.004799256101250648
-0.004798837006092072
-0.004798118490725756
-0.004797026980668306
-0.004795524291694164
-0.004793611355125904
-0.004791324958205223
-0.004788735881447792
-0.004785941448062658
-0.004783057142049074
-0.0047802091576159
-0.004777525085955858
-0.004775121808052063
-0.004773100838065147
-0.004771537613123655
-0.004770480096340179
-0.004769944585859776
-0.004769915249198675
-0.004770348779857159
-0.004771175794303417
-0.00477230828255415
-0.004773647058755159
-0.004775088280439377
-0.004776532761752605
-0.004777891095727682
-0.004779094364494085
-0.004780092276632786
-0.004780859686434269
-0.00478139566257596
-0.004781723488122225
-0.004781886003911495
-0.004781940020620823
-0.00478195259347558
-0.004781993571668863
-0.004782126750797033
-0.004782409407198429
-0.004782883450388908
-0.004783572629094124
-0.004784480668604374
-0.004785590339452028
-0.004786866251379251
-0.004788258578628302
-0.00478970305994153
-0.004791130311787128
-0.004792469087988138
-0.004793650005012751
-0.004794614855200052
-0.004795314744114876
-0.004795717541128397
-0.004795806482434273
-0.004795580636709929
-0.004795055836439133
-0.004794259555637836
-0.00479322811588645
-0.004792003892362118
-0.004790629260241985
-0.004789146594703197
-0.00478758942335844
-0.004785983823239803
-0.00478434469550848
-0.004782676696777344
-0.004780973307788372
-0.004779218230396509
-0.004777390044182539
-0.00477546313777566
-0.004773410968482494
-0.004771209787577391
-0.004768841899931431
-0.004766296129673719
-0.004763571079820395
-0.004760676994919777
-0.004757631104439497
-0.004754462279379368
-0.004751203581690788
-0.004747895989567041
-0.004744579549878836
-0.004741295706480742
-0.004738081246614456
-0.004734970163553953
-0.004731988068670034
-0.004729151725769043
-0.004726471845060587
-0.004723949357867241
-0.004721579141914845
-0.004719352815300226
-0.004717255476862192
-0.004715271294116974
-0.004713385831564665
-0.004711585585027933
-0.004709859844297171
-0.004708202555775642
-0.00470660999417305
-0.004705082625150681
-0.00470362463966012
-0.004702239762991667
-0.004700933117419481
-0.004699708428233862
-0.004698568023741245
-0.004697510041296482
-0.004696529358625412
-0.00469561479985714
-0.004694752395153046
-0.004693923052400351
-0.004693104885518551
-0.004692276008427143
-0.004691410809755325
-0.004690487403422594
-0.004689482972025871
-0.004688379820436239
-0.004687163047492504
-0.004685824271291494
-0.004684357903897762
-0.004682762548327446
-0.004681040998548269
-0.004679200239479542
-0.004677248653024435
-0.00467519648373127
-0.004673054441809654
-0.004670833237469196
-0.004668543115258217
-0.004666193854063749
-0.004663792904466391
-0.004661348648369312
-0.004658869002014399
-0.004656359553337097
-0.004653827752918005
-0.004651281051337719
-0.004648727830499411
-0.004646178334951401
-0.004643641877919436
-0.004641130100935698
-0.00463865464553237
-0.004636228084564209
-0.004633861128240824
-0.004631564952433109
-0.004629348404705524
-0.004627218469977379
-0.00462518073618412
-0.004623235668987036
-0.004621382802724838
-0.004619617946445942
-0.004617934580892324
-0.004616323858499527
-0.004614775069057941
-0.004613276105374098
-0.004611815325915813
-0.004610380623489618
-0.004608959425240755
-0.004607538692653179
-0.004606107249855995
-0.004604655783623457
-0.004603176843374968
-0.004601661581546068
-0.004600103944540024
-0.004598498810082674
-0.004596841987222433
-0.004595129285007715
-0.004593358840793371
-0.00459152739495039
-0.004589634947478771
-0.004587680567055941
-0.004585666116327047
-0.004583592526614666
-0.004581464920192957
-0.004579287488013506
-0.004577066283673048
-0.004574808292090893
-0.004572521895170212
-0.004570217337459326
-0.004567903466522694
-0.004565590061247349
-0.004563287366181612
-0.004561004694551229
-0.00455875089392066
-0.004556533880531788
-0.004554358310997486
-0.00455223023891449
-0.00455015292391181
-0.004548128228634596
-0.004546156153082848
-0.004544233903288841
-0.004542360082268715
-0.004540531430393457
-0.004538742825388908
-0.004536989144980907
-0.004535263404250145
-0.004533559549599886
-0.004531870596110821
-0.004530190024524927
-0.00452851178124547
-0.00452682888135314
-0.004525135271251202
-0.004523423966020346
-0.004521689377725124
-0.004519926849752665
-0.004518133122473955
-0.004516304470598698
-0.004514438565820456
-0.004512534011155367
-0.004510590806603432
-0.004508610814809799
-0.004506594501435757
-0.004504546988755465
-0.004502472467720509
-0.004500375129282475
-0.00449826056137681
-0.004496134351938963
-0.004494003020226955
-0.004491872619837523
-0.004489748738706112
-0.004487637430429459
-0.004485542885959148
-0.004483469296246767
-0.004481420386582613
-0.004479398019611835
-0.004477404989302158
-0.004475441295653582
-0.004473506938666105
-0.004471600987017155
-0.004469722509384155
-0.004467867780476809
-0.004466034471988678
-0.004464219324290752
-0.004462418146431446
-0.004460625816136599
-0.004458838142454624
-0.004457050934433937
-0.004455259069800377
-0.004453458823263645
-0.004451646935194731
-0.004449819680303335
-0.004447975195944309
-0.004446111619472504
-0.004444228019565344
-0.004442323930561543
-0.004440399818122387
-0.00443845521658659
-0.004436492919921875
-0.004434514325112104
-0.004432522226125002
-0.004430518951267004
-0.004428508691489697
-0.004426493775099516
-0.004424478858709335
-0.004422466736286879
-0.004420461133122444
-0.004418464843183756
-0.004416481126099825
-0.004414511378854513
-0.004412557929754257
-0.004410621710121632
-0.004408702719956636
-0.004406800959259272
-0.004404915031045675
-0.004403044003993273
-0.00440118508413434
-0.004399337340146303
-0.004397497046738863
-0.00439566234126687
-0.004393830895423889
-0.004391999449580908
-0.004390167072415352
-0.00438833050429821
-0.004386487882584333
-0.00438463781028986
-0.004382777959108353
-0.004380908794701099
-0.004379029385745525
-0.004377138800919056
-0.00437523890286684
-0.004373329225927591
-0.004371411632746458
-0.004369486123323441
-0.004367555491626263
-0.004365620203316212
-0.004363683518022299
-0.004361746832728386
-0.00435981247574091
-0.004357881844043732
-0.004355956334620714
-0.004354038741439581
-0.004352129530161619
-0.004350229632109404
-0.004348339978605509
-0.004346460569649935
-0.00434459000825882
-0.004342728760093451
-0.004340875893831253
-0.004339030012488365
-0.004337189253419638
-0.004335353616625071
-0.004333521239459515
-0.004331690724939108
-0.004329860676079988
-0.004328029230237007
-0.004326194990426302
-0.004324357025325298
-0.004322514403611422
-0.00432066572830081
-0.004318810999393463
-0.004316950216889381
-0.004315083380788565
-0.004313212353736162
-0.004311337601393461
-0.004309460055083036
-0.004307580646127462
-0.004305700771510601
-0.004303821362555027
-0.004301942884922028
-0.004300066735595465
-0.004298193845897913
-0.004296325612813234
-0.004294462502002716
-0.004292604047805071
-0.004290751181542873
-0.004288904368877411
-0.004287063144147396
-0.004285227041691542
-0.004283396527171135
-0.004281569737941027
-0.004279746674001217
-0.004277925938367844
-0.004276107531040907
-0.004274290520697832
-0.00427247304469347
-0.004270655568689108
-0.004268836695700884
-0.004267016425728798
-0.004265194293111563
-0.004263369832187891
-0.004261542577296495
-0.004259712994098663
-0.004257881082594395
-0.004256046842783689
-0.004254211205989122
-0.004252374637871981
-0.004250538069754839
-0.004248701967298985
-0.004246867261826992
-0.004245033953338861
-0.004243202973157167
-0.00424137432128191
-0.004239548463374376
-0.004237725399434566
-0.004235905129462481
-0.004234086722135544
-0.004232271108776331
-0.004230456426739693
-0.004228642210364342
-0.004226829390972853
-0.004225016571581364
-0.0042232028208673
-0.004221388138830662
-0.004219571594148874
-0.004217753186821938
-0.00421593151986599
-0.004214107058942318
-0.004212278872728348
-0.004210446495562792
-0.004208609461784363
-0.004206768702715635
-0.004204922821372747
-0.004203071352094412
-0.004201215226203203
-0.004199352115392685
-0.004197482485324144
-0.004195604473352432
-0.004193718079477549
-0.004191823303699493
-0.004189919680356979
-0.004188006743788719
-0.004186084959656
-0.004184151999652386
-0.004182207863777876
-0.004180251620709896
-0.004178282339125872
-0.004176300019025803
-0.004174302332103252
-0.004172287415713072
-0.004170254338532686
-0.004168201237916946
-0.004166126251220703
-0.00416402705013752
-0.004161901772022247
-0.004159749019891024
-0.004157565999776125
-0.004155351314693689
-0.004153102170675993
-0.004150817636400461
-0.004148494452238083
-0.004146131686866283
-0.004143726080656052
-0.004141276236623526
-0.004138780292123556
-0.004136235918849707
-0.004133640788495541
-0.004130992572754622
-0.004128288011997938
-0.004125525709241629
-0.004122702404856682
-0.004119816701859236
-0.004116865806281567
-0.004113847855478525
-0.004110760055482388
-0.004107600077986717
-0.004104365594685078
-0.004101053811609745
-0.004097662400454283
-0.004094189964234829
-0.004090634640306234
-0.004086993634700775
-0.004083264619112015
-0.004079446662217379
-0.004075538367033005
-0.004071537405252457
-0.004067444242537022
-0.004063257947564125
-0.00405897805467248
-0.004054604563862085
-0.00405013794079423
-0.004045579582452774
-0.004040931351482868
-0.004036193713545799
-0.004031369462609291
-0.004026461392641068
-0.00402147090062499
-0.004016402177512646
-0.004011258482933044
-0.004006044939160347
-0.004000764805823565
-0.003995423205196857
-0.003990025725215673
-0.003984577488154173
-0.003979084547609091
-0.003973553888499737
-0.00396799249574542
-0.003962408285588026
-0.00395680870860815
-0.003951200749725103
-0.003945593722164631
-0.003939996473491192
-0.003934417385607958
-0.003928865771740675
-0.003923350945115089
-0.003917882218956947
-0.003912469372153282
-0.003907121252268553
-0.003901847638189793
-0.003896657610312104
-0.003891560016199946
-0.003886563470587134
-0.003881676821038127
-0.003876907052472234
-0.003872262546792626
-0.003867749590426683
-0.003863374469801784
-0.003859143005684018
-0.003855060320347548
-0.003851130604743958
-0.003847357584163547
-0.003843743819743395
-0.003840290475636721
-0.003836998715996742
-0.003833868075162172
-0.003830897621810436
-0.003828085493296385
-0.003825428662821651
-0.003822923172265291
-0.003820563899353147
-0.003818345023319125
-0.003816259326413274
-0.003814299823716283
-0.003812457202002406
-0.003810721915215254
-0.003809083718806505
-0.003807532135397196
-0.003806055290624499
-0.003804641077294946
-0.003803277621045709
-0.003801951883360744
-0.003800650360062718
-0.003799360478296876
-0.003798069432377815
-0.003796764183789492
-0.003795431926846504
-0.003794060554355383
-0.003792639123275876
-0.003791156923398376
-0.00378960301168263
-0.003787967609241605
-0.003786242799833417
-0.003784420434385538
-0.00378249422647059
-0.003780458588153124
-0.003778309561312199
-0.00377604435198009
-0.003773661563172936
-0.003771161427721381
-0.003768544411286712
-0.003765814006328583
-0.003762973472476006
-0.003760027233511209
-0.003756981110200286
-0.003753842785954475
-0.003750620409846306
-0.003747322596609592
-0.0037439598236233
-0.003740542335435748
-0.003737082006409764
-0.003733590478077531
-0.003730079624801874
-0.003726561786606908
-0.003723048837855458
-0.00371955381706357
-0.003716088365763426
-0.003712664125487208
-0.003709291107952595
-0.003705980256199837
-0.003702739952132106
-0.00369957834482193
-0.003696501953527331
-0.003693517064675689
-0.003690627403557301
-0.003687835764139891
-0.003685143776237965
-0.003682551207020879
-0.003680056892335415
-0.003677658038213849
-0.003675350453704596
-0.003673128318041563
-0.003670985111966729
-0.003668912686407566
-0.003666902193799615
-0.003664943389594555
-0.003663026262074709
-0.003661139169707894
-0.003659270703792572
-0.003657409455627203
-0.003655544016510248
-0.003653662977740169
-0.003651754930615425
-0.003649809863418341
-0.003647817997261882
-0.003645770717412233
-0.003643660573288798
-0.003641481045633554
-0.003639227012172341
-0.003636895678937435
-0.003634485183283687
-0.003631995059549809
-0.003629426704719663
-0.003626782447099686
-0.003624066710472107
-0.003621285781264305
-0.00361844664439559
-0.003615557681769133
-0.003612627973780036
-0.003609668230637908
-0.003606688696891069
-0.003603700781241059
-0.003600715426728129
-0.003597744042053819
-0.003594797337427735
-0.0035918855573982
-0.003589018248021603
-0.003586204256862402
-0.00358345010317862
-0.003580762073397636
-0.003578145522624254
-0.00357560277916491
-0.003573135705664754
-0.003570743836462498
-0.00356842577457428
-0.003566178260371089
-0.003563996637240052
-0.003561873687431216
-0.003559802426025271
-0.003557774471119046
-0.003555780509486794
-0.003553810063749552
-0.00355185242369771
-0.003549897577613592
-0.003547934349626303
-0.003545953193679452
-0.003543944796547294
-0.003541900543496013
-0.003539813216775656
-0.003537676297128201
-0.003535485360771418
-0.003533237148076296
-0.003530930494889617
-0.003528565866872668
-0.00352614582516253
-0.003523673629388213
-0.003521154867485166
-0.00351859605871141
-0.003516005584970117
-0.003513392759487033
-0.003510767593979836
-0.003508140565827489
-0.003505522152408957
-0.003502923296764493
-0.003500354709103703
-0.003497826168313622
-0.003495346754789352
-0.003492924151942134
-0.003490565111860633
-0.003488275455310941
-0.003486058907583356
-0.003483918029814959
-0.003481853054836392
-0.00347986351698637
-0.003477946622297168
-0.003476099111139774
-0.003474316326901317
-0.003472593147307634
-0.003470922587439418
-0.003469298593699932
-0.003467714414000511
-0.003466163296252489
-0.003464638954028487
-0.003463135799393058
-0.003461648942902684
-0.003460175357758999
-0.003458712017163634
-0.003457257989794016
-0.0034558130428195
-0.003454379504546523
-0.003452960634604096
-0.003451560391113162
-0.003450185293331742
-0.003448841162025928
-0.003447536611929536
-0.003446279559284449
-0.003445079550147057
-0.003443945199251175
-0.003442885586991906
-0.003441909328103065
-0.003441024571657181
-0.003440238768234849
-0.003439558204263449
-0.003438987769186497
-0.003438530489802361
-0.003438188694417477
-0.003437962848693132
-0.003437850857153535
-0.003437850391492248
-0.003437957493588328
-0.00343816657550633
-0.003438470652326941
-0.003438862506300211
-0.003439333522692323
-0.003439874388277531
-0.003440475556999445
-0.003441127249971032
-0.003441819455474615
-0.003442543093115091
-0.003443289780989289
-0.003444049973040819
-0.003444816218689084
-0.003445581067353487
-0.003446338698267937
-0.003447083057835698
-0.003447809256613255
-0.003448512405157089
-0.003449189243838191
-0.003449836280196905
-0.003450450953096151
-0.003451030701398849
-0.003451572731137276
-0.003452075412496924
-0.003452536882832646
-0.003452954813838005
-0.003453327575698495
-0.003453652840107679
-0.003453928045928478
-0.00345415179617703
-0.00345432129688561
-0.003454434452578425
-0.003454489400610328
-0.003454484278336167
-0.00345441815443337
-0.003454290330410004
-0.003454100107774138
-0.003453848185017705
-0.003453535726293921
-0.003453165292739868
-0.003452739678323269
-0.003452263539656997
-0.003451741300523281
-0.003451179480180144
-0.003450585063546896
-0.003449965734034777
-0.003449329640716314
-0.003448685631155968
-0.003448043018579483
-0.003447410883381963
-0.003446798538789153
-0.003446215530857444
-0.003445670939981937
-0.003445172449573874
-0.003444727510213852
-0.003444342641159892
-0.003444023663178086
-0.003443773835897446
-0.003443596186116338
-0.003443491412326694
-0.003443459281697869
-0.003443497698754072
-0.003443604102358222
-0.003443773835897446
-0.003444001078605652
-0.003444279311224818
-0.003444601083174348
-0.003444958012551069
-0.003445341251790524
-0.003445741953328252
-0.003446151269599795
-0.003446559887379408
-0.003446959191933274
-0.003447341034188867
-0.003447697963565588
-0.003448023460805416
-0.003448310773819685
-0.003448554547503591
-0.003448751289397478
-0.00344889797270298
-0.003448992967605591
-0.003449034877121449
-0.00344902416691184
-0.003448962466791272
-0.00344885210506618
-0.003448697039857507
-0.003448501462116838
-0.003448270261287689
-0.003448010189458728
-0.003447727300226688
-0.00344742857851088
-0.003447120543569326
-0.003446810180321336
-0.003446504473686218
-0.00344621017575264
-0.003445932874456048
-0.003445678157731891
-0.003445450449362397
-0.00344525370746851
-0.003445090493187308
-0.003444962669163942
-0.003444871632382274
-0.003444816684350371
-0.003444797359406948
-0.003444811794906855
-0.00344485673122108
-0.003444929141551256
-0.003445025067776442
-0.003445139387622476
-0.003445267677307129
-0.00344540411606431
-0.003445543581619859
-0.003445681417360902
-0.003445812268182635
-0.003445931943133473
-0.003446036484092474
-0.003446122631430626
-0.003446188056841493
-0.003446230664849281
-0.003446249524131417
-0.003446244401857257
-0.003446216462180018
-0.003446167102083564
-0.00344609864987433
-0.003446012735366821
-0.003445913083851337
-0.003445803187787533
-0.003445686539635062
-0.003445566864684224
-0.003445447189733386
-0.003445331007242203
-0.003445221576839685
-0.003445121226832271
-0.003445032285526395
-0.003444955917075276
-0.003444893751293421
-0.003444845555350184
-0.003444811096414924
-0.003444789675995708
-0.00344477966427803
-0.003444779431447387
-0.003444786882027984
-0.003444799454882741
-0.003444814588874578
-0.003444829490035772
-0.003444841364398599
-0.003444848116487265
-0.003444847883656621
-0.003444839036092162
-0.003444820642471313
-0.0034447917714715
-0.003444751957431436
-0.003444701433181763
-0.003444640431553125
-0.003444570116698742
-0.003444491419941187
-0.003444405971094966
-0.003444314934313297
-0.003444219939410686
-0.003444122150540352
-0.003444022033363581
-0.003443920984864235
-0.003443819005042315
-0.00344371679238975
-0.003443613881245255
-0.003443510038778186
-0.003443404333665967
-0.00344329490326345
-0.003443179884925485
-0.003443056950345635
-0.003442923305556178
-0.003442776622250676
-0.003442614339292049
-0.003442433662712574
-0.003442231332883239
-0.003442005254328251
-0.003441753098741174
-0.003441472770646214
-0.003441163105890155
-0.003440822940319777
-0.003440451808273792
-0.003440049011260271
-0.0034396150149405
-0.003439149586483836
-0.003438654122874141
-0.003438129555433989
-0.003437576815485954
-0.003436997067183256
-0.003436392173171043
-0.003435762831941247
-0.003435110673308372
-0.003434436628594995
-0.003433741396293044
-0.003433025674894452
-0.003432289930060506
-0.003431533928960562
-0.00343075767159462
-0.00342996115796268
-0.003429143223911524
-0.003428304567933083
-0.003427443327382207
-0.003426560200750828
-0.003425654955208302
-0.003424728056415915
-0.003423780202865601
-0.003422812558710575
-0.003421827219426632
-0.003420826746150851
-0.003419813932850957
-0.00341879203915596
-0.00341776548884809
-0.003416738705709577
-0.003415716579183936
-0.003414704231545329
-0.003413706319406629
-0.003412728430703282
-0.003411775454878807
-0.003410852514207363
-0.003409963799640536
-0.003409112803637981
-0.003408302320167422
-0.003407534910365939
-0.003406811971217394
-0.003406133968383074
-0.003405501367524266
-0.003404912538826466
-0.00340436608530581
-0.003403859678655863
-0.0034033905249089
-0.003402955131605268
-0.003402549307793379
-0.003402167931199074
-0.003401806810870767
-0.00340146035887301
-0.003401123685762286
-0.003400790737941861
-0.003400455694645643
-0.003400112967938185
-0.003399756737053394
-0.003399381879717112
-0.003398982342332602
-0.003398552536964417
-0.003398087108507752
-0.003397580236196518
-0.003397026564925909
-0.003396420739591122
-0.003395757637917995
-0.003395031671971083
-0.00339423818513751
-0.003393372287973762
-0.00339242909103632
-0.003391403937712312
-0.003390293102711439
-0.003389092395082116
-0.003387799486517906
-0.003386411815881729
-0.003384927287697792
-0.00338334497064352
-0.003381665796041489
-0.003379890229552984
-0.003378021065145731
-0.003376061329618096
-0.003374014981091022
-0.003371886909008026
-0.003369682468473911
-0.003367408411577344
-0.003365071257576346
-0.00336267938837409
-0.003360240487381816
-0.003357762936502695
-0.003355255117639899
-0.003352724947035313
-0.003350180573761463
-0.003347628749907017
-0.003345076693221927
-0.003342530922964215
-0.003339996794238687
-0.003337479196488857
-0.00333498208783567
-0.003332509193569422
-0.00333006214350462
-0.003327642334625125
-0.003325250465422869
-0.003322886768728495
-0.003320550080388784
-0.003318240400403738
-0.00331595609895885
-0.003313695779070258
-0.003311457810923457
-0.003309240797534585
-0.003307042643427849
-0.003304861253127456
-0.003302695928141475
-0.0033005450386554
-0.003298407886177301
-0.003296283073723316
-0.003294170601293445
-0.003292069770395756
-0.003289980813860893
-0.00328790326602757
-0.003285837825387716
-0.00328378495760262
-0.003281745593994856
-0.003279720665886998
-0.003277710871770978
-0.003275716910138726
-0.003273740177974105
-0.003271781373769045
-0.00326984073035419
-0.003267919411882758
-0.003266016952693462
-0.003264134051278234
-0.003262269543483853
-0.003260422730818391
-0.003258591750636697
-0.003256774507462978
-0.003254968672990799
-0.003253170289099216
-0.003251375397667289
-0.003249579342082143
-0.003247777000069618
-0.003245962783694267
-0.003244130406528711
-0.003242274047806859
-0.003240387188270688
-0.003238462610170245
-0.003236494492739439
-0.00323447585105896
-0.00323240109719336
-0.003230265341699123
-0.003228063229471445
-0.00322579056955874
-0.003223443869501352
-0.00322102103382349
-0.003218519734218717
-0.003215939505025744
-0.003213280811905861
-0.003210544353350997
-0.003207732690498233
-0.003204848151654005
-0.003201894927769899
-0.003198877209797502
-0.003195799421519041
-0.003192667383700609
-0.003189485752955079
-0.003186260350048542
-0.003182996762916446
-0.00317969941534102
-0.003176373429596424
-0.00317302206531167
-0.003169648814946413
-0.003166256006807089
-0.003162845270708203
-0.003159416373819113
-0.003155969548970461
-0.003152503632009029
-0.003149016294628382
-0.003145505208522081
-0.00314196664839983
-0.003138397820293903
-0.003134793601930141
-0.003131150268018246
-0.003127463860437274
-0.003123730653896928
-0.003119947155937552
-0.003116110572591424
-0.003112218109890819
-0.003108267672359943
-0.003104258794337511
-0.003100191708654165
-0.003096067812293768
-0.003091889899224043
-0.003087661927565932
-0.003083388321101665
-0.003079075133427978
-0.003074728418141603
-0.003070355858653784
-0.00306596583686769
-0.00306156650185585
-0.003057166468352079
-0.003052775049582124
-0.003048401558771729
-0.003044054610654712
-0.003039742587134242
-0.003035472938790917
-0.003031252883374691
-0.003027088940143585
-0.003022985532879829
-0.003018946619704366
-0.003014975460246205
-0.003011072985827923
-0.003007239894941449
-0.003003475489094853
-0.002999777207151055
-0.002996142022311687
-0.002992566209286451
-0.002989044645801187
-0.002985571976751089
-0.002982141217216849
-0.002978746313601732
-0.002975380048155785
-0.002972035435959697
-0.002968705259263515
-0.002965382998809218
-0.00296206190250814
-0.0029587356839329
-0.002955398755148053
-0.002952047158032656
-0.002948676003143191
-0.002945281798020005
-0.002941861748695374
-0.002938413992524147
-0.00293493689969182
-0.002931429538875818
-0.002927891444414854
-0.002924323314800858
-0.002920725848525763
-0.002917099744081497
-0.002913447096943855
-0.00290977000258863
-0.002906070556491613
-0.00290235155262053
-0.002898615086451173
-0.002894863951951265
-0.002891100943088531
-0.002887328621000051
-0.002883550012484193
-0.002879768144339323
-0.002875985344871879
-0.002872204408049583
-0.002868427895009518
-0.002864657668396831
-0.002860895823687315
-0.00285714422352612
-0.002853403799235821
-0.002849676413461566
-0.002845963230356574
-0.00284226518124342
-0.00283858273178339
-0.002834916114807129
-0.002831264864653349
-0.00282762898132205
-0.002824008231982589
-0.00282040168531239
-0.00281680840998888
-0.00281322724185884
-0.002809657016769052
-0.002806096337735653
-0.002802543574944139
-0.00279899756424129
-0.002795456675812602
-0.002791918814182281
-0.002788383048027754
-0.002784847980365157
-0.002781313145533204
-0.00277777761220932
-0.002774240914732218
-0.00277070258744061
-0.002767162397503853
-0.00276362057775259
-0.002760077826678753
-0.002756534609943628
-0.002752991858869791
-0.002749450039118528
-0.002745910314843059
-0.002742373617365956
-0.002738840878009796
-0.002735313260927796
-0.002731791930273175
-0.00272827735170722
-0.002724769990891218
-0.002721270313486457
-0.002717778785154223
-0.002714295405894518
-0.002710819011554122
-0.002707349136471748
-0.00270388531498611
-0.002700426150113344
-0.002696970477700233
-0.002693517366424203
-0.002690064953640103
-0.002686611376702785
-0.002683155238628387
-0.002679694909602404
-0.002676229225471616
-0.002672757022082806
-0.00266927806660533
-0.002665791660547256
-0.002662297803908587
-0.002658796962350607
-0.002655289368703961
-0.002651776885613799
-0.002648260444402695
-0.002644741674885154
-0.002641222672536969
-0.002637704834342003
-0.002634191419929266
-0.00263068382628262
-0.002627184614539146
-0.002623695880174637
-0.002620219718664885
-0.002616757992655039
-0.002613312564790249
-0.002609884366393089
-0.002606474328786135
-0.002603083150461316
-0.002599711762741208
-0.00259635946713388
-0.002593025797978044
-0.002589710056781769
-0.002586410380899906
-0.002583125373348594
-0.00257985363714397
-0.002576592145487666
-0.002573339501395822
-0.002570092445239425
-0.00256684934720397
-0.002563608344644308
-0.002560367109254003
-0.002557124476879835
-0.002553879981860518
-0.002550632925704122
-0.002547382609918714
-0.002544130198657513
-0.002540876623243093
-0.002537623280659318
-0.00253437296487391
-0.002531127771362662
-0.002527890959754586
-0.00252466625533998
-0.00252145784907043
-0.002518269466236234
-0.002515105297788978
-0.00251196906901896
-0.002508864970877767
-0.002505796495825052
-0.002502767369151115
-0.002499780151993036
-0.002496837871149182
-0.00249394285492599
-0.002491097198799253
-0.002488302066922188
-0.002485558157786727
-0.002482865937054157
-0.002480224706232548
-0.002477633766829967
-0.002475092653185129
-0.002472599735483527
-0.002470153383910656
-0.00246775196865201
-0.002465394092723727
-0.002463078359141946
-0.002460803603753448
-0.002458569128066301
-0.00245637446641922
-0.00245421938598156
-0.002452104119583964
-0.002450028900057077
-0.002447995590046048
-0.002446005120873451
-0.002444059588015079
-0.002442161086946726
-0.002440311014652252
-0.002438512165099382
-0.002436766633763909
-0.00243507674895227
-0.002433443674817681
-0.002431868342682719
-0.002430351916700602
-0.002428894396871328
-0.002427495317533612
-0.002426153514534235
-0.002424867358058691
-0.0024236342869699
-0.002422450575977564
-0.002421312732622027
-0.002420215168967843
-0.002419153228402138
-0.00241812109015882
-0.002417112002149224
-0.002416120143607259
-0.002415138995274901
-0.00241416203789413
-0.00241318391636014
-0.002412198344245553
-0.002411200664937496
-0.002410185290500522
-0.002409148262813687
-0.002408086089417338
-0.002406995510682464
-0.002405873732641339
-0.00240471912547946
-0.002403530525043607
-0.002402306767180562
-0.002401047386229038
-0.002399752615019679
-0.002398422919213772
-0.002397058298811316
-0.002395659452304244
-0.002394227311015129
-0.002392762573435903
-0.002391266170889139
-0.002389739267528057
-0.002388183027505875
-0.002386597916483879
-0.002384985098615289
-0.002383345738053322
-0.00238168123178184
-0.002379992976784706
-0.002378282370045781
-0.002376551274210215
-0.002374801319092512
-0.002373035298660398
-0.002371256006881595
-0.002369466004893184
-0.002367668785154819
-0.002365868538618088
-0.002364069223403931
-0.002362274331972003
-0.002360488753765821
-0.002358716214075685
-0.002356961369514465
-0.002355227945372462
-0.002353520365431905
-0.002351841423660517
-0.002350194379687309
-0.002348581328988075
-0.002347004367038608
-0.002345464425161481
-0.002343961969017982
-0.002342496998608112
-0.002341067884117365
-0.002339673694223166
-0.00233831163495779
-0.002336979145184159
-0.002335672499611974
-0.002334387740120292
-0.002333120908588171
-0.00233186804689467
-0.002330624731257558
-0.002329385839402676
-0.002328147646039724
-0.002326905494555831
-0.002325655426830053
-0.002324393717572093
-0.002323117107152939
-0.002321823034435511
-0.002320508938282728
-0.002319173188880086
-0.002317814156413078
-0.002316431608051062
-0.002315024612471461
-0.002313593868166208
-0.002312139375135303
-0.00231066276319325
-0.002309164963662624
-0.002307648304849863
-0.002306113950908184
-0.002304564928635955
-0.002303004032000899
-0.002301432890817523
-0.002299854764714837
-0.002298271981999278
-0.002296687802299857
-0.002295105252414942
-0.002293526893481612
-0.00229195598512888
-0.002290394622832537
-0.002288845833390951
-0.002287311479449272
-0.002285792957991362
-0.002284291898831725
-0.002282809931784868
-0.002281347522512078
-0.002279905136674643
-0.002278483007103205
-0.002277080435305834
-0.002275696722790599
-0.002274330006912351
-0.002272979589179158
-0.002271642908453941
-0.002270318334922194
-0.002269003307446837
-0.002267695963382721
-0.002266393043100834
-0.00226509221829474
-0.002263790927827358
-0.002262486377730966
-0.002261176239699125
-0.002259858651086688
-0.002258531050756574
-0.00225719204172492
-0.002255840692669153
-0.002254475606605411
-0.002253096550703049
-0.002251703292131424
-0.002250296529382467
-0.002248877193778753
-0.002247445983812213
-0.002246004296466708
-0.002244553994387388
-0.002243096940219402
-0.002241635462269187
-0.002240171888843179
