0
0
0
0
0
0
0
0
0
0
0
0
0
0
0
0
0
0
0
0
0
0
0
0
0
0
0
0
0
0
0
0
0
0
0
0
0
0
0
0
0
0
0
0
0
0
0
0
0
0
0
0
0
0
0
0
0
0
0
0
0
0
0
0
0
0
0
0
0
0
0
0
0
0
0
0
0
0
0
0
0
0
0
0
0
0
0
0
0
0
0
0
0
0
0
0
0
0
0
0
0
0
0
0
0
0
0
0
0
0
0
0
0
0
0
0
0
0
0
0
0
0
0
0
0
0
0
0
0
0
0
0
0
0
0
0
0
0
0
0
0
0
0
0
0
0
0
0
0
0
0
0
0
0
0
0
0
0
0
0
0
0
0
0
0
0
0
0
0
0
0
0
0
0
0
0
0
0
0
0
0
0
0
0
0
0
0
0
0
0
0
0
0
0
0
0
0
0
0
0
0
0
0
0
0
0
0
0
0
0
0
0
0
0
0
0
0
0
0
0
0
0
0
0
0
0
0
0
0
0
0
0
0
0
0
0
0
0
0
0
0
0
0
0
0
0
0
0
0
0
0
0
0
0
0
0
0
0
0
0
0
0
0
0
0
0
0
0
0
0
0
0
0
0
0
0
0
0
0
0
0
0
0
0
0
0
0
0
0
0
0
0
0
0
0
0
0
0
0
0
0
0
0
0
0
0
0
0
0
0
0
0
0
0
0
0
0
0
0
0
0
0
0
0
0
0
0
0
0
0
0
0
0
0
0
0
0
0
0
0
0
0
0
0
0
0
0
0
0
0
0
0
0
0
0
0
0
0
0
0
0
0
0
0
0
0
0
0
0
0
0
0
0
0
0
0
0
0
0
0
0
0
0
0
0
0
0
0
0
0
0
0
0
0
0
0
0
0
0
0
0
0
0
0
0
0
0
0
0
0
0
0
0
0
0
0
0
0
0
0
0
0
0
0
0
0
0
0
0
0
0
0
0
0
0
0
0
0
0
0
0
0
0
0
0
0
0
0
0
0
0
0
0
0
0
0
0
0
0
0
0
0
0
0
0
0
0
0
0
0
0
0
0
0
0
0
0
0
0
0
0
0
0
0
0
0
0
0
0
0
0
0
0
0
0
0
0
0
0
0
0
0
0
0
0
0
0
0
0
0
0
0
0
0
0
0
0
0
0
0
0
0
0
0
0
0
0
0
0
0
0
0
0
0
0
0
0
0
0
0
0
0
0
0
0
0
0
0
0
0
0
0
0
0
0
0
0
0
0
0
0
0
0
0
0
0
0
0
0
0
0
0
0
0
0
0
0
0
0
0
0
0
0
0
0
0
0
0
0
0
0
0
0
0
0
0
0
0
0
0
0
0
0
0
0
0
0
0
0
0
0
0
0
0
0
0
0
0
0
0
0
0
0
0
0
0
0
0
0
0
0
0
0
0
0
0
0
0
0
0
0
0
0
0
0
0
0
0
0
0
0
0
0
0
0
0
0
0
0
0
0
0
0
0
0
0
0
0
0
0
0
0
0
0
0
0
0
0
0
0
0
0
0
0
0
0
0
0
0
0
0
0
0
0
0
0
0
0
0
0
0
0
0
0
0
0
0
0
0
0
0
0
0
0
0
0
0
0
0
0
0
0
0
0
0
0
0
0
0
0
0
0
0
0
0
0
0
0
0
0
0
0
0
0
0
0
0
0
0
0
0
0
0
0
0
0
0
0
0
0
0
0
0
0
0
0
0
0
0
0
0
0
0
0
0
0
0
0
0
0
0
0
0
0
0
0
0
0
0
0
0
0
0
0
0
0
0
0
0
0
0
0
0
0
0
0
0
0
0
0
0
0
0
0
0
0
0
0
0
0
0
0
0
0
0
0
0
0
0
0
0
0
0
0
0
0
0
0
0
0
0
0
0
0
0
0
0
0
0
0
0
0
0
0
0
0
0
0
0
0
0
0
0
0
0
0
0
0
0
0
0
0
0
0
0
0
0
0
0
0
0
0
0
0
0
0
0
0
0
0
0
0
0
0
0
0
0
0
0
0
0
0
0
0
0
0
0
0
0
0
0
0
0
0
0
0
0
0
0
0
0
0
0
0
0
0
0
0
0
0
0
0
0
0
0
0
0
0
0
0
0
0
0
0
0
0
0
0
0
0
0
0
0
0
0
0
0
0
0
0
0
0
0
0
0
0
0
0
0
0
0
0
0
0
0
0
0
0
0
0
0
0
0
0
0
0
0
0
0
0
0
0
0
0
0
0
0
0
0
0
0
0
0
0
0
0
0
0
0
0
0
0
0
0
0
0
0
0
0
0
0
0
0
0
0
0
0
0
0
0
0
0
0
0
0
0
0
0
0
0
0
0
0
0
0
0
0
0
0
0
0
0
0
0
0
0
0
0
0
0
0
0
0
0
0
0
0
0
0
0
0
0
0
0
0
0
0
0
0
0
0
0
0
0
0
0
0
0
0
0
0
0
0
0
0
0
0
0
0
0
0
0
0
0
0
0
0
0
0
0
0
0
0
0
0
0
0
0
0
0
0
0
0
0
0
0
0
0
0
0
0
0
0
0
0
0
0
0
0
0
0
0
0
0
0
0
0
0
0
0
0
0
0
0
0
0
0
0
0
0
0
0
0
0
0
0
0
0
0
0
0
0
0
0
0
0
0
0
0
0
0
0
0
0
0
0
0
0
0
0
0
0
0
0
0
0
0
0
0
0
0
0
0
0
0
0
0
0
0
0
0
0
0
0
0
0
0
0
0
0
0
0
0
0
0
0
0
0
0
0
0
0
0
0
0
0
0
0
0
0
0
0
0
0
0
0
0
0
0
0
0
0
0
0
0
0
0
0
0
0
0
0
0
0
0
0
0
0
0
0
0
0
0
0
0
0
0
0
0
0
0
0
0
0
0
0
0
0
0
0
0
0
0
0
0
0
0
0
0
0
0
0
0
0
0
0
0
0
0
0
0
0
0
0
0
0
0
0
0
0
0
0
0
0
0
0
0
0
0
0
0
0
0
0
0
0
0
0
0
0
0
0
0
0
0
0
0
0
0
0
0
0
0
0
0
0
0
0
0
0
0
0
0
0
0
0
0
0
0
0
0
0
0
0
0
0
0
0
0
0
0
0
0
0
0
0
0
0
0
0
0
0
0
0
0
0
0
0
0
2.802596928649634e-45
1.401298464324817e-44
3.503246160812043e-44
6.726232628759122e-44
1.163077725389598e-43
2.003856803984488e-43
3.363116314379561e-43
5.675258780515509e-43
9.528829557408756e-43
1.583467264687043e-42
2.634441112930656e-42
4.372051208693429e-42
7.247515657487954e-42
1.200492394387071e-41
1.987041222412591e-41
3.284643600377371e-41
5.421343498779852e-41
8.936080306999358e-41
1.470802868155328e-40
2.417351954837455e-40
3.967580419950714e-40
6.502781575637887e-40
1.064294591445485e-39
1.739471020123397e-39
2.839013873140507e-39
4.627147785034512e-39
7.531009547208579e-39
1.224018514044927e-38
1.986638489233944e-38
3.219929114957615e-38
5.211604431391728e-38
8.423544743804228e-38
1.359619363840711e-37
2.191490444149827e-37
3.52746239193761e-37
5.670044604981695e-37
9.101492268221311e-37
1.458953847073404e-36
2.335467964695264e-36
3.733451203482018e-36
5.960079576567585e-36
9.501653425194128e-36
1.512699225953343e-35
2.404988977836213e-35
3.818399109174642e-35
6.054216628101554e-35
9.586136915912821e-35
1.515790093069503e-34
2.393563178485939e-34
3.7745210848625e-34
5.944160395533967e-34
9.348276781967633e-34
1.468201352220164e-33
2.302784984395215e-33
3.606911110634093e-33
5.641991215624947e-33
8.813428321711431e-33
1.374907563484482e-32
2.141997120201499e-32
3.332588491908191e-32
5.178003832356617e-32
8.034552083138719e-32
1.245030836694615e-31
1.926718465997767e-31
2.977670600943655e-31
4.595744687421158e-31
7.083640865117303e-31
1.09038338764761e-30
1.676194570882724e-30
2.573313615757969e-30
3.945341218082936e-30
6.040884652943541e-30
9.23721817395936e-30
1.410610223337035e-29
2.151287972468124e-29
3.27654639671367e-29
4.983801741316872e-29
7.57063681468557e-29
1.148501961169214e-28
1.740040149119952e-28
2.632785474799968e-28
3.978330652656277e-28
6.003655674802151e-28
9.048170064231868e-28
1.36187196007036e-27
2.047117352800853e-27
3.073127449130992e-27
4.607340191013375e-27
6.898462275153396e-27
1.031542176020996e-26
1.540475557912739e-26
2.297503306343358e-26
3.42209000835402e-26
5.090507403588336e-26
7.562500116967574e-26
1.122031131641416e-25
1.662569840514849e-25
2.460315414940429e-25
3.636117524553005e-25
5.366876624974674e-25
7.911199070307253e-25
1.164663196415629e-24
1.712363998099467e-24
2.514373439673476e-24
3.687243550516572e-24
5.400232918098653e-24
7.898818490045488e-24
1.153854618722743e-23
1.683370164945929e-23
2.452720962259014e-23
3.569084098714133e-23
5.186876887697763e-23
7.528282003165403e-23
1.091256407523448e-22
1.579788878449192e-22
2.284088312251581e-22
3.2981358106463e-22
4.756267317598777e-22
6.850247472321294e-22
9.85346088090137e-22
1.415513832973327e-21
2.030871585227424e-21
2.910006652728955e-21
4.164366072993275e-21
5.951787458343511e-21
8.495515668166823e-21
1.211089190446953e-20
1.724275435207832e-20
2.451780137713367e-20
3.481776389176447e-20
4.938156781429337e-20
6.994773676597942e-20
9.895265046174087e-20
1.398061638751973e-19
1.972742396642862e-19
2.780096136147847e-19
3.912864150347871e-19
5.500159122351776e-19
7.721494754720053e-19
1.082612951733637e-18
1.515971116891366e-18
2.120091206933624e-18
2.961175484812749e-18
4.130663700765227e-18
5.754685595364063e-18
8.006993351408163e-18
1.112662810385494e-17
1.544200950720938e-17
2.140377149711997e-17
2.962941101830244e-17
4.096396585837361e-17
5.656232573624531e-17
7.800073624869656e-17
1.074277262449399e-16
1.477679416731669e-16
2.029972823958953e-16
2.785135121916173e-16
3.816351677781777e-16
5.222717273101738e-16
7.138229343758135e-16
9.743843508739844e-16
1.328360266564504e-15
1.808618842053509e-15
2.459369267957044e-15
3.33999554189945e-15
4.530157512679968e-15
6.136572437806694e-15
8.302013861528207e-15
1.121723614466502e-14
1.513675998237284e-14
2.039973313156754e-14
2.745746067577687e-14
3.690969106956779e-14
4.955235915061855e-14
6.644036313957144e-14
8.896988777217646e-14
1.189864179407252e-13
1.589259187575673e-13
2.119995124545346e-13
2.824342864617135e-13
3.757873461192329e-13
4.993542471881662e-13
6.626999838645065e-13
8.783477959718733e-13
1.16267141313936e-12
1.537050218006208e-12
2.029361704722343e-12
2.675905287283231e-12
3.523884092512808e-12
4.634593056551672e-12
6.087519811154296e-12
7.985599161097756e-12
1.046194988280069e-11
1.368847916960458e-11
1.78868898859097e-11
2.334269930126531e-11
3.042309806855492e-11
3.959966035638196e-11
5.147716974907013e-11
6.683014558417355e-11
8.664915313039145e-11
1.121992013186635e-10
1.450935899205419e-10
1.873868560320346e-10
2.416917777026129e-10
3.113263258303078e-10
4.004981346561465e-10
5.145352477420317e-10
6.601750257573258e-10
8.459247191616726e-10
1.082511080774395e-09
1.383440029201211e-09
1.765691814981096e-09
2.250584607565997e-09
2.864844139693901e-09
3.641924539721231e-09
4.623644134227334e-09
5.862200946893381e-09
7.422650050159518e-09
9.38595423605193e-09
1.185272324732978e-08
1.494779766630927e-08
1.882585820567328e-08
2.367826823501673e-08
2.974142176981331e-08
3.730691133796427e-08
4.673384879083642e-08
5.846386130770043e-08
7.303921734092e-08
9.112477528105956e-08
1.135343907776587e-07
1.412628307662089e-07
1.755240930378932e-07
2.177974636197177e-07
2.698826904179441e-07
3.339659713219589e-07
4.126987107611058e-07
5.092915102977713e-07
6.276261501625413e-07
7.72388091263565e-07
9.492241019870562e-07
1.164928335128934e-06
1.427662596142909e-06
1.747215492287069e-06
2.135307568096323e-06
2.605949703138322e-06
3.17586295750516e-06
3.864969585265499e-06
4.696967152995057e-06
5.699994289898314e-06
6.907409442646895e-06
8.358689228771254e-06
1.010047344607301e-05
1.218776378664188e-05
1.46853199112229e-05
1.766924651747104e-05
2.122883051924873e-05
2.546863288444001e-05
3.051088788197376e-05
3.649821883300319e-05
4.359675222076476e-05
5.199963197810575e-05
6.193097942741588e-05
7.365040073636919e-05
8.745799277676269e-05
0.0001037000401993282
0.0001227753236889839
0.0001451421703677624
0.000171326391864568
0.0002019298553932458
0.0002376402262598276
0.0002792415034491569
0.0003276257775723934
0.0003838057746179402
0.0004489289713092148
0.0005242924671620131
0.0006113594863563776
0.0007117768400348723
0.0008273937273770571
0.0009602818172425032
0.001112756552174687
0.001287400024011731
0.001487083733081818
0.001714993501082063
0.001974655082449317
0.002269960241392255
0.00260519259609282
0.002985054859891534
0.003414694918319583
0.003899730974808335
0.004446277860552073
0.005060967523604631
0.005750973243266344
0.006524024996906519
0.007388423662632704
0.008353055454790592
0.009427391923964024
0.01062149088829756
0.01194598898291588
0.01341208256781101
0.01503150910139084
0.01681650243699551
0.01877974718809128
0.02093432284891605
0.0232936330139637
0.02587131410837173
0.02868112549185753
0.03173684328794479
0.0350521132349968
0.03864030912518501
0.04251434653997421
0.04668650776147842
0.05116823688149452
0.05596991255879402
0.06110061705112457
0.06656789034605026
0.07237745076417923
0.07853295654058456
0.08503570407629013
0.09188435226678848
0.09907468408346176
0.1065993010997772
0.1144473701715469
0.1226044297218323
0.1310521513223648
0.1397680938243866
0.1487257182598114
0.1578941345214844
0.1672381162643433
0.1767181307077408
0.1862904280424118
0.1959071457386017
0.2055165767669678
0.2150633931159973
0.2244891375303268
0.2337326407432556
0.2427305728197098
0.2514180839061737
0.2597295045852661
0.2675992548465729
0.2749625742435455
0.2817563116550446
0.287920206785202
0.2933975458145142
0.2981362044811249
0.3020898699760437
0.3052186369895935
0.3074901401996613
0.3088802695274353
0.3093739151954651
0.3089655935764313
0.3076599836349487
0.3054722547531128
0.302428126335144
0.2985641360282898
0.293927013874054
0.2885738015174866
0.2825708091259003
0.2759931683540344
0.2689235508441925
0.2614513039588928
0.2536709010601044
0.2456805258989334
0.2375805079936981
0.2294715791940689
0.2214532196521759
0.2136217057704926
0.2060684263706207
0.198878139257431
0.1921272724866867
0.1858824789524078
0.1801992207765579
0.175120621919632
0.17067651450634
0.1668828725814819
0.1637413203716278
0.1612392216920853
0.1593498587608337
0.1580331325531006
0.1572364717721939
0.156896099448204
0.1569385826587677
0.1572827100753784
0.1578415185213089
0.1585246175527573
0.1592405289411545
0.1598991006612778
0.1604140996932983
0.1607055217027664
0.1607018858194351
0.160342276096344
0.1595781147480011
0.1583747118711472
0.1567122787237167
0.1545866280794144
0.1520093530416489
0.1490075588226318
0.1456232070922852
0.1419117897748947
0.1379408091306686
0.1337877213954926
0.1295375674962997
0.1252803206443787
0.1211081072688103
0.1171123012900352
0.1133805438876152
0.1099938824772835
0.107024110853672
0.1045313104987144
0.1025618687272072
0.1011467501521111
0.1003003716468811
0.1000199541449547
0.100285492837429
0.1010602489113808
0.1022917926311493
0.1039136797189713
0.1058475002646446
0.1080054938793182
0.1102933585643768
0.1126134544610977
0.1148680001497269
0.1169624254107475
0.1188085749745369
0.1203276962041855
0.1214531511068344
0.1221326291561127
0.1223299354314804
0.122026152908802
0.121220201253891
0.1199287176132202
0.1181853637099266
0.1160393878817558
0.1135537251830101
0.11080252379179
0.1078683435916901
0.1048390045762062
0.1018042713403702
0.09885245561599731
0.09606718271970749
0.0935242772102356
0.09128904342651367
0.08941395580768585
0.08793690055608749
0.08687996864318848
0.08624890446662903
0.08603320270776749
0.08620689809322357
0.08672985434532166
0.08754968643188477
0.08860418200492859
0.08982395380735397
0.09113546460866928
0.09246410429477692
0.09373727440834045
0.09488730132579803
0.09585414081811905
0.09658759087324142
0.09704922884702682
0.09721357375383377
0.09706884622573853
0.09661702811717987
0.09587330371141434
0.09486501663923264
0.09363006055355072
0.09221486002206802
0.09067205339670181
0.08905790746212006
0.08742968738079071
0.08584308624267578
0.08434973657131195
0.08299502730369568
0.08181626349687576
0.08084125816822052
0.08008745312690735
0.07956144213676453
0.07925919443368912
0.07916657626628876
0.07926047593355179
0.07951021939516068
0.07987943291664124
0.08032791316509247
0.08081383258104324
0.08129572868347168
0.08173457533121109
0.08209554851055145
0.08234958350658417
0.0824744701385498
0.08245573192834854
0.08228692412376404
0.08196958899497986
0.08151280879974365
0.08093240112066269
0.08024971932172775
0.07949033379554749
0.07868248969316483
0.07785553485155106
0.07703828811645508
0.07625762373209
0.0755370706319809
0.07489582896232605
0.07434791326522827
0.07390173524618149
0.07355988770723343
0.07331937551498413
0.07317202538251877
0.07310526072978973
0.07310296595096588
0.07314662635326385
0.07321641594171524
0.07329238951206207
0.07335563004016876
0.0733891949057579
0.07337894290685654
0.07331423461437225
0.07318828254938126
0.0729982927441597
0.07274540513753891
0.07243438810110092
0.07207315415143967
0.07167210429906845
0.07124339044094086
0.0708000659942627
0.07035531103610992
0.0699215903878212
0.06951000541448593
0.06912972778081894
0.06878754496574402
0.06848763674497604
0.06823144108057022
0.06801781058311462
0.06784319132566452
0.06770201027393341
0.06758714467287064
0.06749048084020615
0.06740342080593109
0.06731748580932617
0.06722483783960342
0.06711870431900024
0.06699370592832565
0.06684613227844238
0.06667405366897583
0.06647729873657227
0.06625737994909286
0.06601721793413162
0.06576091796159744
0.0654933974146843
0.06522001326084137
0.06494618207216263
0.06467703729867935
0.06441711634397507
0.06417009979486465
0.06393862515687943
0.06372418999671936
0.06352714449167252
0.0633467510342598
0.0631813257932663
0.06302838027477264
0.06288487464189529
0.06274744123220444
0.06261267513036728
0.06247731670737267
0.06233849003911018
0.0621938593685627
0.06204173713922501
0.0618811622262001
0.06171189993619919
0.06153441220521927
0.06134975329041481
0.06115946546196938
0.06096542626619339
0.0607696995139122
0.06057435646653175
0.06038135290145874
0.06019238382577896
0.06000879034399986
0.05983150005340576
0.05966097861528397
0.05949725583195686
0.05933992937207222
0.05918825417757034
0.05904120206832886
0.05889757722616196
0.05875609442591667
0.05861549451947212
0.05847463011741638
0.05833253636956215
0.05818848684430122
0.0580420196056366
0.05789295956492424
0.05774139240384102
0.0575876496732235
0.05743226036429405
0.05727588385343552
0.05711926892399788
0.05696316435933113
0.05680827423930168
0.05665521323680878
0.05650446563959122
0.05635635182261467
0.05621103942394257
0.05606850981712341
0.05592860281467438
0.05579103529453278
0.05565541237592697
0.05552130937576294
0.05538826435804367
0.05525583401322365
0.05512363091111183
0.05499133467674255
0.0548587255179882
0.05472568050026894
0.05459217354655266
0.05445826426148415
0.05432410910725594
0.05418991297483444
0.05405592545866966
0.05392239987850189
0.05378958955407143
0.05365771800279617
0.05352695658802986
0.05339743942022324
0.05326922237873077
0.05314230546355247
0.05301665142178535
0.05289216712117195
0.05276871845126152
0.05264615267515182
0.05252432078123093
0.05240305885672569
0.05228224024176598
0.05216175317764282
0.05204151943325996
0.05192149430513382
0.05180167034268379
0.05168206617236137
0.05156270787119865
0.0514436662197113
0.05132501572370529
0.05120683833956718
0.05108920484781265
0.05097217485308647
0.05085578933358192
0.0507400706410408
0.05062501505017281
0.05051061138510704
0.05039680749177933
0.05028354749083519
0.05017076060175896
0.05005836486816406
0.04994627460837364
0.04983440041542053
0.04972266033291817
0.04961096122860909
0.04949921742081642
0.04938735440373421
0.04927527531981468
0.04916289076209068
0.04905010759830475
0.04893681779503822
0.04882289841771126
0.04870820045471191
0.04859255254268646
0.04847575351595879
0.04835755750536919
0.04823768138885498
0.04811578989028931
0.04799149557948112
0.04786436632275581
0.04773390293121338
0.04759955033659935
0.04746066406369209
0.0473165400326252
0.0471663810312748
0.04700930789113045
0.04684432968497276
0.04667035117745399
0.04648614674806595
0.04629036411643028
0.04608149826526642
0.04585788026452065
0.04561767354607582
0.04535884782671928
0.04507914185523987
0.04477608203887939
0.04444696754217148
0.04408881440758705
0.04369837418198586
0.04327209666371346
0.04280612617731094
0.04229630157351494
0.0417381078004837
0.04112668335437775
0.04045678675174713
0.03972281143069267
0.03891876339912415
0.03803825378417969
0.0370744876563549
0.03602028265595436
0.03486806154251099
0.03360984474420547
0.03223728388547897
0.03074168413877487
0.02911399491131306
0.02734485641121864
0.02542465180158615
0.0233435370028019
0.02109149098396301
0.01865839026868343
0.01603406667709351
0.01320838741958141
0.01017135381698608
0.006913186982274055
0.003424448193982244
-0.0003038527793250978
-0.004280129913240671
-0.008512084372341633
-0.01300656795501709
-0.01776942610740662
-0.0228053443133831
-0.02811769768595695
-0.03370837494730949
-0.03957761079072952
-0.04572384431958199
-0.05214352905750275
-0.05883099883794785
-0.06577830016613007
-0.07297506183385849
-0.08040834963321686
-0.0880625918507576
-0.09591944515705109
-0.1039577051997185
-0.1121533513069153
-0.1204793974757195
-0.1289060115814209
-0.1374004781246185
-0.1459273397922516
-0.1544484794139862
-0.1629232317209244
-0.1713086664676666
-0.1795598268508911
-0.1876298934221268
-0.1954706460237503
-0.2030328214168549
-0.2102663815021515
-0.2171211689710617
-0.2235472500324249
-0.2294955402612686
-0.2349182218313217
-0.2397695034742355
-0.2440060824155807
-0.2475878000259399
-0.2504782676696777
-0.2526454031467438
-0.25406214594841
-0.2547069489955902
-0.2545643150806427
-0.253625214099884
-0.251887708902359
-0.249357134103775
-0.2460464984178543
-0.2419765591621399
-0.2371760457754135
-0.2316815555095673
-0.2255374491214752
-0.218795582652092
-0.211514949798584
-0.2037611156702042
-0.1956056207418442
-0.1871252059936523
-0.178400918841362
-0.1695170998573303
-0.1605602949857712
-0.1516180783510208
-0.142777755856514
-0.134125143289566
-0.1257431656122208
-0.1177106201648712
-0.1101008653640747
-0.1029805615544319
-0.09640856087207794
-0.09043487161397934
-0.08509977906942368
-0.08043308556079865
-0.07645359635353088
-0.07316875457763672
-0.07057450711727142
-0.06865545362234116
-0.06738512217998505
-0.06672656536102295
-0.06663309782743454
-0.06704933196306229
-0.06791232526302338
-0.06915292143821716
-0.07069725543260574
-0.0724683552980423
-0.0743878036737442
-0.07637745887041092
-0.07836116105318069
-0.08026639372110367
-0.08202584087848663
-0.08357887715101242
-0.08487282693386078
-0.08586405217647552
-0.08651885390281677
-0.08681410551071167
-0.08673755079507828
-0.08628790825605392
-0.08547469973564148
-0.08431768417358398
-0.08284614235162735
-0.08109785616397858
-0.07911784946918488
-0.07695700228214264
-0.07467036694288254
-0.07231554388999939
-0.0699508935213089
-0.06763374805450439
-0.06541869789361954
-0.06335595995187759
-0.06148982793092728
-0.05985742062330246
-0.05848758295178413
-0.05740010365843773
-0.05660518631339073
-0.05610323697328568
-0.05588500946760178
-0.05593201145529747
-0.05621726810932159
-0.05670630931854248
-0.05735844746232033
-0.05812820792198181
-0.0589669868350029
-0.05982473120093346
-0.06065171211957932
-0.06140025705099106
-0.06202641502022743
-0.06249145790934563
-0.06276323646306992
-0.06281724572181702
-0.06263747066259384
-0.0622168630361557
-0.06155753880739212
-0.06067062541842461
-0.05957579612731934
-0.05830045789480209
-0.05687869340181351
-0.0553499348461628
-0.05375745892524719
-0.05214674025774002
-0.05056370422244072
-0.04905300214886665
-0.04765631258487701
-0.04641077294945717
-0.04534761235117912
-0.04449094831943512
-0.04385696351528168
-0.04345329478383064
-0.04327882453799248
-0.04332379996776581
-0.04357027634978294
-0.04399289563298225
-0.04455992951989174
-0.04523461684584618
-0.04597663506865501
-0.04674376174807549
-0.04749354720115662
-0.04818502441048622
-0.04878032207489014
-0.04924615472555161
-0.04955511912703514
-0.04968668892979622
-0.04962800815701485
-0.04937427490949631
-0.04892884194850922
-0.04830293729901314
-0.04751511663198471
-0.04659036174416542
-0.04555894061923027
-0.04445504397153854
-0.04331532120704651
-0.0421772375702858
-0.04107751697301865
-0.04005056619644165
-0.03912707418203354
-0.0383327305316925
-0.03768723085522652
-0.03720354288816452
-0.03688747063279152
-0.03673754259943962
-0.03674522414803505
-0.03689545392990112
-0.03716743737459183
-0.03753569722175598
-0.03797130659222603
-0.03844325616955757
-0.03891989961266518
-0.03937038034200668
-0.03976599127054214
-0.04008146375417709
-0.04029598832130432
-0.04039406403899193
-0.04036607965826988
-0.04020857438445091
-0.0399242527782917
-0.03952168673276901
-0.03901475667953491
-0.03842181339859962
-0.03776474297046661
-0.03706778213381767
-0.03635632246732712
-0.0356556661427021
-0.03498980775475502
-0.03438032791018486
-0.03384542837738991
-0.03339915350079536
-0.03305083140730858
-0.03280478715896606
-0.03266026452183723
-0.0326116606593132
-0.03264893591403961
-0.03275827690958977
-0.0329229012131691
-0.03312399610877037
-0.03334173932671547
-0.03355632349848747
-0.03374893963336945
-0.03390272706747055
-0.03400353342294693
-0.03404052555561066
-0.03400665894150734
-0.03389884531497955
-0.03371800854802132
-0.03346884995698929
-0.03315944597125053
-0.03280072659254074
-0.03240577131509781
-0.03198900818824768
-0.03156541660428047
-0.03114970959722996
-0.03075553849339485
-0.03039481304585934
-0.03007712215185165
-0.02980931289494038
-0.02959521673619747
-0.02943557873368263
-0.02932812087237835
-0.02926781214773655
-0.02924724668264389
-0.02925713732838631
-0.02928691916167736
-0.02932537533342838
-0.02936129085719585
-0.02938406728208065
-0.02938428334891796
-0.02935416996479034
-0.02928796596825123
-0.02918215282261372
-0.02903555333614349
-0.0288492888212204
-0.02862660773098469
-0.02837260439991951
-0.0280938521027565
-0.02779795415699482
-0.02749306336045265
-0.027187405154109
-0.02688879892230034
-0.02660424821078777
-0.02633957378566265
-0.02609915845096111
-0.02588577941060066
-0.02570054493844509
-0.02554293163120747
-0.02541092969477177
-0.02530124969780445
-0.02520961314439774
-0.02513107843697071
-0.02506039664149284
-0.02499235048890114
-0.02492208406329155
-0.02484539523720741
-0.0247589536011219
-0.02466046623885632
-0.02454875409603119
-0.02442376129329205
-0.02428648062050343
-0.02413882501423359
-0.0239834301173687
-0.02382343448698521
-0.02366222254931927
-0.02350317500531673
-0.02334941364824772
-0.02320360578596592
-0.02306776866316795
-0.02294317819178104
-0.02283027581870556
-0.0227286834269762
-0.02263723872601986
-0.02255411446094513
-0.02247695997357368
-0.02240307815372944
-0.02232962474226952
-0.02225380577147007
-0.0221730824559927
-0.02208532020449638
-0.02198894508183002
-0.02188302204012871
-0.02176732011139393
-0.02164230309426785
-0.0215090811252594
-0.02136933244764805
-0.02122516743838787
-0.02107899449765682
-0.02093334309756756
-0.0207906998693943
-0.02065334282815456
-0.02052319794893265
-0.0204017348587513
-0.02028985880315304
-0.02018789015710354
-0.02009554579854012
-0.02001197636127472
-0.0199358407407999
-0.01986540295183659
-0.01979865506291389
-0.01973346062004566
-0.01966768875718117
-0.01959935575723648
-0.01952674798667431
-0.01944852061569691
-0.0193637777119875
-0.01927210763096809
-0.01917359232902527
-0.01906879991292953
-0.01895871199667454
-0.01884464919567108
-0.01872817985713482
-0.0186109896749258
-0.01849478483200073
-0.01838116534054279
-0.01827152818441391
-0.01816697977483273
-0.01806827075779438
-0.01797575689852238
-0.01788938976824284
-0.01780874468386173
-0.01773304864764214
-0.01766126044094563
-0.01759214326739311
-0.01752435602247715
-0.01745655946433544
-0.01738750003278255
-0.01731610111892223
-0.01724152825772762
-0.01716323755681515
-0.01708101481199265
-0.01699496246874332
-0.01690548658370972
-0.01681325398385525
-0.0167191419750452
-0.01662415079772472
-0.01652933284640312
-0.01643572002649307
-0.016344228759408
-0.01625560969114304
-0.01617039367556572
-0.01608885452151299
-0.01601100340485573
-0.0159365925937891
-0.01586515083909035
-0.01579602062702179
-0.0157284252345562
-0.01566153019666672
-0.01559450570493937
-0.01552660390734673
-0.01545721013098955
-0.01538589037954807
-0.01531241461634636
-0.01523677445948124
-0.01515917107462883
-0.0150799872353673
-0.0149997528642416
-0.01491908822208643
-0.01483865454792976
-0.01475908793509007
-0.01468094997107983
-0.01460468024015427
-0.01453056465834379
-0.01445871405303478
-0.01438906323164701
-0.01432138215750456
-0.01425530482083559
-0.01419036835432053
-0.01412605959922075
-0.01406186167150736
-0.01399730239063501
-0.01393199153244495
-0.01386566553264856
-0.01379818934947252
-0.01372957695275545
-0.01365997642278671
-0.01358965132385492
-0.01351894903928041
-0.01344826351851225
-0.01337799429893494
-0.0133085073903203
-0.01324009895324707
-0.01317297294735909
-0.01310722064226866
-0.01304282154887915
-0.01297964993864298
-0.01291748788207769
-0.01285605970770121
-0.01279505528509617
-0.01273417100310326
-0.01267313305288553
-0.01261172909289598
-0.01254982873797417
-0.0124873872846365
-0.01242444850504398
-0.0123611344024539
-0.01229762937873602
-0.01223415322601795
-0.0121709369122982
-0.01210819929838181
-0.01204611826688051
-0.0119848158210516
-0.01192434877157211
-0.01186470780521631
-0.0118058156222105
-0.01174754463136196
-0.01168973371386528
-0.01163220591843128
-0.01157479174435139
-0.01151734869927168
-0.01145977433770895
-0.01140201464295387
-0.01134406961500645
-0.01128599140793085
-0.01122786849737167
-0.01116981636732817
-0.0111119644716382
-0.01105443388223648
-0.01099732797592878
-0.01094072032719851
-0.01088464446365833
-0.01082909479737282
-0.0107740294188261
-0.01071937289088964
-0.01066503301262856
-0.01061091106384993
-0.01055691577494144
-0.01050297357141972
-0.01044903602451086
-0.01039508264511824
-0.01034112833440304
-0.01028720941394567
-0.01023338362574577
-0.01017972268164158
-0.01012629549950361
-0.01007316540926695
-0.01002038083970547
-0.00996796227991581
-0.0099159125238657
-0.009864211082458496
-0.009812816977500916
-0.009761678986251354
-0.009710739366710186
-0.009659946896135807
-0.009609256871044636
-0.009558640420436859
-0.009508087299764156
-0.009457606822252274
-0.009407221339643002
-0.00935696717351675
-0.009306883439421654
-0.00925701018422842
-0.009207384660840034
-0.009158028289675713
-0.009108951315283775
-0.009060150943696499
-0.009011609479784966
-0.008963302709162235
-0.008915196172893047
-0.008867258206009865
-0.0088194590061903
-0.008771779015660286
-0.00872420147061348
-0.008676729165017605
-0.008629369549453259
-0.008582139387726784
-0.008535061962902546
-0.008488159626722336
-0.008441456593573093
-0.008394966833293438
-0.008348698727786541
-0.008302655071020126
-0.008256827481091022
-0.00821120198816061
-0.008165763691067696
-0.008120492100715637
-0.008075373247265816
-0.008030392229557037
-0.007985543459653854
-0.007940826006233692
-0.007896246388554573
-0.007851812988519669
-0.007807540707290173
-0.007763444446027279
-0.007719539571553469
-0.007675839588046074
-0.007632354274392128
-0.007589091081172228
-0.007546050939708948
-0.007503235712647438
-0.007460645865648985
-0.007418282330036163
-0.007376148365437984
-0.007334251888096333
-0.007292607799172401
-0.007251233328133821
-0.007210152223706245
-0.007169395219534636
-0.007128996308892965
-0.007088995072990656
-0.007049432024359703
-0.007010352797806263
-0.006971805356442928
-0.00693384138867259
-0.006896513979882002
-0.006859881803393364
-0.00682400818914175
-0.006788964383304119
-0.006754829548299313
-0.006721690762788057
-0.006689643021672964
-0.006658793892711401
-0.006629256997257471
-0.006601154804229736
-0.006574617233127356
-0.006549782119691372
-0.006526790093630552
-0.006505787372589111
-0.006486922036856413
-0.006470346823334694
-0.006456213537603617
-0.006444674450904131
-0.006435879971832037
-0.006429979111999273
-0.006427114829421043
-0.006427422165870667
-0.006431029178202152
-0.006438048556447029
-0.006448577623814344
-0.006462696008384228
-0.00648045726120472
-0.006501892115920782
-0.00652700150385499
-0.006555754691362381
-0.006588086951524019
-0.006623897701501846
-0.006663050502538681
-0.006705367472022772
-0.006750633474439383
-0.006798594258725643
-0.006848957855254412
-0.006901395507156849
-0.006955543532967567
-0.00701100705191493
-0.007067363709211349
-0.007124166470021009
-0.007180954329669476
-0.007237252313643694
-0.007292584050446749
-0.007346474099904299
-0.007398460526019335
-0.007448099553585052
-0.007494974881410599
-0.007538708858191967
-0.007578964810818434
-0.007615460082888603
-0.007647967897355556
-0.007676324341446161
-0.007700431160628796
-0.007720260415226221
-0.007735854480415583
-0.007747325580567122
-0.007754852995276451
-0.007758681662380695
-0.007759115193039179
-0.00775650842115283
-0.007751261349767447
-0.007743807509541512
-0.007734606508165598
-0.007724132388830185
-0.007712859660387039
-0.00770125724375248
-0.007689774502068758
-0.007678832858800888
-0.007668817881494761
-0.007660069037228823
-0.007652875036001205
-0.007647471502423286
-0.007644037250429392
-0.00764269195497036
-0.007643501274287701
-0.007646475452929735
-0.007651576306670904
-0.007658721879124641
-0.007667793426662683
-0.007678640075027943
-0.007691086735576391
-0.007704943884164095
-0.00772000988945365
-0.007736077532172203
-0.007752940058708191
-0.007770394440740347
-0.007788242772221565
-0.007806294597685337
-0.007824367843568325
-0.007842286489903927
-0.007859880104660988
-0.007876984775066376
-0.007893441244959831
-0.007909095846116543
-0.007923799566924572
-0.007937406189739704
-0.007949784398078918
-0.007960811257362366
-0.007970388978719711
-0.007978440262377262
-0.00798492506146431
-0.007989835925400257
-0.007993213832378387
-0.007995149120688438
-0.007995788007974625
-0.007995327934622765
-0.007994022220373154
-0.007992173545062542
-0.007990125566720963
-0.007988253608345985
-0.007986948825418949
-0.007986597716808319
-0.007987571880221367
-0.007990205660462379
-0.007994771003723145
-0.008001466281712055
-0.008010399527847767
-0.008021578192710876
-0.008034898899495602
-0.008050150237977505
-0.008067016489803791
-0.008085086010396481
-0.008103873580694199
-0.008122842758893967
-0.008141428232192993
-0.008159074001014233
-0.008175257593393326
-0.008189527317881584
-0.008201527409255505
-0.008211021311581135
-0.00821791123598814
-0.008222245611250401
-0.008224221877753735
-0.008224177174270153
-0.008222572505474091
-0.008219968527555466
-0.008216986432671547
-0.008214280940592289
-0.008212491869926453
-0.00821220688521862
-0.008213921450078487
-0.008218010887503624
-0.008224695920944214
-0.008234038017690182
-0.008245924487709999
-0.00826007965952158
-0.008276079781353474
-0.008293384686112404
-0.008311367593705654
-0.008329362608492374
-0.008346707560122013
-0.008362791500985622
-0.008377092890441418
-0.008389218710362911
-0.008398932404816151
-0.008406168781220913
-0.008411037735641003
-0.008413812145590782
-0.008414913900196552
-0.008414876647293568
-0.008414306677877903
-0.008413839153945446
-0.008414093405008316
-0.008415618911385536
-0.008418863639235497
-0.008424138650298119
-0.00843159481883049
-0.008441217243671417
-0.008452828042209148
-0.008466102182865143
-0.008480595424771309
-0.008495782501995564
-0.00851109717041254
-0.00852598063647747
-0.008539924398064613
-0.008552506566047668
-0.008563426323235035
-0.008572527207434177
-0.008579801768064499
-0.008585391566157341
-0.008589568547904491
-0.008592710830271244
-0.008595269173383713
-0.008597726933658123
-0.008600558154284954
-0.008604191243648529
-0.008608970791101456
-0.008615131489932537
-0.008622785098850727
-0.00863191019743681
-0.008642363362014294
-0.008653892204165459
-0.008666163310408592
-0.008678790181875229
-0.008691375143826008
-0.00870354101061821
-0.008714964613318443
-0.008725402876734734
-0.008734708651900291
-0.008742846548557281
-0.008749880827963352
-0.00875597819685936
-0.008761377073824406
-0.008766370825469494
-0.00877127330750227
-0.008776393719017506
-0.00878200214356184
-0.008788313716650009
-0.008795465342700481
-0.00880351010710001
-0.008812414482235909
-0.008822066709399223
-0.008832289837300777
-0.008842865936458111
-0.008853552863001823
-0.008864114992320538
-0.008874339051544666
-0.008884058333933353
-0.008893163874745369
-0.008901609107851982
-0.008909420110285282
-0.008916676975786686
-0.008923512883484364
-0.008930092677474022
-0.008936596103012562
-0.008943199180066586
-0.008950057439506054
-0.008957288227975368
-0.008964968845248222
-0.008973121643066406
-0.008981723338365555
-0.008990706875920296
-0.008999968878924847
-0.009009386412799358
-0.009018829092383385
-0.009028171189129353
-0.009037310257554054
-0.009046165272593498
-0.009054695256054401
-0.009062893688678741
-0.009070786647498608
-0.009078432805836201
-0.009085908532142639
-0.009093303233385086
-0.009100708179175854
-0.009108205325901508
-0.009115858003497124
-0.009123710915446281
-0.009131780825555325
-0.009140060283243656
-0.009148518554866314
-0.009157106280326843
-0.00916576199233532
-0.00917442049831152
-0.009183020330965519
-0.009191508404910564
-0.009199845604598522
-0.009208006784319878
-0.009215984493494034
-0.009223785251379013
-0.009231431409716606
-0.009238949976861477
-0.009246375411748886
-0.009253737516701221
-0.009261060506105423
-0.00926835834980011
-0.009275631047785282
-0.009282867424190044
-0.009290041401982307
-0.009297116659581661
-0.009304044768214226
-0.009310771711170673
-0.009317238815128803
-0.009323388338088989
-0.009329162538051605
-0.009334505535662174
-0.009339366108179092
-0.009343694895505905
-0.009347441606223583
-0.009350559674203396
-0.009352998808026314
-0.009354704059660435
-0.009355613961815834
-0.009355661459267139
-0.009354771114885807
-0.009352857246994972
-0.009349824860692024
-0.009345574304461479
-0.00934000127017498
-0.009332995861768723
-0.009324447251856327
-0.009314246475696564
-0.009302287362515926
-0.009288470260798931
-0.009272703900933266
-0.009254904463887215
-0.009235003031790257
-0.00921294279396534
-0.009188681840896606
-0.009162195026874542
-0.009133479557931423
-0.009102549403905869
-0.009069440886378288
-0.009034217335283756
-0.008996963500976562
-0.008957796730101109
-0.008916858583688736
-0.008874324150383472
-0.00883039552718401
-0.00878530740737915
-0.008739323355257511
-0.00869273766875267
-0.008645868860185146
-0.008599058724939823
-0.008552669547498226
-0.008507075719535351
-0.008462660014629364
-0.008419806137681007
-0.008378893136978149
-0.00834028422832489
-0.008304321207106113
-0.008271314203739166
-0.008241534233093262
-0.008215208537876606
-0.008192503824830055
-0.008173531852662563
-0.008158331736922264
-0.008146871812641621
-0.008139047771692276
-0.00813467800617218
-0.008133505471050739
-0.00813519861549139
-0.008139362558722496
-0.008145538158714771
-0.008153215050697327
-0.008161844685673714
-0.008170848712325096
-0.008179635740816593
-0.008187619037926197
-0.008194227702915668
-0.008198928087949753
-0.008201239630579948
-0.008200748823583126
-0.008197127841413021
-0.008190140128135681
-0.008179658092558384
-0.008165663108229637
-0.008148254826664925
-0.008127648383378983
-0.008104168809950352
-0.008078246377408504
-0.008050395175814629
-0.008021204732358456
-0.007991318590939045
-0.007961410097777843
-0.007932157255709171
-0.007904219441115856
-0.007878211326897144
-0.007854676805436611
-0.007834066636860371
-0.007816720753908157
-0.007802849169820547
-0.007792527321726084
-0.00778568722307682
-0.007782119791954756
-0.00778148090466857
-0.007783306296914816
-0.007787029724568129
-0.007792007643729448
-0.007797544356435537
-0.007802925538271666
-0.007807450834661722
-0.007810465060174465
-0.007811389397829771
-0.00780974980443716
-0.00780519749969244
-0.007797530852258205
-0.007786701899021864
-0.007772821933031082
-0.00775615219026804
-0.007737097330391407
-0.007716180291026831
-0.007694018539041281
-0.007671290077269077
-0.007648697588592768
-0.007626933045685291
-0.007606639061123133
-0.00758837629109621
-0.007572588045150042
-0.007559580262750387
-0.007549503352493048
-0.007542343344539404
-0.007537925150245428
-0.00753592187538743
-0.00753587344661355
-0.007537214085459709
-0.007539308164268732
-0.007541486527770758
-0.007543086539953947
-0.007543493062257767
-0.007542175240814686
-0.007538717240095139
-0.007532845251262188
-0.007524441927671432
-0.007513552904129028
-0.007500380743294954
-0.007485273759812117
-0.007468700408935547
-0.00745121669024229
-0.007433431223034859
-0.007415963802486658
-0.007399401627480984
-0.007384261582046747
-0.007370959036052227
-0.007359776180237532
-0.007350848987698555
-0.007344155572354794
-0.007339523639529943
-0.007336641196161509
-0.007335083559155464
-0.007334340829402208
-0.007333860732614994
-0.007333085406571627
-0.00733149191364646
-0.007328632287681103
-0.007324162404984236
-0.007317867130041122
-0.007309675216674805
-0.007299659308046103
-0.007288029417395592
-0.007275114767253399
-0.007261337246745825
-0.00724717415869236
-0.007233122829347849
-0.007219661958515644
-0.00720721110701561
-0.007196103222668171
-0.007186557166278362
-0.007178662810474634
-0.007172377780079842
-0.007167532108724117
-0.007163846865296364
-0.007160958368331194
-0.007158447988331318
-0.007155882194638252
-0.007152843754738569
-0.007148971315473318
-0.007143984083086252
-0.007137706968933344
-0.00713007990270853
-0.007121163886040449
-0.00711112841963768
-0.007100236136466265
-0.007088817190378904
-0.007077239919453859
-0.007065876387059689
-0.007055068388581276
-0.007045101840049028
-0.007036176510155201
-0.007028396707028151
-0.007021760568022728
-0.007016165647655725
-0.007011419162154198
-0.007007259875535965
-0.007003383245319128
-0.006999471690505743
-0.006995222996920347
-0.006990378256887197
-0.006984745617955923
-0.006978215649724007
-0.006970771122723818
-0.006962483748793602
-0.00695350393652916
-0.006944045890122652
-0.00693436386063695
-0.006924725603312254
-0.006915387697517872
-0.006906569469720125
-0.006898432038724422
-0.006891068536788225
-0.006884491071105003
-0.006878638174384832
-0.006873380392789841
-0.006868535187095404
-0.006863890681415796
-0.006859223358333111
-0.00685432692989707
-0.006849028635770082
-0.006843207869678736
-0.006836805492639542
-0.006829830352216959
-0.006822354160249233
-0.006814500782638788
-0.006806434597820044
-0.006798339542001486
-0.006790399085730314
-0.006782779935747385
-0.006775612477213144
-0.006768978666514158
-0.00676290737465024
-0.006757374387234449
-0.006752302404493093
-0.006747577339410782
-0.006743060890585184
-0.006738604977726936
-0.006734075024724007
-0.006729356478899717
-0.006724374834448099
-0.006719098426401615
-0.006713542155921459
-0.006707762833684683
-0.00670185498893261
-0.006695935502648354
-0.006690133363008499
-0.006684571970254183
-0.006679358892142773
-0.006674573756754398
-0.006670258939266205
-0.00666642002761364
-0.006663027219474316
-0.00666001858189702
-0.006657311227172613
-0.006654814351350069
-0.006652435753494501
-0.006650097202509642
-0.006647742819041014
-0.006645344663411379
-0.006642905995249748
-0.00664045661687851
-0.006638052873313427
-0.006635766476392746
-0.006633676122874022
-0.006631858181208372
-0.006630375050008297
-0.00662927282974124
-0.006628569215536118
-0.006628256291151047
-0.006628302857279778
-0.006628657225519419
-0.006629251874983311
-0.006630014628171921
-0.006630874704569578
-0.006631769239902496
-0.006632652599364519
-0.006633497308939695
-0.006634293124079704
-0.006635049823671579
-0.006635788362473249
-0.006636536680161953
-0.006637324579060078
-0.006638177670538425
-0.006639111787080765
-0.006640125531703234
-0.006641203071922064
-0.006642311345785856
-0.006643405184149742
-0.006644428707659245
-0.006645322311669588
-0.006646027322858572
-0.006646491121500731
-0.006646673195064068
-0.006646544672548771
-0.006646091118454933
-0.006645312067121267
-0.006644217297434807
-0.006642825435847044
-0.006641158368438482
-0.006639237049967051
-0.006637079641222954
-0.006634695921093225
-0.006632090546190739
-0.00662926072254777
-0.006626196671277285
-0.006622887216508389
-0.006619320251047611
-0.006615486927330494
-0.006611386314034462
-0.006607025396078825
-0.006602420471608639
-0.00659759808331728
-0.006592593155801296
-0.006587447598576546
-0.00658220611512661
-0.006576915737241507
-0.006571618840098381
-0.006566356401890516
-0.006561160087585449
-0.006556055042892694
-0.006551060825586319
-0.006546190474182367
-0.006541453301906586
-0.006536855828016996
-0.00653240317478776
-0.00652810325846076
-0.006523964460939169
-0.006519996095448732
-0.006516211200505495
-0.00651262141764164
-0.006509238388389349
-0.00650606956332922
-0.006503117270767689
-0.006500379648059607
-0.00649784691631794
-0.006495502311736345
-0.00649332208558917
-0.006491280160844326
-0.006489344872534275
-0.006487484555691481
-0.006485665682703257
-0.006483857054263353
-0.006482028868049383
-0.006480155047029257
-0.006478213239461184
-0.006476184353232384
-0.006474052090197802
-0.006471802946180105
-0.006469424813985825
-0.006466906983405352
-0.006464239209890366
-0.006461411248892546
-0.00645841658115387
-0.00645524961873889
-0.006451906636357307
-0.006448389030992985
-0.00644470052793622
-0.006440851371735334
-0.006436854135245085
-0.006432727444916964
-0.006428491789847612
-0.006424171850085258
-0.006419792771339417
-0.006415382027626038
-0.006410965230315924
-0.006406567059457302
-0.006402209866791964
-0.006397915072739124
-0.006393699441105127
-0.006389577407389879
-0.006385562010109425
-0.006381662096828222
-0.006377885118126869
-0.006374234799295664
-0.00637071393430233
-0.006367323454469442
-0.006364061497151852
-0.00636092247441411
-0.006357897073030472
-0.006354975514113903
-0.006352144293487072
-0.00634938757866621
-0.0063466876745224
-0.006344024557620287
-0.00634137773886323
-0.006338727194815874
-0.006336051970720291
-0.006333334371447563
-0.00633055716753006
-0.006327706389129162
-0.006324769463390112
-0.006321737077087164
-0.00631860364228487
-0.006315366830676794
-0.006312027107924223
-0.006308585871011019
-0.006305049173533916
-0.006301423069089651
-0.006297717336565256
-0.006293943151831627
-0.006290113087743521
-0.006286241579800844
-0.006282343529164791
-0.006278433371335268
-0.006274527870118618
-0.006270641461014748
-0.006266788579523563
-0.00626298226416111
-0.006259235087782145
-0.006255555897951126
-0.00625195074826479
-0.006248426157981157
-0.006244981661438942
-0.006241616792976856
-0.006238328292965889
-0.006235109642148018
-0.006231953855603933
-0.006228852085769176
-0.006225794553756714
-0.006222768221050501
-0.006219762377440929
-0.006216763518750668
-0.006213761866092682
-0.00621074577793479
-0.006207704078406096
-0.006204628385603428
-0.006201510317623615
-0.006198342889547348
-0.006195122841745615
-0.006191847380250692
-0.006188516039401293
-0.006185129750519991
-0.006181691773235798
-0.006178207229822874
-0.006174681708216667
-0.006171122193336487
-0.006167538464069366
-0.006163939367979765
-0.006160333286970854
-0.006156731396913528
-0.006153143011033535
-0.006149576045572758
-0.006146037485450506
-0.006142534781247377
-0.006139070726931095
-0.00613565044477582
-0.006132274866104126
-0.006128944456577301
-0.00612565828487277
-0.006122411694377661
-0.006119201425462961
-0.006116022355854511
-0.006112866569310427
-0.006109728943556547
-0.006106601096689701
-0.006103476509451866
-0.006100348196923733
-0.006097208708524704
-0.006094053387641907
-0.006090876646339893
-0.006087674759328365
-0.006084446329623461
-0.00608118949458003
-0.006077904254198074
-0.006074591539800167
-0.006071253679692745
-0.006067893002182245
-0.00606451416388154
-0.006061121821403503
-0.006057719700038433
-0.006054313387721777
-0.00605090893805027
-0.006047510541975498
-0.006044123787432909
-0.006040753331035376
-0.006037402432411909
-0.006034074351191521
-0.00603077095001936
-0.006027492228895426
-0.006024238653481007
-0.00602100882679224
-0.00601780042052269
-0.006014611572027206
-0.006011438556015491
-0.006008277647197247
-0.006005124654620886
-0.006001976784318686
-0.005998827982693911
-0.005995675455778837
-0.005992515943944454
-0.005989346653223038
-0.005986165720969439
-0.00598297081887722
-0.00597976241260767
-0.005976539570838213
-0.005973303690552711
-0.005970056634396315
-0.005966800265014172
-0.005963536445051432
-0.005960270296782255
-0.005957003217190504
-0.00595373846590519
-0.005950478836894035
-0.005947225727140903
-0.005943981930613518
-0.00594074884429574
-0.005937529262155294
-0.005934322718530893
-0.00593112874776125
-0.005927947349846363
-0.005924778059124947
-0.005921620409935713
-0.005918472073972225
-0.005915332119911909
-0.005912199150770903
-0.005909069441258907
-0.005905942060053349
-0.005902815144509077
-0.005899687297642231
-0.005896556191146374
-0.005893420893698931
-0.005890281405299902
-0.005887136328965425
-0.005883985664695501
-0.005880830343812704
-0.005877671297639608
-0.005874509923160076
-0.005871347151696682
-0.005868184845894575
-0.005865024868398905
-0.005861868616193533
-0.005858717020601034
-0.00585557147860527
-0.005852432455867529
-0.00584929995238781
-0.005846174899488688
-0.00584305776283145
-0.005839947611093521
-0.00583684490993619
-0.005833747796714306
-0.005830657202750444
-0.005827569868415594
-0.005824487190693617
-0.005821406375616789
-0.005818326957523823
-0.005815248470753431
-0.005812171380966902
-0.005809095222502947
-0.005806019529700279
-0.005802943836897612
-0.005799867212772369
-0.005796789191663265
-0.005793711636215448
-0.005790633615106344
-0.005787556059658527
-0.005784479435533285
-0.005781404208391905
-0.005778332240879536
-0.005775262601673603
-0.005772195756435394
-0.005769132636487484
-0.005766074173152447
-0.005763019900768995
-0.005759970750659704
-0.005756926722824574
-0.005753887351602316
-0.005750852636992931
-0.005747821647673845
-0.00574479391798377
-0.005741769913583994
-0.005738749168813229
-0.0057357307523489
-0.005732714664191008
-0.00572969950735569
-0.005726685281842947
-0.005723671987652779
-0.005720658227801323
-0.005717645399272442
-0.005714632570743561
-0.00571161974221468
-0.005708606913685799
-0.005705594085156918
-0.005702580790966749
-0.005699568428099155
-0.005696556530892849
-0.005693545565009117
-0.005690535996109247
-0.005687527358531952
-0.005684521049261093
-0.005681515671312809
-0.005678512156009674
-0.005675508640706539
-0.005672506056725979
-0.005669503472745419
-0.005666500888764858
-0.005663496907800436
-0.005660490598529577
-0.005657481495290995
-0.005654469132423401
-0.005651452578604221
-0.005648430902510881
-0.005645404104143381
-0.00564237218350172
-0.005639333743602037
-0.005636288784444332
-0.00563323637470603
-0.005630176980048418
-0.005627111066132784
-0.00562403816729784
-0.005620957817882299
-0.005617869086563587
-0.005614771973341703
-0.005611666012555361
-0.005608549807220697
-0.005605423357337713
-0.005602285731583834
-0.005599136464297771
-0.005595976021140814
-0.005592803470790386
-0.005589618813246489
-0.005586420185863972
-0.00558320851996541
-0.005579983349889517
-0.005576743744313717
-0.005573490168899298
-0.005570222157984972
-0.005566938780248165
-0.00556363957002759
-0.005560324992984533
-0.005556994117796421
-0.005553646478801966
-0.005550281144678593
-0.005546898115426302
-0.005543496459722519
-0.005540073849260807
-0.005536630284041166
-0.005533164367079735
-0.005529674701392651
-0.005526159889996052
-0.005522616673260927
-0.00551904272288084
-0.005515436176210642
-0.005511793307960033
-0.005508109927177429
-0.005504381842911243
-0.005500603932887316
-0.005496770609170198
-0.005492877680808306
-0.005488917231559753
-0.005484883207827806
-0.005480769090354443
-0.005476566031575203
-0.005472267512232065
-0.005467864684760571
-0.005463350564241409
-0.00545871676877141
-0.005453953053802252
-0.005449050571769476
-0.005444000940769911
-0.00543879484757781
-0.00543342437595129
-0.005427881143987179
-0.005422158166766167
-0.005416247993707657
-0.005410144105553627
-0.005403842311352491
-0.005397337954491377
-0.005390627775341272
-0.005383711773902178
-0.005376589950174093
-0.005369264166802168
-0.005361737683415413
-0.005354014225304127
-0.005346101243048906
-0.005338007118552923
-0.005329742096364498
-0.005321318283677101
-0.005312750115990639
-0.005304052028805017
-0.005295242182910442
-0.005286339670419693
-0.005277365446090698
-0.005268340930342674
-0.005259288009256124
-0.005250231362879276
-0.005241194274276495
-0.005232201889157295
-0.005223278421908617
-0.005214446224272251
-0.005205729510635138
-0.005197149235755205
-0.005188727285712957
-0.005180482752621174
-0.00517243379727006
-0.00516459671780467
-0.005156985018402338
-0.005149609874933958
-0.005142481531947851
-0.005135606974363327
-0.005128990858793259
-0.00512263597920537
-0.005116542335599661
-0.005110706202685833
-0.005105122923851013
-0.005099785514175892
-0.005094684660434723
-0.005089808255434036
-0.005085144191980362
-0.005080679431557655
-0.005076398607343435
-0.005072284955531359
-0.005068321712315083
-0.005064491648226976
-0.005060778465121984
-0.005057163536548615
-0.005053630564361811
-0.005050161853432655
-0.005046742502599955
-0.005043355282396078
-0.005039987154304981
-0.00503662321716547
-0.005033250898122787
-0.005029857158660889
-0.005026430822908878
-0.005022960249334574
-0.005019434727728367
-0.005015844479203224
-0.005012180656194687
-0.005008434876799583
-0.005004598759114742
-0.005000665318220854
-0.004996628034859896
-0.004992480855435133
-0.004988220520317554
-0.004983841907233
-0.004979342687875032
-0.004974722396582365
-0.004969979170709848
-0.004965115338563919
-0.004960132762789726
-0.00495503656566143
-0.004949831403791904
-0.004944526124745607
-0.004939130507409573
-0.004933655727654696
-0.004928114823997021
-0.004922523163259029
-0.00491689657792449
-0.00491125276312232
-0.004905611276626587
-0.004899991676211357
-0.004894414450973272
-0.004888899158686399
-0.004883464891463518
-0.004878130741417408
-0.004872914403676987
-0.00486783217638731
-0.004862897098064423
-0.004858119413256645
-0.004853507038205862
-0.004849065095186234
-0.004844794049859047
-0.00484069250524044
-0.004836754407733679
-0.004832970909774303
-0.004829330835491419
-0.004825819283723831
-0.004822418093681335
-0.004819107707589865
-0.004815867636352777
-0.004812676459550858
-0.00480951089411974
-0.00480634905397892
-0.004803169053047895
-0.004799951333552599
-0.004796678200364113
-0.004793333355337381
-0.00478990375995636
-0.004786380100995302
-0.004782756324857473
-0.004779031034559011
-0.004775204695761204
-0.004771281965076923
-0.004767272155731916
-0.004763185512274504
-0.004759036470204592
-0.004754840862005949
-0.00475061871111393
-0.004746390040963888
-0.00474217627197504
-0.004737997893244028
-0.004733877722173929
-0.004729835782200098
-0.004725892096757889
-0.004722065757960081
-0.004718372132629156
-0.004714826121926308
-0.004711440298706293
-0.004708223044872284
-0.00470518134534359
-0.004702319856733084
-0.004699640441685915
-0.004697141703218222
-0.00469482084736228
-0.004692671820521355
-0.004690689966082573
-0.00468886736780405
-0.004687194712460041
-0.004685662686824799
-0.004684260115027428
-0.004682977218180895
-0.004681803286075592
-0.004680727608501911
-0.004679741803556681
-0.004678836558014154
-0.004678002558648586
-0.004677232354879379
-0.004676518961787224
-0.004675855860114098
-0.004675237461924553
-0.004674659576267004
-0.004674118477851152
-0.004673611838370562
-0.00467313639819622
-0.004672691226005554
-0.004672275856137276
-0.004671888425946236
-0.004671529401093721
-0.004671197850257158
-0.004670892376452684
-0.004670612514019012
-0.004670356400310993
-0.004670123104006052
-0.004669909831136465
-0.004669713787734509
-0.004669531248509884
-0.004669357091188431
-0.004669185262173414
-0.004669008310884237
-0.00466881925240159
-0.004668608773499727
-0.004668367560952902
-0.004668085370212793
-0.004667751025408506
-0.004667354747653008
-0.004666884895414114
-0.004666329827159643
-0.004665680695325136
-0.004664926789700985
-0.00466406112536788
-0.004663075320422649
-0.004661965649574995
-0.004660728853195906
-0.004659364465624094
-0.004657873883843422
-0.004656261298805475
-0.004654533695429564
-0.004652700386941433
-0.004650773014873266
-0.00464876601472497
-0.004646695218980312
-0.004644579719752073
-0.004642438143491745
-0.004640290047973394
-0.004638155922293663
-0.004636056255549192
-0.004634011071175337
-0.004632039926946163
-0.004630160052329302
-0.004628386348485947
-0.004626731853932142
-0.004625207278877497
-0.00462381960824132
-0.004622573964297771
-0.004621469881385565
-0.00462050549685955
-0.004619676154106855
-0.004618973471224308
-0.0046183867380023
-0.004617901984602213
-0.004617504309862852
-0.004617176949977875
-0.004616902209818363
-0.004616660997271538
-0.004616433754563332
-0.004616203252226114
-0.004615950398147106
-0.004615658894181252
-0.004615314304828644
-0.004614902660250664
-0.004614410456269979
-0.004613830242305994
-0.004613152705132961
-0.004612373653799295
-0.004611492156982422
-0.004610507749021053
-0.004609423689544201
-0.004608245566487312
-0.00460697989910841
-0.004605637397617102
-0.004604228772222996
-0.004602767527103424
-0.00460126856341958
-0.004599745851010084
-0.004598215688019991
-0.004596692975610495
-0.004595192614942789
-0.004593727644532919
-0.004592311568558216
-0.004590955562889576
-0.004589668475091457
-0.004588458687067032
-0.004587330855429173
-0.004586287774145603
-0.004585329443216324
-0.004584453534334898
-0.004583655390888453
-0.004582928493618965
-0.004582263063639402
-0.004581650719046593
-0.004581078886985779
-0.004580535925924778
-0.004580008331686258
-0.004579482600092888
-0.004578945226967335
-0.004578385502099991
-0.004577790852636099
-0.004577151034027338
-0.004576458595693111
-0.004575708881020546
-0.004574897233396769
-0.004574022255837917
-0.00457308441400528
-0.004572086967527866
-0.004571035504341125
-0.004569935612380505
-0.004568797070533037
-0.004567629192024469
-0.004566443152725697
-0.004565250594168901
-0.004564062226563692
-0.004562889691442251
-0.004561743699014187
-0.004560631699860096
-0.004559561144560575
-0.00455853808671236
-0.004557565785944462
-0.004556645639240742
-0.004555776715278625
-0.004554957617074251
-0.004554184153676033
-0.004553450271487236
-0.004552749916911125
-0.004552074708044529
-0.004551415797322989
-0.004550763871520758
-0.004550110083073378
-0.004549446515738964
-0.004548764787614346
-0.004548058845102787
-0.004547323565930128
-0.00454655522480607
-0.004545750562101603
-0.004544910974800587
-0.004544036462903023
-0.004543130286037922
-0.004542196169495583
-0.00454124016687274
-0.004540267866104841
-0.004539285320788622
-0.004538299515843391
-0.004537316504865885
-0.004536342341452837
-0.004535381216555834
-0.004534437321126461
-0.004533513449132442
-0.00453261099755764
-0.004531729035079479
-0.004530867096036673
-0.004530022386461496
-0.004529190249741077
-0.004528365563601255
-0.004527543671429157
-0.004526717588305473
-0.004525880794972181
-0.004525026772171259
-0.004524149931967258
-0.004523244686424732
-0.004522306844592094
-0.004521331284195185
-0.004520316142588854
-0.004519258625805378
-0.004518159665167332
-0.00451701832935214
-0.004515836015343666
-0.004514615051448345
-0.004513357300311327
-0.004512065090239048
-0.004510740749537945
-0.004509387072175741
-0.004508005455136299
-0.004506596364080906
-0.004505163058638573
-0.004503705073148012
-0.004502221941947937
-0.004500713665038347
-0.004499180242419243
-0.004497619811445475
-0.004496031440794468
-0.004494414199143648
-0.004492767620831728
-0.004491091705858707
-0.004489386919885874
-0.004487653728574514
-0.004485894460231066
-0.004484111443161964
-0.004482309333980083
-0.004480492323637009
-0.0044786655344069
-0.004476835951209068
-0.004475008696317673
-0.004473190754652023
-0.00447138911113143
-0.004469610285013914
-0.004467859398573637
-0.004466144368052483
-0.004464470781385899
-0.004462842829525471
-0.004461264237761497
-0.004459738731384277
-0.004458267707377672
-0.004456852562725544
-0.00445549376308918
-0.00445419130846858
-0.00445294426754117
-0.004451752174645662
-0.004450612235814333
-0.004449522122740746
-0.004448479507118464
-0.004447481594979763
-0.004446523264050484
-0.004445600789040327
-0.004444710444658995
-0.004443846177309752
-0.00444300239905715
-0.004442172590643167
-0.00444134883582592
-0.004440523684024811
-0.004439687822014093
-0.004438832402229309
-0.004437947645783424
-0.00443702470511198
-0.004436053335666656
-0.004435023758560419
-0.004433926194906235
-0.004432752728462219
-0.004431494511663914
-0.004430143162608147
-0.00442869309335947
-0.00442713825032115
-0.004425474442541599
-0.004423699341714382
-0.004421810619533062
-0.004419808741658926
-0.004417694639414549
-0.004415471572428942
-0.004413141869008541
-0.004410710651427507
-0.004408183507621288
-0.004405567422509193
-0.00440286984667182
-0.004400097765028477
-0.004397259093821049
-0.004394360817968845
-0.004391410388052464
-0.004388414788991213
-0.004385381937026978
-0.004382316488772631
-0.004379224963486195
-0.004376112017780542
-0.004372982308268547
-0.00436983909457922
-0.004366685636341572
-0.004363523330539465
-0.004360354039818048
-0.004357179161161184
-0.004354000557214022
-0.004350816365331411
-0.004347627051174641
-0.004344432149082422
-0.004341228865087032
-0.004338016733527184
-0.004334794357419014
-0.004331560805439949
-0.004328314680606127
-0.004325054585933685
-0.00432177959010005
-0.004318490158766508
-0.004315187223255634
-0.004311872646212578
-0.004308547358959913
-0.004305215552449226
-0.004301880486309528
-0.00429854728281498
-0.004295221995562315
-0.004291910212486982
-0.004288618452847004
-0.004285354167222977
-0.00428212434053421
-0.004278936889022589
-0.004275798331946135
-0.004272714257240295
-0.004269690718501806
-0.004266731906682253
-0.004263841547071934
-0.004261021502315998
-0.004258272238075733
-0.004255592823028564
-0.004252979997545481
-0.004250430036336184
-0.004247936420142651
-0.004245493095368147
-0.004243089351803064
-0.004240716807544231
-0.004238362889736891
-0.004236017819494009
-0.004233669023960829
-0.004231305327266455
-0.004228914156556129
-0.004226484335958958
-0.004224006086587906
-0.004221469163894653
-0.004218865185976028
-0.004216186702251434
-0.004213428590446711
-0.004210587590932846
-0.004207659978419542
-0.004204645287245512
-0.004201545845717192
-0.004198362119495869
-0.004195099230855703
-0.004191761370748281
-0.004188354592770338
-0.004184885416179895
-0.004181361757218838
-0.004177790600806475
-0.004174179397523403
-0.004170534666627645
-0.004166862927377224
-0.004163169767707586
-0.00415946077555418
-0.004155738744884729
-0.004152005538344383
-0.004148261155933142
-0.00414450466632843
-0.004140733275562525
-0.004136943258345127
-0.004133129026740789
-0.004129284527152777
-0.004125403240323067
-0.004121475387364626
-0.004117493983358145
-0.00411344924941659
-0.004109332337975502
-0.004105135332792997
-0.004100850317627192
-0.0040964693762362
-0.004091986920684576
-0.004087397363036871
-0.004082696046680212
-0.00407788110896945
-0.004072950687259436
-0.004067905712872744
-0.004062747117131948
-0.004057477228343487
-0.004052101634442806
-0.004046624526381493
-0.004041053354740143
-0.004035394638776779
-0.004029657226055861
-0.004023849498480558
-0.004017980769276619
-0.004012060351669788
-0.004006098490208387
-0.004000104032456875
-0.003994088154286146
-0.003988061100244522
-0.003982031717896461
-0.003976009786128998
-0.003970004618167877
-0.003964024595916271
-0.003958078566938639
-0.003952175378799438
-0.003946322947740555
-0.00394052779302001
-0.003934795968234539
-0.00392913306131959
-0.003923544194549322
-0.003918034490197897
-0.003912607207894325
-0.003907265141606331
-0.003902009222656488
-0.003896841779351234
-0.003891762811690569
-0.003886771621182561
-0.003881867043673992
-0.003877046052366495
-0.003872304456308484
-0.003867638297379017
-0.003863041754812002
-0.003858508775010705
-0.003854031907394528
-0.003849602770060301
-0.003845212981104851
-0.003840853692963719
-0.00383651559241116
-0.003832188900560141
-0.00382786407135427
-0.003823531791567802
-0.003819182747974992
-0.003814808093011379
-0.003810399910435081
-0.003805950749665499
-0.003801454324275255
-0.003796905279159546
-0.003792299190536141
-0.003787633497267962
-0.003782904939725995
-0.003778113052248955
-0.003773257602006197
-0.003768340451642871
-0.003763363230973482
-0.003758328966796398
-0.003753242082893848
-0.003748107934370637
-0.003742932109162211
-0.00373772019520402
-0.003732479643076658
-0.003727217437699437
-0.003721941262483597
-0.003716658568009734
-0.003711376804858446
-0.003706102957949042
-0.003700844710692763
-0.003695608349516988
-0.003690399928018451
-0.003685225499793887
-0.003680089488625526
-0.003674996551126242
-0.003669949481263757
-0.003664950607344508
-0.003660001559183002
-0.003655103035271168
-0.003650255035609007
-0.003645455231890082
-0.003640701994299889
-0.003635991364717484
-0.003631319152191281
-0.003626679768785834
-0.003622067393735051
-0.003617475740611553
-0.003612897591665387
-0.003608326194807887
-0.003603754797950387
-0.003599176881834865
-0.003594586160033941
-0.003589977277442813
-0.003585346043109894
-0.003580688266083598
-0.003576001385226846
-0.003571284003555775
-0.003566535888239741
-0.003561756806448102
-0.003556949086487293
-0.003552115289494395
-0.003547259140759706
-0.003542384365573525
-0.003537496086210012
-0.003532598959282041
-0.003527698805555701
-0.003522800747305155
-0.003517909906804562
-0.003513031639158726
-0.003508168738335371
-0.003503324929624796
-0.003498502541333437
-0.003493703436106443
-0.003488928079605103
-0.003484176704660058
-0.003479448147118092
-0.003474741242825985
-0.003470053197816014
-0.003465381218120456
-0.003460722276940942
-0.003456071950495243
-0.003451427444815636
-0.00344678433611989
-0.003442139597609639
-0.003437490202486515
-0.003432834055274725
-0.003428169758990407
-0.003423496382310987
-0.003418813925236464
-0.003414123086258769
-0.003409425262361765
-0.0034047223161906
-0.003400016808882356
-0.003395311301574111
-0.003390608821064234
-0.003385912394151092
-0.003381225047633052
-0.003376549342647195
-0.003371887374669313
-0.0033672412391752
-0.003362612100318074
-0.003358000423759222
-0.003353405278176069
-0.003348825965076685
-0.003344260854646564
-0.003339708084240556
-0.003335165092721581
-0.003330628853291273
-0.003326096804812551
-0.003321566618978977
-0.003317035501822829
-0.003312501823529601
-0.0033079634886235
-0.003303419798612595
-0.003298870287835598
-0.003294315421953797
-0.003289755899459124
-0.003285194281488657
-0.003280632896348834
-0.003276074770838022
-0.00327152363024652
-0.00326698343269527
-0.0032624586019665
-0.003257952863350511
-0.003253471106290817
-0.003249016590416431
-0.003244593273848295
-0.00324020441621542
-0.003235852112993598
-0.003231538459658623
-0.003227263921871781
-0.003223029430955648
-0.003218834521248937
-0.003214678494259715
-0.003210560185834765
-0.003206478431820869
-0.003202430903911591
-0.003198416437953711
-0.003194432938471437
-0.003190479939803481
-0.003186556743457913
-0.00318266311660409
-0.003178799757733941
-0.003174967831000686
-0.003171169199049473
-0.003167407121509314
-0.003163685323670506
-0.003160007996484637
-0.003156379098072648
-0.003152803983539343
-0.003149288007989526
-0.003145836060866714
-0.003142452333122492
-0.003139141947031021
-0.003135907929390669
-0.003132754005491734
-0.003129682270810008
-0.003126694355159998
-0.003123790724202991
-0.003120971377938986
-0.003118234686553478
-0.003115578787401319
-0.003113000886514783
-0.003110497258603573
-0.00310806417837739
-0.003105697687715292
-0.003103393130004406
-0.003101145848631859
-0.003098950954154134
-0.003096804022789001
-0.003094700863584876
-0.003092637052759528
-0.003090609330683947
-0.003088613506406546
-0.003086646553128958
-0.003084705444052815
-0.003082787385210395
-0.003080888884142041
-0.003079007379710674
-0.003077139845117927
-0.003075283253565431
-0.003073434112593532
-0.003071588929742575
-0.003069743514060974
-0.003067893674597144
-0.003066035220399499
-0.003064162796363235
-0.003062271047383547
-0.003060355549678206
-0.003058410715311766
-0.003056431887671351
-0.00305441371165216
-0.003052352461963892
-0.003050244180485606
-0.003048086073249578
-0.003045875579118729
-0.003043611301109195
-0.003041292540729046
-0.003038919530808926
-0.003036494599655271
-0.003034019842743874
-0.003031498286873102
-0.003028934122994542
-0.003026332473382354
-0.003023698693141341
-0.003021038137376308
-0.00301835685968399
-0.003015661146491766
-0.00301295705139637
-0.003010251559317112
-0.003007550956681371
-0.003004860365763307
-0.003002185374498367
-0.002999531105160713
-0.002996901981532574
-0.002994301961734891
-0.00299173453822732
-0.002989202039316297
-0.002986706560477614
-0.002984250197187066
-0.002981833182275295
-0.002979455981403589
-0.002977118361741304
-0.002974819391965866
-0.0029725581407547
-0.0029703329782933
-0.002968141110613942
-0.002965979743748903
-0.002963846549391747
-0.002961738267913461
-0.002959651174023747
-0.002957581076771021
-0.002955524483695626
-0.00295347673818469
-0.002951433416455984
-0.002949390327557921
-0.002947343047708273
-0.002945287153124809
-0.002943218685686588
-0.002941134385764599
-0.002939030528068542
-0.002936903852969408
-0.002934752963483334
-0.002932575764134526
-0.002930371090769768
-0.002928138477727771
-0.002925878157839179
-0.002923591295257211
-0.002921279519796371
-0.002918945159763098
-0.002916591474786401
-0.002914221491664648
-0.002911839168518782
-0.002909448929131031
-0.002907055197283626
-0.002904662396758795
-0.002902274485677481
-0.002899895654991269
-0.002897529629990458
-0.002895180135965347
-0.002892849966883659
-0.002890541683882475
-0.002888257382437587
-0.002885998226702213
-0.002883765147998929
-0.00288155791349709
-0.002879375824704766
-0.002877217950299382
-0.002875082660466433
-0.002872967859730124
-0.002870870288461447
-0.002868787618353963
-0.002866715891286731
-0.002864651847630739
-0.002862591994926333
-0.002860533306375146
-0.002858472988009453
-0.002856407081708312
-0.002854333724826574
-0.002852250123396516
-0.002850154414772987
-0.002848045900464058
-0.002845922717824578
-0.002843784866854548
-0.002841632347553968
-0.0028394665569067
-0.002837287494912744
-0.002835096558555961
-0.002832896076142788
-0.002830687910318375
-0.002828474389389157
-0.002826258074492216
-0.002824041992425919
-0.002821828238666058
-0.002819619607180357
-0.002817418891936541
-0.002815227722749114
-0.00281304819509387
-0.002810881938785315
-0.002808729885146022
-0.00280659319832921
-0.002804472576826811
-0.002802366856485605
-0.002800275338813663
-0.002798197325319052
-0.002796131651848555
-0.002794076455757022
-0.002792029408738017
-0.002789988880977035
-0.002787952544167638
-0.002785918768495321
-0.002783885225653648
-0.00278185005299747
-0.002779812319204211
-0.002777769695967436
-0.002775721251964569
-0.00277366628870368
-0.002771604107692838
-0.002769535174593329
-0.002767459489405155
-0.002765377284958959
-0.002763289725407958
-0.002761197276413441
-0.002759101334959269
-0.002757003530859947
-0.002754905261099339
-0.002752808388322592
-0.002750714542344213
-0.002748625818639994
-0.002746542450040579
-0.002744466299191117
-0.002742398297414184
-0.002740339143201709
-0.002738288836553693
-0.002736247843131423
-0.002734216162934899
-0.002732192864641547
-0.002730177249759436
-0.002728168619796634
-0.002726165577769279
-0.002724167658016086
-0.002722173230722547
-0.002720181131735444
-0.002718190662562847
-0.002716200426220894
-0.002714209724217653
-0.002712217392399907
-0.002710223430767655
-0.002708227140828967
-0.002706228289753199
-0.002704227110370994
-0.002702223137021065
-0.002700217068195343
-0.002698208903893828
-0.002696199808269739
-0.002694190479815006
-0.002692181617021561
-0.002690174384042621
-0.002688169479370117
-0.002686167834326625
-0.002684170147404075
-0.002682176884263754
-0.002680188743397593
-0.002678206423297524
-0.002676229691132903
-0.002674259012565017
-0.002672294387593865
-0.002670335117727518
-0.002668381202965975
-0.002666431711986661
-0.002664486411958933
-0.002662544138729572
-0.002660604892298579
-0.002658667508512735
-0.002656731521710753
-0.002654796000570059
-0.002652860479429364
-0.002650924492627382
-0.002648988040164113
-0.002647050190716982
-0.002645111875608563
-0.00264317262917757
-0.00264123291708529
-0.002639292739331722
-0.002637353027239442
-0.002635414246469736
-0.002633476862683892
-0.002631541807204485
-0.002629608847200871
-0.00262767868116498
-0.002625752473250031
-0.002623829990625381
-0.002621911466121674
-0.002619996899738908
-0.002618086524307728
-0.002616180572658777
-0.002614278811961412
-0.002612380543723702
-0.002610485535115004
-0.002608593320474029
-0.002606703201308846
-0.002604815177619457
-0.002602929016575217
-0.002601044252514839
-0.002599160885438323
-0.002597277984023094
-0.002595396246761084
-0.002593515440821648
-0.002591635333374143
-0.002589756157249212
-0.002587877912446856
-0.002586000366136432
-0.002584123983979225
-0.002582248765975237
-0.002580375177785754
-0.002578503917902708
-0.002576634753495455
-0.002574767917394638
-0.002572903642430902
-0.002571041695773602
-0.002569182543084025
-0.002567325951531529
-0.00256547168828547
-0.002563620219007134
-0.002561771078035235
-0.002559924265369773
-0.002558079781010747
-0.00255623715929687
-0.002554396400228143
-0.002552557503804564
-0.002550720470026135
-0.002548884833231568
-0.002547050826251507
-0.002545218216255307
-0.00254338700324297
-0.002541557652875781
-0.002539730165153742
-0.002537903841584921
-0.00253608007915318
-0.002534258179366589
-0.00253243837505579
-0.002530620666220784
-0.002528804820030928
-0.002526991302147508
-0.002525179879739881
-0.00252337078563869
-0.002521564019843936
-0.002519759349524975
-0.002517956774681807
-0.002516156062483788
-0.002514356980100274
-0.002512560226023197
-0.002510764868929982
-0.00250897160731256
-0.002507180674001575
-0.002505391137674451
-0.002503603231161833
-0.00250181695446372
-0.002500032307580113
-0.002498249290511012
-0.00249646813608706
-0.002494688611477613
-0.002492910716682673
-0.002491134684532881
-0.002489360515028238
-0.002487588208168745
-0.002485817763954401
-0.002484049182385206
-0.002482282463461161
-0.002480517840012908
-0.002478755312040448
-0.002476994879543781
-0.002475236542522907
-0.002473479602485895
-0.002471724525094032
-0.002469971310347319
-0.002468219492584467
-0.002466469071805477
-0.002464720513671637
-0.002462973352521658
-0.002461227821186185
-0.002459483686834574
-0.002457741880789399
-0.002456001238897443
-0.002454262692481279
-0.002452526008710265
-0.0024507911875844
-0.002449057996273041
-0.002447326434776187
-0.002445596503093839
-0.00244386843405664
-0.00244214222766459
-0.002440417883917689
-0.002438695635646582
-0.002436975250020623
-0.00243525649420917
-0.002433540066704154
-0.002431825269013643
-0.002430112101137638
-0.002428400795906782
-0.002426691120490432
-0.002424983307719231
-0.002423276891931891
-0.002421571873128414
-0.00241986894980073
-0.002418167889118195
-0.002416468923911452
-0.002414772054180503
-0.002413077047094703
-0.002411384135484695
-0.002409693552181125
-0.00240800459869206
-0.002406317507848144
-0.002404632046818733
-0.002402947749942541
-0.002401265082880855
-0.002399583579972386
-0.002397903008386493
-0.002396223833784461
-0.002394546288996935
-0.002392869675531983
-0.002391194691881537
-0.002389521105214953
-0.002387849148362875
-0.002386179054155946
-0.002384510589763522
-0.002382843988016248
-0.00238117971457541
-0.002379517769441009
-0.0023778579197824
-0.002376200165599585
-0.002374544274061918
-0.002372890245169401
-0.002371238078922033
-0.002369587775319815
-0.002367939101532102
-0.002366291824728251
-0.002364645944908261
-0.00236300122924149
-0.002361357444897294
-0.002359715290367603
-0.002358074299991131
-0.00235643470659852
-0.002354796510189772
-0.002353159943595529
-0.002351524773985147
-0.002349891699850559
-0.002348260255530477
-0.002346630441024899
-0.002345002489164472
-0.002343376167118549
-0.002341751707717776
-0.002340128878131509
-0.002338508144021034
-0.002336889039725065
-0.002335271332412958
-0.002333655487746
-0.002332041505724192
-0.002330428687855601
-0.00232881773263216
-0.002327208407223225
-0.002325600944459438
-0.002323995344340801
-0.002322391839697957
-0.002320789732038975
-0.002319189719855785
-0.002317591337487102
-0.002315994119271636
-0.002314398065209389
-0.002312803640961647
-0.002311210613697767
-0.002309618983417749
-0.00230802851729095
-0.002306439680978656
-0.002304851775988936
-0.002303265035152435
-0.002301679458469152
-0.002300095278769732
-0.002298512728884816
-0.002296931575983763
-0.002295352285727859
-0.002293775090947747
-0.002292199525982141
-0.002290625590831041
-0.00228905351832509
-0.002287483075633645
-0.002285914262756705
-0.002284347312524915
-0.002282782224938273
-0.002281218767166138
-0.002279656706377864
-0.002278096042573452
-0.002276536775752902
-0.002274978905916214
-0.002273422200232744
-0.002271866425871849
-0.002270312048494816
-0.002268759068101645
-0.002267207484692335
-0.002265657298266888
-0.002264108275994658
-0.002262560650706291
-0.002261014888063073
-0.002259470988065004
-0.002257928717881441
-0.002256388077512383
-0.002254848834127188
-0.002253310987725854
-0.002251774538308382
-0.002250239951536059
-0.002248706761747599
-0.002247175434604287
-0.002245645271614194
-0.00224411697126925
-0.002242589835077524
-0.002241064794361591
-0.002239541616290808
-0.00223802006803453
-0.002236500382423401
-0.002234982559457421
-0.00223346590064466
-0.002231950871646404
-0.002230437472462654
-0.002228925935924053
-0.002227416029199958
-0.002225907752290368
-0.00222440087236464
-0.002222895622253418
-0.002221391536295414
-0.002219888847321272
-0.002218387089669704
-0.002216886729001999
-0.002215387998148799
-0.002213890431448817
-0.00221239379607141
-0.002210898790508509
-0.002209405181929469
-0.002207912504673004
-0.002206421224400401
-0.002204931108281016
-0.002203441923484206
-0.002201954601332545
-0.002200468210503459
-0.002198982750996947
-0.002197498688474298
-0.00219601602293551
-0.002194534288719296
-0.002193053718656301
-0.002191574312746525
-0.002190095838159323
-0.002188619459047914
-0.002187144244089723
-0.002185670658946037
-0.002184198936447501
-0.002182728843763471
-0.002181260148063302
-0.002179793547838926
-0.0021783288102597
-0.002176865469664335
-0.002175403758883476
-0.002173943445086479
-0.002172484761103988
-0.002171027474105358
-0.002169571351259947
-0.002168116858229041
-0.002166664227843285
-0.002165212528780103
-0.002163761761039495
-0.002162312157452106
-0.002160863718017936
-0.002159416442736983
-0.002157970098778605
-0.00215652515180409
-0.002155081834644079
-0.002153639681637287
-0.002152199158445001
-0.00215076026506722
-0.002149323234334588
-0.002147887833416462
-0.002146454295143485
-0.00214502215385437
-0.002143591409549117
-0.002142162527889013
-0.002140734577551484
-0.002139308257028461
-0.002137883333489299
-0.002136459341272712
-0.002135036047548056
-0.002133613685145974
-0.002132192719727755
-0.002130772918462753
-0.002129354048520327
-0.002127936342731118
-0.002126520033925772
-0.002125104656443
-0.002123690443113446
-0.002122277626767755
-0.002120865974575281
-0.002119455952197313
-0.002118047792464495
-0.002116641262546182
-0.002115236362442374
-0.002113832393661141
-0.002112430287525058
-0.002111029345542192
-0.002109629567712545
-0.002108231419697404
-0.002106834668666124
-0.002105439314618707
-0.002104045357555151
-0.002102652797475457
-0.002101260703057051
-0.002099870005622506
-0.002098480705171824
-0.002097092103213072
-0.002095704898238182
-0.002094318857416511
-0.002092933980748057
-0.002091550501063466
-0.00209016865119338
-0.002088788198307157
-0.002087409142404795
-0.002086031716316938
-0.002084655920043588
-0.002083281520754099
-0.002081908518448472
-0.002080536913126707
-0.00207916647195816
-0.002077797194942832
-0.002076429314911366
-0.002075062831863761
-0.002073697512969375
-0.002072332892566919
-0.002070968970656395
-0.002069605980068445
-0.00206824392080307
-0.00206688279286027
-0.002065522829070687
-0.002064164262264967
-0.002062806626781821
-0.00206144992262125
-0.002060094615444541
-0.00205874047242105
-0.002057387726381421
-0.002056036610156298
-0.002054686890915036
-0.002053338568657637
-0.002051991643384099
-0.002050646115094423
-0.00204930198378861
-0.002047959249466658
-0.002046617912128568
-0.002045278204604983
-0.002043940359726548
-0.002042603446170688
-0.002041267463937402
-0.002039932878687978
-0.002038599457591772
-0.002037266967818141
-0.002035935875028372
-0.002034605713561177
-0.002033276949077845
-0.00203194934874773
-0.002030623145401478
-0.002029298339039087
-0.002027974696829915
-0.002026652451604605
-0.002025331370532513
-0.002024011220782995
-0.002022692235186696
-0.002021374646574259
-0.00202005822211504
-0.002018742728978395
-0.002017428632825613
-0.002016115933656693
-0.002014803932979703
-0.002013492863625288
-0.002012182958424091
-0.002010873984545469
-0.002009565941989422
-0.002008258830755949
-0.002006952883675694
-0.002005647867918015
-0.002004343783482909
-0.002003041096031666
-0.002001739339902997
-0.002000438747927547
-0.001999139552935958
-0.001997841987758875
-0.00199654558673501
-0.001995250349864364
-0.001993956509977579
-0.001992663834244013
-0.001991372788324952
-0.001990082440897822
-0.001988793723285198
-0.001987506402656436
-0.001986220711842179
-0.001984936418011785
-0.001983653055503964
-0.001982370857149363
-0.001981090055778623
-0.001979810418561101
-0.001978531945496798
-0.001977254869416356
-0.001975978957489133
-0.001974703976884484
-0.001973430160433054
-0.001972157508134842
-0.001970886019989848
-0.001969614997506142
-0.001968345139175653
-0.001967075979337096
-0.001965807750821114
-0.001964540220797062
-0.001963273389264941
-0.001962007721886039
-0.001960742985829711
-0.001959479413926601
-0.001958217239007354
-0.001956956228241324
-0.001955696381628513
-0.001954437931999564
-0.001953181112185121
-0.001951925922185183
-0.001950672012753785
-0.001949419500306249
-0.001948168152011931
-0.001946918084286153
-0.001945669180713594
-0.001944421208463609
-0.001943174167536199
-0.001941928057931364
-0.001940682996064425
-0.00193943886552006
-0.001938195549882948
-0.001936953398399055
-0.001935712294653058
-0.001934472238644958
-0.001933233230374753
-0.001931995386257768
-0.001930758706294
-0.001929523306898773
-0.001928288955241442
-0.001927055651322007
-0.001925823395140469
-0.001924592186696827
-0.001923362375237048
-0.001922133495099843
-0.001920905662700534
-0.001919678878039122
-0.001918453141115606
-0.001917228568345308
-0.001916005043312907
-0.001914782915264368
-0.001913561951369047
-0.001912342035211623
-0.001911123399622738
-0.001909905928187072
-0.001908689737319946
-0.001907474710606039
-0.001906260848045349
-0.001905048033222556
-0.001903836149722338
-0.001902625197544694
-0.001901415176689625
-0.001900206203572452
-0.001898998161777854
-0.001897790702059865
-0.001896584173664451
-0.001895378460176289
-0.001894173678010702
-0.001892970059998333
-0.001891767373308539
-0.001890565734356642
-0.001889365375973284
-0.00188816583249718
-0.001886967220343649
-0.001885769888758659
-0.001884573604911566
-0.001883378252387047
-0.001882183598354459
-0.001880989759229124
-0.001879796735011041
-0.001878604525700212
-0.001877413364127278
-0.00187622313387692
-0.001875034184195101
-0.001873846631497145
-0.001872660242952406
-0.00187147525139153
-0.001870291656814516
-0.001869109575636685
-0.001867929240688682
-0.001866750419139862
-0.001865573110990226
-0.001864397083409131
-0.001863222103565931
-0.00186204828787595
-0.001860875403508544
-0.001859703217633069
-0.001858531730249524
-0.001857361057773232
-0.001856191200204194
-0.001855021924711764
-0.001853853347711265
-0.001852685352787375
-0.001851518172770739
-0.001850352040491998
-0.001849186955951154
-0.001848022919148207
-0.001846860162913799
-0.001845698454417288
-0.001844538026489317
-0.001843378529883921
-0.001842220197431743
-0.001841063145548105
-0.001839907257817686
-0.001838752417825162
-0.001837598741985857
-0.001836445881053805
-0.00183529406785965
-0.001834143069572747
-0.001832993235439062
-0.001831843983381987
-0.001830695546232164
-0.00182954769115895
-0.001828400767408311
-0.001827254542149603
-0.00182610924821347
-0.001824964769184589
-0.001823821105062962
-0.001822678372263908
-0.001821536687202752
-0.001820396049879491
-0.001819256460294127
-0.001818117802031338
-0.001816980191506445
-0.001815843861550093
-0.001814708462916315
-0.001813574461266398
-0.001812441390939057
-0.001811309484764934
-0.001810178742744029
-0.001809048815630376
-0.001807919819839299
-0.001806791522540152
-0.00180566415656358
-0.001804537605494261
-0.001803411869332194
-0.001802287064492702
-0.001801163307391107
-0.001800040830858052
-0.001798919285647571
-0.001797798904590309
-0.001796679454855621
-0.001795561285689473
-0.001794444397091866
-0.001793328556232154
-0.00179221376311034
-0.0017910999013111
-0.001789986970834434
-0.001788874971680343
-0.001787763903848827
-0.001786653650924563
-0.001785544096492231
-0.001784435240551829
-0.001783326966688037
-0.001782219507731497
-0.00178111286368221
-0.001780006801709533
-0.001778901787474751
-0.001777797704562545
-0.001776694785803556
-0.001775593031197786
-0.001774492673575878
-0.001773393480107188
-0.00177229568362236
-0.001771199051290751
-0.001770103699527681
-0.001769009395502508
-0.001767915906384587
-0.001766823348589242
-0.00176573172211647
-0.001764640910550952
-0.001763551030308008
-0.001762461964972317
-0.001761373598128557
-0.001760285929776728
-0.001759199192747474
-0.001758113270625472
-0.001757028279826045
-0.001755944220349193
-0.001754860626533628
-0.001753777964040637
-0.001752696000039577
-0.001751614734530449
-0.001750534051097929
-0.001749454415403306
-0.001748375478200614
-0.001747297123074532
-0.001746219699271023
-0.001745142973959446
-0.001744067063555121
-0.00174299196805805
-0.001741917803883553
-0.001740844803862274
-0.001739772967994213
-0.001738702296279371
-0.001737632672302425
-0.001736564096063375
-0.001735496218316257
-0.001734429621137679
-0.00173336430452764
-0.001732300035655499
-0.001731237047351897
-0.001730175223201513
-0.001729114912450314
-0.001728055416606367
-0.001726997084915638
-0.001725939684547484
-0.001724883099086583
-0.001723827444948256
-0.001722772372886539
-0.001721717999316752
-0.001720664324238896
-0.00171961123123765
-0.001718558487482369
-0.001717506675049663
-0.001716455328278244
-0.001715404563583434
-0.001714354380965233
-0.001713304896838963
-0.001712256344035268
-0.001711208606138825
-0.001710161566734314
-0.001709115458652377
-0.001708070281893015
-0.001707026152871549
-0.001705983188003302
-0.001704941503703594
-0.00170390063431114
-0.001702860929071903
-0.001701822271570563
-0.001700784545391798
-0.001699747401289642
-0.001698711072094738
-0.001697675324976444
-0.001696640392765403
-0.001695606159046292
-0.001694572973065078
-0.001693540601991117
-0.001692509045824409
-0.001691478653810918
-0.001690449076704681
-0.001689420430921018
-0.001688392483629286
-0.001687365584075451
-0.001686339499428868
-0.001685314462520182
-0.001684290473349392
-0.001683267531916499
-0.00168224552180618
-0.001681224210187793
-0.001680203480646014
-0.001679183449596167
-0.001678164349868894
-0.00167714583221823
-0.001676127780228853
-0.001675110543146729
-0.001674094004556537
-0.001673078164458275
-0.001672063139267266
-0.00167104892898351
-0.001670035650022328
-0.001669023418799043
-0.001668012351728976
-0.001667002332396805
-0.001665993244387209
-0.00166498520411551
-0.001663978444412351
-0.00166297284886241
-0.001661968068219721
-0.001660964102484286
-0.001659961300902069
-0.001658959197811782
-0.001657957560382783
-0.001656956621445715
-0.001655956148169935
-0.00165495602414012
-0.001653956132940948
-0.001652957056649029
-0.001651958446018398
-0.001650960301049054
-0.001649963087402284
-0.001648966339416802
-0.001647970289923251
-0.001646975288167596
-0.001645981101319194
-0.00164498807862401
-0.001643995870836079
-0.001643004827201366
-0.00164201483130455
-0.001641025766730309
-0.001640038215555251
-0.001639051362872124
-0.001638065674342215
-0.001637081149965525
-0.001636097556911409
-0.00163511501159519
-0.001634133397601545
-0.001633152482099831
-0.00163217238150537
-0.001631192862987518
-0.001630214275792241
-0.001629236037842929
-0.001628258381970227
-0.001627281424589455
-0.001626305165700614
-0.001625329488888383
-0.001624354510568082
-0.001623380114324391
-0.001622406300157309
-0.001621433417312801
-0.00162046100012958
-0.001619489397853613
-0.001618518377654254
-0.001617548405192792
-0.001616579364053905
-0.001615611021406949
-0.001614643610082567
-0.001613677246496081
-0.001612711930647492
-0.001611747778952122
-0.001610784791409969
-0.001609822735190392
-0.001608861610293388
-0.001607901533134282
-0.00160694238729775
-0.00160598405636847
-0.0016050263075158
-0.001604069373570383
-0.001603113021701574
-0.001602157019078732
-0.001601201482117176
-0.001600246643647552
-0.001599292503669858
-0.001598338829353452
-0.001597385620698333
-0.001596432994119823
-0.001595481182448566
-0.00159453006926924
-0.001593579654581845
-0.001592629938386381
-0.001591680804267526
-0.001590732485055923
-0.001589784980751574
-0.001588838174939156
-0.001587892067618668
-0.001586946658790112
-0.001586001948453486
-0.001585058053024113
-0.001584114856086671
-0.00158317235764116
-0.001582230790518224
-0.001581290038302541
-0.001580349984578788
-0.001579410629346967
-0.001578472321853042
-0.001577534945681691
-0.001576598966494203
-0.001575663918629289
-0.001574729918502271
-0.001573796849697828
-0.001572864479385316
-0.001571932923980057
-0.001571002183482051
-0.001570071908645332
-0.001569142332300544
-0.001568213338032365
-0.001567284809425473
-0.001566356862895191
-0.001565429382026196
-0.001564502599649131
-0.001563576748594642
-0.001562651828862727
-0.001561727724038064
-0.001560804550535977
-0.001559882424771786
-0.001558961113914847
-0.001558040734380484
-0.001557121169753373
-0.001556202303618193
-0.001555284135974944
-0.001554366433992982
-0.001553449546918273
-0.001552532892674208
-0.001551616820506752
-0.001550700981169939
-0.001549785491079092
-0.001548870466649532
-0.00154795590788126
-0.001547041814774275
-0.001546128420159221
-0.001545215724036098
-0.001544303959235549
-0.001543393125757575
-0.001542483456432819
-0.001541575067676604
-0.001540667726658285
-0.001539761200547218
-0.001538855722174048
-0.001537950825877488
-0.00153704674448818
-0.001536143361590803
-0.001535240677185357
-0.00153433857485652
-0.001533437171019614
-0.001532536000013351
-0.00153163552749902
-0.001530735637061298
-0.001529836445115507
-0.001528937835246325
-0.001528039807453752
-0.00152714247815311
-0.00152624596375972
-0.001525350147858262
-0.001524455146864057
-0.001523560844361782
-0.00152266735676676
-0.001521774916909635
-0.001520883408375084
-0.00151999294757843
-0.001519103418104351
-0.001518214703537524
-0.001517327153123915
-0.001516440534032881
-0.001515554846264422
-0.001514669856987894
-0.001513785566203296
-0.001512901624664664
-0.001512018381617963
-0.00151113560423255
-0.001510253176093102
-0.001509371097199619
-0.001508489600382745
-0.001507608336396515
-0.001506727770902216
-0.001505847554653883
-0.001504967920482159
-0.0015040886355564
-0.001503209816291928
-0.001502331695519388
-0.001501454273238778
-0.001500577549450099
-0.001499701640568674
-0.001498826779425144
-0.001497952849604189
-0.001497079734690487
-0.00149620755109936
-0.001495336182415485
-0.001494465745054185
-0.001493595773354173
-0.001492726500146091
-0.001491857576183975
-0.001490989117883146
-0.00149012147448957
-0.001489254296757281
-0.001488387817516923
-0.001487521920353174
-0.001486656721681356
-0.001485792105086148
-0.001484928419813514
-0.001484065549448133
-0.001483203493990004
-0.001482342253439128
-0.001481481944210827
-0.001480622217059135
-0.001479763421230018
-0.001478905556723475
-0.001478048507124186
-0.001477192272432148
-0.00147633661981672
-0.001475481665693223
-0.001474627060815692
-0.001473773154430091
-0.001472919946536422
-0.001472067087888718
-0.001471214694902301
-0.001470362651161849
-0.001469510840252042
-0.001468659495003521
-0.001467808615416288
-0.001466958434320986
-0.001466108835302293
-0.001465259934775531
-0.001464411849156022
-0.0014635642291978
-0.001462717540562153
-0.001461871666833758
-0.001461026608012617
-0.001460182596929371
-0.001459339400753379
-0.001458497019484639
-0.001457655220292509
-0.001456814236007631
-0.00145597371738404
-0.001455133780837059
-0.001454294309951365
-0.001453455537557602
-0.001452617230825126
-0.001451779622584581
-0.001450942596420646
-0.001450106035917997
-0.001449270523153245
-0.001448435592465103
-0.001447601476684213
-0.001446768175810575
-0.001445935340598226
-0.001445103320293128
-0.001444272114895284
-0.001443441375158727
-0.001442610984668136
-0.001441781059838831
-0.001440951484255493
-0.001440122607164085
-0.001439294195733964
-0.001438466133549809
-0.001437638886272907
-0.001436812104657292
-0.00143598613794893
-0.001435160986147821
-0.001434336532838643
-0.001433512894436717
-0.001432690187357366
-0.001431868528015912
-0.00143104768358171
-0.001430227770470083
-0.00142940878868103
-0.001428590621799231
-0.001427772920578718
-0.001426955917850137
-0.001426139497198164
-0.001425323658622801
-0.001424508402124047
-0.001423693611286581
-0.001422879053279757
-0.001422064960934222
-0.001421251450665295
-0.001420438638888299
-0.001419626292772591
-0.00141881441231817
-0.001418002997525036
-0.001417191815562546
-0.001416381332091987
-0.001415571430698037
-0.001414762111380696
-0.001413953490555286
-0.001413145335391164
-0.001412337995134294
-0.001411531353369355
-0.001410725177265704
-0.001409919583238661
-0.00140911468770355
-0.001408310490660369
-0.001407507224939764
-0.001406704657711089
-0.001405902672559023
-0.001405101036652923
-0.001404299982823431
-0.001403499627485871
-0.001402700087055564
-0.001401900895871222
-0.001401102519594133
-0.001400304958224297
-0.001399507746100426
-0.001398711348883808
-0.001397915650159121
-0.001397120649926364
-0.001396326231770217
-0.001395532512106001
-0.001394739607349038
-0.001393947284668684
-0.001393155427649617
-0.001392363919876516
-0.00139157276134938
-0.001390782068483531
-0.001389992190524936
-0.001389202545396984
