0
0
0
0
0
0
0
0
0
0
0
0
0
0
0
0
0
0
0
0
0
0
0
0
0
0
0
0
0
0
0
0
0
0
0
0
0
0
0
0
0
0
0
0
0
0
0
0
0
0
0
0
0
0
0
0
0
0
0
0
0
0
0
0
0
0
0
0
0
0
0
0
0
0
0
0
0
0
0
0
0
0
0
0
0
0
0
0
0
0
0
0
0
0
0
0
0
0
0
0
0
0
0
0
0
0
0
0
0
0
0
0
0
0
0
0
0
0
0
0
0
0
0
0
0
0
0
0
0
0
0
0
0
0
0
0
0
0
0
0
0
0
0
0
0
0
0
0
0
0
0
0
0
0
0
0
0
0
0
0
0
0
0
0
0
0
0
0
0
0
0
0
0
0
0
0
0
0
0
0
0
0
0
0
0
0
0
0
0
0
0
0
0
0
0
0
0
0
0
0
0
0
0
0
0
0
0
0
0
0
0
0
0
0
0
0
0
0
0
0
0
0
0
0
0
0
0
0
0
0
0
0
0
0
0
0
0
0
0
0
0
0
0
0
0
0
0
0
0
0
0
0
0
0
0
0
0
0
0
0
0
0
0
0
0
0
0
0
0
0
0
0
0
0
0
0
0
0
0
0
0
0
0
0
0
0
0
0
0
0
0
0
0
0
0
0
0
0
0
0
0
0
0
0
0
0
0
0
0
0
0
0
0
0
0
0
0
0
0
0
0
0
0
0
0
0
0
0
0
0
0
0
0
0
0
0
0
0
0
0
0
0
0
0
0
0
0
0
0
0
0
0
0
0
0
0
0
0
0
0
0
0
0
0
0
0
0
0
0
0
0
0
0
0
0
0
0
0
0
0
0
0
0
0
0
0
0
0
0
0
0
0
0
0
0
0
0
0
0
0
0
0
0
0
0
0
0
0
0
0
0
0
0
0
0
0
0
0
0
0
0
0
0
0
0
0
0
0
0
0
0
0
0
0
0
0
0
0
0
0
0
0
0
0
0
0
0
0
0
0
0
0
0
0
0
0
0
0
0
0
0
0
0
0
0
0
0
0
0
0
0
0
0
0
0
0
0
0
0
0
0
0
0
0
0
0
0
0
0
0
0
0
0
0
0
0
0
0
0
0
0
0
0
0
0
0
0
0
0
0
0
0
0
0
0
0
0
0
0
0
0
0
0
0
0
0
0
0
0
0
0
0
0
0
0
0
0
0
0
0
0
0
0
0
0
0
0
0
0
0
0
0
0
0
0
0
0
0
0
0
0
0
0
0
0
0
0
0
0
0
0
0
0
0
0
0
0
0
0
0
0
0
0
0
0
0
0
0
0
0
0
0
0
0
0
0
0
0
0
0
0
0
0
0
0
0
0
0
0
0
0
0
0
0
0
0
0
0
0
0
0
0
0
0
0
0
0
0
0
0
0
0
0
0
0
0
0
0
0
0
0
0
0
0
0
0
0
0
0
0
0
0
0
0
0
0
0
0
0
0
0
0
0
0
0
0
0
0
0
0
0
0
0
0
0
0
0
0
0
0
0
0
0
0
0
0
0
0
0
0
0
0
0
0
0
0
0
0
0
0
0
0
0
0
0
0
0
0
0
0
0
0
0
0
0
0
0
0
0
0
0
0
0
0
0
0
0
0
0
0
0
0
0
0
0
0
0
0
0
0
0
0
0
0
0
0
0
0
0
0
0
0
0
0
0
0
0
0
0
0
0
0
0
0
0
0
0
0
0
0
0
0
0
0
0
0
0
0
0
0
0
0
0
0
0
0
0
0
0
0
0
0
0
0
0
0
0
0
0
0
0
0
0
0
0
0
0
0
0
0
0
0
0
0
0
0
0
0
0
0
0
0
0
0
0
0
0
0
0
0
0
0
0
0
0
0
0
0
0
0
0
0
0
0
0
0
0
0
0
0
0
0
0
0
0
0
0
0
0
0
0
0
0
0
0
0
0
0
0
0
0
0
0
0
0
0
0
0
0
0
0
0
0
0
0
0
0
0
0
0
0
0
0
0
0
0
0
0
0
0
0
0
0
0
0
0
0
0
0
0
0
0
0
0
0
0
0
0
0
0
0
0
0
0
0
0
0
0
0
0
0
0
0
0
0
0
0
0
0
0
0
0
0
0
0
0
0
0
0
0
0
0
0
0
0
0
0
0
0
0
0
0
0
0
0
0
0
0
0
0
0
0
0
0
0
0
0
0
0
0
0
0
0
0
0
0
0
0
0
0
0
0
0
0
0
0
0
0
0
0
0
0
0
0
0
0
0
0
0
0
0
0
0
0
0
0
0
0
0
0
0
0
0
0
0
0
0
0
0
0
0
0
0
0
0
0
0
0
0
0
0
0
0
0
0
0
0
0
0
0
0
0
0
0
0
0
0
0
0
0
0
0
0
0
0
0
0
0
0
0
0
0
0
0
0
0
0
0
0
0
0
0
0
0
0
0
0
0
0
0
0
0
0
0
0
0
0
0
0
0
0
0
0
0
0
0
0
0
0
0
0
0
0
0
0
0
0
0
0
0
0
0
0
0
0
0
0
0
0
0
0
0
0
0
0
0
0
0
0
0
0
0
0
0
0
0
0
0
0
0
0
0
0
0
0
0
0
0
0
0
0
0
0
0
0
0
0
0
0
0
0
0
0
0
0
0
0
0
0
0
0
0
0
0
0
0
0
0
0
0
0
0
0
0
0
0
0
0
0
0
0
0
0
0
0
0
0
0
0
0
0
0
0
0
0
0
0
0
0
0
0
0
0
0
0
0
0
0
0
0
0
0
0
0
0
0
0
0
0
0
0
0
0
0
0
0
0
0
0
0
0
0
0
0
0
0
0
0
0
0
0
0
0
0
0
0
0
0
0
0
0
0
0
0
0
0
0
0
0
0
0
0
0
0
0
0
0
0
0
0
0
0
0
0
0
0
0
0
0
0
0
0
0
0
0
0
0
0
0
0
0
0
0
0
0
0
0
0
0
0
0
0
0
0
0
0
0
0
0
0
0
0
0
0
0
0
0
0
0
0
0
0
0
0
0
0
0
0
0
0
0
0
0
0
0
0
0
0
0
0
0
0
0
0
0
0
0
0
0
0
0
0
0
0
0
0
0
0
0
0
0
0
0
0
0
0
0
0
0
0
0
0
0
0
0
0
0
0
0
0
0
0
0
0
0
0
0
0
0
0
0
0
0
0
0
0
0
0
0
0
0
0
0
0
0
0
0
0
0
0
0
0
0
0
0
0
0
0
0
0
0
0
0
0
0
0
0
0
0
0
0
0
0
0
0
0
0
0
0
0
0
0
0
0
0
0
0
0
0
0
0
0
0
0
0
0
0
0
0
0
0
0
0
0
0
0
0
0
0
0
0
0
0
0
0
0
0
0
0
0
0
0
0
0
0
0
0
0
0
0
0
0
0
0
0
0
0
0
0
0
0
0
0
0
0
0
0
0
0
0
0
0
0
0
0
0
0
0
0
0
0
0
0
0
0
0
0
0
0
0
0
0
0
0
0
0
0
0
0
0
0
0
0
0
0
0
0
0
0
0
0
0
0
0
0
0
0
0
0
0
0
0
0
0
0
0
0
0
0
0
0
0
0
0
0
0
0
0
0
0
0
0
0
0
0
0
0
0
0
0
0
0
0
0
0
0
0
0
0
0
0
0
0
0
0
0
0
0
0
0
0
0
0
0
0
0
0
0
0
0
0
0
0
0
0
0
0
0
0
0
0
0
0
0
0
0
0
0
0
0
0
0
0
0
0
0
0
0
0
0
0
0
0
0
0
0
0
0
0
0
0
0
0
0
0
0
0
0
0
0
0
0
0
0
0
0
0
0
0
0
0
0
0
0
0
0
0
0
0
0
0
0
0
0
0
0
0
0
0
0
0
0
0
0
0
0
0
0
0
0
0
0
0
0
0
0
0
0
0
0
0
0
0
0
0
0
0
0
0
0
0
0
0
0
0
0
0
0
0
0
0
0
0
0
0
0
0
0
0
0
0
0
0
0
0
0
0
0
0
0
0
0
0
0
0
0
0
0
0
0
0
0
0
0
0
0
0
0
0
0
0
0
0
0
0
0
0
0
0
0
0
0
0
0
0
0
0
0
0
0
0
0
0
0
0
0
0
0
0
0
0
0
0
0
0
0
0
0
0
0
0
0
0
0
0
0
0
0
0
0
0
0
0
0
0
0
0
0
0
0
0
0
0
0
0
0
0
0
0
0
0
0
0
0
0
0
0
0
0
0
0
0
0
0
0
0
0
0
0
0
0
0
0
0
0
0
0
0
0
0
0
0
0
0
0
0
0
0
0
0
0
0
0
0
0
0
0
0
0
0
0
0
0
0
0
0
0
0
0
0
0
0
0
0
0
0
0
0
0
0
0
0
0
0
0
0
0
0
0
0
0
0
0
0
0
0
0
0
0
0
0
0
0
0
0
0
0
0
0
0
0
0
0
0
0
0
0
0
0
0
0
0
0
0
0
0
0
0
0
0
0
0
0
0
0
0
0
0
0
0
0
0
0
0
0
0
0
0
0
0
0
0
0
0
0
0
0
0
0
0
0
0
0
0
0
0
0
0
0
0
0
0
0
0
0
0
0
0
0
0
0
0
0
0
0
0
0
0
0
0
0
0
0
0
0
0
0
0
0
0
0
0
0
0
0
0
0
0
0
0
0
0
0
0
0
0
0
0
0
0
0
0
0
0
0
0
0
0
0
0
0
0
0
0
0
0
0
0
0
0
0
0
0
0
0
0
0
0
0
0
0
0
0
0
0
0
0
0
0
0
0
0
0
0
0
0
0
0
0
0
0
0
0
0
0
0
0
0
0
0
0
0
0
0
0
0
0
0
0
0
0
0
0
0
0
0
0
0
0
0
0
0
0
0
0
0
0
0
0
0
0
0
0
0
0
0
0
0
0
0
0
0
0
0
0
0
0
0
0
0
0
0
0
0
0
0
0
0
0
2.802596928649634e-45
1.401298464324817e-44
4.203895392974451e-44
8.127531093083939e-44
1.345246525751824e-43
2.214051573633211e-43
3.587324068671532e-43
5.661245795872261e-43
8.856206294532844e-43
1.390088076610219e-42
2.163604828917518e-42
3.351905926664962e-42
5.170791333358575e-42
7.959375277364961e-42
1.224034208587728e-41
1.879421500352445e-41
2.882050551576851e-41
4.416472370012526e-41
6.760424311288647e-41
1.033793929070991e-40
1.579249356309426e-40
2.41007921580761e-40
3.67428865136753e-40
5.596169495189016e-40
8.515004131454394e-40
1.294352766826011e-39
1.96562377668385e-39
2.982132689197394e-39
4.519935840827485e-39
6.844094441295018e-39
1.035330032447583e-38
1.564663801113654e-38
2.362345665178542e-38
3.563248920275353e-38
5.369445569374504e-38
8.083391873015864e-38
1.215735270666488e-37
1.826694786983356e-37
2.742046261486773e-37
4.112118190832576e-37
6.160825065570122e-37
9.22135642415885e-37
1.378902979530304e-36
2.059946050727795e-36
3.074408114600469e-36
4.584066365940799e-36
6.828484279082908e-36
1.016206687186991e-35
1.510860220142779e-35
2.244147572400294e-35
3.330147658244768e-35
4.936975828379685e-35
7.312132188781937e-35
1.081964145377071e-34
1.5994392583056e-34
2.36215796427605e-34
3.485272332743445e-34
5.137493009316519e-34
7.565763117687967e-34
1.113118763476818e-33
1.636129628278256e-33
2.402600617827351e-33
3.524791442627632e-33
5.16622604017695e-33
7.56487479293363e-33
1.106671066759963e-32
1.617424978496979e-32
2.361667920885002e-32
3.445106517295313e-32
5.020833184685573e-32
7.310356462220001e-32
1.06338639663945e-31
1.545374227757678e-31
2.24370838521113e-31
3.254539252271361e-31
4.716318434369182e-31
6.828219578418089e-31
9.876494131654053e-31
1.427214240909632e-30
2.060472325804952e-30
2.971911336901462e-30
4.282492181966574e-30
6.165226752661657e-30
8.867341823507022e-30
1.27417749653992e-29
1.829189580501004e-29
2.623493043374232e-29
3.759184741703666e-29
5.38145993214355e-29
7.696608883082401e-29
1.099744276102756e-28
1.569918784901717e-28
2.239009356888068e-28
3.190274304669533e-28
4.541441512774752e-28
6.45881888376145e-28
9.177117814763399e-28
1.302727036664217e-27
1.84754305490672e-27
2.61776038048708e-27
3.705608235471605e-27
5.240629482744641e-27
7.404605909002095e-27
1.045237540892732e-26
1.474085979390591e-26
2.076946733558506e-26
2.92363314609936e-26
4.111642570071439e-26
5.777007135232309e-26
8.109340961657108e-26
1.137269828918506e-25
1.593444054802111e-25
2.230517028502121e-25
3.119390212325118e-25
4.358423467795684e-25
6.083937875792799e-25
8.484686157260956e-25
1.182177190410506e-24
1.645603291336292e-24
2.288566935934619e-24
3.179786290697357e-24
4.413958388054725e-24
6.121452945001489e-24
8.481581595168459e-24
1.174073360381829e-23
1.623714925571305e-23
2.243471031755891e-23
3.096900990930148e-23
4.271007483469996e-23
5.884771717582843e-23
8.100747002487256e-23
1.11408124584624e-22
1.530752148620951e-22
2.101305327761783e-22
2.881839143485026e-22
3.948631017962526e-22
5.405298146639423e-22
7.392459719036794e-22
1.010077193013178e-21
1.37884818394383e-21
1.880505255604986e-21
2.562293123527263e-21
3.488022329815432e-21
4.74379437907995e-21
6.445677291935891e-21
8.749986797626251e-21
1.186703518247977e-20
1.607951869097856e-20
2.176706233328972e-20
2.943896379750159e-20
3.977782641914225e-20
5.369765084775301e-20
7.242113604448368e-20
9.7582283605379e-20
1.313627565466534e-19
1.766725310268288e-19
2.373893069729315e-19
3.186754927385108e-19
4.273969329770013e-19
5.726764734172795e-19
7.666239089801511e-19
1.025298537668027e-18
1.369976633907901e-18
1.828819199762624e-18
2.439062804482035e-18
3.249898328131015e-18
4.326243525568184e-18
5.753689256316243e-18
7.644973620421268e-18
1.014844815202219e-17
1.345913515618912e-17
1.783316366497357e-17
2.360658655557319e-17
3.121989735650715e-17
4.124991557868829e-17
5.445123177283443e-17
7.181006360479049e-17
9.461405666433818e-17
1.245428144201562e-16
1.637849905986109e-16
2.151898452155881e-16
2.824629091873089e-16
3.704187574906363e-16
4.853065742172857e-16
6.352297647549616e-16
8.306856878283252e-16
1.085259693120151e-15
1.41651553818735e-15
1.847138935879319e-15
2.406401968424628e-15
3.132037094887258e-15
4.072634783802926e-15
5.290705854920762e-15
6.866590324496654e-15
8.903438594297809e-15
1.15335563636524e-14
1.492647558288748e-14
1.929921202232024e-14
2.492928925085496e-14
3.217125323735567e-14
4.147758390004794e-14
5.342518690897718e-14
6.874885995775473e-14
8.83835512372963e-14
1.135176954064447e-13
1.456604205741369e-13
1.867261499501754e-13
2.391409010919776e-13
3.059760832289232e-13
3.911160403793218e-13
4.994682510466031e-13
6.372267622421768e-13
8.122008924790758e-13
1.034227282807609e-12
1.315682805758112e-12
1.672124895144012e-12
2.123088597288936e-12
2.693078182333664e-12
3.41280042420733e-12
4.320693542531062e-12
5.464825206941137e-12
6.905241135835016e-12
8.716874444480993e-12
1.09931360889326e-11
1.385035489076536e-11
1.7433242349707e-11
2.192163811587378e-11
2.753878722283609e-11
3.456154112901899e-11
4.333287895175175e-11
5.427721119777296e-11
6.791918416571008e-11
8.490669972660569e-11
1.060389623330771e-10
1.323007814413302e-10
1.649043956941654e-10
2.053404113411261e-10
2.554396694165462e-10
3.174486506996033e-10
3.941207082913678e-10
4.888268678726604e-10
6.056898316231241e-10
7.497462650718489e-10
9.271426959500673e-10
1.145371464339462e-09
1.4135562720341e-09
1.742794131232017e-09
2.146568034433471e-09
2.641241669820715e-09
3.246652502397751e-09
3.986824648194442e-09
4.890815308300489e-09
5.993734841780451e-09
7.337958241038223e-09
8.974567755615226e-09
1.096507862285989e-08
1.338348276647139e-08
1.631867263540698e-08
1.987733710961948e-08
2.418735078890677e-08
2.940183030375465e-08
3.570389139895269e-08
4.331227998477516e-08
5.248799439527829e-08
6.354209602932315e-08
7.684485581194167e-08
9.283652246949714e-08
1.120399275578166e-07
1.350752540929534e-07
1.626772530016751e-07
1.957153727971672e-07
2.352172288055954e-07
2.823960016939964e-07
3.386819855677459e-07
4.057596640905103e-07
4.856100872530078e-07
5.805606519970752e-07
6.933420308996574e-07
8.271539968518482e-07
9.857416216618731e-07
1.173482246485946e-06
1.395486378896749e-06
1.657712004998757e-06
1.967097432498122e-06
2.331711357328459e-06
2.760924871836323e-06
3.265607801949955e-06
3.85835255656275e-06
4.553727194434032e-06
5.368562142393785e-06
6.322277840808965e-06
7.437250587827293e-06
8.739229997445364e-06
1.025780602503801e-05
1.202693329105387e-05
1.408552543580299e-05
1.64781158673577e-05
1.925559263327159e-05
2.247602969873697e-05
2.620560007926542e-05
3.051960811717436e-05
3.550360997905955e-05
4.125467967242002e-05
4.788278965861537e-05
5.551234789891168e-05
6.42838713247329e-05
7.435582665493712e-05
8.590664219809696e-05
9.913695976138115e-05
0.000114271962956991
0.0001315640547545627
0.0001512956514488906
0.0001737822167342529
0.0001993756159208715
0.0002284676156705245
0.0002614936383906752
0.0002989368222188205
0.0003413324302528054
0.0003892722597811371
0.0004434094880707562
0.0005044637946411967
0.0005732264253310859
0.0006505660712718964
0.0007374341948889196
0.0008348713163286448
0.0009440126013942063
0.001066094497218728
0.00120246026199311
0.001354566542431712
0.001523989951238036
0.001712431898340583
0.001921725459396839
0.002153840148821473
0.002410887507721782
0.002695125062018633
0.003008961211889982
0.003354957327246666
0.003735830308869481
0.004154454451054335
0.004613860510289669
0.005117234773933887
0.005667916499078274
0.006269393023103476
0.006925291381776333
0.007639373186975718
0.008415520191192627
0.00925772450864315
0.01017006859183311
0.0111567098647356
0.01222185976803303
0.01336975209414959
0.01460462529212236
0.01593068428337574
0.01735207065939903
0.01887282356619835
0.02049683406949043
0.0222278106957674
0.02406922914087772
0.02602428197860718
0.02809582464396954
0.03028632886707783
0.03259782120585442
0.03503182157874107
0.03758930414915085
0.0402706116437912
0.04307542368769646
0.04600268974900246
0.04905057325959206
0.05221642181277275
0.0554966889321804
0.05888691172003746
0.06238167360424995
0.06597457826137543
0.06965824216604233
0.07342423498630524
0.07726316154003143
0.08116459846496582
0.0851171538233757
0.08910851180553436
0.09312546253204346
0.09715395420789719
0.1011792197823524
0.105185829102993
0.1091578081250191
0.1130787879228592
0.1169321164488792
0.1207009926438332
0.1243686676025391
0.1279185712337494
0.1313345283269882
0.1346009373664856
0.1377029865980148
0.1406267732381821
0.1433595269918442
0.1458898484706879
0.1482078582048416
0.1503053307533264
0.1521758735179901
0.1538151055574417
0.155220702290535
0.1563925296068192
0.1573327630758286
0.1580458879470825
0.1585386246442795
0.1588200777769089
0.1589014828205109
0.1587963253259659
0.1585200279951096
0.158089891076088
0.1575248688459396
0.1568453460931778
0.1560728996992111
0.1552299559116364
0.154339537024498
0.1534249484539032
0.152509331703186
0.1516153961420059
0.1507650911808014
0.1499791741371155
0.149276927113533
0.1486758440732956
0.1481912434101105
0.1478360444307327
0.1476205438375473
0.1475521773099899
0.147635355591774
0.1478713750839233
0.1482583582401276
0.1487912386655807
0.1494618952274323
0.1502591222524643
0.1511689424514771
0.1521747708320618
0.1532576978206635
0.1543967872858047
0.1555695533752441
0.1567522585391998
0.1579204052686691
0.1590491980314255
0.1601139605045319
0.1610907018184662
0.1619564294815063
0.162689745426178
0.1632711589336395
0.1636835187673569
0.1639122664928436
0.1639457941055298
0.1637755632400513
0.1633962988853455
0.1628060340881348
0.1620061248540878
0.1610011458396912
0.1597987711429596
0.158409520983696
0.1568465232849121
0.1551251113414764
0.1532625257968903
0.1512773782014847
0.149189293384552
0.1470184177160263
0.1447848975658417
0.1425085961818695
0.1402084231376648
0.1379021406173706
0.1356058865785599
0.1333339512348175
0.1310984790325165
0.1289093792438507
0.1267741620540619
0.1246980205178261
0.1226837635040283
0.1207320317625999
0.1188415065407753
0.1170091181993484
0.1152303814888
0.113499790430069
0.1118111461400986
0.1101579889655113
0.1085339859127998
0.1069333180785179
0.105351060628891
0.1037834957242012
0.1022283583879471
0.1006850898265839
0.09915497899055481
0.09764118492603302
0.09614875912666321
0.09468457102775574
0.09325707703828812
0.09187613427639008
0.0905526727437973
0.08929828554391861
0.08812488615512848
0.08704420924186707
0.08606737852096558
0.08520446717739105
0.08446399867534637
0.08385260403156281
0.08337464183568954
0.08303185552358627
0.08282321691513062
0.08274473994970322
0.08278945833444595
0.08294747024774551
0.08320608735084534
0.08355008065700531
0.08396197855472565
0.08442247658967972
0.08491095155477524
0.08540596812963486
0.08588583767414093
0.08632921427488327
0.08671568334102631
0.08702637255191803
0.08724441379308701
0.08735545724630356
0.0873480886220932
0.0872141569852829
0.08694899082183838
0.08655153214931488
0.08602432906627655
0.08537347614765167
0.08460840582847595
0.08374158293008804
0.0827881246805191
0.0817653089761734
0.08069212734699249
0.07958859950304031
0.0784752368927002
0.07737243920564651
0.07629989087581635
0.07527598738670349
0.0743173286318779
0.07343827188014984
0.07265058159828186
0.0719631165266037
0.07138166576623917
0.07090887427330017
0.07054422050714493
0.0702841728925705
0.0701223611831665
0.07004989683628082
0.07005570828914642
0.0701269805431366
0.07024956494569778
0.07040851563215256
0.07058855891227722
0.07077459245920181
0.07095208764076233
0.07110758870840073
0.07122904807329178
0.07130614668130875
0.07133053988218307
0.07129599899053574
0.07119850814342499
0.07103634625673294
0.07080992311239243
0.07052173465490341
0.0701761394739151
0.06977913528680801
0.06933809071779251
0.06886141002178192
0.06835824251174927
0.06783810257911682
0.06731061637401581
0.06678516417741776
0.06627058237791061
0.06577494740486145
0.06530534476041794
0.06486769020557404
0.06446664780378342
0.06410551071166992
0.06378617882728577
0.06350920349359512
0.06327380985021591
0.06307801604270935
0.0629187747836113
0.0627921000123024
0.06269325315952301
0.06261691451072693
0.0625573992729187
0.06250884383916855
0.06246539950370789
0.06242141872644424
0.06237158924341202
0.06231112778186798
0.06223586574196815
0.06214236468076706
0.06202800199389458
0.06189098954200745
0.06173042580485344
0.06154627352952957
0.06133930757641792
0.06111109256744385
0.06086388975381851
0.06060055643320084
0.06032443419098854
0.06003924086689949
0.05974891036748886
0.05945746228098869
0.05916887149214745
0.05888693034648895
0.05861509218811989
0.05835641548037529
0.05811342597007751
0.05788803473114967
0.05768150463700294
0.0574944019317627
0.05732659623026848
0.05717727541923523
0.05704498663544655
0.05692769587039948
0.05682289972901344
0.05672770738601685
0.05663897469639778
0.0565534383058548
0.05646782368421555
0.05637901276350021
0.05628413334488869
0.05618071556091309
0.05606675520539284
0.05594078451395035
0.05580195784568787
0.0556500256061554
0.05548538267612457
0.05530901253223419
0.05512241274118423
0.05492756143212318
0.05472677946090698
0.05452263727784157
0.05431782454252243
0.05411502346396446
0.05391678959131241
0.05372544005513191
0.05354291573166847
0.05337074026465416
0.05320994555950165
0.05306100472807884
0.05292387306690216
0.05279797315597534
0.05268224701285362
0.05257520824670792
0.05247504636645317
0.05237970873713493
0.0522870235145092
0.05219479277729988
0.05210093781352043
0.05200356617569923
0.05190106853842735
0.0517922155559063
0.05167616903781891
0.05155254900455475
0.05142141506075859
0.05128327012062073
0.0511389821767807
0.05098975449800491
0.05083705112338066
0.05068247392773628
0.05052772536873817
0.05037447437644005
0.05022427439689636
0.05007848516106606
0.04993820190429688
0.04980422183871269
0.04967698827385902
0.04955659061670303
0.04944277927279472
0.04933499544858932
0.04923238605260849
0.04913391172885895
0.0490383543074131
0.04894443973898888
0.0488508827984333
0.04875648021697998
0.04866017401218414
0.04856108874082565
0.04845858365297318
0.04835228621959686
0.04824207350611687
0.04812811687588692
0.04801078885793686
0.04789069294929504
0.04776858538389206
0.04764532670378685
0.04752182215452194
0.04739897698163986
0.04727762565016747
0.04715849831700325
0.04704217240214348
0.04692902788519859
0.04681926220655441
0.04671286046504974
0.04660961404442787
0.04650913551449776
0.04641088843345642
0.04631420969963074
0.0462183877825737
0.04612266644835472
0.04602630808949471
0.04592861607670784
0.04582898691296577
0.04572690650820732
0.04562198743224144
0.04551397636532784
0.04540273919701576
0.04528825730085373
0.04517059773206711
0.04504989832639694
0.04492631927132607
0.04480002820491791
0.04467115551233292
0.04453975707292557
0.04440578818321228
0.04426909238100052
0.044129379093647
0.04398619756102562
0.04383895173668861
0.0436868891119957
0.04352911934256554
0.04336461052298546
0.04319222271442413
0.04301071539521217
0.04281876608729362
0.04261500760912895
0.04239800944924355
0.04216631129384041
0.04191841185092926
0.04165280237793922
0.04136791825294495
0.04106215760111809
0.04073387384414673
0.04038133099675179
0.04000271856784821
0.03959612548351288
0.03915951028466225
0.03869068995118141
0.03818732500076294
0.03764692321419716
0.03706681355834007
0.03644416108727455
0.03577595949172974
0.03505905717611313
0.0342901386320591
0.03346577659249306
0.03258244320750237
0.03163651004433632
0.03062431514263153
0.02954214625060558
0.02838629484176636
0.02715307101607323
0.0258388314396143
0.02444001473486423
0.02295315451920033
0.02137491293251514
0.01970209553837776
0.01793169789016247
0.01606091484427452
0.01408718153834343
0.0120081938803196
0.00982194859534502
0.007526773493736982
0.005121372640132904
0.002604859415441751
-2.320119529031217e-05
-0.002762750722467899
-0.005613195244222879
-0.008573358878493309
-0.01164144277572632
-0.01481499057263136
-0.01809084415435791
-0.02146511524915695
-0.02493315562605858
-0.02848954312503338
-0.03212805464863777
-0.0358416736125946
-0.03962257504463196
-0.04346214979887009
-0.04735100641846657
-0.05127901583909988
-0.05523531883955002
-0.05920840799808502
-0.0631861537694931
-0.0671558752655983
-0.07110442221164703
-0.07501823455095291
-0.07888344675302505
-0.08268596231937408
-0.08641161024570465
-0.09004619717597961
-0.09357566386461258
-0.09698618948459625
-0.1002643033862114
-0.1033970639109612
-0.1063721776008606
-0.1091781109571457
-0.1118042469024658
-0.1142410039901733
-0.1164799779653549
-0.1185140684247017
-0.120337575674057
-0.1219463273882866
-0.1233377307653427
-0.1245109438896179
-0.1254667937755585
-0.1262079626321793
-0.1267388761043549
-0.1270658075809479
-0.127196803689003
-0.1271416842937469
-0.1269118934869766
-0.1265204548835754
-0.1259818524122238
-0.1253118216991425
-0.124527245759964
-0.1236459314823151
-0.1226863786578178
-0.1216675862669945
-0.1206087619066238
-0.1195290759205818
-0.1184474006295204
-0.1173820421099663
-0.1163503974676132
-0.1153687834739685
-0.114452138543129
-0.1136137098073959
-0.1128648966550827
-0.1122150272130966
-0.1116711646318436
-0.1112379804253578
-0.1109175980091095
-0.110709547996521
-0.1106107607483864
-0.1106155067682266
-0.1107155010104179
-0.1108999997377396
-0.1111559569835663
-0.1114681884646416
-0.1118196323513985
-0.1121916174888611
-0.1125641539692879
-0.1129162982106209
-0.1132265254855156
-0.1134730726480484
-0.1136343628168106
-0.1136894300580025
-0.1136183068156242
-0.1134023815393448
-0.1130248233675957
-0.1124709025025368
-0.1117283031344414
-0.11078742146492
-0.1096415743231773
-0.1082871779799461
-0.1067239046096802
-0.104954719543457
-0.1029858663678169
-0.1008268147706985
-0.09849018603563309
-0.09599150717258453
-0.09334900230169296
-0.09058327972888947
-0.08771698921918869
-0.08477445691823959
-0.08178123831748962
-0.0787637010216713
-0.075748510658741
-0.07276224344968796
-0.06983084231615067
-0.06697919219732285
-0.06423073261976242
-0.0616070032119751
-0.0591273233294487
-0.05680848658084869
-0.05466451868414879
-0.05270648747682571
-0.05094236135482788
-0.0493769645690918
-0.04801198467612267
-0.04684603959321976
-0.04587483778595924
-0.04509134590625763
-0.04448602721095085
-0.04404718056321144
-0.04376120865345001
-0.0436130166053772
-0.0435863584280014
-0.04366421326994896
-0.04382917284965515
-0.04406382143497467
-0.04435105621814728
-0.04467441514134407
-0.04501834884285927
-0.0453685075044632
-0.04571187123656273
-0.04603695124387741
-0.04633384197950363
-0.04659431427717209
-0.046811792999506
-0.0469813197851181
-0.04709945991635323
-0.0471641942858696
-0.04717477783560753
-0.04713154584169388
-0.04703574627637863
-0.04688934981822968
-0.04669485986232758
-0.04645513743162155
-0.04617322981357574
-0.04585221409797668
-0.04549508541822433
-0.04510467872023582
-0.04468357190489769
-0.04423406720161438
-0.04375820979475975
-0.04325777664780617
-0.04273436591029167
-0.04218944534659386
-0.04162443429231644
-0.04104084149003029
-0.04044032469391823
-0.03982481360435486
-0.03919661045074463
-0.03855844959616661
-0.03791357576847076
-0.03726576268672943
-0.03661932423710823
-0.03597908839583397
-0.03535033389925957
-0.03473871573805809
-0.03415012359619141
-0.03359055519104004
-0.03306591883301735
-0.0325818732380867
-0.03214361891150475
-0.03175570443272591
-0.03142184019088745
-0.03114471212029457
-0.0309258084744215
-0.03076532483100891
-0.03066203929483891
-0.03061329200863838
-0.03061496652662754
-0.03066153451800346
-0.03074616193771362
-0.03086084686219692
-0.03099661879241467
-0.03114377148449421
-0.0312921404838562
-0.03143138065934181
-0.0315513014793396
-0.03164217621088028
-0.03169506788253784
-0.03170210123062134
-0.03165677934885025
-0.03155417367815971
-0.03139114007353783
-0.03116643615067005
-0.03088078647851944
-0.03053689002990723
-0.03013934567570686
-0.02969452925026417
-0.02921037934720516
-0.02869615145027637
-0.02816211432218552
-0.02761919610202312
-0.02707862108945847
-0.0265515148639679
-0.02604853548109531
-0.02557949163019657
-0.02515300549566746
-0.02477621845901012
-0.02445454522967339
-0.02419149316847324
-0.02398854866623878
-0.02384513802826405
-0.0237586721777916
-0.02372466214001179
-0.02373689599335194
-0.02378768846392632
-0.02386818826198578
-0.02396870590746403
-0.02407909743487835
-0.02418913692235947
-0.02428889833390713
-0.0243691299110651
-0.02442157082259655
-0.02443925850093365
-0.02441674843430519
-0.02435029670596123
-0.02423795871436596
-0.02407961897552013
-0.02387695945799351
-0.02363333664834499
-0.02335362136363983
-0.02304396592080593
-0.02271152101457119
-0.02236414141952991
-0.02201004326343536
-0.02165748924016953
-0.02131444402039051
-0.02098827809095383
-0.02068548463284969
-0.02041146345436573
-0.02017032355070114
-0.01996477134525776
-0.01979604549705982
-0.01966392062604427
-0.01956675574183464
-0.01950162462890148
-0.01946447230875492
-0.01945032179355621
-0.01945352181792259
-0.01946799643337727
-0.01948751509189606
-0.01950596086680889
-0.01951757818460464
-0.0195172093808651
-0.0195004865527153
-0.01946398429572582
-0.01940533518791199
-0.01932328566908836
-0.0192177165299654
-0.0190895963460207
-0.01894090510904789
-0.01877450756728649
-0.01859400607645512
-0.01840354315936565
-0.01820760406553745
-0.0180108193308115
-0.01781774871051311
-0.01763268560171127
-0.01745947636663914
-0.01730138063430786
-0.01716093346476555
-0.01703987456858158
-0.01693910174071789
-0.01685865595936775
-0.0167977549135685
-0.0167548656463623
-0.01672779954969883
-0.0167138259857893
-0.01670982129871845
-0.01671241410076618
-0.01671815849840641
-0.01672366820275784
-0.01672576367855072
-0.01672161743044853
-0.01670883782207966
-0.01668555662035942
-0.01665048114955425
-0.01660292409360409
-0.01654278673231602
-0.01647053100168705
-0.01638712175190449
-0.01629394292831421
-0.0161927118897438
-0.01608536578714848
-0.01597396470606327
-0.01586057059466839
-0.01574715599417686
-0.01563550531864166
-0.0155271515250206
-0.0154233044013381
-0.01532482169568539
-0.01523219421505928
-0.01514554582536221
-0.01506466418504715
-0.01498903334140778
-0.01491788774728775
-0.01485028769820929
-0.01478517707437277
-0.01472146157175303
-0.01465808227658272
-0.01459407992660999
-0.01452864613384008
-0.01446116901934147
-0.01439126394689083
-0.01431879308074713
-0.01424385514110327
-0.01416677515953779
-0.01408808026462793
-0.01400845684111118
-0.01392870116978884
-0.01384966913610697
-0.01377222035080194
-0.01369716133922338
-0.01362520176917315
-0.01355690136551857
-0.0134926438331604
-0.01343260798603296
-0.01337675657123327
-0.01332483813166618
-0.01327640097588301
-0.01323081366717815
-0.01318730227649212
-0.01314498949795961
-0.0131029449403286
-0.01306023169308901
-0.01301596127450466
-0.01296933460980654
-0.01291968766599894
-0.01286653056740761
-0.01280956249684095
-0.01274869497865438
-0.01268405374139547
-0.01261597219854593
-0.01254497282207012
-0.01247174013406038
-0.01239708345383406
-0.01232190150767565
-0.01224712654948235
-0.01217368245124817
-0.01210243999958038
-0.01203417032957077
-0.01196951046586037
-0.01190893072634935
-0.01185271609574556
-0.01180095691233873
-0.01175354328006506
-0.01171018183231354
-0.01167041063308716
-0.011633625254035
-0.01159911882132292
-0.01156611833721399
-0.01153382565826178
-0.01150146406143904
-0.0114683173596859
-0.01143376901745796
-0.01139732822775841
-0.01135866064578295
-0.01131759863346815
-0.01127414591610432
-0.01122847851365805
-0.01118092983961105
-0.01113196834921837
-0.01108216680586338
-0.0110321743413806
-0.01098267268389463
-0.01093434169888496
-0.01088781747967005
-0.01084365975111723
-0.01080232486128807
-0.01076413504779339
-0.01072926633059978
-0.01069773640483618
-0.01066941022872925
-0.01064400561153889
-0.01062110997736454
-0.01060020737349987
-0.01058069802820683
-0.01056193932890892
-0.0105432728305459
-0.01052406430244446
-0.01050372887402773
-0.0104817571118474
-0.01045773923397064
-0.01043137814849615
-0.0104024987667799
-0.01037104614078999
-0.01033707894384861
-0.01030075643211603
-0.01026231795549393
-0.01022206153720617
-0.01018031500279903
-0.01013741176575422
-0.01009366568177938
-0.01004934962838888
-0.0100046768784523
-0.009959789924323559
-0.009914753958582878
-0.009869555942714214
-0.0098241176456213
-0.009778300300240517
-0.009731930680572987
-0.009684820659458637
-0.009636787697672844
-0.009587680920958519
-0.009537400677800179
-0.009485924616456032
-0.009433312341570854
-0.009379724971950054
-0.009325424209237099
-0.009270769543945789
-0.009216208942234516
-0.009162263013422489
-0.009109510108828545
-0.009058550931513309
-0.009009993635118008
-0.008964421227574348
-0.008922367356717587
-0.008884290233254433
-0.008850554935634136
-0.008821418508887291
-0.00879701878875494
-0.008777376264333725
-0.008762388490140438
-0.008751844055950642
-0.008745430037379265
-0.008742754347622395
-0.008743357844650745
-0.008746732957661152
-0.008752351626753807
-0.008759671822190285
-0.008768161758780479
-0.008777307346463203
-0.008786622434854507
-0.008795660920441151
-0.008804014883935452
-0.008811318315565586
-0.00881724338978529
-0.008821500465273857
-0.008823834359645844
-0.008824026212096214
-0.008821888826787472
-0.008817269466817379
-0.008810052648186684
-0.008800162933766842
-0.00878757331520319
-0.008772304281592369
-0.008754441514611244
-0.008734133094549179
-0.00871159415692091
-0.008687112480401993
-0.008661047555506229
-0.008633820340037346
-0.008605911396443844
-0.008577847853302956
-0.008550185710191727
-0.008523494936525822
-0.00849833432585001
-0.008475231006741524
-0.008454661816358566
-0.008437033742666245
-0.008422660641372204
-0.008411755785346031
-0.00840442068874836
-0.008400638587772846
-0.008400275371968746
-0.008403085172176361
-0.008408721536397934
-0.008416752330958843
-0.008426673710346222
-0.008437935262918472
-0.008449962362647057
-0.008462176658213139
-0.008474015630781651
-0.008484955877065659
-0.008494528010487556
-0.008502335287630558
-0.008508062921464443
-0.00851148646324873
-0.008512472733855247
-0.008510986343026161
-0.008507081307470798
-0.008500901982188225
-0.008492669090628624
-0.008482674136757851
-0.008471263572573662
-0.008458828553557396
-0.008445789106190205
-0.008432580158114433
-0.008419639430940151
-0.008407389745116234
-0.008396226912736893
-0.00838650856167078
-0.008378533646464348
-0.008372541517019272
-0.008368701674044132
-0.008367101661860943
-0.008367753587663174
-0.008370582945644855
-0.008375439792871475
-0.008382102474570274
-0.008390284143388271
-0.008399645797908306
-0.008409810252487659
-0.008420379832386971
-0.008430948480963707
-0.00844112690538168
-0.008450552821159363
-0.008458910509943962
-0.008465941064059734
-0.008471461944282055
-0.00847536139190197
-0.008477614261209965
-0.008478273637592793
-0.008477472700178623
-0.008475410751998425
-0.008472348563373089
-0.008468588814139366
-0.00846446305513382
-0.008460316807031631
-0.008456490002572536
-0.008453300222754478
-0.008451029658317566
-0.008449910208582878
-0.008450115099549294
-0.008451754227280617
-0.008454866707324982
-0.00845942460000515
-0.008465335704386234
-0.008472451940178871
-0.008480574004352093
-0.008489468134939671
-0.008498877286911011
-0.008508528582751751
-0.008518154732882977
-0.008527505211532116
-0.008536354638636112
-0.008544513955712318
-0.008551841601729393
-0.008558248169720173
-0.00856369361281395
-0.008568190038204193
-0.008571800775825977
-0.008574632927775383
-0.00857683178037405
-0.008578569628298283
-0.008580036461353302
-0.008581432513892651
-0.008582950569689274
-0.008584770374000072
-0.008587047457695007
-0.008589903824031353
-0.008593421429395676
-0.008597638458013535
-0.008602549321949482
-0.008608100935816765
-0.008614202961325645
-0.008620725944638252
-0.008627512492239475
-0.008634380996227264
-0.008641143329441547
-0.00864760298281908
-0.008653570897877216
-0.008658875711262226
-0.008663363754749298
-0.008666914887726307
-0.008669435046613216
-0.008670867420732975
-0.008671186864376068
-0.008670397102832794
-0.008668528869748116
-0.008665634319186211
-0.008661774918437004
-0.008657019585371017
-0.008651437237858772
-0.008645086549222469
-0.00863801222294569
-0.008630240336060524
-0.008621774613857269
-0.008612594567239285
-0.008602656424045563
-0.00859189685434103
-0.008580232039093971
-0.008567566983401775
-0.008553802035748959
-0.008538836613297462
-0.008522579446434975
-0.008504952304065228
-0.008485895581543446
-0.00846538133919239
-0.008443408645689487
-0.008420009166002274
-0.008395254611968994
-0.008369248360395432
-0.008342128247022629
-0.008314062841236591
-0.008285249583423138
-0.008255907334387302
-0.008226272650063038
-0.008196591399610043
-0.008167116902768612
-0.008138104341924191
-0.008109800517559052
-0.008082444779574871
-0.008056264370679855
-0.008031468838453293
-0.008008251897990704
-0.007986784912645817
-0.007967219687998295
-0.007949684746563435
-0.007934289984405041
-0.007921119220554829
-0.007910234853625298
-0.007901677861809731
-0.00789546687155962
-0.00789159256964922
-0.007890020497143269
-0.007890688255429268
-0.007893502712249756
-0.007898340001702309
-0.007905040867626667
-0.007913414388895035
-0.007923233322799206
-0.007934238761663437
-0.007946138270199299
-0.007958610542118549
-0.00797131285071373
-0.007983881048858166
-0.007995941676199436
-0.008007115684449673
-0.008017031475901604
-0.008025333285331726
-0.008031687699258327
-0.008035793900489807
-0.008037399500608444
-0.008036301471292973
-0.008032354526221752
-0.008025483228266239
-0.008015679195523262
-0.00800300482660532
-0.007987596094608307
-0.007969658821821213
-0.007949464023113251
-0.007927342317998409
-0.007903673686087132
-0.007878882810473442
-0.00785342138260603
-0.007827760651707649
-0.007802377454936504
-0.007777740713208914
-0.007754296530038118
-0.007732457015663385
-0.007712589111179113
-0.007695002481341362
-0.007679941598325968
-0.00766757782548666
-0.007658003829419613
-0.007651229854673147
-0.007647184655070305
-0.007645716890692711
-0.007646597921848297
-0.007649531122297049
-0.007654156535863876
-0.007660065311938524
-0.007666812743991613
-0.007673928048461676
-0.007680932991206646
-0.007687355857342482
-0.007692747283726931
-0.0076966960914433
-0.007698840461671352
-0.007698884699493647
-0.007696607150137424
-0.007691868580877781
-0.007684617768973112
-0.00767489243298769
-0.007662821095436811
-0.007648614700883627
-0.007632560562342405
-0.007615012116730213
-0.00759637588635087
-0.007577094249427319
-0.007557629141956568
-0.007538445759564638
-0.00751999206840992
-0.007502683904021978
-0.007486884947866201
-0.007472894620150328
-0.007460936438292265
-0.00745114590972662
-0.007443570997565985
-0.007438164670020342
-0.007434791419655085
-0.00743323378264904
-0.007433200720697641
-0.007434340193867683
-0.007436256855726242
-0.007438530679792166
-0.007440732326358557
-0.007442444562911987
-0.007443282753229141
-0.007442907895892859
-0.007441043853759766
-0.007437487598508596
-0.007432121317833662
-0.007424910087138414
-0.007415909320116043
-0.007405253127217293
-0.007393153384327888
-0.007379884831607342
-0.007365772500634193
-0.007351173553615808
-0.007336460053920746
-0.007322000805288553
-0.007308144588023424
-0.007295200135558844
-0.00728342542424798
-0.007273011840879917
-0.007264077663421631
-0.007256664801388979
-0.007250736467540264
-0.00724618136882782
-0.007242822088301182
-0.007240425329655409
-0.00723871449008584
-0.007237385492771864
-0.007236124016344547
-0.007234621793031693
-0.007232593838125467
-0.007229791954159737
-0.007226018700748682
-0.007221134845167398
-0.007215066347271204
-0.007207809016108513
-0.0071994224563241
-0.007190027739852667
-0.00717979995533824
-0.00716895516961813
-0.007157736923545599
-0.007146402262151241
-0.007135207299143076
-0.007124391384422779
-0.007114165462553501
-0.007104698102921247
-0.007096109911799431
-0.007088466547429562
-0.007081775926053524
-0.007075989618897438
-0.00707100797444582
-0.007066688500344753
-0.007062853313982487
-0.007059302646666765
-0.007055828347802162
-0.007052225992083549
-0.007048307452350855
-0.007043910678476095
-0.007038911338895559
-0.007033227477222681
-0.00702682277187705
-0.007019709795713425
-0.007011944428086281
-0.007003622595220804
-0.006994873750954866
-0.006985848303884268
-0.006976708769798279
-0.006967619061470032
-0.006958735175430775
-0.006950192619115114
-0.006942098494619131
-0.006934528239071369
-0.0069275195710361
-0.006921073421835899
-0.006915152072906494
-0.006909688003361225
-0.006904582493007183
-0.00689972098916769
-0.00689497496932745
-0.006890217307955027
-0.006885328330099583
-0.006880200933665037
-0.006874751299619675
-0.006868922617286444
-0.006862686481326818
-0.006856045220047235
-0.006849030032753944
-0.006841698195785284
-0.00683412654325366
-0.006826404947787523
-0.006818631198257208
-0.006810903549194336
-0.006803312338888645
-0.006795933935791254
-0.006788827944546938
-0.006782031152397394
-0.006775556597858667
-0.006769394502043724
-0.00676351273432374
-0.006757861468940973
-0.00675237737596035
-0.006746986415237188
-0.006741615012288094
-0.006736190523952246
-0.006730649620294571
-0.006724941544234753
-0.006719031371176243
-0.006712901405990124
-0.006706553511321545
-0.006700006779283285
-0.006693293806165457
-0.006686458829790354
-0.006679555401206017
-0.006672638934105635
-0.006665763445198536
-0.006658978294581175
-0.006652323063462973
-0.006645826157182455
-0.006639503873884678
-0.006633356679230928
-0.006627372931689024
-0.006621529813855886
-0.006615794729441404
-0.006610129028558731
-0.006604490801692009
-0.00659884000197053
-0.006593141239136457
-0.006587363313883543
-0.006581486668437719
-0.006575499661266804
-0.006569401361048222
-0.006563201546669006
-0.006556918378919363
-0.006550576072186232
-0.006544203497469425
-0.006537830922752619
-0.006531487684696913
-0.006525199394673109
-0.006518985610455275
-0.006512860767543316
-0.006506829988211393
-0.006500892341136932
-0.006495039444416761
-0.006489255465567112
-0.006483523175120354
-0.006477820686995983
-0.006472125649452209
-0.006466418504714966
-0.00646068062633276
-0.006454899907112122
-0.006449068896472454
-0.006443185266107321
-0.006437252275645733
-0.006431278306990862
-0.006425275467336178
-0.006419258657842875
-0.006413242779672146
-0.00640724366530776
-0.006401274353265762
-0.006395346019417048
-0.006389465183019638
-0.006383636500686407
-0.00637785904109478
-0.006372127681970596
-0.006366435904055834
-0.006360772997140884
-0.006355128716677427
-0.006349492352455854
-0.006343853194266558
-0.006338202394545078
-0.006332533899694681
-0.006326844915747643
-0.0063211340457201
-0.006315403617918491
-0.006309658288955688
-0.006303903646767139
-0.00629814900457859
-0.006292401347309351
-0.006286668591201305
-0.006280956324189901
-0.006275269668549299
-0.006269612349569798
-0.006263984832912683
-0.006258384790271521
-0.006252809893339872
-0.006247255019843578
-0.006241715047508478
-0.006236184854060411
-0.006230658851563931
-0.006225131452083588
-0.006219599861651659
-0.006214061286300421
-0.006208515726029873
-0.006202964577823877
-0.006197409238666296
-0.00619185296818614
-0.00618630088865757
-0.006180754862725735
-0.006175220478326082
-0.006169700529426336
-0.006164197344332933
-0.006158712785691023
-0.006153246387839317
-0.006147797219455242
-0.006142364349216223
-0.006136944983154535
-0.006131536792963743
-0.006126136984676123
-0.006120742298662663
-0.006115351337939501
-0.006109962239861488
-0.00610457407310605
-0.0060991863720119
-0.006093800067901611
-0.006088415626436472
-0.006083033978939056
-0.006077656988054514
-0.006072287913411856
-0.006066928151994944
-0.006061578635126352
-0.006056239362806082
-0.006050912197679281
-0.006045596208423376
-0.006040290463715792
-0.006034994497895241
-0.006029706913977861
-0.006024426314979792
-0.00601915130391717
-0.006013880483806133
-0.006008612457662821
-0.00600334582850337
-0.005998081527650356
-0.005992818623781204
-0.005987558513879776
-0.005982300732284784
-0.005977044813334942
-0.005971791222691536
-0.005966540891677141
-0.005961294751614332
-0.005956051405519247
-0.005950812250375748
-0.005945575889199972
-0.005940341856330633
-0.005935109220445156
-0.005929877515882254
-0.005924643948674202
-0.005919408518821001
-0.005914169363677502
-0.005908925086259842
-0.005903673358261585
-0.005898411851376295
-0.005893140565603971
-0.005887858103960752
-0.005882562603801489
-0.005877252668142319
-0.005871927365660667
-0.00586658576503396
-0.005861226469278336
-0.005855849012732506
-0.00585045013576746
-0.005845029838383198
-0.005839585326611996
-0.005834114272147417
-0.005828613415360451
-0.005823079962283373
-0.005817512050271034
-0.005811906885355711
-0.005806260742247105
-0.005800569895654917
-0.005794832017272711
-0.005789043381810188
-0.005783201195299625
-0.005777301732450724
-0.005771341267973185
-0.005765317007899284
-0.005759226158261299
-0.005753063131123781
-0.005746826063841581
-0.005740511696785688
-0.005734116770327091
-0.005727638024836779
-0.005721071735024452
-0.005714415106922388
-0.005707664880901575
-0.005700817797333002
-0.005693870130926371
-0.005686819553375244
-0.005679663736373186
-0.00567240035161376
-0.005665028933435678
-0.005657546687871218
-0.005649953614920378
-0.005642247851938009
-0.005634428467601538
-0.005626496858894825
-0.005618453025817871
-0.005610297899693251
-0.005602033343166113
-0.00559366075322032
-0.005585184320807457
-0.005576606839895248
-0.005567931570112705
-0.005559163633733988
-0.005550309084355831
-0.005541374441236258
-0.005532367620617151
-0.005523295607417822
-0.005514167714864016
-0.005504993721842766
-0.005495782475918531
-0.00548654654994607
-0.005477297119796276
-0.005468046758323908
-0.005458808969706297
-0.005449596326798201
-0.0054404241964221
-0.005431306548416615
-0.005422260146588087
-0.005413300823420286
-0.005404443945735693
-0.005395706743001938
-0.005387105513364077
-0.005378656554967165
-0.005370376631617546
-0.005362282507121563
-0.005354391876608133
-0.005346720106899738
-0.005339285358786583
-0.005332101602107286
-0.005325183738023043
-0.005318548064678907
-0.005312207154929638
-0.005306173581629992
-0.005300458986312151
-0.005295074544847012
-0.005290028639137745
-0.005285330582410097
-0.005280985962599516
-0.005277000367641449
-0.005273377522826195
-0.00527011975646019
-0.005267228465527296
-0.005264703184366226
-0.005262541584670544
-0.005260740406811237
-0.005259295925498009
-0.005258201621472836
-0.005257450044155121
-0.005257032811641693
-0.005256939679384232
-0.005257160868495703
-0.005257683340460062
-0.00525849312543869
-0.005259577184915543
-0.005260919686406851
-0.005262504797428846
-0.005264316219836473
-0.005266337189823389
-0.005268551874905825
-0.005270942114293575
-0.005273490678519011
-0.005276180803775787
-0.005278995726257563
-0.005281919613480568
-0.005284936167299747
-0.005288030952215195
-0.005291186738759279
-0.005294390022754669
-0.00529762776568532
-0.005300885532051325
-0.005304149817675352
-0.005307408515363932
-0.005310648586601019
-0.005313857924193144
-0.005317026283591986
-0.005320142488926649
-0.005323194898664951
-0.005326173733919859
-0.005329068284481764
-0.005331869702786207
-0.005334567278623581
-0.005337152164429426
-0.005339613184332848
-0.005341940093785524
-0.00534412357956171
-0.005346152000129223
-0.005348014179617167
-0.005349699873477221
-0.005351197440177202
-0.005352495238184929
-0.005353582091629505
-0.005354447290301323
-0.0053550791926682
-0.005355467088520527
-0.005355601664632559
-0.005355473142117262
-0.005355073604732752
-0.005354396533221006
-0.005353437270969152
-0.005352191161364317
-0.005350656341761351
-0.005348833743482828
-0.005346724297851324
-0.005344332195818424
-0.005341663956642151
-0.005338729359209538
-0.005335540045052767
-0.005332109984010458
-0.005328455939888954
-0.005324598401784897
-0.005320559721440077
-0.005316363647580147
-0.005312037188559771
-0.005307609681040049
-0.005303110461682081
-0.005298573058098555
-0.005294029135257006
-0.005289511755108833
-0.005285053979605436
-0.005280688870698214
-0.005276448093354702
-0.005272361449897289
-0.005268457811325788
-0.005264764185994864
-0.00526130199432373
-0.005258091725409031
-0.005255149211734533
-0.005252487491816282
-0.005250114016234875
-0.005248032510280609
-0.005246242508292198
-0.005244737956672907
-0.00524350767955184
-0.00524253724142909
-0.005241806153208017
-0.005241291597485542
-0.00524096516892314
-0.005240796599537134
-0.005240752827376127
-0.005240797996520996
-0.005240894854068756
-0.005241004750132561
-0.005241089500486851
-0.005241111386567354
-0.005241032224148512
-0.005240817554295063
-0.005240433849394321
-0.005239851772785187
-0.005239046178758144
-0.005237995181232691
-0.005236680619418621
-0.005235091783106327
-0.005233220290392637
-0.005231065209954977
-0.005228630732744932
-0.005225927568972111
-0.005222968757152557
-0.005219774786382914
-0.005216369405388832
-0.005212781019508839
-0.00520904129371047
-0.005205182358622551
-0.005201240535825491
-0.005197253078222275
-0.0051932567730546
-0.005189288407564163
-0.005185383372008801
-0.005181575659662485
-0.005177895538508892
-0.00517437094822526
-0.005171023774892092
-0.005167874041944742
-0.005164936650544405
-0.005162219516932964
-0.005159727763384581
-0.005157459061592817
-0.005155407357960939
-0.005153561942279339
-0.005151905119419098
-0.005150417797267437
-0.005149076227098703
-0.005147854331880808
-0.005146723240613937
-0.005145652685314417
-0.005144610535353422
-0.005143566057085991
-0.005142487585544586
-0.00514134531840682
-0.005140112247318029
-0.005138764157891273
-0.005137280095368624
-0.005135641898959875
-0.00513383699581027
-0.005131855607032776
-0.005129695869982243
-0.00512735778465867
-0.00512484647333622
-0.005122172180563211
-0.005119348876178265
-0.005116392858326435
-0.005113324150443077
-0.005110166501253843
-0.005106942728161812
-0.005103678908199072
-0.005100401118397713
-0.005097133573144674
-0.005093900952488184
-0.005090724676847458
-0.005087626166641712
-0.005084622651338577
-0.00508172856643796
-0.00507895415648818
-0.005076307337731123
-0.005073790904134512
-0.00507140439003706
-0.005069144535809755
-0.005067003425210714
-0.005064971745014191
-0.005063035059720278
-0.005061178002506495
-0.005059382878243923
-0.005057630594819784
-0.005055901128798723
-0.005054175388067961
-0.005052434280514717
-0.005050660111010075
-0.005048836581408978
-0.00504694739356637
-0.005044982302933931
-0.005042931996285915
-0.0050407899543643
-0.005038552917540073
-0.005036219954490662
-0.005033794324845076
-0.005031281150877476
-0.005028686951845884
-0.005026023369282484
-0.00502330157905817
-0.0050205341540277
-0.005017735064029694
-0.005014919210225344
-0.005012101493775845
-0.005009296350181103
-0.005006516817957163
-0.00500377593562007
-0.005001083947718143
-0.004998449236154556
-0.004995877388864756
-0.004993373528122902
-0.004990939516574144
-0.004988574422895908
-0.00498627545312047
-0.004984038881957531
-0.004981858655810356
-0.004979726858437061
-0.004977634642273188
-0.00497557083144784
-0.004973526112735271
-0.004971490241587162
-0.004969452507793903
-0.004967403598129749
-0.004965333733707666
-0.004963235463947058
-0.00496110413223505
-0.004958933684974909
-0.004956724122166634
-0.004954472649842501
-0.004952180664986372
-0.004949850495904684
-0.004947487730532885
-0.004945098422467709
-0.004942689090967178
-0.004940268583595753
-0.004937845747917891
-0.004935428965836763
-0.004933027550578117
-0.004930651281028986
-0.004928308073431253
-0.004926005844026804
-0.00492375111207366
-0.004921550862491131
-0.004919409286230803
-0.004917329177260399
-0.004915313795208931
-0.004913365002721548
-0.004911482334136963
-0.004909664858132601
-0.0049079111777246
-0.004906218498945236
-0.004904584959149361
-0.004903006833046675
-0.004901480861008167
-0.004900003783404827
-0.00489857280626893
-0.004897186066955328
-0.004895841702818871
-0.004894538782536983
-0.004893277771770954
-0.004892059601843357
-0.004890885204076767
-0.004889758303761482
-0.004888681694865227
-0.004887659102678299
-0.004886695183813572
-0.004885796457529068
-0.00488496758043766
-0.004884214140474796
-0.004883541259914637
-0.004882953129708767
-0.004882454872131348
-0.004882049281150103
-0.004881739150732756
-0.004881526809185743
-0.004881412722170353
-0.004881396424025297
-0.004881477449089289
-0.004881653003394604
-0.004881919827312231
-0.004882273729890585
-0.004882709588855505
-0.004883221816271544
-0.004883804824203253
-0.004884453024715185
-0.004885159432888031
-0.004885917063802481
-0.004886720795184374
-0.004887564107775688
-0.004888440947979689
-0.004889346193522215
-0.004890275653451681
-0.004891225602477789
-0.00489219231531024
-0.004893172066658735
-0.004894162993878126
-0.00489516369998455
-0.004896172322332859
-0.004897187929600477
-0.00489820959046483
-0.004899236839264631
-0.004900268279016018
-0.004901304375380278
-0.00490234512835741
-0.004903389606624842
-0.004904439207166433
-0.004905493464320898
-0.004906551912426949
-0.004907615017145872
-0.004908682778477669
-0.004909754265099764
-0.004910829942673445
-0.004911909811198711
-0.004912992473691702
-0.004914077930152416
-0.004915166180580854
-0.004916256293654442
-0.00491734966635704
-0.004918446764349937
-0.004919547587633133
-0.004920653998851776
-0.00492176553234458
-0.004922884050756693
-0.004924010951071978
-0.00492514856159687
-0.004926297347992659
-0.004927458241581917
-0.004928633105009794
-0.004929822403937578
-0.004931026604026556
-0.004932247567921877
-0.004933485295623541
-0.004934739787131548
-0.00493601243942976
-0.004937303718179464
-0.004938613623380661
-0.004939943086355925
-0.004941293504089117
-0.004942665342241526
-0.004944061860442162
-0.004945483990013599
-0.004946933593600988
-0.004948414862155914
-0.004949930123984814
-0.004951483104377985
-0.004953078459948301
-0.004954720847308636
-0.00495641678571701
-0.004958171397447586
-0.004959991201758385
-0.004961883183568716
-0.004963855259120464
-0.004965913947671652
-0.004968067165464163
-0.004970321897417307
-0.004972684197127819
-0.004975160583853722
-0.00497775711119175
-0.004980477038770914
-0.004983324091881514
-0.004986301064491272
-0.004989407956600189
-0.004992643836885691
-0.004996007774025202
-0.004999495111405849
-0.005003100726753473
-0.005006818100810051
-0.005010638386011124
-0.005014551337808371
-0.005018545780330896
-0.005022609140723944
-0.005026727449148893
-0.005030885804444551
-0.00503506837412715
-0.005039257928729057
-0.005043437704443932
-0.005047591403126717
-0.00505170039832592
-0.005055746994912624
-0.005059714429080486
-0.005063587334007025
-0.005067349411547184
-0.005070986226201057
-0.005074483342468739
-0.005077827256172895
-0.005081006791442633
-0.00508400984108448
-0.00508682569488883
-0.005089445970952511
-0.005091861821711063
-0.005094065796583891
-0.005096051841974258
-0.005097812972962856
-0.00509934313595295
-0.005100637208670378
-0.005101689603179693
-0.005102494265884161
-0.005103047005832195
-0.00510334363207221
-0.005103378556668758
-0.005103147123008966
-0.005102644208818674
-0.005101864691823721
-0.005100803449749947
-0.005099455360323191
-0.005097815301269293
-0.00509587861597538
-0.005093640647828579
-0.005091097205877304
-0.005088245030492544
-0.005085080396384001
-0.005081602837890387
-0.005077811889350414
-0.005073708482086658
-0.005069294013082981
-0.005064574535936117
-0.005059555638581514
-0.005054246168583632
-0.005048656836152077
-0.005042800679802895
-0.005036692600697279
-0.005030350293964148
-0.005023790989071131
-0.005017035640776157
-0.005010106135159731
-0.005003025289624929
-0.004995817318558693
-0.004988507833331823
-0.004981121513992548
-0.004973684437572956
-0.0049662203527987
-0.004958754871040583
-0.004951311275362968
-0.004943912848830223
-0.00493658147752285
-0.004929337184876204
-0.004922198131680489
-0.004915180150419474
-0.004908299073576927
-0.004901567008346319
-0.00489499606192112
-0.004888595547527075
-0.004882373847067356
-0.004876337014138699
-0.00487049063667655
-0.004864838439971209
-0.004859384149312973
-0.004854131489992142
-0.004849081393331289
-0.004844236187636852
-0.004839598201215267
-0.004835169762372971
-0.004830953665077686
-0.004826951306313276
-0.004823165945708752
-0.004819598980247974
-0.004816255066543818
-0.004813135135918856
-0.0048102424480021
-0.0048075788654387
-0.004805146250873804
-0.004802943672984838
-0.004800972063094378
-0.004799229092895985
-0.004797712434083223
-0.004796416964381933
-0.004795336164534092
-0.004794462583959103
-0.004793785978108644
-0.004793292842805386
-0.004792969208210707
-0.004792798776179552
-0.004792762454599142
-0.004792839288711548
-0.004793008323758841
-0.004793244879692793
-0.004793526139110327
-0.00479382649064064
-0.004794121254235506
-0.004794384352862835
-0.0047945911064744
-0.004794716369360685
-0.00479473639279604
-0.004794629756361246
-0.004794375505298376
-0.00479395454749465
-0.004793350584805012
-0.004792549647390842
-0.004791540093719959
-0.004790314473211765
-0.004788865800946951
-0.004787192214280367
-0.004785295575857162
-0.004783179610967636
-0.004780851770192385
-0.004778322298079729
-0.004775605164468288
-0.004772715736180544
-0.004769672639667988
-0.004766496829688549
-0.004763211123645306
-0.004759839735925198
-0.004756408743560314
-0.004752945154905319
-0.004749475978314877
-0.004746029619127512
-0.004742634017020464
-0.004739316180348396
-0.004736103117465973
-0.004733019042760134
-0.004730087239295244
-0.004727328196167946
-0.004724761005491018
-0.004722400102764368
-0.00472025852650404
-0.004718343261629343
-0.004716659430414438
-0.004715207498520613
-0.004713984206318855
-0.004712982103228569
-0.004712189082056284
-0.004711589775979519
-0.004711165558546782
-0.004710895009338856
-0.004710752982646227
-0.004710712935775518
-0.004710745997726917
-0.004710821900516748
-0.00471090991050005
-0.004710978828370571
-0.004710998851805925
-0.004710941575467587
-0.004710779525339603
-0.004710488021373749
-0.004710046574473381
-0.004709437489509583
-0.004708646796643734
-0.004707665182650089
-0.004706487525254488
-0.004705114290118217
-0.004703547339886427
-0.004701795522123575
-0.004699870478361845
-0.004697789903730154
-0.004695572890341282
-0.004693241789937019
-0.004690820351243019
-0.004688334185630083
-0.00468581123277545
-0.00468327896669507
-0.004680762067437172
-0.004678288009017706
-0.004675879143178463
-0.004673557355999947
-0.004671341273933649
-0.004669248126447201
-0.004667287692427635
-0.004665467422455549
-0.004663792438805103
-0.004662263207137585
-0.004660875536501408
-0.004659620579332113
-0.004658488091081381
-0.004657464567571878
-0.004656532779335976
-0.004655672702938318
-0.004654863849282265
-0.00465408293530345
-0.004653307609260082
-0.00465251412242651
-0.004651680123060942
-0.004650783725082874
-0.004649803508073092
-0.004648721311241388
-0.004647521767765284
-0.004646190442144871
-0.00464471522718668
-0.004643088206648827
-0.004641304258257151
-0.004639361519366503
-0.00463726045563817
-0.00463500339537859
-0.004632595460861921
-0.00463004456833005
-0.00462736003100872
-0.004624552093446255
-0.004621632862836123
-0.004618614912033081
-0.004615511279553175
-0.004612335003912449
-0.004609096795320511
-0.004605809692293406
-0.004602483473718166
-0.004599126987159252
-0.004595746751874685
-0.004592348821461201
-0.00458893645554781
-0.004585511516779661
-0.004582074005156755
-0.004578621592372656
-0.004575151018798351
-0.004571655765175819
-0.004568128846585751
-0.004564562346786261
-0.004560946021229029
-0.004557271488010883
-0.004553528968244791
-0.004549708683043718
-0.004545801319181919
-0.004541796632111073
-0.004537686239928007
-0.004533463157713413
-0.004529119934886694
-0.004524652846157551
-0.004520059563219547
-0.004515338689088821
-0.004510490223765373
-0.004505515564233065
-0.004500419367104769
-0.004495207220315933
-0.00448988564312458
-0.004484462551772594
-0.004478946328163147
-0.004473346751183271
-0.004467673599720001
-0.004461937118321657
-0.004456147085875273
-0.004450312349945307
-0.004444442689418793
-0.00443854508921504
-0.004432626999914646
-0.004426692612469196
-0.004420746117830276
-0.004414790309965611
-0.004408825188875198
-0.004402849357575178
-0.004396859556436539
-0.004390852525830269
-0.004384822212159634
-0.004378760233521461
-0.00437266007065773
-0.004366511944681406
-0.00436030700802803
-0.004354035016149282
-0.004347687121480703
-0.00434125354513526
-0.004334727302193642
-0.00432810140773654
-0.004321369808167219
-0.004314528778195381
-0.004307576920837164
-0.004300512839108706
-0.004293337929993868
-0.004286056384444237
-0.004278674721717834
-0.004271201323717833
-0.004263645969331264
-0.004256020300090313
-0.004248336423188448
-0.004240610171109438
-0.004232856445014477
-0.004225090611726046
-0.004217329435050488
-0.004209590144455433
-0.004201889038085938
-0.004194241482764482
-0.004186663310974836
-0.004179168958216906
-0.004171770066022873
-0.004164477810263634
-0.004157303832471371
-0.004150256048887968
-0.004143340978771448
-0.004136564675718546
-0.004129931330680847
-0.004123442340642214
-0.004117099568247795
-0.004110902082175016
-0.004104848019778728
-0.004098935518413782
-0.004093159455806017
-0.00408751517534256
-0.004081996623426676
-0.004076598212122917
-0.004071312490850687
-0.004066131543368101
-0.004061045125126839
-0.004056044388562441
-0.004051118157804012
-0.004046254325658083
-0.004041441716253757
-0.004036668222397566
-0.004031921271234751
-0.004027188289910555
-0.004022454377263784
-0.004017706029117107
-0.004012930672615767
-0.004008114337921143
-0.004003244917839766
-0.003998309839516878
-0.00399329885840416
-0.003988200798630714
-0.003983008209615946
-0.003977713640779257
-0.0039723115041852
-0.003966799937188625
-0.003961176611483097
-0.003955443389713764
-0.003949603531509638
-0.003943662159144878
-0.00393762718886137
-0.003931508399546146
-0.003925316967070103
-0.003919066395610571
-0.003912771120667458
-0.003906446043401957
-0.003900107927620411
-0.003893772838637233
-0.003887457773089409
-0.003881179029121995
-0.00387495313771069
-0.003868795000016689
-0.003862717421725392
-0.003856732277199626
-0.003850849345326424
-0.003845075843855739
-0.003839416662231088
-0.003833874594420195
-0.003828449640423059
-0.003823139937594533
-0.003817940829321742
-0.003812845563516021
-0.00380784529261291
-0.003802929306402802
-0.003798086196184158
-0.003793302224949002
-0.003788564121350646
-0.003783857217058539
-0.003779167542234063
-0.003774480661377311
-0.00376978307031095
-0.003765062429010868
-0.003760306863114238
-0.003755506128072739
-0.003750652307644486
-0.003745737951248884
-0.003740758635103703
-0.003735710633918643
-0.003730592550709844
-0.003725405549630523
-0.003720151726156473
-0.003714835504069924
-0.003709462936967611
-0.0037040407769382
-0.003698578104376793
-0.003693083766847849
-0.003687568241730332
-0.003682041075080633
-0.003676513442769647
-0.00367099535651505
-0.003665497060865164
-0.003660027170553803
-0.003654594998806715
-0.003649207763373852
-0.003643872449174523
-0.003638594411313534
-0.003633377607911825
-0.003628224600106478
-0.003623136784881353
-0.003618113929405808
-0.003613154636695981
-0.003608256578445435
-0.003603416029363871
-0.003598628100007772
-0.003593888133764267
-0.003589190077036619
-0.003584528109058738
-0.0035798957105726
-0.003575286595150828
-0.003570694476366043
-0.00356611330062151
-0.003561537247151136
-0.003556961659342051
-0.003552382346242666
-0.003547796048223972
-0.003543200669810176
-0.003538595046848059
-0.003533978946506977
-0.003529353765770793
-0.003524721367284656
-0.003520084777846932
-0.003515447955578566
-0.003510815557092428
-0.003506193403154612
-0.003501587081700563
-0.003497002646327019
-0.003492446616292
-0.003487925278022885
-0.003483444219455123
-0.003479009261354804
-0.003474625525996089
-0.003470296273007989
-0.00346602569334209
-0.003461815882474184
-0.00345766800455749
-0.003453582525253296
-0.003449558513239026
-0.003445593873038888
-0.00344168534502387
-0.003437829669564962
-0.00343402149155736
-0.003430255223065615
-0.003426524810492992
-0.00342282303608954
-0.003419142914935946
-0.003415476996451616
-0.003411818295717239
-0.003408159594982862
-0.003404493676498532
-0.003400814021006227
-0.003397115506231785
-0.00339339324273169
-0.003389642806723714
-0.003385860472917557
-0.003382043680176139
-0.003378190565854311
-0.003374300897121429
-0.003370374441146851
-0.003366412362083793
-0.003362416289746761
-0.003358388785272837
-0.003354332875460386
-0.003350253216922283
-0.003346154000610113
-0.003342039883136749
-0.003337916219606996
-0.003333788132295012
-0.003329661907628179
-0.003325541969388723
-0.003321433439850807
-0.003317342372611165
-0.00331327342428267
-0.003309232648462057
-0.003305225167423487
-0.003301255637779832
-0.003297329181805253
-0.003293449990451336
-0.003289623185992241
-0.003285852959379554
-0.00328214350156486
-0.003278499934822321
-0.003274926450103521
-0.003271427471190691
-0.003268007189035416
-0.003264670260250568
-0.003261420410126448
-0.003258260665461421
-0.003255194751545787
-0.003252225695177913
-0.00324935675598681
-0.003246589563786983
-0.003243925981223583
-0.003241366939619184
-0.003238911740481853
-0.003236559918150306
-0.003234309609979391
-0.003232157556340098
-0.003230099566280842
-0.003228130983188748
-0.003226244822144508
-0.003224434098228812
-0.003222690429538488
-0.003221004735678434
-0.003219367237761617
-0.003217768389731646
-0.0032161979470402
-0.003214645897969604
-0.003213101765140891
-0.003211555304005742
-0.00320999720133841
-0.003208418609574437
-0.003206811612471938
-0.003205168526619673
-0.003203483065590262
-0.003201749641448259
-0.003199964296072721
-0.003198124002665281
-0.00319622689858079
-0.003194272285327315
-0.003192261792719364
-0.003190195886418223
-0.003188077826052904
-0.003185910638421774
-0.003183697815984488
-0.003181444481015205
-0.003179155755788088
-0.003176836064085364
-0.003174491226673126
-0.003172125667333603
-0.003169745206832886
-0.003167354036122561
-0.003164955880492926
-0.003162554232403636
-0.003160152118653059
-0.003157751634716988
-0.003155354177579284
-0.003152960911393166
-0.003150571370497346
-0.003148186020553112
-0.003145803930237889
-0.003143424168229103
-0.003141046268865466
-0.00313866906799376
-0.003136291867122054
-0.00313391350209713
-0.003131533041596413
-0.003129150718450546
-0.003126766532659531
-0.00312438141554594
-0.003121996065601707
-0.003119612112641335
-0.00311723118647933
-0.003114856546744704
-0.003112489590421319
-0.003110132878646255
-0.003107789438217878
-0.003105462295934558
-0.00310315378010273
-0.003100866684690118
-0.003098603570833802
-0.003096366766840219
-0.003094158368185163
-0.003091978374868631
-0.003089828649535775
-0.003087709192186594
-0.003085619769990444
-0.003083558287471533
-0.003081523114815354
-0.003079511225223541
-0.003077519591897726
-0.00307554448954761
-0.003073581261560321
-0.003071625716984272
-0.003069672733545303
-0.003067717654630542
-0.003065754659473896
-0.003063779091462493
-0.003061786293983459
-0.003059772541746497
-0.00305773364380002
-0.003055666806176305
-0.003053569467738271
-0.003051440231502056
-0.003049278631806374
-0.003047084202989936
-0.003044858807697892
-0.003042603610083461
-0.003040321636945009
-0.003038016613572836
-0.003035692498087883
-0.003033354412764311
-0.003031007945537567
-0.0030286586843431
-0.003026311984285712
-0.003023974131792784
-0.003021650481969118
-0.003019346855580807
-0.003017067210748792
-0.003014815505594015
-0.003012595465406775
-0.003010408021509647
-0.003008255269378424
-0.003006136743351817
-0.003004052443429828
-0.003002001438289881
-0.002999981166794896
-0.002997987903654575
-0.002996018156409264
-0.002994067268446088
-0.002992130117490888
-0.002990202279761434
-0.002988278167322278
-0.002986352657899261
-0.002984420396387577
-0.002982477424666286
-0.002980519318953156
-0.002978542586788535
-0.002976544667035341
-0.002974523697048426
-0.002972478047013283
-0.002970407949760556
-0.00296831363812089
-0.002966196509078145
-0.002964058890938759
-0.002961903810501099
-0.002959734760224819
-0.002957555698230863
-0.002955370582640171
-0.002953183371573687
-0.002950998721644282
-0.002948820823803544
-0.002946654101833701
-0.002944502281025052
-0.00294236745685339
-0.002940252190455794
-0.002938158577308059
-0.002936087548732758
-0.002934039104729891
-0.002932013012468815
-0.002930008107796311
-0.002928022295236588
-0.002926053246483207
-0.002924097934737802
-0.002922153333202004
-0.002920215716585517
-0.002918281359598041
-0.002916347235441208
-0.002914410084486008
-0.002912466879934072
-0.002910515060648322
-0.002908552531152964
-0.002906577894464135
-0.00290459138341248
-0.002902592299506068
-0.002900581574067473
-0.002898560138419271
-0.002896529389545321
-0.002894490491598845
-0.00289244600571692
-0.00289039802737534
-0.002888349117711186
-0.002886301372200251
-0.002884257584810257
-0.00288221868686378
-0.002880187006667256
-0.002878163941204548
-0.002876149956136942
-0.0028741464484483
-0.002872153650969267
-0.002870171098038554
-0.002868199022486806
-0.002866236725822091
-0.002864283509552479
-0.002862337976694107
-0.002860399195924401
-0.002858465537428856
-0.002856535837054253
-0.002854608464986086
-0.002852682257071137
-0.002850756514817476
-0.002848829841241241
-0.002846901770681143
-0.002844971604645252
-0.002843038644641638
-0.002841103356331587
-0.002839165506884456
-0.002837224863469601
-0.002835281658917665
-0.002833336824551225
-0.002831390593200922
-0.002829443430528045
-0.002827496500685811
-0.002825550036504865
-0.002823605202138424
-0.002821662463247776
-0.002819722518324852
-0.002817785833030939
-0.002815853105857968
-0.002813925035297871
-0.00281200185418129
-0.002810083096846938
-0.00280816899612546
-0.002806259784847498
-0.002804354531690478
-0.002802453236654401
-0.002800555434077978
-0.002798661589622498
-0.002796770073473454
-0.002794881351292133
-0.002792993793264031
-0.002791107632219791
-0.00278922263532877
-0.002787338336929679
-0.002785454737022519
-0.002783572301268578
-0.002781690564006567
-0.002779809525236487
-0.002777929417788982
-0.002776049543172121
-0.002774170367047191
-0.002772292587906122
-0.002770415972918272
-0.002768540056422353
-0.002766665071249008
-0.002764791250228882
-0.002762918593361974
-0.002761047799140215
-0.002759178867563605
-0.002757312264293432
-0.002755447756499052
-0.002753586275503039
-0.002751727588474751
-0.002749871928244829
-0.002748019061982632
-0.002746169222518802
-0.002744322409853339
-0.002742478391155601
-0.002740637864917517
-0.002738799899816513
-0.002736964728683233
-0.002735131653025746
-0.002733300672844052
-0.002731471788138151
-0.002729644300416112
-0.002727817976847291
-0.002725993050262332
-0.002724169287830591
-0.002722346922382712
-0.002720524789765477
-0.002718703588470817
-0.002716883085668087
-0.002715063048526645
-0.002713243709877133
-0.002711425302550197
-0.002709607593715191
-0.002707791514694691
-0.002705977065488696
-0.002704164478927851
-0.002702353755012155
-0.002700544893741608
-0.002698738360777497
-0.002696934156119823
-0.00269513251259923
-0.002693333430215716
-0.002691536676138639
-0.002689742483198643
-0.00268795108422637
-0.002686162479221821
-0.002684376202523708
-0.002682592254132032
-0.002680810168385506
-0.002679029712453485
-0.002677251119166613
-0.002675473922863603
-0.002673698123544455
-0.002671923488378525
-0.002670150017365813
-0.00266837771050632
-0.002666606567800045
-0.002664836589246988
-0.00266306777484715
-0.002661300357431173
-0.002659534104168415
-0.002657769247889519
-0.002656006021425128
-0.002654244191944599
-0.002652484690770507
-0.002650726586580276
-0.002648970345035195
-0.002647216431796551
-0.002645464148372412
-0.002643714658915997
-0.002641967264935374
-0.002640221733599901
-0.002638478530570865
-0.002636736957356334
-0.002634997246786952
-0.00263325939886272
-0.002631523413583636
-0.002629789290949702
-0.00262805656529963
-0.002626325469464064
-0.002624596236273646
-0.002622868167236447
-0.002621142193675041
-0.002619417384266853
-0.002617693739011884
-0.002615971257910132
-0.002614250406622887
-0.002612530952319503
-0.002610812429338694
-0.002609095303341746
-0.002607379108667374
-0.002605665009468794
-0.00260395254008472
-0.002602241700515151
-0.002600532723590732
-0.002598826074972749
-0.002597121754661202
-0.002595419296994805
-0.002593719400465488
-0.002592021366581321
-0.002590325428172946
-0.002588631119579077
-0.002586938906461
-0.00258524832315743
-0.002583559136837721
-0.00258187111467123
-0.002580184256657958
-0.002578498562797904
-0.002576814033091068
-0.002575130900368094
-0.002573448931798339
-0.002571767894551158
-0.002570088487118483
-0.002568410476669669
-0.00256673339754343
-0.002565058181062341
-0.002563384361565113
-0.002561712171882391
-0.002560041844844818
-0.002558373147621751
-0.002556706080213189
-0.002555040642619133
-0.002553376834839582
-0.002551715122535825
-0.002550055040046573
-0.002548397285863757
-0.002546741161495447
-0.00254508713260293
-0.002543434500694275
-0.002541783498600125
-0.002540134126320481
-0.00253848684951663
-0.002536840969696641
-0.002535196486860514
-0.002533553866669536
-0.002531912177801132
-0.002530271420255303
-0.002528632059693336
-0.002526994328945875
-0.002525357995182276
-0.002523723058402538
-0.002522089518606663
-0.002520457142964005
-0.002518826629966497
-0.002517197513952851
-0.002515570027753711
-0.002513944171369076
-0.002512319711968303
-0.002510696416720748
-0.002509074751287699
-0.002507454948499799
-0.002505836542695761
-0.002504219999536872
-0.002502605086192489
-0.002500991802662611
-0.002499380381777883
-0.00249777059070766
-0.002496162662282586
-0.002494556363672018
-0.002492951462045312
-0.002491348423063755
-0.002489746315404773
-0.002488145139068365
-0.002486544894054532
-0.002484945813193917
-0.002483348362147808
-0.002481752540916204
-0.002480157883837819
-0.002478565089404583
-0.002476974157616496
-0.002475385088473558
-0.002473797416314483
-0.002472211606800556
-0.002470626961439848
-0.002469043480232358
-0.002467461628839374
-0.002465881174430251
-0.002464301651343703
-0.002462723758071661
-0.002461147028952837
-0.002459571231156588
-0.002457996364682913
-0.0024564228951931
-0.002454850357025862
-0.002453278983011842
-0.002451709005981684
-0.002450140425935388
-0.002448573242872953
-0.002447007922455668
-0.00244544493034482
-0.002443883800879121
-0.002442324301227927
-0.002440766664221883
-0.002439210889860988
-0.002437656978145242
-0.002436104929074645
-0.002434554044157267
-0.002433004323393106
-0.002431455999612808
-0.002429908374324441
-0.002428361913189292
-0.002426816383376718
-0.002425271784886718
-0.00242372858338058
-0.002422186778858304
-0.00242064637131989
-0.002419108059257269
-0.00241757114417851
-0.002416036557406187
-0.002414503833279014
-0.002412973204627633
-0.002411444205790758
-0.002409916603937745
-0.002408390399068594
-0.002406865358352661
-0.002405341248959303
-0.002403818070888519
-0.00240229582414031
-0.002400774275884032
-0.002399253193289042
-0.002397733042016625
-0.002396213822066784
-0.002394695533439517
-0.002393178408965468
-0.002391662448644638
-0.00239014788530767
-0.002388634718954563
-0.002387122949585319
-0.002385613275691867
-0.002384104998782277
-0.002382598584517837
-0.002381094032898545
-0.002379591343924403
-0.00237809051759541
-0.002376591321080923
-0.002375093754380941
-0.002373597817495465
-0.002372103044763207
-0.002370609669014812
-0.002369117457419634
-0.002367626642808318
-0.002366136992350221
-0.002364648506045341
-0.002363160951063037
-0.002361675025895238
-0.002360190497711301
-0.002358707133680582
-0.002357224933803082
-0.002355743898078799
-0.002354264026507735
-0.002352785551920533
-0.002351308241486549
-0.002349832095205784
-0.002348356880247593
-0.002346883062273264
-0.002345410408452153
-0.002343938918784261
-0.00234246882610023
-0.002341000363230705
-0.002339533064514399
-0.002338066697120667
-0.002336601726710796
-0.002335138386115432
-0.002333676209673285
-0.002332215663045645
-0.002330756513401866
-0.002329298760741949
-0.002327842637896538
-0.002326388144865632
-0.002324935048818588
-0.00232348358258605
-0.00232203328050673
-0.002320584142580628
-0.002319136401638389
-0.002317689824849367
-0.002316244412213564
-0.002314799930900335
-0.002313356613740325
-0.002311914460733533
-0.002310473704710603
-0.002309033647179604
-0.00230759521946311
-0.002306158188730478
-0.002304722089320421
-0.002303287386894226
-0.002301853848621249
-0.002300421707332134
-0.002298990730196238
-0.002297561150044203
-0.002296132734045386
-0.002294705482199788
-0.002293279627338052
-0.002291854470968246
-0.002290430478751659
-0.002289007650688291
-0.002287585753947496
-0.002286165254190564
-0.002284746151417494
-0.002283328445628285
-0.002281912136822939
-0.002280497225001454
-0.002279083477333188
-0.00227767089381814
-0.00227625947445631
-0.002274849684908986
-0.002273440826684237
-0.002272033365443349
-0.00227062706835568
-0.002269221935421228
-0.002267818432301283
-0.002266416558995843
-0.002265015384182334
-0.002263615839183331
-0.002262217458337545
-0.002260820241644979
-0.002259424421936274
-0.002258029999211431
-0.002256636973470449
-0.002255245111882687
-0.002253854414448142
-0.002252464881166816
-0.002251076279208064
-0.002249689074233174
-0.002248302800580859
-0.002246917225420475
-0.002245532581582665
-0.00224414886906743
-0.002242766320705414
-0.002241385402157903
-0.002240005414932966
-0.002238626824691892
-0.002237249631434679
-0.002235873602330685
-0.002234498504549265
-0.002233124570921063
-0.00223175180144608
-0.002230379963293672
-0.002229009522125125
-0.002227640245109797
-0.002226271666586399
-0.002224904019385576
-0.002223537769168615
-0.002222172683104873
-0.002220808994024992
-0.00221944646909833
-0.002218085108324885
-0.002216724911704659
-0.002215366112068295
-0.00221400847658515
-0.002212652238085866
-0.002211297396570444
-0.002209943719208241
-0.002208591438829899
-0.002207240322604775
-0.002205890603363514
-0.002204541815444827
-0.002203194424510002
-0.002201848430559039
-0.002200503367930651
-0.002199159935116768
-0.00219781743362546
-0.002196475630626082
-0.002195135457441211
-0.002193796215578914
-0.002192458137869835
-0.002191121224313974
-0.002189785242080688
-0.002188450191169977
-0.002187116304412484
-0.002185783348977566
-0.002184451790526509
-0.002183121163398027
-0.002181791933253407
-0.002180463867262006
-0.002179136732593179
-0.002177810994908214
-0.002176486421376467
-0.002175162779167295
-0.002173840533941984
-0.002172519452869892
-0.002171199070289731
-0.002169879153370857
-0.002168560400605202
-0.002167242346331477
-0.002165925223380327
-0.002164609264582396
-0.002163294004276395
-0.002161980140954256
-0.002160667674615979
-0.002159356372430921
-0.002158046001568437
-0.002156736794859171
-0.002155428752303123
-0.002154121873900294
-0.00215281592682004
-0.002151511143893003
-0.002150207525119185
-0.002148905070498586
-0.002147604245692492
-0.002146304585039616
-0.002145005855709314
-0.002143708523362875
