0
0
0
0
0
0
0
0
0
0
0
0
0
0
0
0
0
0
0
0
0
0
0
0
0
0
0
0
0
0
0
0
0
0
0
0
0
0
0
0
0
0
0
0
0
0
0
0
0
0
0
0
0
0
0
0
0
0
0
0
0
0
0
0
0
0
0
0
0
0
0
0
0
0
0
0
0
0
0
0
0
0
0
0
0
0
0
0
0
0
0
0
0
0
0
0
0
0
0
0
0
0
0
0
0
0
0
0
0
0
0
0
0
0
0
0
0
0
0
0
0
0
0
0
0
0
0
0
0
0
0
0
0
0
0
0
0
0
0
0
0
0
0
0
0
0
0
0
0
0
0
0
0
0
0
0
0
0
0
0
0
0
0
0
0
0
0
0
0
0
0
0
0
0
0
0
0
0
0
0
0
0
0
0
0
0
0
0
0
0
0
0
0
0
0
0
0
0
0
0
0
0
0
0
0
0
0
0
0
0
0
0
0
0
0
0
0
0
0
0
0
0
0
0
0
0
0
0
0
0
0
0
0
0
0
0
0
0
0
0
0
0
0
0
0
0
0
0
0
0
0
0
0
0
0
0
0
0
0
0
0
0
0
0
0
0
0
0
0
0
0
0
0
0
0
0
0
0
0
0
0
0
0
0
0
0
0
0
0
0
0
0
0
0
0
0
0
0
0
0
0
0
0
0
0
0
0
0
0
0
0
0
0
0
0
0
0
0
0
0
0
0
0
0
0
0
0
0
0
0
0
0
0
0
0
0
0
0
0
0
0
0
0
0
0
0
0
0
0
0
0
0
0
0
0
0
0
0
0
0
0
0
0
0
0
0
0
0
0
0
0
0
0
0
0
0
0
0
0
0
0
0
0
0
0
0
0
0
0
0
0
0
0
0
0
0
0
0
0
0
0
0
0
0
0
0
0
0
0
0
0
0
0
0
0
0
0
0
0
0
0
0
0
0
0
0
0
0
0
0
0
0
0
0
0
0
0
0
0
0
0
0
0
0
0
0
0
0
0
0
0
0
0
0
0
0
0
0
0
0
0
0
0
0
0
0
0
0
0
0
0
0
0
0
0
0
0
0
0
0
0
0
0
0
0
0
0
0
0
0
0
0
0
0
0
0
0
0
0
0
0
0
0
0
0
0
0
0
0
0
0
0
0
0
0
0
0
0
0
0
0
0
0
0
0
0
0
0
0
0
0
0
0
0
0
0
0
0
0
0
0
0
0
0
0
0
0
0
0
0
0
0
0
0
0
0
0
0
0
0
0
0
0
0
0
0
0
0
0
0
0
0
0
0
0
0
0
0
0
0
0
0
0
0
0
0
0
0
0
0
0
0
0
0
0
0
0
0
0
0
0
0
0
0
0
0
0
0
0
0
0
0
0
0
0
0
0
0
0
0
0
0
0
0
0
0
0
0
0
0
0
0
0
0
0
0
0
0
0
0
0
0
0
0
0
0
0
0
0
0
0
0
0
0
0
0
0
0
0
0
0
0
0
0
0
0
0
0
0
0
0
0
0
0
0
0
0
0
0
0
0
0
0
0
0
0
0
0
0
0
0
0
0
0
0
0
0
0
0
0
0
0
0
0
0
0
0
0
0
0
0
0
0
0
0
0
0
0
0
0
0
0
0
0
0
0
0
0
0
0
0
0
0
0
0
0
0
0
0
0
0
0
0
0
0
0
0
0
0
0
0
0
0
0
0
0
0
0
0
0
0
0
0
0
0
0
0
0
0
0
0
0
0
0
0
0
0
0
0
0
0
0
0
0
0
0
0
0
0
0
0
0
0
0
0
0
0
0
0
0
0
0
0
0
0
0
0
0
0
0
0
0
0
0
0
0
0
0
0
0
0
0
0
0
0
0
0
0
0
0
0
0
0
0
0
0
0
0
0
0
0
0
0
0
0
0
0
0
0
0
0
0
0
0
0
0
0
0
0
0
0
0
0
0
0
0
0
0
0
0
0
0
0
0
0
0
0
0
0
0
0
0
0
0
0
0
0
0
0
0
0
0
0
0
0
0
0
0
0
0
0
0
0
0
0
0
0
0
0
0
0
0
0
0
0
0
0
0
0
0
0
0
0
0
0
0
0
0
0
0
0
0
0
0
0
0
0
0
0
0
0
0
0
0
0
0
0
0
0
0
0
0
0
0
0
0
0
0
0
0
0
0
0
0
0
0
0
0
0
0
0
0
0
0
0
0
0
0
0
0
0
0
0
0
0
0
0
0
0
0
0
0
0
0
0
0
0
0
0
0
0
0
0
0
0
0
0
0
0
0
0
0
0
0
0
0
0
0
0
0
0
0
0
0
0
0
0
0
0
0
0
0
0
0
0
0
0
0
0
0
0
0
0
0
0
0
0
0
0
0
0
0
0
0
0
0
0
0
0
0
0
0
0
0
0
0
0
0
0
0
0
0
0
0
0
0
0
0
0
0
0
0
0
0
0
0
0
0
0
0
0
0
0
0
0
0
0
0
0
0
0
0
0
0
0
0
0
0
0
0
0
0
0
0
0
0
0
0
0
0
0
0
0
0
0
0
0
0
0
0
0
0
0
0
0
0
0
0
0
0
0
0
0
0
0
0
0
0
0
0
0
0
0
0
0
0
0
0
0
0
0
0
0
0
0
0
0
0
0
0
0
0
0
0
0
0
0
0
0
0
0
0
0
0
0
0
0
0
0
0
0
0
0
0
0
0
0
0
0
0
0
0
0
0
0
0
0
0
0
0
0
0
0
0
0
0
0
0
0
0
0
0
0
0
0
0
0
0
0
0
0
0
0
0
0
0
0
0
0
0
0
0
0
0
0
0
0
0
0
0
0
0
0
0
0
0
0
0
0
0
0
0
0
0
0
0
0
0
0
0
0
0
0
0
0
0
0
0
0
0
0
0
0
0
0
0
0
0
0
0
0
0
0
0
0
0
0
0
0
0
0
0
0
0
0
0
0
0
0
0
0
0
0
0
0
0
0
0
0
0
0
0
0
0
0
0
0
0
0
0
0
0
0
0
0
0
0
0
0
0
0
0
0
0
0
0
0
0
0
0
0
0
0
0
0
0
0
0
0
0
0
0
0
0
0
0
0
0
0
0
0
0
0
0
0
0
0
0
0
0
0
0
0
0
0
0
0
0
0
0
0
0
0
0
0
0
0
0
0
2.802596928649634e-45
1.401298464324817e-44
3.503246160812043e-44
6.305843089461677e-44
1.093012802173357e-43
1.905765911481751e-43
3.307064375806568e-43
5.549141918726276e-43
9.220543895257296e-43
1.531619221507025e-42
2.544758011213868e-42
4.229118765332298e-42
7.020505306267334e-42
1.164479023853923e-41
1.928186686910948e-41
3.187253357106796e-41
5.261175084307526e-41
8.671515156934833e-41
1.427320576807329e-40
2.346053888972609e-40
3.850796205933884e-40
6.311728543011841e-40
1.033079266854185e-39
1.68854363003444e-39
2.756042991067835e-39
4.492142487086066e-39
7.311653088200101e-39
1.188426934349541e-38
1.928971974570356e-38
3.126628701385019e-38
5.060860029351679e-38
8.180329216622769e-38
1.320432556753315e-37
2.128440308942119e-37
3.426156360238326e-37
5.507495328366542e-37
8.841034604215415e-37
1.417277212874596e-36
2.268871804487225e-36
3.627182108933727e-36
5.790733845455029e-36
9.23216359664813e-36
1.46987260327784e-35
2.33702238808746e-35
3.710682098885753e-35
5.883734360977562e-35
9.316685256494914e-35
1.473260271238146e-34
2.326526250944231e-34
3.668998426357122e-34
5.778282989776076e-34
9.087875395901726e-34
1.427378086455037e-33
2.238872438186045e-33
3.506985274606567e-33
5.485969687150228e-33
8.570149480233189e-33
1.337025053977326e-32
2.08308722081004e-32
3.241101823698806e-32
5.036117549982139e-32
7.814795177494018e-32
1.211039889397932e-31
1.874213247576764e-31
2.896675278590076e-31
4.470966902476852e-31
6.891670882684515e-31
1.060888165515422e-30
1.630936909901489e-30
2.503962270245896e-30
3.839210817243239e-30
5.878686745072447e-30
8.989661696783532e-30
1.372876591364905e-29
2.093849067899375e-29
3.18922683952103e-29
4.851233362860515e-29
7.369637737892704e-29
1.118066851369927e-28
1.69401620123893e-28
2.563279866813248e-28
3.873500841335822e-28
5.845757826829077e-28
8.81065379087534e-28
1.326190352287195e-27
1.993584011473671e-27
2.992917089179131e-27
4.487316236879163e-27
6.719097337944702e-27
1.004772828314783e-26
1.500575527994484e-26
2.238110246123181e-26
3.333795518941994e-26
4.959419367109608e-26
7.368132185492103e-26
1.093249048476361e-25
1.62000475496187e-25
2.397448870732071e-25
3.543387911220406e-25
5.230276484550472e-25
7.710234782549937e-25
1.135135836910367e-24
1.669036207310656e-24
2.450877630981784e-24
3.594312580437916e-24
5.264398958828647e-24
7.70053120177004e-24
1.124946574192647e-23
1.641280018031318e-23
2.391516715610899e-23
3.480200931712347e-23
5.057963762921442e-23
7.341551684923623e-23
1.064243538209273e-22
1.540761846875119e-22
2.227776517828774e-22
3.216988655443218e-22
4.639482077270451e-22
6.682389988593767e-22
9.612506157300871e-22
1.38096995472161e-21
1.981412404607219e-21
2.839283114252454e-21
4.063366027730844e-21
5.807735247137109e-21
8.290323177465387e-21
1.181898358214997e-20
1.682801859452388e-20
2.392930922332907e-20
3.398379781324909e-20
4.820124893483982e-20
6.827937163159678e-20
9.659746046264927e-20
1.364856411765592e-19
1.925987563481951e-19
2.714346909677246e-19
3.820522101159456e-19
5.37063504613516e-19
7.540050102417132e-19
1.057227916107727e-18
1.480501508827516e-18
2.070594373439676e-18
2.892192344038583e-18
4.034645402440685e-18
5.621208423000056e-18
7.821682560319746e-18
1.086968264453882e-17
1.50861977667197e-17
2.09116834050734e-17
2.894972001769007e-17
4.002635663404475e-17
5.527057071318045e-17
7.622336995778142e-17
1.04985313358977e-16
1.444159543681958e-16
1.984028698108695e-16
2.722242925582542e-16
3.730369363305993e-16
5.1053179772167e-16
6.978141175518256e-16
9.525822522072507e-16
1.298706490114078e-15
1.768337660851239e-15
2.404722090331986e-15
3.265954062639347e-15
4.429967491063414e-15
6.001172950638673e-15
8.119266503158092e-15
1.097090286997747e-14
1.480514488945688e-14
1.995388378725309e-14
2.685879811744826e-14
3.610686985402838e-14
4.847715246803289e-14
6.500220961535089e-14
8.704876283769508e-14
1.164234182150781e-13
1.555110207274168e-13
2.074553907566862e-13
2.763953887811865e-13
3.677723815591338e-13
4.887304211505239e-13
6.486362553841107e-13
8.59754433445159e-13
1.138121606507336e-12
1.504677892699702e-12
1.986729574257606e-12
2.619834687730971e-12
3.450234455776302e-12
4.537979800961489e-12
5.960948314814862e-12
7.819996386548844e-12
1.024556134376908e-11
1.34060991474616e-11
1.751887523937512e-11
2.286371092452555e-11
2.980049193523904e-11
3.87914284027957e-11
5.042934819732281e-11
6.547350855923284e-11
8.4894979934802e-11
1.099340063426268e-10
1.421723572203604e-10
1.836245322461849e-10
2.36852593094028e-10
3.051103814044609e-10
3.925242353375324e-10
5.043198081366995e-10
6.471053137779847e-10
8.292255770925294e-10
1.061203125374277e-09
1.356287304687953e-09
1.73113756662957e-09
2.206669957871554e-09
2.809107835233249e-09
3.571279716396702e-09
4.534223219110345e-09
5.749165588042615e-09
7.279957969785755e-09
9.206067019817965e-09
1.162625107298254e-08
1.466306276398655e-08
1.846835928631663e-08
2.323002412651931e-08
2.918016228647957e-08
3.66050940669993e-08
4.585747603869095e-08
5.737102171110564e-08
7.167832194454604e-08
8.943240459302615e-08
1.114326906304086e-07
1.38656403692039e-07
1.722962110761728e-07
2.138055350542345e-07
2.649527175435651e-07
3.278859992406069e-07
4.052109261465375e-07
5.000829332857393e-07
6.163170951367647e-07
7.585189791825542e-07
9.322394021182845e-07
1.144157636190357e-06
1.402297925778839e-06
1.716285055408662e-06
2.097643800880178e-06
2.560152552177897e-06
3.120255541944061e-06
3.797548060902045e-06
4.615339094016235e-06
5.601309567282442e-06
6.788276095903711e-06
8.215079105866607e-06
9.927610335580539e-06
1.197999608848477e-05
1.443596556782722e-05
1.737042475724593e-05
2.087125540128909e-05
2.504138865333516e-05
3.000115611939691e-05
3.589099287637509e-05
4.287447518436238e-05
5.114178929943591e-05
6.091366594773717e-05
7.244578591780737e-05
8.60337822814472e-05
0.0001020187919493765
0.0001207936948048882
0.0001428101240890101
0.0001685861934674904
0.0001987150753848255
0.0002338745980523527
0.0002748375991359353
0.0003224834508728236
0.0003778107929974794
0.0004419510951265693
0.0005161836161278188
0.0006019515567459166
0.0007008793181739748
0.0008147913031280041
0.0009457317646592855
0.001095985528081656
0.001268100808374584
0.001464912202209234
0.001689565018750727
0.001945540541782975
0.002236682223156095
0.002567220479249954
0.002941800747066736
0.003365509677678347
0.003843898884952068
0.004383011721074581
0.004989405162632465
0.005670170299708843
0.006432951893657446
0.007285962346941233
0.008237992413341999
0.00929841585457325
0.01047718804329634
0.01178484037518501
0.01323246397078037
0.01483168546110392
0.01659462973475456
0.01853387616574764
0.02066240087151527
0.02299349755048752
0.02554070204496384
0.02831768989562988
0.03133814781904221
0.034615658223629
0.03816353157162666
0.04199464619159698
0.0461212582886219
0.05055480450391769
0.05530569329857826
0.06038305535912514
0.06579449772834778
0.07154585421085358
0.07764092087745667
0.08408118784427643
0.09086553752422333
0.0979900062084198
0.1054475009441376
0.1132275611162186
0.1213161125779152
0.1296952366828918
0.138343021273613
0.1472334116697311
0.1563360989093781
0.165616512298584
0.1750357449054718
0.1845506876707077
0.1941141933202744
0.2036751955747604
0.2131791114807129
0.2225681990385056
0.2317819595336914
0.2407577782869339
0.2494314610958099
0.257737934589386
0.2656120657920837
0.2729896008968353
0.279807835817337
0.2860067188739777
0.2915297746658325
0.2963250577449799
0.3003460466861725
0.3035528063774109
0.3059126436710358
0.3074010908603668
0.308002382516861
0.3077104985713959
0.3065292239189148
0.304472804069519
0.3015660643577576
0.297844260931015
0.2933530807495117
0.2881482243537903
0.282294750213623
0.2758663594722748
0.2689444720745087
0.2616170942783356
0.253977358341217
0.2461222410202026
0.2381509393453598
0.2301631569862366
0.2222573906183243
0.2145291566848755
0.2070691585540771
0.1999616175889969
0.1932826936244965
0.1870988458395004
0.1814655661582947
0.176426112651825
0.1720106601715088
0.1682356595993042
0.1651033610105515
0.1626019030809402
0.1607054322957993
0.1593747586011887
0.158558264374733
0.1581931263208389
0.1582069396972656
0.1585194617509842
0.1590446382761002
0.1596929281949997
0.1603735387325287
0.1609969884157181
0.1614775061607361
0.1617353856563568
0.1616992950439453
0.1613083630800247
0.1605138927698135
0.1592809110879898
0.1575892418622971
0.155434176325798
0.1528267413377762
0.1497934460639954
0.1463755816221237
0.142628088593483
0.1386178880929947
0.1344219744205475
0.130125030875206
0.1258168667554855
0.1215896308422089
0.1175348311662674
0.1137404888868332
0.1102882027626038
0.1072505563497543
0.1046886369585991
0.1026499271392822
0.1011666804552078
0.1002546846866608
0.09991262853145599
0.1001219674944878
0.1008474081754684
0.1020378768444061
0.1036281585693359
0.1055408790707588
0.1076890602707863
0.109978936612606
0.1123130694031715
0.114593580365181
0.11672542989254
0.1186196580529213
0.1201963797211647
0.1213874742388725
0.1221389248967171
0.1224125400185585
0.1221872717142105
0.1214597672224045
0.1202443614602089
0.1185724064707756
0.1164910048246384
0.1140611097216606
0.1113551780581474
0.1084543466567993
0.105445384979248
0.1024174019694328
0.09945852309465408
0.09665259718894958
0.09407615661621094
0.09179558604955673
0.08986491709947586
0.08832385390996933
0.08719662576913834
0.08649129420518875
0.08619984984397888
0.08629878610372543
0.08675042539834976
0.08750470727682114
0.08850147575139999
0.08967315405607224
0.09094761312007904
0.0922512486577034
0.09351202100515366
0.09466234594583511
0.09564178436994553
0.09639935195446014
0.09689534455537796
0.09710271656513214
0.09700777381658554
0.09661036729812622
0.09592344611883163
0.09497204422950745
0.09379183501005173
0.09242712706327438
0.09092868864536285
0.08935116976499557
0.0877506360411644
0.08618190139532089
0.08469618856906891
0.08333888649940491
0.08214771747589111
0.0811513289809227
0.08036831766366959
0.07980675995349884
0.07946426421403885
0.07932854443788528
0.07937838137149811
0.07958497852087021
0.07991370558738708
0.08032598346471786
0.08078131079673767
0.08123930543661118
0.08166166394948959
0.08201393485069275
0.08226705342531204
0.08239848911762238
0.08239307999610901
0.08224345743656158
0.08195002377033234
0.08152049779891968
0.08096923679113388
0.08031615614891052
0.07958538830280304
0.07880387455224991
0.0779997780919075
0.0772009864449501
0.07643363624811172
0.07572086155414581
0.0750817283987999
0.07453040033578873
0.07407568395137787
0.07372082024812698
0.07346362620592117
0.0732969343662262
0.07320920377969742
0.07318542897701263
0.07320813834667206
0.07325849682092667
0.07331746071577072
0.07336679846048355
0.07339008152484894
0.07337351888418198
0.07330652326345444
0.07318216562271118
0.0729973316192627
0.0727526843547821
0.0724523663520813
0.07210355252027512
0.07171586900949478
0.0713006854057312
0.0708702951669693
0.07043717056512833
0.07001323252916336
0.06960912793874741
0.06923370808362961
0.06889363378286362
0.0685930922627449
0.0683337077498436
0.06811460852622986
0.06793265789747238
0.06778277456760406
0.06765838712453842
0.06755193322896957
0.06745537370443344
0.06736072152853012
0.06726055592298508
0.06714843958616257
0.06701922416687012
0.06686932593584061
0.06669679284095764
0.06650135666131973
0.06628430634737015
0.06604829430580139
0.06579707562923431
0.06553519517183304
0.06526760756969452
0.06499937921762466
0.0647352933883667
0.06447958946228027
0.06423571705818176
0.06400617212057114
0.0637924000620842
0.0635947585105896
0.0634126141667366
0.06324443221092224
0.06308794021606445
0.06294035166501999
0.06279857456684113
0.06265947222709656
0.06252004206180573
0.06237760186195374
0.06222999840974808
0.06207568943500519
0.06191376969218254
0.06174403056502342
0.06156687811017036
0.06138327717781067
0.06119463220238686
0.06100265681743622
0.06080923601984978
0.06061626225709915
0.06042551249265671
0.06023852154612541
0.06005650386214256
0.05988029390573502
0.059710294008255
0.05954652652144432
0.05938861146569252
0.05923587083816528
0.0590873546898365
0.05894197151064873
0.05879856273531914
0.0586559996008873
0.05851325020194054
0.05836945399641991
0.05822398141026497
0.05807642266154289
0.05792664363980293
0.05777474492788315
0.05762103945016861
0.05746601521968842
0.05731025710701942
0.05715443938970566
0.05699922144412994
0.05684522539377213
0.05669299885630608
0.05654294788837433
0.05639534071087837
0.05625029280781746
0.0561077818274498
0.05596765503287315
0.05582963675260544
0.0556933730840683
0.0555584728717804
0.05542453750967979
0.05529118329286575
0.05515807867050171
0.05502494797110558
0.05489161610603333
0.05475799366831779
0.05462407693266869
0.05448993295431137
0.05435570701956749
0.05422158166766167
0.05408777669072151
0.05395451188087463
0.05382198840379715
0.05369040369987488
0.05355989560484886
0.05343055725097656
0.05330243334174156
0.05317550897598267
0.05304973572492599
0.05292502418160439
0.05280125513672829
0.05267830938100815
0.05255604535341263
0.05243433639407158
0.05231306329369545
0.05219214409589767
0.05207151919603348
0.05195116251707077
0.05183107033371925
0.05171126499772072
0.05159178748726845
0.05147269368171692
0.05135404691100121
0.05123589932918549
0.05111831799149513
0.05100134015083313
0.05088499560952187
0.05076929181814194
0.05065422132611275
0.05053975060582161
0.05042584240436554
0.05031244084239006
0.0501994788646698
0.05008688941597939
0.04997458308935165
0.04986249282956123
0.04975054785609245
0.04963866248726845
0.04952676594257355
0.04941479116678238
0.04930265620350838
0.04919027909636497
0.04907756671309471
0.04896440729498863
0.04885067418217659
0.04873622581362724
0.04862089455127716
0.04850446060299873
0.04838669672608376
0.04826732724905014
0.04814602807164192
0.04802244156599045
0.04789614677429199
0.04776667430996895
0.04763349145650864
0.0474960058927536
0.04735354334115982
0.0472053587436676
0.04705061390995979
0.04688838124275208
0.04671760648488998
0.04653714224696159
0.04634571075439453
0.04614188522100449
0.04592408239841461
0.04569055512547493
0.04543935507535934
0.04516835510730743
0.04487519711256027
0.04455729201436043
0.04421180114150047
0.04383563622832298
0.04342539608478546
0.04297739639878273
0.04248763248324394
0.04195175319910049
0.04136507958173752
0.04072255641222
0.04001874476671219
0.03924781456589699
0.03840354830026627
0.03747930377721786
0.03646803647279739
0.03536229208111763
0.03415419906377792
0.03283548355102539
0.03139748796820641
0.02983117662370205
0.02812717296183109
0.02627580240368843
0.02426711283624172
0.02209093980491161
0.01973695307970047
0.01719473861157894
0.01445387955754995
0.0115040335804224
0.008335043676197529
0.00493704667314887
0.001300592557527125
-0.002583222696557641
-0.006722614169120789
-0.01112495642155409
-0.01579662784934044
-0.02074284665286541
-0.02596749365329742
-0.03147294372320175
-0.03725988790392876
-0.04332716763019562
-0.04967157542705536
-0.05628772079944611
-0.06316785514354706
-0.07030171900987625
-0.0776764452457428
-0.08527639508247375
-0.09308308362960815
-0.101075142621994
-0.1092282459139824
-0.1175151094794273
-0.1259054988622665
-0.134366363286972
-0.1428617835044861
-0.1513532996177673
-0.1597999036312103
-0.1681583672761917
-0.1763834953308105
-0.1844283938407898
-0.1922448128461838
-0.199783593416214
-0.206995040178299
-0.2138293385505676
-0.220237135887146
-0.2261699587106705
-0.2315808087587357
-0.2364247143268585
-0.2406593263149261
-0.2442454397678375
-0.2471476048231125
-0.2493347227573395
-0.2507804930210114
-0.2514640092849731
-0.2513703107833862
-0.2504907548427582
-0.2488234639167786
-0.2463735789060593
-0.2431535869836807
-0.2391835302114487
-0.2344910949468613
-0.2291115373373032
-0.2230876237154007
-0.2164694368839264
-0.2093139737844467
-0.201684758067131
-0.1936511546373367
-0.185287743806839
-0.176673412322998
-0.1678905636072159
-0.1590238511562347
-0.1501592248678207
-0.1413826495409012
-0.1327789425849915
-0.124430313706398
-0.1164151653647423
-0.108806774020195
-0.1016720980405807
-0.09507054835557938
-0.0890529453754425
-0.08366059511899948
-0.07892449200153351
-0.0748647078871727
-0.07149004191160202
-0.06879783421754837
-0.06677398085594177
-0.06539329886436462
-0.0646200031042099
-0.06440846621990204
-0.06470426172018051
-0.06544525176286697
-0.06656304001808167
-0.06798442453145981
-0.06963302940130234
-0.07143102586269379
-0.07330083101987839
-0.07516688108444214
-0.07695727795362473
-0.07860542088747025
-0.08005139231681824
-0.08124329149723053
-0.0821383073925972
-0.08270355314016342
-0.08291666209697723
-0.08276611566543579
-0.08225125074386597
-0.08138205111026764
-0.08017858117818832
-0.07867023348808289
-0.07689464837312698
-0.07489650696516037
-0.07272607088088989
-0.07043761014938354
-0.06808771938085556
-0.06573359668254852
-0.06343130022287369
-0.06123408675193787
-0.05919080600142479
-0.0573444701731205
-0.05573097243905067
-0.05437809228897095
-0.05330470204353333
-0.05252028256654739
-0.05202474445104599
-0.05180852487683296
-0.05185303092002869
-0.05213132873177528
-0.0526091530919075
-0.05324611440300941
-0.05399710685014725
-0.05481389909982681
-0.05564683303236961
-0.05644650757312775
-0.05716554075479507
-0.05776017904281616
-0.05819183215498924
-0.05842839553952217
-0.05844537913799286
-0.05822670459747314
-0.05776527896523476
-0.05706318467855453
-0.05613156035542488
-0.05499012768268585
-0.05366643890738487
-0.05219481140375137
-0.05061502009630203
-0.048970777541399
-0.0473080575466156
-0.04567335173487663
-0.04411193355917931
-0.04266609624028206
-0.0413735993206501
-0.04026622325181961
-0.03936859220266342
-0.03869727998971939
-0.03826022148132324
-0.03805647417902946
-0.03807630762457848
-0.03830168768763542
-0.03870703652501106
-0.03926031291484833
-0.03992432355880737
-0.04065825045108795
-0.04141931608319283
-0.04216447100043297
-0.04285212978720665
-0.04344379529356956
-0.04390557482838631
-0.04420945420861244
-0.04433437064290047
-0.04426693916320801
-0.04400190711021423
-0.04354223236441612
-0.04289884492754936
-0.04209007322788239
-0.04114075377583504
-0.04008110985159874
-0.03894542157649994
-0.03777049854397774
-0.03659411147236824
-0.03545338660478592
-0.03438324481248856
-0.03341495990753174
-0.03257489576935768
-0.03188346698880196
-0.0313543789088726
-0.03099417500197887
-0.03080209158360958
-0.03077023848891258
-0.03088410012423992
-0.03112331591546535
-0.03146269172430038
-0.0318734310567379
-0.03232450410723686
-0.03278406709432602
-0.03322090953588486
-0.03360585123300552
-0.0339130163192749
-0.03412089124321938
-0.03421322256326675
-0.03417961671948433
-0.03401584178209305
-0.03372387960553169
-0.03331165015697479
-0.03279248625040054
-0.03218432515859604
-0.03150877729058266
-0.03078995645046234
-0.03005329705774784
-0.02932427823543549
-0.02862722240388393
-0.02798414416611195
-0.02741377614438534
-0.02693076804280281
-0.02654509805142879
-0.02626174688339233
-0.02608061768114567
-0.02599670365452766
-0.02600051276385784
-0.02607867307960987
-0.02621474862098694
-0.02639016509056091
-0.02658519521355629
-0.0267800148576498
-0.02695569582283497
-0.0270951259881258
-0.02718381583690643
-0.02721054293215275
-0.0271677989512682
-0.02705203928053379
-0.02686371095478535
-0.0266070831567049
-0.02628987096250057
-0.02592270635068417
-0.02551846019923687
-0.02509149163961411
-0.02465682104229927
-0.02422931976616383
-0.02382292971014977
-0.02344996482133865
-0.02312051691114902
-0.02284201234579086
-0.02261893637478352
-0.02245271392166615
-0.0223417729139328
-0.02228175848722458
-0.02226590178906918
-0.02228550612926483
-0.0223305094987154
-0.02239011414349079
-0.02245341613888741
-0.02251002565026283
-0.02255062572658062
-0.02256744541227818
-0.02255463227629662
-0.02250849083065987
-0.02242758497595787
-0.02231272123754025
-0.022166782990098
-0.0219944529235363
-0.02180186659097672
-0.02159616351127625
-0.02138501591980457
-0.02117614634335041
-0.02097685262560844
-0.02079358510673046
-0.02063160203397274
-0.02049468271434307
-0.02038496732711792
-0.02030288986861706
-0.02024720795452595
-0.02021515555679798
-0.02020264975726604
-0.02020459063351154
-0.02021519839763641
-0.02022838592529297
-0.0202381256967783
-0.02023880183696747
-0.0202255193144083
-0.02019436284899712
-0.02014258876442909
-0.02006872743368149
-0.01997261308133602
-0.01985534466803074
-0.01971915550529957
-0.01956723630428314
-0.01940349861979485
-0.01923233270645142
-0.01905831508338451
-0.01888595148921013
-0.01871941611170769
-0.01856233738362789
-0.01841763220727444
-0.01828737370669842
-0.0181727334856987
-0.01807397231459618
-0.01799049042165279
-0.01792092248797417
-0.01786326989531517
-0.01781507022678852
-0.01777356490492821
-0.01773589663207531
-0.01769927330315113
-0.01766113005578518
-0.01761925965547562
-0.01757190562784672
-0.01751783490180969
-0.01745635643601418
-0.01738731563091278
-0.01731104031205177
-0.01722828485071659
-0.01714013889431953
-0.01704792492091656
-0.01695309206843376
-0.01685712113976479
-0.01676142774522305
-0.01666729152202606
-0.01657579094171524
-0.01648776419460773
-0.0164037961512804
-0.01632422022521496
-0.01624913513660431
-0.01617843098938465
-0.0161118395626545
-0.01604897156357765
-0.01598937250673771
-0.01593255996704102
-0.01587805896997452
-0.01582544296979904
-0.01577434130012989
-0.01572446338832378
-0.01567558571696281
-0.01562755927443504
-0.01558028534054756
-0.01553371828049421
-0.01548783574253321
-0.01544263586401939
-0.01539811864495277
-0.01535428315401077
-0.01531111914664507
-0.01526861079037189
-0.01522674132138491
-0.01518549304455519
-0.01514485385268927
-0.01510482560843229
-0.01506542321294546
-0.01502667367458344
-0.01498861238360405
-0.01495127193629742
-0.01491467468440533
-0.01487881038337946
-0.01484363060444593
-0.01480902824550867
-0.01477482542395592
-0.0147407678887248
-0.01470652502030134
-0.01467169262468815
-0.01463580783456564
-0.01459836773574352
-0.01455885451287031
-0.01451676804572344
-0.01447165664285421
-0.01442314963787794
-0.01437098532915115
-0.01431503985077143
-0.014255341142416
-0.0141920754685998
-0.01412558648735285
-0.0140563603490591
-0.01398501172661781
-0.01391225028783083
-0.01383884996175766
-0.01376560609787703
-0.01369330659508705
-0.01362269744277
-0.01355444826185703
-0.013489143922925
-0.01342726405709982
-0.0133691793307662
-0.01331516355276108
-0.0132654020562768
-0.01322000473737717
-0.01317903026938438
-0.01314250286668539
-0.01311042532324791
-0.01308279484510422
-0.01305960305035114
-0.01304083224385977
-0.01302644982933998
-0.01301638502627611
-0.01301051583141088
-0.01300864014774561
-0.01301045808941126
-0.01301555335521698
-0.0130233857780695
-0.01303329039365053
-0.01304448395967484
-0.01305608917027712
-0.0130671625956893
-0.01307673752307892
-0.01308386866003275
-0.01308767963200808
-0.01308741606771946
-0.0130824837833643
-0.0130724860355258
-0.01305724866688251
-0.01303683314472437
-0.01301153190433979
-0.01298185344785452
-0.01294849719852209
-0.01291231065988541
-0.01287424750626087
-0.01283531822264194
-0.01279653422534466
-0.01275886595249176
-0.01272320188581944
-0.01269031781703234
-0.01266084518283606
-0.01263525895774364
-0.01261388137936592
-0.01259687263518572
-0.01258424669504166
-0.01257588434964418
-0.0125715471804142
-0.01257089525461197
-0.01257350295782089
-0.01257887575775385
-0.01258646231144667
-0.01259566843509674
-0.0126058692112565
-0.01261641923338175
-0.01262667123228312
-0.01263599097728729
-0.01264377683401108
-0.01264948211610317
-0.01265263743698597
-0.01265287306159735
-0.01264994498342276
-0.01264375168830156
-0.01263434439897537
-0.01262193825095892
-0.01260690111666918
-0.01258974615484476
-0.01257110666483641
-0.01255170069634914
-0.01253230217844248
-0.01251368783414364
-0.0124965962022543
-0.0124816857278347
-0.01246949471533298
-0.01246041152626276
-0.01245465595275164
-0.0124522689729929
-0.0124531127512455
-0.01245688460767269
-0.01246314216405153
-0.012471335940063
-0.01248084288090467
-0.0124910045415163
-0.01250117458403111
-0.012510746717453
-0.01251919195055962
-0.01252607721835375
-0.01253108773380518
-0.01253403816372156
-0.01253487076610327
-0.0125336479395628
-0.0125305475667119
-0.0125258406624198
-0.01251987554132938
-0.01251305360347033
-0.01250580977648497
-0.01249858550727367
-0.01249181013554335
-0.01248587854206562
-0.01248113252222538
-0.01247784681618214
-0.01247621607035398
-0.01247634738683701
-0.01247825659811497
-0.01248186640441418
-0.01248701475560665
-0.01249346323311329
-0.01250091101974249
-0.01250901166349649
-0.01251739822328091
-0.0125257009640336
-0.01253357343375683
-0.01254071108996868
-0.01254687178879976
-0.01255189254879951
-0.01255569327622652
-0.01255828700959682
-0.01255976967513561
-0.01256031636148691
-0.01256016548722982
-0.01255959831178188
-0.01255891937762499
-0.01255843136459589
-0.01255842018872499
-0.01255912892520428
-0.01256074476987123
-0.01256338972598314
-0.01256711687892675
-0.01257190573960543
-0.01257766969501972
-0.01258426532149315
-0.01259150635451078
-0.01259917952120304
-0.01260706037282944
-0.01261492911726236
-0.01262258552014828
-0.0126298600807786
-0.01263662520796061
-0.01264280080795288
-0.01264835800975561
-0.01265331637114286
-0.01265773829072714
-0.01266172528266907
-0.01266540586948395
-0.01266892533749342
-0.01267243456095457
-0.01267607975751162
-0.01267999410629272
-0.01268428191542625
-0.0126890204846859
-0.01269424892961979
-0.01269997097551823
-0.0127061503008008
-0.01271271891891956
-0.01271957717835903
-0.01272660680115223
-0.01273367647081614
-0.01274064835160971
-0.01274739112704992
-0.01275378838181496
-0.01275973860174417
-0.01276516355574131
-0.01277001202106476
-0.01277425512671471
-0.01277788821607828
-0.0127809252589941
-0.01278338953852654
-0.01278531085699797
-0.01278671436011791
-0.01278761494904757
-0.01278801169246435
-0.01278788316994905
-0.01278718188405037
-0.01278583332896233
-0.01278373971581459
-0.01278077811002731
-0.01277681067585945
-0.01277168281376362
-0.01276523433625698
-0.01275730226188898
-0.01274773105978966
-0.01273637264966965
-0.01272310130298138
-0.01270780526101589
-0.01269039791077375
-0.01267081312835217
-0.01264901366084814
-0.01262498274445534
-0.01259872876107693
-0.012570277787745
-0.01253967732191086
-0.01250699441879988
-0.0124723156914115
-0.01243574358522892
-0.01239739824086428
-0.01235742401331663
-0.01231598574668169
-0.01227327156811953
-0.01222949288785458
-0.01218488719314337
-0.01213972084224224
-0.0120942872017622
-0.01204891037195921
-0.0120039340108633
-0.01195972319692373
-0.01191665977239609
-0.01187513396143913
-0.01183553412556648
-0.0117982430383563
-0.01176362484693527
-0.0117320129647851
-0.01170370448380709
-0.01167894713580608
-0.01165793091058731
-0.01164077874273062
-0.01162754092365503
-0.01161818765103817
-0.01161260902881622
-0.01161061134189367
-0.01161191891878843
-0.01161617878824472
-0.0116229634732008
-0.01163178216665983
-0.01164209190756083
-0.01165330223739147
-0.01166479662060738
-0.01167594268918037
-0.01168610900640488
-0.01169468183070421
-0.01170108281075954
-0.01170478016138077
-0.0117053147405386
-0.01170230563730001
-0.01169546879827976
-0.01168462727218866
-0.01166971866041422
-0.01165080070495605
-0.01162805408239365
-0.01160177960991859
-0.01157239452004433
-0.01154041662812233
-0.01150645408779383
-0.01147118303924799
-0.01143533270806074
-0.0113996546715498
-0.01136490050703287
-0.01133179105818272
-0.01130099222064018
-0.01127309072762728
-0.01124856900423765
-0.01122778188437223
-0.01121094822883606
-0.01119813416153193
-0.01118925120681524
-0.01118406001478434
-0.01118217408657074
-0.01118307746946812
-0.01118614245206118
-0.01119066122919321
-0.01119586732238531
-0.01120097376406193
-0.01120520383119583
-0.01120782736688852
-0.01120819244533777
-0.01120575331151485
-0.01120009925216436
-0.01119096670299768
-0.01117825787514448
-0.01116204354912043
-0.01114255841821432
-0.01112018804997206
-0.01109545398503542
-0.01106898486614227
-0.0110414857044816
-0.01101370062679052
-0.01098638027906418
-0.01096024177968502
-0.01093593146651983
-0.01091399230062962
-0.01089483872056007
-0.0108787314966321
-0.01086577214300632
-0.01085589174181223
-0.01084886211901903
-0.01084430608898401
-0.01084172073751688
-0.01084050815552473
-0.01084000710397959
-0.01083953399211168
-0.01083841826766729
-0.0108360443264246
-0.01083188131451607
-0.01082551665604115
-0.0108166765421629
-0.01080524083226919
-0.01079124584794044
-0.01077488251030445
-0.01075647678226233
-0.01073647290468216
-0.01071540266275406
-0.01069385092705488
-0.01067241560667753
-0.01065167505294085
-0.01063214801251888
-0.01061426196247339
-0.01059833075851202
-0.01058453507721424
-0.01057291589677334
-0.01056336704641581
-0.01055565942078829
-0.01054944656789303
-0.0105442963540554
-0.01053971890360117
-0.01053520664572716
-0.01053026411682367
-0.01052444335073233
-0.0105173708871007
-0.01050877571105957
-0.01049850322306156
-0.01048651989549398
-0.0104729188606143
-0.0104579022154212
-0.01044176984578371
-0.01042489241808653
-0.01040768064558506
-0.01039055455476046
-0.01037391740828753
-0.01035811938345432
-0.01034343894571066
-0.01033005956560373
-0.01031806413084269
-0.01030743215233088
-0.01029804069548845
-0.01028967835009098
-0.0102820685133338
-0.01027488615363836
-0.01026779133826494
-0.0102604515850544
-0.01025256980210543
-0.0102439047768712
-0.01023428793996572
-0.01022363640367985
-0.01021195389330387
-0.01019932515919209
-0.01018591318279505
-0.01017193868756294
-0.01015765592455864
-0.01014333497732878
-0.01012924034148455
-0.01011560577899218
-0.01010262034833431
-0.01009040605276823
-0.01007902063429356
-0.01006845105439425
-0.01005861721932888
-0.01004938222467899
-0.01004056725651026
-0.01003196556121111
-0.01002336479723454
-0.01001456566154957
-0.0100053995847702
-0.009995736181735992
-0.009985498152673244
-0.009974665008485317
-0.009963269345462322
-0.0099513940513134
-0.00993916392326355
-0.009926727972924709
-0.009914249181747437
-0.009901885874569416
-0.009889782406389713
-0.009878047741949558
-0.00986675638705492
-0.009855941869318485
-0.00984558928757906
-0.00983564555644989
-0.009826023131608963
-0.009816614910960197
-0.009807297959923744
-0.009797952137887478
-0.009788465686142445
-0.009778748266398907
-0.00976873841136694
-0.009758410975337029
-0.009747771546244621
-0.009736855514347553
-0.009725728072226048
-0.009714469313621521
-0.009703169576823711
-0.009691921062767506
-0.00968080572783947
-0.009669890627264977
-0.009659217670559883
-0.009648807346820831
-0.009638653136789799
-0.009628725238144398
-0.009618975222110748
-0.009609341621398926
-0.009599754586815834
-0.009590147063136101
-0.009580460377037525
-0.009570648893713951
-0.009560686536133289
-0.009550563059747219
-0.009540287777781487
-0.009529884904623032
-0.009519395418465137
-0.009508865885436535
-0.009498346596956253
-0.009487884119153023
-0.009477519430220127
-0.009467281401157379
-0.009457185864448547
-0.009447233751416206
-0.009437412023544312
-0.009427698329091072
-0.009418057277798653
-0.009408454410731792
-0.009398854337632656
-0.009389222599565983
-0.009379537776112556
-0.009369782172143459
-0.009359951131045818
-0.009350050240755081
-0.009340093471109867
-0.009330102242529392
-0.009320101700723171
-0.009310117922723293
-0.009300173260271549
-0.009290286339819431
-0.009280472993850708
-0.009270736947655678
-0.009261078201234341
-0.00925148744136095
-0.009241950698196888
-0.009232452139258385
-0.009222972206771374
-0.009213492274284363
-0.009203999303281307
-0.009194483980536461
-0.009184938855469227
-0.009175366722047329
-0.009165771305561066
-0.009156161919236183
-0.009146549738943577
-0.009136947803199291
-0.009127368219196796
-0.009117823094129562
-0.009108318947255611
-0.009098859503865242
-0.009089445695281029
-0.009080073796212673
-0.009070735424757004
-0.009061424061655998
-0.00905213039368391
-0.009042844176292419
-0.009033558890223503
-0.009024271741509438
-0.00901497807353735
-0.009005678817629814
-0.008996376767754555
-0.008987072855234146
-0.008977777324616909
-0.008968494832515717
-0.008959230966866016
-0.008949991315603256
-0.008940777741372585
-0.008931593038141727
-0.008922436274588108
-0.008913305588066578
-0.008904195390641689
-0.008895103819668293
-0.008886026218533516
-0.008876959793269634
-0.0088678989559412
-0.008858842775225639
-0.008849790319800377
-0.008840740658342838
-0.008831696584820747
-0.008822660893201828
-0.008813637308776379
-0.008804625831544399
-0.008795632049441338
-0.008786658756434917
-0.008777705952525139
-0.008768774569034576
-0.00875986460596323
-0.008750972338020802
-0.008742097765207291
-0.008733237162232399
-0.008724390529096127
-0.008715556003153324
-0.008706730790436268
-0.008697913959622383
-0.008689106442034245
-0.008680307306349277
-0.008671519346535206
-0.008662743493914604
-0.008653979748487473
-0.00864522997289896
-0.008636495098471642
-0.008627774193882942
-0.008619070053100586
-0.008610381744801998
-0.008601709268987179
-0.008593051694333553
-0.008584408089518547
-0.008575777523219585
-0.008567157201468945
-0.008558548055589199
-0.008549950085580349
-0.00854136236011982
-0.008532785810530186
-0.008524221368134022
-0.008515668101608753
-0.008507128804922104
-0.008498602546751499
-0.008490090258419514
-0.008481591939926147
-0.0084731075912714
-0.008464637212455273
-0.00845617987215519
-0.008447735570371151
-0.008439305238425732
-0.008430885151028633
-0.008422477170825005
-0.008414080366492271
-0.008405694738030434
-0.008397321216762066
-0.008388958871364594
-0.008380608633160591
-0.00837226863950491
-0.008363942615687847
-0.008355629630386829
-0.008347328752279282
-0.008339041844010353
-0.008330767042934895
-0.008322505280375481
-0.008314256556332111
-0.008306020870804787
-0.008297797292470932
-0.008289586752653122
-0.008281386457383633
-0.008273197337985039
-0.00826501939445734
-0.008256851695477962
-0.00824869517236948
-0.008240549825131893
-0.008232416585087776
-0.008224295452237129
-0.008216183632612228
-0.008208082988858223
-0.008199994452297688
-0.008191918954253197
-0.008183857426047325
-0.008175807073712349
-0.008167768828570843
-0.008159741759300232
-0.008151725865900517
-0.008143721148371696
-0.008135728538036346
-0.008127746172249317
-0.008119774051010609
-0.008111813105642796
-0.008103864267468452
-0.008095926605165005
-0.008088000118732452
-0.00808008573949337
-0.008072182536125183
-0.008064292371273041
-0.008056414313614368
-0.008048547431826591
-0.00804069172590971
-0.008032848127186298
-0.008025016635656357
-0.008017196319997311
-0.00800938718020916
-0.00800158828496933
-0.007993799634277821
-0.007986023090779781
-0.007978257723152637
-0.00797050166875124
-0.007962755858898163
-0.007955022156238556
-0.007947297766804695
-0.007939585484564304
-0.007931883446872234
-0.00792419258505106
-0.00791651289910078
-0.007908844389021397
-0.007901187054812908
-0.007893540896475315
-0.007885905914008617
-0.00787828117609024
-0.007870667614042759
-0.007863067090511322
-0.007855475880205631
-0.00784789677709341
-0.007840326987206936
-0.007832766510546207
-0.0078252162784338
-0.007817675359547138
-0.007810145150870085
-0.007802626583725214
-0.007795119192451239
-0.007787622511386871
-0.007780137006193399
-0.007772662676870823
-0.007765200454741716
-0.007757749874144793
-0.007750310935080051
-0.00774288410320878
-0.007735469378530979
-0.007728066295385361
-0.007720674388110638
-0.007713293191045523
-0.007705922238528728
-0.00769856059923768
-0.007691209204494953
-0.007683869451284409
-0.007676540873944759
-0.007669225335121155
-0.007661922369152308
-0.007654632907360792
-0.007647357415407896
-0.007640096358954906
-0.007632850203663111
-0.007625619415193796
-0.007618403993546963
-0.007611204404383898
-0.007604022510349751
-0.007596859708428383
-0.00758971506729722
-0.007582589983940125
-0.00757548538967967
-0.007568401750177145
-0.007561339996755123
-0.007554301526397467
-0.007547287736088037
-0.00754029955714941
-0.007533339317888021
-0.00752640888094902
-0.007519509177654982
-0.007512643933296204
-0.007505813613533974
-0.007499021477997303
-0.007492269854992628
-0.007485561072826385
-0.007478898391127586
-0.007472284138202667
-0.007465721108019352
-0.007459213491529226
-0.007452765014022589
-0.00744637893512845
-0.007440060377120972
-0.007433812599629164
-0.007427640724927187
-0.007421548943966627
-0.007415543310344219
-0.007409628480672836
-0.007403810974210501
-0.007398094981908798
-0.007392487023025751
-0.007386992685496807
-0.007381618022918701
-0.007376369088888168
-0.007371251937001944
-0.007366272155195475
-0.007361435331404209
-0.007356747984886169
-0.007352216169238091
-0.007347844541072845
-0.007343638688325882
-0.007339605130255222
-0.00733574852347374
-0.007332074921578169
-0.007328588981181383
-0.007325294427573681
-0.007322196383029222
-0.007319298572838306
-0.007316603790968657
-0.007314115297049284
-0.007311833556741476
-0.007309759501367807
-0.007307892665266991
-0.007306231651455164
-0.007304773665964603
-0.007303517311811447
-0.00730245653539896
-0.007301587145775557
-0.007300902623683214
-0.007300395984202623
-0.007300058379769325
-0.007299880031496286
-0.007299849297851324
-0.007299954071640968
-0.007300181780010462
-0.007300517521798611
-0.007300945464521646
-0.007301449310034513
-0.007302009966224432
-0.00730260880663991
-0.007303225342184305
-0.007303840015083551
-0.00730443187057972
-0.007304979953914881
-0.007305463310331106
-0.007305860985070467
-0.007306151557713747
-0.007306314073503017
-0.007306327112019062
-0.007306171581149101
-0.007305828388780355
-0.007305278442800045
-0.007304505445063114
-0.007303494494408369
-0.007302232552319765
-0.007300706580281258
-0.007298905868083239
-0.007296822033822536
-0.007294449489563704
-0.007291784975677729
-0.007288828492164612
-0.007285580970346928
-0.007282047998160124
-0.007278235629200935
-0.00727415457367897
-0.007269816473126411
-0.007265238091349602
-0.007260436192154884
-0.007255429867655039
-0.007250241469591856
-0.007244893349707127
-0.007239410188049078
-0.007233818992972374
-0.007228146772831678
-0.007222421001642942
-0.007216669153422117
-0.007210918702185154
-0.007205198053270578
-0.007199532352387905
-0.007193946745246649
-0.007188466377556324
-0.007183113601058722
-0.007177907507866621
-0.007172866258770227
-0.007168005220592022
-0.007163336500525475
-0.007158869877457619
-0.007154610939323902
-0.007150563411414623
-0.007146726362407207
-0.007143096067011356
-0.007139665074646473
-0.007136421743780375
-0.007133353967219591
-0.00713044311851263
-0.007127671502530575
-0.007125016767531633
-0.007122456096112728
-0.007119964342564344
-0.007117516826838255
-0.007115086540579796
-0.007112647872418165
-0.007110174745321274
-0.007107642479240894
-0.007105027325451374
-0.007102309726178646
-0.007099469192326069
-0.007096488960087299
-0.007093355525285006
-0.007090057246387005
-0.007086586207151413
-0.007082937750965357
-0.007079110946506262
-0.007075109519064426
-0.007070938590914011
-0.007066607009619474
-0.007062126882374287
-0.007057513576000929
-0.007052784785628319
-0.007047959137707949
-0.007043058518320322
-0.007038104347884655
-0.007033119443804026
-0.007028128020465374
-0.007023151963949203
-0.007018213160336018
-0.007013333030045033
-0.007008529733866453
-0.007003819569945335
-0.006999218370765448
-0.006994735915213823
-0.006990381516516209
-0.006986160296946764
-0.006982072722166777
-0.006978118326514959
-0.006974292453378439
-0.006970587186515331
-0.006966992747038603
-0.006963495165109634
-0.006960080005228519
-0.006956730503588915
-0.00695342943072319
-0.006950156763195992
-0.006946893874555826
-0.006943622604012489
-0.006940324790775776
-0.006936983205378056
-0.00693358201533556
-0.006930107716470957
-0.006926549132913351
-0.006922896485775709
-0.006919143721461296
-0.006915288046002388
-0.00691132852807641
-0.006907267495989799
-0.006903111469000578
-0.006898866035044193
-0.006894542369991541
-0.006890152581036091
-0.006885710172355175
-0.006881229113787413
-0.006876725703477859
-0.006872215773910284
-0.006867714691907167
-0.006863235495984554
-0.006858792155981064
-0.006854398176074028
-0.00685006333515048
-0.006845796946436167
-0.006841603666543961
-0.006837488617748022
-0.006833452731370926
-0.006829495076090097
-0.006825612392276525
-0.006821798626333475
-0.006818046793341637
-0.006814348045736551
-0.006810693070292473
-0.006807069294154644
-0.006803465075790882
-0.006799868773669004
-0.006796267814934254
-0.006792651023715734
-0.006789009086787701
-0.006785332690924406
-0.006781613919883966
-0.006777847651392221
-0.006774030160158873
-0.006770160514861345
-0.006766239646822214
-0.006762268487364054
-0.00675825122743845
-0.006754194386303425
-0.006750104483217001
-0.006745990831404924
-0.006741862744092941
-0.006737730465829372
-0.006733604241162539
-0.006729493848979473
-0.006725410930812359
-0.006721364334225655
-0.006717361509799957
-0.006713410373777151
-0.006709516979753971
-0.006705684587359428
-0.006701917853206396
-0.0066982158459723
-0.006694579496979713
-0.006691006477922201
-0.006687495857477188
-0.006684043910354376
-0.006680645514279604
-0.006677296478301287
-0.006673993077129126
-0.006670729257166386
-0.006667502224445343
-0.006664307322353125
-0.006661142222583294
-0.006658004131168127
-0.006654893048107624
-0.006651809439063072
-0.006648754235357046
-0.006645730696618557
-0.006642743945121765
-0.006639797706156969
-0.006636898033320904
-0.006634052377194166
-0.006631265860050917
-0.006628545466810465
-0.00662590004503727
-0.00662333657965064
-0.006620860192924738
-0.006618476007133722
-0.006616190075874329
-0.006614005658775568
-0.006611925084143877
-0.00660994928330183
-0.006608077324926853
-0.006606308277696371
-0.006604638881981373
-0.006603066343814135
-0.006601584143936634
-0.006600187160074711
-0.00659886933863163
-0.006597621366381645
-0.006596436258405447
-0.006595307029783726
-0.00659422529861331
-0.006593183614313602
-0.00659217732027173
-0.006591199431568384
-0.006590244825929403
-0.006589308846741915
-0.006588386837393045
-0.006587476469576359
-0.006586576346307993
-0.006585685070604086
-0.006584801711142063
-0.006583926733583212
-0.006583061069250107
-0.006582205183804035
-0.006581361405551434
-0.006580531597137451
-0.006579718086868525
-0.006578924134373665
-0.006578152067959309
-0.006577405147254467
-0.006576685234904289
-0.006575996521860361
-0.006575339939445257
-0.006574719212949276
-0.006574136205017567
-0.006573592778295279
-0.00657309265807271
-0.006572638172656298
-0.006572231650352478
-0.006571874488145113
-0.006571569945663214
-0.006571319885551929
-0.006571126170456409
-0.006570990197360516
-0.006570911500602961
-0.006570890545845032
-0.006570926401764154
-0.006571019068360329
-0.006571166217327118
-0.006571363657712936
-0.006571607198566198
-0.006571892183274031
-0.006572212092578411
-0.006572558544576168
-0.006572923623025417
-0.006573298014700413
-0.006573670543730259
-0.006574029568582773
-0.006574362050741911
-0.006574657745659351
-0.006574904080480337
-0.00657509034499526
-0.006575204432010651
-0.006575236096978188
-0.006575176026672125
-0.006575014442205429
-0.006574745755642653
-0.006574365310370922
-0.006573871243745089
-0.00657326215878129
-0.006572538055479527
-0.006571703590452671
-0.006570764351636171
-0.006569729186594486
-0.006568606942892075
-0.006567409727722406
-0.006566151510924101
-0.006564846262335777
-0.006563511211425066
-0.006562161259353161
-0.006560811772942543
-0.00655948044732213
-0.006558182649314404
-0.006556933745741844
-0.006555747240781784
-0.006554633844643831
-0.006553605198860168
-0.00655266921967268
-0.006551830098032951
-0.006551092956215143
-0.006550458259880543
-0.006549923215061426
-0.00654948316514492
-0.006549131590873003
-0.006548859179019928
-0.006548655219376087
-0.006548506207764149
-0.006548399105668068
-0.006548319011926651
-0.006548250559717417
-0.006548177450895309
-0.006548084784299135
-0.0065479576587677
-0.00654778303578496
-0.006547549273818731
-0.006547245662659407
-0.006546863820403814
-0.006546398159116507
-0.006545844953507185
-0.006545203272253275
-0.006544475443661213
-0.006543663330376148
-0.006542772985994816
-0.006541812792420387
-0.006540792528539896
-0.006539723370224237
-0.006538616493344307
-0.006537485402077436
-0.006536342669278383
-0.006535201799124479
-0.006534075364470482
-0.006532975006848574
-0.006531912367790937
-0.006530895363539457
-0.006529931910336018
-0.006529028061777353
-0.006528187077492476
-0.006527410820126534
-0.006526698358356953
-0.006526047363877296
-0.006525452714413404
-0.00652490695938468
-0.006524400319904089
-0.006523923948407173
-0.00652346620336175
-0.006523014977574348
-0.006522558629512787
-0.006522083654999733
-0.006521579343825579
-0.006521034054458141
-0.006520438473671675
-0.006519783288240433
-0.006519061513245106
-0.006518268492072821
-0.006517400033771992
-0.00651645241305232
-0.006515427026897669
-0.006514322478324175
-0.006513142492622137
-0.006511888466775417
-0.006510563660413027
-0.006509171333163977
-0.006507716607302427
-0.006506202276796103
-0.006504629738628864
-0.006503002252429724
-0.006501319818198681
-0.006499582901597023
-0.006497789174318314
-0.006495935842394829
-0.00649401918053627
-0.006492034066468477
-0.006489973980933428
-0.00648783054202795
-0.006485594902187586
-0.006483257282525301
-0.006480807904154062
-0.006478237919509411
-0.006475536618381739
-0.0064726946875453
-0.006469703745096922
-0.006466556806117296
-0.0064632473513484
-0.006459770724177361
-0.006456122733652592
-0.006452303379774094
-0.006448313128203154
-0.006444151978939772
-0.006439824588596821
-0.006435335613787174
-0.00643069064244628
-0.006425897125154734
-0.006420963909476995
-0.006415898911654949
-0.006410711444914341
-0.00640541035681963
-0.006400005891919136
-0.006394505966454744
-0.006388918962329626
-0.006383252330124378
-0.006377514451742172
-0.006371709518134594
-0.006365842651575804
-0.006359918974339962
-0.00635394174605608
-0.006347915157675743
-0.006341841071844101
-0.006335722282528877
-0.006329562049359083
-0.006323362234979868
-0.006317125633358955
-0.006310854107141495
-0.006304551381617785
-0.006298222113400698
-0.006291870959103107
-0.006285503506660461
-0.006279125809669495
-0.006272745318710804
-0.006266370415687561
-0.006260011345148087
-0.006253676488995552
-0.006247376557439566
-0.006241123657673597
-0.006234928965568542
-0.006228806916624308
-0.006222771015018225
-0.006216834764927626
-0.006211012601852417
-0.006205318961292505
-0.006199768278747797
-0.006194375455379486
-0.006189153995364904
-0.006184117402881384
-0.006179278250783682
-0.006174649111926556
-0.006170239299535751
-0.006166058592498302
-0.006162115372717381
-0.006158414296805859
-0.006154959090054035
-0.006151752080768347
-0.006148790940642357
-0.006146071944385767
-0.006143589038401842
-0.006141331978142262
-0.006139290519058704
-0.006137450225651264
-0.006135793402791023
-0.00613429956138134
-0.006132947281002998
-0.006131711881607771
-0.006130566820502281
-0.006129484623670578
-0.006128437351435423
-0.006127397529780865
-0.006126335822045803
-0.006125223357230425
-0.006124032195657492
-0.006122737657278776
-0.006121315062046051
-0.006119743455201387
-0.006118005607277155
-0.00611608661711216
-0.006113974377512932
-0.006111660040915012
-0.006109140813350677
-0.006106418091803789
-0.006103495601564646
-0.006100381258875132
-0.006097085773944855
-0.006093624513596296
-0.006090013775974512
-0.006086274981498718
-0.006082430947571993
-0.006078504025936127
-0.006074519362300634
-0.006070501171052456
-0.006066475994884968
-0.006062466185539961
-0.006058495957404375
-0.006054587662220001
-0.006050760392099619
-0.006047031376510859
-0.006043415516614914
-0.006039924919605255
-0.006036568898707628
-0.006033354438841343
-0.006030285265296698
-0.006027362775057554
-0.006024586036801338
-0.006021950393915176
-0.006019448861479759
-0.00601707398891449
-0.006014816462993622
-0.006012664176523685
-0.006010605022311211
-0.006008624564856291
-0.006006708834320307
-0.006004843395203352
-0.006003012880682945
-0.00600120285525918
-0.005999400280416012
-0.005997589323669672
-0.005995757412165403
-0.005993891973048449
-0.00599198043346405
-0.005990011617541313
-0.005987975280731916
-0.005985861178487539
-0.005983662325888872
-0.005981370806694031
-0.005978981032967567
-0.005976487416774035
-0.005973885767161846
-0.005971173290163279
-0.005968349054455757
-0.005965412594377995
-0.005962366703897715
-0.005959213245660067
-0.005955958273261786
-0.005952607374638319
-0.005949168000370264
-0.005945648998022079
-0.005942058749496937
-0.00593840703368187
-0.00593470549210906
-0.005930962506681681
-0.005927189718931913
-0.00592339551076293
-0.005919589195400476
-0.005915777292102575
-0.005911964923143387
-0.005908156745135784
-0.005904355086386204
-0.005900558549910784
-0.005896766670048237
-0.005892973393201828
-0.005889173597097397
-0.00588535750284791
-0.005881513934582472
-0.005877629853785038
-0.005873691756278276
-0.005869683809578419
-0.005865590646862984
-0.005861395504325628
-0.005857083946466446
-0.005852642469108105
-0.005848056171089411
-0.005843314342200756
-0.00583840673789382
-0.005833326373249292
-0.005828069057315588
-0.005822632927447557
-0.005817017983645201
-0.005811228416860104
-0.005805270280689001
-0.005799152888357639
-0.005792886018753052
-0.005786482244729996
-0.005779953673481941
-0.005773316603153944
-0.005766585003584623
-0.005759774707257748
-0.005752899218350649
-0.005745971575379372
-0.005739005282521248
-0.005732010584324598
-0.005724996794015169
-0.005717969499528408
-0.005710933357477188
-0.005703890230506659
-0.005696838721632957
-0.00568977789953351
-0.005682701244950294
-0.00567560363560915
-0.005668476223945618
-0.005661311093717813
-0.005654098000377417
-0.005646825302392244
-0.005639482289552689
-0.005632058251649141
-0.005624542478471994
-0.005616925191134214
-0.00560919800773263
-0.005601352546364069
-0.005593381822109222
-0.005585281644016504
-0.005577046889811754
-0.005568675231188536
-0.005560166202485561
-0.005551520269364119
-0.005542739294469357
-0.005533828400075436
-0.005524793174117804
-0.005515639204531908
-0.005506374407559633
-0.005497008562088013
-0.005487550981342793
-0.005478013772517443
-0.005468409974128008
-0.00545875309035182
-0.005449054297059774
-0.005439329892396927
-0.005429593380540609
-0.005419859196990728
-0.005410142708569765
-0.005400458816438913
-0.005390820559114218
-0.005381242837756872
-0.005371739622205496
-0.005362323019653559
-0.00535300699993968
-0.005343803204596043
-0.005334723275154829
-0.005325776990503073
-0.005316974595189095
-0.005308323074132204
-0.005299830809235573
-0.005291501991450787
-0.005283341277390718
-0.00527535192668438
-0.00526753393933177
-0.005259886849671602
-0.005252408795058727
-0.005245096515864134
-0.005237942561507225
-0.005230939015746117
-0.005224077496677637
-0.005217344965785742
-0.005210728384554386
-0.005204212851822376
-0.005197781138122082
-0.00519141647964716
-0.005185100249946117
-0.005178813356906176
-0.00517253577709198
-0.005166247952729464
-0.005159930326044559
-0.005153564270585775
-0.005147130694240332
-0.005140611436218023
-0.005133992526680231
-0.005127259530127048
-0.005120401736348867
-0.005113410763442516
-0.00510628055781126
-0.005099008791148663
-0.005091595463454723
-0.005084042437374592
-0.005076358560472727
-0.005068552680313587
-0.005060636904090643
-0.00505262752994895
-0.005044540856033564
-0.005036397371441126
-0.005028216633945704
-0.005020019598305225
-0.005011828150600195
-0.005003663711249828
-0.004995547700673342
-0.004987498745322227
-0.004979535471647978
-0.004971672780811787
-0.004963924176990986
-0.004956301301717758
-0.004948810674250126
-0.004941456019878387
-0.004934239201247692
-0.004927158355712891
-0.004920209292322397
-0.004913384560495615
-0.004906673450022936
-0.00490006385371089
-0.00489354319870472
-0.004887094721198082
-0.004880702123045921
-0.004874349106103182
-0.004868017509579659
-0.004861692432314157
-0.004855356644839048
-0.004848995711654425
-0.004842595662921667
-0.004836143925786018
-0.00482962979003787
-0.004823045805096626
-0.004816385917365551
-0.004809647332876921
-0.004802829120308161
-0.00479593314230442
-0.004788962658494711
-0.004781924188137054
-0.004774826113134623
-0.004767677281051874
-0.004760488402098417
-0.004753271117806435
-0.004746038466691971
-0.004738802555948496
-0.00473157549276948
-0.004724368918687105
-0.004717194009572268
-0.004710061009973288
-0.004702979233115911
-0.004695957060903311
-0.00468900054693222
-0.004682113882154226
-0.004675300791859627
-0.004668562207370996
-0.004661897663027048
-0.004655304364860058
-0.004648779518902302
-0.004642318468540907
-0.004635915625840425
-0.004629564937204123
-0.004623258020728827
-0.004616987891495228
-0.004610747564584017
-0.004604529123753309
-0.004598325584083796
-0.004592131357640028
-0.004585939925163984
-0.004579747095704079
-0.0045735496096313
-0.004567344207316637
-0.00456113088876009
-0.004554909653961658
-0.004548682831227779
-0.004542453214526176
-0.004536225460469723
-0.004530003294348717
-0.004523793701082468
-0.004517602734267712
-0.004511437844485044
-0.004505305085331202
-0.004499212373048067
-0.004493166692554951
-0.004487174563109875
-0.004481242503970861
-0.004475374706089497
-0.004469576291739941
-0.00446384958922863
-0.004458196461200714
-0.004452616907656193
-0.004447109997272491
-0.004441672004759312
-0.004436301533132792
-0.004430992528796196
-0.00442573893815279
-0.00442053284496069
-0.004415366798639297
-0.00441023102030158
-0.004405115265399218
-0.00440001068636775
-0.00439490657299757
-0.004389795009046793
-0.004384665749967098
-0.004379510413855314
-0.004374320153146982
-0.004369089379906654
-0.004363811574876308
-0.004358482081443071
-0.004353096708655357
-0.004347653593868017
-0.004342151805758476
-0.004336591344326735
-0.004330973140895367
-0.004325298592448235
-0.004319570958614349
-0.004313794430345297
-0.004307972732931376
-0.004302111454308033
-0.004296215251088142
-0.004290290176868439
-0.004284342750906944
-0.004278377629816532
-0.004272400867193937
-0.004266418982297182
-0.004260438028723001
-0.004254463594406843
-0.004248501267284155
-0.004242557566612959
-0.004236639011651278
-0.004230751190334558
-0.004224900621920824
-0.004219093825668097
-0.004213336389511824
-0.004207635764032602
-0.004201998002827168
-0.004196429625153542
-0.004190938081592321
-0.004185529425740242
-0.004180210176855326
-0.00417498592287302
-0.00416986271739006
-0.004164844285696745
-0.004159935750067234
-0.004155140835791826
-0.004150461871176958
-0.004145900718867779
-0.004141456447541714
-0.004137128591537476
-0.004132914356887341
-0.004128811415284872
-0.004124815110117197
-0.004120918922126293
-0.004117115866392851
-0.004113399423658848
-0.004109759815037251
-0.004106189589947462
-0.004102679435163736
-0.004099220968782902
-0.004095805808901787
-0.004092426504939795
-0.004089075140655041
-0.004085743799805641
-0.004082427825778723
-0.004079122096300125
-0.004075823817402124
-0.004072530195116997
-0.004069240298122168
-0.004065954592078924
-0.004062673542648554
-0.004059398546814919
-0.004056132864207029
-0.004052878823131323
-0.004049641080200672
-0.004046423360705376
-0.004043228924274445
-0.004040060099214315
-0.004036918748170137
-0.00403380673378706
-0.004030724987387657
-0.004027672111988068
-0.004024646244943142
-0.004021644592285156
-0.00401866203173995
-0.004015693906694651
-0.004012732766568661
-0.004009771626442671
-0.004006803501397371
-0.004003818612545729
-0.004000809043645859
-0.003997765481472015
-0.003994680475443602
-0.003991546109318733
-0.003988354932516813
-0.003985102288424969
-0.003981783054769039
-0.003978393971920013
-0.003974934108555317
-0.003971403930336237
-0.003967804834246635
-0.003964140079915524
-0.003960415255278349
-0.003956636879593134
-0.00395281333476305
-0.003948953468352556
-0.003945067524909973
-0.003941166214644909
-0.003937261179089546
-0.003933364059776068
-0.003929485566914082
-0.003925636876374483
-0.003921827767044306
-0.00391806848347187
-0.003914366010576487
-0.003910727798938751
-0.003907157573848963
-0.003903659293428063
-0.003900233656167984
-0.003896881360560656
-0.003893599612638354
-0.003890384919941425
-0.003887232160195708
-0.003884135512635112
-0.003881086828187108
-0.003878077492117882
-0.003875098656862974
-0.003872140543535352
-0.003869193140417337
-0.003866247599944472
-0.003863294376060367
-0.003860325319692492
-0.003857332048937678
-0.003854308044537902
-0.003851247485727072
-0.00384814664721489
-0.003845002735033631
-0.003841813886538148
-0.003838580101728439
-0.003835303243249655
-0.003831985406577587
-0.003828631015494466
-0.003825244028121233
-0.003821830730885267
-0.00381839694455266
-0.003814949188381433
-0.003811494447290897
-0.00380803900770843
-0.003804589854553342
-0.003801152342930436
-0.003797732759267092
-0.003794335061684251
-0.003790962975472212
-0.003787619760259986
-0.003784306813031435
-0.003781025530770421
-0.003777775913476944
-0.003774557262659073
-0.003771367948502302
-0.003768205642700195
-0.003765067551285028
-0.003761950880289078
-0.003758851438760757
-0.0037557661999017
-0.00375269097276032
-0.003749622497707605
-0.003746557282283902
-0.003743492299690843
-0.00374042522162199
-0.003737354418262839
-0.003734277561306953
-0.003731193952262402
-0.003728102659806609
-0.003725003683939576
-0.003721896791830659
-0.003718782914802432
-0.003715662285685539
-0.003712535370141268
-0.003709402866661549
-0.0037062659393996
-0.00370312575250864
-0.003699983470141888
-0.003696839325129986
-0.003693694714456797
-0.003690550569444895
-0.003687407355755568
-0.003684266470372677
-0.003681128146126866
-0.003677993547171354
-0.003674863604828715
-0.003671739250421524
-0.003668621415272355
-0.003665511729195714
-0.003662410425022244
-0.003659318201243877
-0.003656236222013831
-0.003653164720162749
-0.003650104161351919
-0.003647054778411984
-0.003644016804173589
-0.003640989540144801
-0.003637972986325622
-0.003634965978562832
-0.003631967818364501
-0.003628977108746767
-0.003625992452725768
-0.003623012453317642
-0.003620035713538527
-0.003617060836404562
-0.003614086890593171
-0.003611111780628562
-0.00360813457518816
-0.00360515434294939
-0.003602169686928391
-0.003599180607125163
-0.003596186637878418
-0.003593187779188156
-0.003590184962376952
-0.003587178885936737
-0.003584170248359442
-0.003581160679459572
-0.003578151576220989
-0.003575144335627556
-0.003572140820324421
-0.003569142892956734
-0.003566151717677712
-0.00356316938996315
-0.003560196841135621
-0.003557234769687057
-0.003554283874109387
-0.003551344154402614
-0.003548415610566735
-0.003545497311279178
-0.003542588790878654
-0.003539689118042588
-0.003536796662956476
-0.003533910028636456
-0.003531028749421239
-0.003528150031343102
-0.003525272710248828
-0.003522395621985197
-0.003519517369568348
-0.003516637487336993
-0.003513755509629846
-0.003510870272293687
-0.003507982240989804
-0.003505091415718198
-0.003502198727801442
-0.003499304642900825
-0.003496410325169563
-0.003493516473099589
-0.003490624716505408
-0.003487736219540238
-0.003484852146357298
-0.003481973195448518
-0.00347910076379776
-0.003476235317066312
-0.003473377786576748
-0.003470528172329068
-0.003467686474323273
-0.003464852226898074
-0.003462025430053473
-0.003459205385297537
-0.003456391161307693
-0.003453582292422652
-0.003450778080150485
-0.003447977593168616
-0.003445179434493184
-0.00344238243997097
-0.003439586376771331
-0.003436791012063622
-0.003433995647355914
-0.003431199816986918
-0.003428403520956635
-0.003425606526434422
-0.003422809997573495
-0.003420014400035143
-0.003417219966650009
-0.003414427395910025
-0.003411637619137764
-0.003408851567655802
-0.003406069939956069
-0.003403293434530497
-0.003400521818548441
-0.003397755324840546
-0.003394994419068098
-0.003392238635569811
-0.003389488440006971
-0.00338674383237958
-0.003384004347026348
-0.003381269285455346
-0.00337853841483593
-0.003375810803845525
-0.003373086452484131
-0.003370364895090461
-0.003367645898833871
-0.003364929230883718
-0.003362214658409357
-0.003359502181410789
-0.003356791567057371
-0.003354082582518458
-0.003351375227794051
-0.003348669735714793
-0.003345966106280684
-0.003343264572322369
-0.003340565366670489
-0.003337868954986334
-0.003335175104439259
-0.003332484746351838
-0.003329798113554716
-0.003327114973217249
-0.003324436256662011
-0.003321761498227715
-0.003319090697914362
-0.003316423855721951
-0.003313760971650481
-0.00331110181286931
-0.003308446146547794
-0.003305793739855289
-0.003303144127130508
-0.003300497541204095
-0.003297853749245405
-0.003295212285593152
-0.003292573150247335
-0.003289936343207955
-0.003287301631644368
-0.003284669248387218
-0.00328203896060586
-0.003279410768300295
-0.003276785369962454
-0.003274162299931049
-0.003271542489528656
-0.00326892570592463
-0.003266311949118972
-0.003263701219111681
-0.003261093981564045
-0.003258489770814776
-0.003255889285355806
-0.003253292059525847
-0.003250698326155543
-0.003248107619583607
-0.003245520172640681
-0.003242936218157411
-0.003240355290472507
-0.003237777622416615
-0.003235203213989735
-0.003232631832361221
-0.003230063477531075
-0.003227498382329941
-0.00322493608109653
-0.003222376573830843
-0.003219819627702236
-0.00321726524271071
-0.003214713651686907
-0.003212164156138897
-0.003209617221727967
-0.003207072848454118
-0.003204531269147992
-0.003201992250978947
-0.003199455561116338
-0.003196921432390809
-0.003194389864802361
-0.003191861091181636
-0.003189335344359279
-0.003186812624335289
-0.003184292698279023
-0.003181775333359838
-0.003179260995239019
-0.003176749683916569
-0.003174241166561842
-0.003171735443174839
-0.003169231815263629
-0.003166731214150786
-0.003164233174175024
-0.003161737928166986
-0.003159245476126671
-0.003156756050884724
-0.003154269652441144
-0.003151785815134645
-0.003149304771795869
-0.003146826289594173
-0.003144350601360202
-0.003141878172755241
-0.003139408072456717
-0.003136940533295274
-0.00313447555527091
-0.003132013836875558
-0.003129555378109217
-0.003127099713310599
-0.003124646842479706
-0.00312219699844718
-0.003119749948382378
-0.003117305226624012
-0.00311486329883337
-0.003112424165010452
-0.003109987359493971
-0.00310755311511457
-0.003105121431872249
-0.003102691844105721
-0.003100265515968204
-0.003097841516137123
-0.003095419844612479
-0.003093000967055559
-0.003090584883466363
-0.003088171128183603
-0.003085760399699211
-0.003083352232351899
-0.003080946626141667
-0.003078543581068516
-0.003076142631471157
-0.003073744010180235
-0.003071347950026393
-0.003068954451009631
-0.003066562814638019
-0.003064174437895417
-0.003061788622289896
-0.003059405600652099
-0.003057025372982025
-0.003054648172110319
-0.003052273765206337
-0.003049902617931366
-0.003047533798962831
-0.003045168006792665
-0.003042805008590221
-0.003040445037186146
-0.003038087859749794
-0.003035733010619879
-0.003033380024135113
-0.003031028900295496
-0.003028680337592959
-0.003026334103196859
-0.003023990197107196
-0.003021648852154613
-0.003019309835508466
-0.003016972681507468
-0.003014638088643551
-0.00301230582408607
-0.003009975887835026
-0.003007648978382349
-0.003005324630066752
-0.00300300307571888
-0.003000684315338731
-0.002998368116095662
-0.002996054477989674
-0.002993743633851409
-0.002991435118019581
-0.002989128930494189
-0.002986825536936522
-0.002984524238854647
-0.002982225734740496
-0.002979929558932781
-0.00297763547860086
-0.002975343726575375
-0.002973054302856326
-0.002970766741782427
-0.002968481509014964
-0.002966198837384582
-0.002963918494060636
-0.002961640479043126
-0.002959365490823984
-0.002957092598080635
-0.002954822033643723
-0.002952554263174534
-0.002950289053842425
-0.002948026405647397
-0.002945766551420093
-0.002943509258329868
-0.002941254060715437
-0.002939001657068729
-0.002936751581728458
-0.002934503136202693
-0.00293225678615272
-0.002930012298747897
-0.002927769906818867
-0.002925529843196273
-0.002923292107880116
-0.002921056700870395
-0.002918824320659041
-0.002916594734415412
-0.002914367942139506
-0.002912143943831325
-0.002909922739490867
-0.002907704096287489
-0.002905488247051835
-0.002903274726122618
-0.002901064231991768
-0.002898856298997998
-0.002896649995818734
-0.002894445788115263
-0.002892243443056941
-0.002890043193474412
-0.002887844573706388
-0.002885648049414158
-0.002883453154936433
-0.002881260588765144
-0.002879070350900292
-0.00287688197568059
-0.002874696161597967
-0.002872512675821781
-0.002870331285521388
-0.002868152223527431
-0.002865975955501199
-0.002863802714273334
-0.002861631568521261
-0.002859462751075625
-0.002857296029105783
-0.00285513186827302
-0.002852970035746694
-0.00285081029869616
-0.002848652424290776
-0.002846496645361185
-0.002844342961907387
-0.002842191839590669
-0.002840043045580387
-0.002837896347045898
-0.002835751976817846
-0.0028336092364043
-0.002831468125805259
-0.002829328877851367
-0.002827191725373268
-0.002825056901201606
-0.002822924172505736
-0.002820794004946947
-0.002818665700033307
-0.002816539956256747
-0.002814417006447911
-0.002812296850606799
-0.002810179721564054
-0.002808065386489034
-0.002805953379720449
-0.002803843701258302
-0.002801736583933234
-0.00279963156208396
-0.002797528868541121
-0.002795427804812789
-0.002793328603729606
-0.002791231265291572
-0.002789135556668043
-0.00278704147785902
-0.002784949261695147
-0.002782858908176422
-0.002780770417302847
-0.002778684720396996
-0.002776600886136293
-0.002774519147351384
-0.002772439504042268
-0.002770361956208944
-0.002768286736682057
-0.002766213845461607
-0.002764143282547593
-0.002762075047940016
-0.002760008908808231
-0.00275794486515224
-0.002755882916972041
-0.002753822598606348
-0.002751764375716448
-0.002749708481132984
-0.002747654682025313
-0.002745602978393435
-0.002743554068729281
-0.002741507487371564
-0.00273946369998157
-0.002737422473728657
-0.002735383110120893
-0.002733345841988921
-0.002731310669332743
-0.00272927712649107
-0.002727245911955833
-0.00272521679289639
-0.002723189536482096
-0.002721164142712951
-0.002719140378758311
-0.002717118477448821
-0.002715098671615124
-0.002713080495595932
-0.002711064415052533
-0.002709050197154284
-0.00270703830756247
-0.002705028047785163
-0.002703019883483648
-0.002701013581827283
-0.002699008909985423
-0.002697006333619356
-0.002695006085559726
-0.002693007932975888
-0.002691012108698487
-0.002689018147066236
-0.002687026280909777
-0.002685036277398467
-0.00268304836936295
-0.002681062556803226
-0.002679079305380583
-0.002677097683772445
-0.002675118623301387
-0.002673141425475478
-0.002671166323125362
-0.002669193781912327
-0.002667222870513797
-0.002665254287421703
-0.002663287566974759
-0.00266132247634232
-0.002659359481185675
-0.002657398581504822
-0.002655439311638474
-0.00265348213724792
-0.002651526592671871
-0.002649573143571615
-0.002647621557116508
-0.002645672066137195
-0.002643724670633674
-0.002641779137775302
-0.002639835467562079
-0.002637893659994006
-0.002635953947901726
-0.002634016098454595
-0.002632079413160682
-0.002630144823342562
-0.002628211863338947
-0.002626280765980482
-0.00262435176409781
-0.00262242485769093
-0.002620500046759844
-0.002618577098473907
-0.002616655547171831
-0.002614736091345549
-0.002612818265333772
-0.002610902534797788
-0.002608988899737597
-0.002607077592983842
-0.002605167916044593
-0.002603260334581137
-0.00260135461576283
-0.002599450992420316
-0.002597548998892307
-0.002595649100840092
-0.002593751298263669
-0.002591855823993683
-0.002589962678030133
-0.002588070929050446
-0.002586180809885263
-0.002584292786195874
-0.002582406857982278
-0.002580522792413831
-0.002578640589490533
-0.002576760482043028
-0.002574882237240672
-0.002573006087914109
-0.002571131335571408
-0.002569258445873857
-0.002567387651652098
-0.002565518952906132
-0.002563652116805315
-0.00256178667768836
-0.002559922402724624
-0.002558059990406036
-0.002556198509410024
-0.002554338658228517
-0.002552480669692159
-0.00255062454380095
-0.002548770280554891
-0.00254691787995398
-0.002545067341998219
-0.002543219132348895
-0.00254137278534472
-0.002539528300985694
-0.002537686144933105
-0.002535846084356308
-0.002534008119255304
-0.00253217201679945
-0.002530338009819388
-0.00252850609831512
-0.002526676049456
-0.002524848328903317
-0.002523021772503853
-0.00252119661308825
-0.002519372850656509
-0.002517551183700562
-0.002515730913728476
-0.002513912273570895
-0.002512095728889108
-0.002510280581191182
-0.002508467761799693
-0.002506656805053353
-0.002504847943782806
-0.002503041177988052
-0.002501236274838448
-0.002499432768672705
-0.002497631125152111
-0.002495830645784736
-0.002494031097739935
-0.00249223317950964
-0.002490436425432563
-0.002488640835508704
-0.002486846642568707
-0.002485053613781929
-0.0024832624476403
-0.002481472911313176
-0.002479685237631202
-0.002477899892255664
-0.002476116642355919
-0.00247433572076261
-0.002472556428983808
-0.002470779232680798
-0.00246900413185358
-0.002467231592163444
-0.002465460449457169
-0.002463690936565399
-0.002461923286318779
-0.002460157265886664
-0.002458392409607768
-0.002456629183143377
-0.002454867586493492
-0.002453107386827469
-0.002451349515467882
-0.002449593273922801
-0.002447838895022869
-0.002446086844429374
-0.002444336889311671
-0.002442589029669762
-0.002440843265503645
-0.002439099131152034
-0.002437356626614928
-0.002435615751892328
-0.002433876506984234
-0.002432138659060001
-0.002430402208119631
-0.002428667154163122
-0.002426933264359832
-0.002425200305879116
-0.002423468744382262
-0.00242173857986927
-0.002420010510832071
-0.002418284304440022
-0.002416559960693121
-0.002414837246760726
-0.002413116162642837
-0.002411396475508809
-0.002409678651019931
-0.002407962456345558
-0.002406247425824404
-0.002404534490779042
-0.002402822952717543
-0.002401113510131836
-0.002399405697360635
-0.002397699281573296
-0.002395994495600462
-0.002394291572272778
-0.002392590045928955
-0.002390890149399638
-0.002389192115515471
-0.002387495944276452
-0.002385801170021296
-0.002384108025580645
-0.002382416510954499
-0.002380726393312216
-0.002379037672653794
-0.002377350581809878
-0.002375664887949824
-0.00237398105673492
-0.00237229885533452
-0.002370617818087339
-0.002368939109146595
-0.002367262030020356
-0.002365586580708623
-0.002363912528380752
-0.002362240105867386
-0.002360569778829813
-0.002358900848776102
-0.002357233548536897
-0.002355568343773484
-0.002353905234485865
-0.002352243987843394
-0.00235058506950736
-0.00234892824664712
-0.002347273053601384
-0.002345619257539511
-0.002343966625630856
-0.002342315623536706
-0.002340665552765131
-0.002339016878977418
-0.002337368903681636
-0.002335722325369716
-0.002334077144041657
-0.002332433592528105
-0.002330791437998414
-0.002329150913283229
-0.002327511319890618
-0.002325873356312513
-0.00232423678971827
-0.002322601852938533
-0.002320968080312014
-0.002319335704669356
-0.002317704260349274
-0.002316073980182409
-0.002314445562660694
-0.002312818076461554
-0.002311192685738206
-0.002309569157660007
-0.002307947725057602
-0.002306328387930989
-0.002304711379110813
-0.00230309646576643
-0.002301483415067196
-0.002299872459843755
-0.002298262901604176
-0.002296654740348458
-0.002295047743245959
-0.002293442143127322
-0.002291838172823191
-0.002290235133841634
-0.002288633259013295
-0.002287032548338175
-0.002285432536154985
-0.002283834153786302
-0.00228223716840148
-0.002280641114339232
-0.002279046224430203
-0.00227745296433568
-0.002275861334055662
-0.002274271100759506
-0.0022726827301085
-0.002271095523610711
-0.002269510412588716
-0.002267927164211869
-0.002266345545649529
-0.002264765556901693
-0.002263186732307076
-0.002261609304696321
-0.002260033972561359
-0.002258460270240903
-0.002256887964904308
-0.002255317056551576
-0.002253747778013349
-0.00225217966362834
-0.002250612946227193
-0.002249047392979264
-0.002247483236715198
-0.002245920477434993
-0.002244358882308006
-0.002242798916995525
-0.002241240348666906
-0.002239682711660862
-0.002238126937299967
-0.002236572559922934
-0.002235019812360406
-0.00223346846178174
-0.002231918973848224
-0.002230370650067925
-0.00222882442176342
-0.002227279590442777
-0.002225736388936639
-0.00222419505007565
-0.002222654642537236
-0.002221115631982684
-0.002219577319920063
-0.00221804017201066
-0.002216504653915763
-0.002214970299974084
-0.002213437343016267
-0.002211906248703599
-0.002210376784205437
-0.00220884894952178
-0.002207322977483273
-0.002205798868089914
-0.002204276621341705
-0.002202756004408002
-0.002201237250119448
-0.002199719892814755
-0.002198203932493925
-0.0021966896019876
-0.00219517620280385
-0.002193663967773318
-0.002192152431234717
-0.002190642058849335
-0.002189132617786527
-0.002187624573707581
-0.002186117460951209
-0.002184611512348056
-0.002183106960728765
-0.002181603340432048
-0.002180100884288549
-0.002178599592298269
-0.002177099464461207
-0.002175600733608007
-0.002174102934077382
-0.002172606531530619
-0.002171111991629004
-0.002169618848711252
-0.002168127335608006
-0.002166637452319264
-0.002165149198845029
-0.002163662808015943
-0.002162177814170718
-0.002160694217309356
-0.002159212017431855
-0.00215773144736886
-0.002156252274289727
-0.0021547747310251
-0.002153298817574978
-0.002151824068278074
-0.002150350250303745
-0.002148877596482635
-0.002147406339645386
-0.002145936479791999
-0.002144468016922474
-0.002143000718206167
-0.002141534816473722
-0.00214007031172514
-0.002138607203960419
-0.00213714549317956
-0.002135685412213206
-0.002134226495400071
-0.002132768975570798
-0.002131312852725387
-0.002129857894033194
-0.002128403866663575
-0.002126951003447175
-0.002125499071553349
-0.002124048303812742
-0.00212259846739471
-0.002121149795129895
-0.002119702287018299
-0.002118255943059921
-0.002116810763254762
-0.00211536674760282
-0.002113924128934741
-0.002112483140081167
-0.002111043548211455
-0.002109605586156249
-0.002108169253915548
-0.002106734784319997
-0.002105301711708307
-0.002103870268911123
-0.002102440688759089
-0.002101012971252203
-0.002099587116390467
-0.002098162658512592
-0.002096739131957293
-0.002095317235216498
-0.002093896502628922
-0.002092476701363921
-0.002091057831421494
-0.002089639892801642
-0.002088222885504365
-0.002086806809529662
-0.002085391664877534
-0.00208397745154798
-0.002082564635202289
-0.002081153215840459
-0.002079742960631847
-0.002078334335237741
-0.002076926408335567
-0.002075519878417253
-0.002074114279821515
-0.002072709845378995
-0.002071306807920337
-0.00206990516744554
-0.002068504923954606
-0.002067106310278177
-0.00206570909358561
-0.002064313506707549
-0.002062919549643993
-0.0020615269895643
-0.002060135826468468
-0.002058745827525854
-0.002057356992736459
-0.002055969554930925
-0.002054583514109254
-0.002053198870271444
-0.002051815157756209
-0.002050432842224836
-0.002049051225185394
-0.002047670539468527
-0.002046291017904878
-0.002044912660494447
-0.00204353523440659
-0.002042158972471952
-0.002040783641859889
-0.002039409009739757
-0.002038035308942199
-0.002036662772297859
-0.002035291166976094
-0.002033920958638191
-0.002032551448792219
-0.002031183568760753
-0.002029817085713148
-0.002028451999649405
-0.002027088310569525
-0.002025726018473506
-0.002024365123361349
-0.002023005858063698
-0.002021647756919265
-0.002020291052758694
-0.002018936211243272
-0.002017582766711712
-0.002016230951994658
-0.002014880301430821
-0.002013531047850847
-0.002012182958424091
-0.00201083580031991
-0.002009490272030234
-0.002008145907893777
-0.002006802940741181
-0.00200546090491116
-0.002004120266065001
-0.002002780791372061
-0.002001441782340407
-0.002000103704631329
-0.001998766558244824
-0.001997430343180895
-0.001996094826608896
-0.001994760008528829
-0.001993426354601979
-0.001992093399167061
-0.001990761607885361
-0.001989430747926235
-0.001988100586459041
-0.001986771356314421
-0.001985443755984306
-0.001984118018299341
-0.001982793910428882
-0.00198147096671164
-0.001980149652808905
-0.001978829503059387
-0.001977510517463088
-0.001976193161681294
-0.001974877435714006
-0.001973562873899937
-0.001972249476239085
-0.001970937475562096
-0.001969626639038324
-0.001968316966667771
-0.001967008458450437
-0.001965700881555676
-0.001964394235983491
-0.001963088288903236
-0.001961783273145556
-0.001960479654371738
-0.001959177432581782
-0.001957876142114401
-0.001956576248630881
-0.001955277752131224
-0.001953980419784784
-0.001952684251591563
-0.001951389014720917
-0.001950094709172845
-0.001948801567777991
-0.001947509823367
-0.001946219010278583
-0.001944929361343384
-0.00194364064373076
-0.00194235285744071
-0.001941066468134522
-0.001939781010150909
-0.001938496599905193
-0.001937213237397373
-0.001935931271873415
-0.001934650354087353
-0.001933370600454509
-0.001932092243805528
-0.001930814818479121
-0.001929538790136576
-0.001928263809531927
-0.001926990109495819
-0.001925717340782285
-0.001924445619806647
-0.001923174713738263
-0.001921904855407774
-0.001920636044815183
-0.001919368165545166
-0.001918101334013045
-0.001916835550218821
-0.00191557127982378
-0.001914308057166636
-0.001913046115078032
-0.001911785104312003
-0.00191052514128387
-0.001909266225993633
-0.001908008358441293
-0.001906751422211528
-0.001905495417304337
-0.001904240576550364
-0.00190298689994961
-0.001901734387502074
-0.001900483039207757
-0.001899232738651335
-0.001897983718663454
-0.001896735746413469
-0.001895489054732025
-0.001894243527203798
-0.001892999280244112
-0.001891756197437644
-0.001890514162369072
-0.001889273291453719
-0.001888033235445619
-0.001886794343590736
-0.001885556266643107
-0.00188431900460273
-0.00188308279030025
-0.001881847274489701
-0.001880612457171082
-0.001879378454759717
-0.001878145383670926
-0.001876913127489388
-0.001875681919045746
-0.001874451758340001
-0.001873222878202796
-0.001871995278634131
-0.001870768843218684
-0.001869543571956456
-0.001868319814093411
-0.001867097453214228
-0.001865876489318907
-0.001864656805992126
-0.001863438403233886
-0.001862221397459507
-0.001861005672253668
-0.00185979122761637
-0.001858577714301646
-0.00185736536514014
-0.001856154180131853
-0.001854944275692105
-0.001853735186159611
-0.001852527144365013
-0.001851319917477667
-0.001850113621912897
-0.001848908024840057
-0.00184770324267447
-0.001846499159000814
-0.001845296006649733
-0.001844093669205904
-0.001842892030254006
-0.001841690973378718
-0.001840490498580039
-0.001839290838688612
-0.001838091993704438
-0.001836894196458161
-0.00183569744694978
-0.001834501628763974
-0.001833307207562029
-0.001832114066928625
-0.001830922323279083
-0.001829731860198081
-0.001828542677685618
-0.00182735500857234
-0.001826168736442924
-0.001824983977712691
-0.00182380061596632
-0.001822618651203811
-0.001821437734179199
-0.001820257981307805
-0.001819079043343663
-0.001817900803871453
-0.001816723379306495
-0.001815546653233469
-0.001814370625652373
-0.001813195180147886
-0.001812020433135331
-0.001810846035368741
-0.00180967221967876
-0.001808499335311353
-0.001807327033020556
-0.001806155778467655
-0.001804985571652651
-0.001803816412575543
-0.001802648766897619
-0.001801482401788235
-0.001800317433662713
-0.001799153513275087
-0.001797990757040679
-0.001796829397790134
-0.001795668969862163
-0.00179450970608741
-0.001793351490050554
-0.001792194321751595
-0.001791037968359888
-0.001789882429875433
-0.001788727939128876
-0.001787574263289571
-0.001786421402357519
-0.001785269589163363
-0.00178411859087646
-0.00178296840749681
-0.001781818922609091
-0.001780670369043946
-0.001779522863216698
-0.001778376288712025
-0.001777230645529926
-0.001776086166501045
-0.001774942502379417
-0.001773799769580364
-0.001772658317349851
-0.001771517680026591
-0.001770378090441227
-0.001769239781424403
-0.00176810275297612
-0.001766966888681054
-0.001765832072123885
-0.001764698186889291
-0.001763565349392593
-0.001762433326803148
-0.001761302468366921
-0.001760172308422625
-0.001759043196216226
-0.001757914666086435
-0.001756786950863898
-0.001755660166963935
-0.001754533965140581
-0.001753408461809158
-0.001752283656969666
-0.001751159434206784
-0.001750036142766476
-0.001748913549818099
-0.001747792004607618
-0.00174667127430439
-0.001745551824569702
-0.001744433538988233
-0.00174331630114466
-0.001742200227454305
-0.001741085317917168
-0.00173997157253325
-0.001738858642056584
-0.001737746526487172
-0.001736635225825012
-0.001735524972900748
-0.001734415767714381
-0.001733307493850589
-0.001732199918478727
-0.001731093158014119
-0.001729987445287406
-0.001728882663883269
-0.001727778813801706
-0.001726676011458039
-0.001725574373267591
-0.001724473433569074
-0.001723373425193131
-0.001722274697385728
-0.001721177017316222
-0.001720080152153969
-0.00171898421831429
-0.001717889099381864
-0.001716794911772013
-0.001715701655484736
-0.001714609446935356
-0.001713518402539194
-0.001712428289465606
-0.00171133887488395
-0.001710250391624868
-0.001709162723273039
-0.001708075986243784
-0.001706989947706461
-0.001705904956907034
-0.00170482078101486
-0.00170373753644526
-0.00170265487395227
-0.001701573142781854
-0.001700492342934012
-0.001699412474408746
-0.001698333653621376
-0.001697255647741258
-0.001696178689599037
-0.001695102779194713
-0.001694027916528285
-0.001692953752353787
-0.001691880519501865
-0.001690808101557195
-0.0016897366149351
-0.00168866605963558
-0.001687596435658634
-0.001686527859419584
-0.001685459981672466
-0.001684393151663244
-0.001683327252976596
-0.001682262285612524
-0.001681198249571025
-0.001680134795606136
-0.001679072505794466
-0.001678011030890048
-0.001676950370892882
-0.001675890292972326
-0.001674830913543701
-0.001673772465437651
-0.001672714599408209
-0.001671657431870699
-0.001670600962825119
-0.001669545308686793
-0.001668490585871041
-0.001667436677962542
-0.001666383934207261
-0.001665332354605198
-0.001664281939156353
-0.001663232571445405
-0.001662184367887676
-0.001661137095652521
-0.001660090638324618
-0.001659045228734612
-0.001658000634051859
-0.001656956737861037
-0.00165591377299279
-0.001654871739447117
-0.001653830287978053
-0.001652789418585598
-0.001651749247685075
-0.00165070965886116
-0.001649670768529177
-0.001648632227443159
-0.001647594384849072
-0.001646557240746915
-0.001645520678721368
-0.001644484815187752
-0.001643449882976711
-0.001642415765672922
-0.00164138269610703
-0.001640350557863712
-0.001639319583773613
-0.001638289424590766
-0.001637260196730494
-0.001636232133023441
-0.001635205000638962
-0.001634178799577057
-0.001633153529837728
-0.001632128958590329
-0.001631105318665504
-0.00163008295930922
-0.001629061647690833
-0.00162804126739502
-0.001627022051252425
-0.001626003999263048
-0.001624986878596246
-0.001623970572836697
-0.001622954965569079
-0.001621940406039357
-0.001620926661416888
-0.001619913731701672
-0.001618901500478387
-0.001617890316992998
-0.001616879599168897
-0.001615869347006083
-0.001614859560504556
-0.001613850356079638
-0.001612841733731329
-0.00161183369345963
-0.001610826584510505
-0.001609820290468633
-0.001608814694918692
-0.001607810147106647
-0.001606806530617177
-0.001605803961865604
-0.001604802091605961
-0.001603801385499537
-0.001602801494300365
-0.001601802534423769
-0.001600804273039103
-0.001599806710146368
-0.001598809729330242
-0.001597813563421369
-0.001596818096004426
-0.001595823559910059
-0.001594829605892301
-0.001593836233951151
-0.001592843560501933
-0.001591851701959968
-0.001590860774740577
-0.001589870662428439
-0.001588881248608232
-0.001587892649695277
-0.001586905098520219
-0.001585918478667736
-0.001584932557307184
-0.001583947218023241
-0.001582962460815907
-0.001581978518515825
-0.001580995507538319
-0.001580013311468065
-0.001579031813889742
-0.00157805101480335
-0.001577071147039533
-0.001576092443428934
-0.001575114671140909
-0.001574137946590781
-0.001573162502609193
-0.001572187873534858
-0.001571214059367776
-0.001570241409353912
-0.001569269690662622
-0.001568298903293908
-0.001567329163663089
-0.001566360355354846
-0.001565392245538533
-0.001564424717798829
-0.001563457655720413
-0.001562491175718606
-0.001561525394208729
-0.00156056007836014
-0.001559595228172839
-0.00155863119289279
-0.001557667856104672
-0.001556705101393163
-0.00155574269592762
-0.001554780872538686
-0.001553819398395717
-0.001552858739160001
-0.001551898545585573
-0.001550939166918397
-0.001549980603158474
-0.001549022970721126
-0.00154806615319103
-0.001547110383398831
-0.001546155544929206
-0.001545201521366835
-0.001544248429127038
-0.001543296384625137
-0.001542345155030489
-0.001541394740343094
-0.001540445140562952
-0.001539496355690062
-0.001538548269309103
-0.001537600997835398
-0.001536654424853623
-0.001535708666779101
-0.001534763840027153
-0.001533819828182459
-0.001532876747660339
-0.00153193436563015
-0.001530992914922535
-0.001530052395537496
-0.001529112574644387
-0.001528173568658531
-0.001527235144749284
-0.00152629753574729
-0.001525360508821905
-0.001524424180388451
-0.001523488201200962
-0.001522552804090083
-0.001521617872640491
-0.001520683523267508
-0.001519749872386456
-0.001518817036412656
-0.001517884782515466
-0.001516953110694885
-0.001516022370196879
-0.001515092444606125
-0.001514163333922625
-0.00151323527097702
-0.001512308022938669
-0.001511381822638214
-0.001510456437245011
-0.001509531866759062
-0.001508608227595687
-0.001507685403339565
-0.001506763277575374
-0.001505841850303113
-0.001504921005107462
-0.00150400074198842
-0.001503081293776631
-0.001502162427641451
-0.001501244259998202
-0.00150032714009285
-0.001499410485848784
-0.00149849453009665
-0.001497578923590481
-0.001496664131991565
-0.001495750155299902
-0.00149483687710017
-0.001493924180977046
-0.001493012066930532
-0.001492100651375949
-0.001491189701482654
-0.001490279450081289
-0.001489370013587177
-0.001488461392000318
-0.001487553352490067
-0.001486646011471748
-0.001485739485360682
-0.001484833774156868
-0.001483928877860308
-0.001483024680055678
-0.001482121529988945
-0.001481219078414142
-0.001480317208915949
-0.001479416037909687
-0.001478515565395355
-0.001477615674957633
-0.001476716483011842
-0.001475818105973303
-0.001474920660257339
-0.001474024262279272
-0.001473128679208457
-0.001472234143875539
-0.001471340307034552
-0.001470447285100818
-0.001469554961659014
-0.001468663453124464
-0.001467772643081844
-0.001466882647946477
-0.001465993118472397
-0.001465104520320892
-0.001464216504245996
-0.001463328837417066
-0.001462441869080067
-0.001461555249989033
-0.001460668980143964
-0.001459783059544861
-0.001458897604607046
-0.001458012731745839
-0.001457128557376564
-0.001456244848668575
-0.00145536195486784
-0.001454479992389679
-0.001453598961234093
-0.001452718512155116
-0.001451838761568069
-0.001450959942303598
-0.001450081821531057
-0.001449204748496413
-0.001448328606784344
-0.001447453396394849
-0.001446579000912607
-0.001445705653168261
-0.001444833353161812
-0.001443961751647294
-0.001443091197870672
-0.001442221691831946
-0.001441352884285152
-0.001440484775230289
-0.001439617131836712
-0.001438749837689102
-0.0014378831256181
-0.001437016646377742
-0.001436150399968028
-0.001435284386388958
-0.001434418605640531
-0.001433553174138069
-0.001432688091881573
-0.001431823358871043
-0.001430958975106478
-0.001430095173418522
-0.001429231953807175
-0.001428369781933725
-0.00142750795930624
-0.00142664706800133
-0.001425786991603673
-0.001424927962943912
-0.001424069749191403
-0.00142321246676147
-0.001422356464900076
-0.001421501510776579
-0.001420647371560335
-0.001419793930836022
-0.001418941305018961
-0.001418089144863188
-0.001417237683199346
-0.001416386803612113
-0.001415536273270845
-0.001414686325006187
-0.001413836725987494
-0.001412987941876054
-0.001412139507010579
-0.001411291654221714
-0.001410444499924779
-0.001409597811289132
-0.001408752053976059
-0.001407906995154917
-0.001407062634825706
-0.00140621920581907
-0.001405376591719687
-0.001404534792527556
-0.001403693808242679
-0.001402853289619088
-0.001402013935148716
-0.001401175162754953
-0.001400336972437799
-0.001399499480612576
-0.001398662338033319
-0.001397825661115348
-0.001396989333443344
-0.001396153471432626
-0.001395317958667874
-0.001394482795149088
-0.001393648446537554
-0.001392814563587308
-0.001391981262713671
-0.001391148543916643
-0.001390316523611546
-0.001389485318213701
