0
0
0
0
0
0
0
0
0
0
0
0
0
0
0
0
0
0
0
0
0
0
0
0
0
0
0
0
0
0
0
0
0
0
0
0
0
0
0
0
0
0
0
0
0
0
0
0
0
0
0
0
0
0
0
0
0
0
0
0
0
0
0
0
0
0
0
0
0
0
0
0
0
0
0
0
0
0
0
0
0
0
0
0
0
0
0
0
0
0
0
0
0
0
0
0
0
0
0
0
0
0
0
0
0
0
0
0
0
0
0
0
0
0
0
0
0
0
0
0
0
0
0
0
0
0
0
0
0
0
0
0
0
0
0
0
0
0
0
0
0
0
0
0
0
0
0
0
0
0
0
0
0
0
0
0
0
0
0
0
0
0
0
0
0
0
0
0
0
0
0
0
0
0
0
0
0
0
0
0
0
0
0
0
0
0
0
0
0
0
0
0
0
0
0
0
0
0
0
0
0
0
0
0
0
0
0
0
0
0
0
0
0
0
0
0
0
0
0
0
0
0
0
0
0
0
0
0
0
0
0
0
0
0
0
0
0
0
0
0
0
0
0
0
0
0
0
0
0
0
0
0
0
0
0
0
0
0
0
0
0
0
0
0
0
0
0
0
0
0
0
0
0
0
0
0
0
0
0
0
0
0
0
0
0
0
0
0
0
0
0
0
0
0
0
0
0
0
0
0
0
0
0
0
0
0
0
0
0
0
0
0
0
0
0
0
0
0
0
0
0
0
0
0
0
0
0
0
0
0
0
0
0
0
0
0
0
0
0
0
0
0
0
0
0
0
0
0
0
0
0
0
0
0
0
0
0
0
0
0
0
0
0
0
0
0
0
0
0
0
0
0
0
0
0
0
0
0
0
0
0
0
0
0
0
0
0
0
0
0
0
0
0
0
0
0
0
0
0
0
0
0
0
0
0
0
0
0
0
0
0
0
0
0
0
0
0
0
0
0
0
0
0
0
0
0
0
0
0
0
0
0
0
0
0
0
0
0
0
0
0
0
0
0
0
0
0
0
0
0
0
0
0
0
0
0
0
0
0
0
0
0
0
0
0
0
0
0
0
0
0
0
0
0
0
0
0
0
0
0
0
0
0
0
0
0
0
0
0
0
0
0
0
0
0
0
0
0
0
0
0
0
0
0
0
0
0
0
0
0
0
0
0
0
0
0
0
0
0
0
0
0
0
0
0
0
0
0
0
0
0
0
0
0
0
0
0
0
0
0
0
0
0
0
0
0
0
0
0
0
0
0
0
0
0
0
0
0
0
0
0
0
0
0
0
0
0
0
0
0
0
0
0
0
0
0
0
0
0
0
0
0
0
0
0
0
0
0
0
0
0
0
0
0
0
0
0
0
0
0
0
0
0
0
0
0
0
0
0
0
0
0
0
0
0
0
0
0
0
0
0
0
0
0
0
0
0
0
0
0
0
0
0
0
0
0
0
0
0
0
0
0
0
0
0
0
0
0
0
0
0
0
0
0
0
0
0
0
0
0
0
0
0
0
0
0
0
0
0
0
0
0
0
0
0
0
0
0
0
0
0
0
0
0
0
0
0
0
0
0
0
0
0
0
0
0
0
0
0
0
0
0
0
0
0
0
0
0
0
0
0
0
0
0
0
0
0
0
0
0
0
0
0
0
0
0
0
0
0
0
0
0
0
0
0
0
0
0
0
0
0
0
0
0
0
0
0
0
0
0
0
0
0
0
0
0
0
0
0
0
0
0
0
0
0
0
0
0
0
0
0
0
0
0
0
0
0
0
0
0
0
0
0
0
0
0
0
0
0
0
0
0
0
0
0
0
0
0
0
0
0
0
0
0
0
0
0
0
0
0
0
0
0
0
0
0
0
0
0
0
0
0
0
0
0
0
0
0
0
0
0
0
0
0
0
0
0
0
0
0
0
0
0
0
0
0
0
0
0
0
0
0
0
0
0
0
0
0
0
0
0
0
0
0
0
0
0
0
0
0
0
0
0
0
0
0
0
0
0
0
0
0
0
0
0
0
0
0
0
0
0
0
0
0
0
0
0
0
0
0
0
0
0
0
0
0
0
0
0
0
0
0
0
0
0
0
0
0
0
0
0
0
0
0
0
0
0
0
0
0
0
0
0
0
0
0
0
0
0
0
0
0
0
0
0
0
0
0
0
0
0
0
0
0
0
0
0
0
0
0
0
0
0
0
0
0
0
0
0
0
0
0
0
0
0
0
0
0
0
0
0
0
0
0
0
0
0
0
0
0
0
0
0
0
0
0
0
0
0
0
0
0
0
0
0
0
0
0
0
0
0
0
0
0
0
0
0
0
0
0
0
0
0
0
0
0
0
0
0
0
0
0
0
0
0
0
0
0
0
0
0
0
0
0
0
0
0
0
0
0
0
0
0
0
0
0
0
0
0
0
0
0
0
0
0
0
0
0
0
0
0
0
0
0
0
0
0
0
0
0
0
0
0
0
0
0
0
0
0
0
0
0
0
0
0
0
0
0
0
0
0
0
0
0
0
0
0
0
0
0
0
0
0
0
0
0
0
0
0
0
0
0
0
0
0
0
0
0
0
0
0
0
0
0
0
0
0
0
0
0
0
0
0
0
0
0
0
0
0
0
0
0
0
0
0
0
0
0
0
0
0
0
0
0
0
0
0
0
0
0
0
0
0
0
0
0
0
0
0
0
0
0
0
0
0
0
0
0
0
0
0
0
0
0
0
0
0
0
0
0
0
0
0
0
0
0
0
0
0
0
0
0
0
0
0
0
0
0
0
0
0
0
0
0
0
0
0
0
0
0
0
0
0
0
0
0
0
0
0
0
0
0
0
0
0
0
0
0
0
0
0
0
0
0
0
0
0
0
0
0
0
0
0
0
0
0
0
0
0
0
0
0
0
0
0
0
0
0
0
0
0
0
0
0
0
0
0
0
0
0
0
0
0
0
0
0
0
0
0
0
0
0
0
0
0
0
0
0
0
0
0
0
0
0
0
0
0
0
0
0
0
0
0
0
0
0
0
0
0
0
0
0
0
0
0
0
0
0
0
0
0
0
0
0
0
0
0
0
0
0
0
0
0
0
0
0
0
0
0
0
0
0
0
0
0
0
0
0
0
0
0
0
0
0
0
0
0
0
0
0
0
0
0
0
0
0
0
0
0
0
0
0
0
0
0
0
0
0
0
0
0
0
0
0
0
0
0
0
0
0
0
0
0
0
0
0
0
0
0
0
0
0
0
0
0
0
0
0
0
0
0
0
0
0
0
0
0
0
0
0
0
0
0
0
0
0
0
0
0
0
0
0
0
0
0
0
0
0
0
0
0
0
0
0
0
0
0
0
0
0
0
0
0
0
0
0
0
0
0
0
0
0
0
0
0
0
0
0
0
0
0
0
0
0
0
0
0
0
0
0
0
0
0
0
0
0
0
0
0
0
0
0
0
0
0
0
0
0
0
0
0
0
0
0
0
0
0
0
0
0
0
0
0
0
0
0
0
0
0
0
0
0
0
0
0
0
0
0
0
0
0
0
0
0
0
0
0
0
0
0
0
0
0
0
0
0
0
0
0
0
0
0
0
0
0
0
0
0
0
0
0
0
0
0
0
0
0
0
0
0
0
0
0
0
0
0
0
0
0
0
0
0
0
0
0
0
0
0
0
0
0
0
0
0
0
0
0
0
0
0
0
0
0
0
0
0
0
0
0
0
0
0
0
0
0
0
0
0
0
0
0
0
0
0
0
0
0
0
0
0
0
0
0
0
0
0
0
0
0
0
0
0
0
0
0
0
0
0
0
0
0
0
0
0
0
0
0
0
0
0
0
0
0
0
0
0
0
0
0
0
0
0
0
0
0
0
0
0
0
0
0
0
0
0
0
0
0
0
0
0
0
0
0
0
0
0
0
0
0
0
0
0
0
0
0
0
0
0
0
0
0
0
0
0
0
0
0
0
0
0
0
0
0
0
0
0
0
0
0
0
0
0
0
0
0
0
0
0
0
0
0
0
0
0
0
0
0
0
0
0
0
0
0
0
0
0
0
0
0
0
0
0
0
0
0
0
0
0
0
0
0
0
0
0
0
0
0
0
0
0
0
0
0
0
0
0
0
0
0
0
0
0
0
0
0
0
0
0
0
0
0
0
0
0
0
0
0
0
0
0
0
0
0
0
0
0
0
0
0
0
0
0
0
0
0
0
0
0
0
0
0
0
0
0
0
0
0
0
0
0
0
0
0
0
0
0
0
0
0
0
0
0
0
0
0
0
0
0
0
0
0
0
0
0
0
0
0
0
0
0
0
0
0
0
0
0
0
0
0
0
0
0
0
0
0
0
0
0
0
0
0
0
0
0
0
0
0
0
0
0
0
0
0
0
0
0
0
0
0
0
0
0
0
0
0
0
0
0
0
0
0
0
0
0
0
0
0
0
0
0
0
0
0
0
0
0
0
0
0
0
0
0
0
0
0
0
0
0
0
0
7.006492321624085e-45
2.802596928649634e-44
6.726232628759122e-44
1.443337418254562e-43
2.802596928649634e-43
5.21283028728832e-43
9.304621803116785e-43
1.628308815545437e-42
2.808202122506933e-42
4.812058926491422e-42
8.196194717835855e-42
1.389527557224489e-41
2.349417005286988e-41
3.962591797417718e-41
6.671021469264724e-41
1.121150875337e-40
1.880724707924267e-40
3.149530402447172e-40
5.265519109546933e-40
8.788775812429534e-40
1.464578300376797e-39
2.436684268451281e-39
4.047518892146588e-39
6.712501305107203e-39
1.111447023601397e-38
1.837397820575961e-38
3.032693779867776e-38
4.997653621339229e-38
8.222754928928668e-38
1.350775825284296e-37
2.215466548770548e-37
3.6279747281867e-37
5.931731824312129e-37
9.683184040604538e-37
1.578248066899533e-36
2.568348613021859e-36
4.173066647393102e-36
6.769872426054511e-36
1.096555069451726e-35
1.773398532108505e-35
2.863579428915572e-35
4.616789936095221e-35
7.431904042871189e-35
1.194511071394833e-34
1.916952909843422e-34
3.071601177009697e-34
4.914183980148824e-34
7.850044946997317e-34
1.252068532393248e-33
1.993977659317407e-33
3.170659443105018e-33
5.034045006504846e-33
7.980381923906569e-33
1.263194751727674e-32
1.996447850493065e-32
3.150558783579544e-32
4.964324232505668e-32
7.810458778833835e-32
1.226980650739998e-31
1.924618092691718e-31
3.014379643827743e-31
4.714100981825791e-31
7.361192008465097e-31
1.14774835832367e-30
1.786879683193439e-30
2.777761799863153e-30
4.311680176895231e-30
6.68268124668459e-30
1.034209484271532e-29
1.598161644756495e-29
2.465972136002462e-29
3.799369871846413e-29
5.845098677305611e-29
8.979038688507467e-29
1.377292808912696e-28
2.109511994098658e-28
3.226247546394527e-28
4.926904835564191e-28
7.512981453646665e-28
1.143965023925097e-27
1.739307140183118e-27
2.64060614667339e-27
4.003091611727535e-27
6.0597217103027e-27
9.159588000409587e-27
1.382502309782342e-26
2.08364249864036e-26
3.135802525088e-26
4.712409145055025e-26
7.07142187751585e-26
1.059596858557215e-25
1.585423927845859e-25
2.36876292998984e-25
3.534028076579959e-25
5.264911915632267e-25
7.832233600656564e-25
1.163467283283314e-24
1.725827289953648e-24
2.556323287676093e-24
3.781029251386035e-24
5.584454027573105e-24
8.236229287565714e-24
1.212980216885601e-23
1.783845327405575e-23
2.619626259319504e-23
3.841499226303571e-23
5.625252256983235e-23
8.225524602854046e-23
1.201063826046295e-22
1.751257073203225e-22
2.549855677438285e-22
3.707350905015841e-22
5.382631459150909e-22
7.803851312198276e-22
1.129814514931909e-21
1.633389086572603e-21
2.358070994848122e-21
3.399455035341871e-21
4.893812953571819e-21
7.035120218768783e-21
1.009908848833826e-20
1.447703719991606e-20
2.072356914379268e-20
2.962354785872309e-20
4.228610945504153e-20
6.027634104400942e-20
8.579951583221593e-20
1.219584755390527e-19
1.73112604164342e-19
2.453778037386623e-19
3.47321817176382e-19
4.909298323938437e-19
6.929431578085081e-19
9.767129470163824e-19
1.374762597534556e-18
1.93232534378715e-18
2.712219556238124e-18
3.80155831353243e-18
5.320972466325972e-18
7.437263605525527e-18
1.038073949318117e-17
1.446893905002038e-17
2.013903053849987e-17
2.799200699575372e-17
3.885289174729742e-17
5.38526077809747e-17
7.453913758639485e-17
1.030282702041256e-16
1.422076468304752e-16
1.960126884175057e-16
2.697989460626895e-16
3.708439944999375e-16
5.090228614656957e-16
6.977157558508257e-16
9.550256246227242e-16
1.305409591221293e-15
1.781861706524456e-15
2.428827589219659e-15
3.306091354119702e-15
4.493953630448425e-15
6.100112751625079e-15
8.268805087798155e-15
1.119291528765051e-14
1.513001082384911e-14
2.04235313692536e-14
2.753074596637331e-14
3.705958201991391e-14
4.981710776861235e-14
6.68731630943005e-14
8.964385494764776e-14
1.200008517034112e-13
1.604143114999554e-13
2.141395513601679e-13
2.854601320947947e-13
3.800044859943869e-13
5.051571682658518e-13
6.705923793690061e-13
8.889653878470238e-13
1.176806482122705e-12
1.555675401866685e-12
2.053649784949929e-12
2.707241548993711e-12
3.563860795016693e-12
4.68497332942186e-12
6.150154170658784e-12
8.062265265118551e-12
1.055407063826896e-11
1.379667387280126e-11
1.801025995007421e-11
2.347774578914663e-11
3.056210146068494e-11
3.97283074493604e-11
5.157112237252903e-11
6.685013653751071e-11
8.653401606384392e-11
1.118561146484787e-10
1.443844627191382e-10
1.8610950280884e-10
2.395540155131215e-10
3.079106414283217e-10
3.952134730589307e-10
5.065519670388596e-10
6.483372172461088e-10
8.286324959527747e-10
1.057563259188044e-09
1.347825295816563e-09
1.715311448435841e-09
2.179886493536287e-09
2.766340045923243e-09
3.505559176275597e-09
4.435967593252599e-09
5.605289121746182e-09
7.07270420008399e-09
8.911483995177605e-09
1.121219650457306e-08
1.408661987056803e-08
1.767247148620754e-08
2.213917582594149e-08
2.769480644815303e-08
3.459448905118734e-08
4.315054979997512e-08
5.374469225216671e-08
6.68426523020571e-08
8.301174858615923e-08
1.029418967846141e-07
1.274707130960451e-07
1.576134280867336e-07
1.945984706708259e-07
2.399097525085381e-07
2.953366902147536e-07
3.630335925208783e-07
4.455893076737993e-07
5.461097885017807e-07
6.683150672870397e-07
8.166523457475705e-07
9.964293212760822e-07
1.213969198943232e-06
1.476791794630117e-06
1.79382413989515e-06
2.17564479498833e-06
2.634766360642971e-06
3.185962441420997e-06
3.846644176519476e-06
4.637292931874981e-06
5.581957339018118e-06
6.708822184009477e-06
8.050856195040978e-06
9.646552825870458e-06
1.154076562670525e-05
1.378566230414435e-05
1.64417979249265e-05
1.957932363438886e-05
2.327934271306731e-05
2.76354458037531e-05
3.275538620073348e-05
3.876300252159126e-05
4.580030508805066e-05
5.402980605140328e-05
6.363706779666245e-05
7.483355147996917e-05
8.785968384472653e-05
0.000102988225989975
0.0001205279404530302
0.0001408275129506364
0.0001642798742977902
0.0001913267187774181
0.000222463408135809
0.0002582441666163504
0.0002992875233758241
0.0003462820604909211
0.0003999923646915704
0.000461265241028741
0.0005310361157171428
0.0006103352061472833
0.0007002945058047771
0.0008021537796594203
0.0009172672289423645
0.001047109137289226
0.001193280098959804
0.001357511966489255
0.001541672390885651
0.001747768837958574
0.001977950800210238
0.002234512008726597
0.002519890666007996
0.002836667466908693
0.003187562339007854
0.003575430251657963
0.004003252368420362
0.004474126733839512
0.004991254769265652
0.005557924974709749
0.006177496165037155
0.006853373721241951
0.00758898351341486
0.00838774349540472
0.009253028780221939
0.0101881381124258
0.01119625382125378
0.01228039432317019
0.01344337128102779
0.01468774024397135
0.01601574569940567
0.01742926985025406
0.01892977766692638
0.02051825635135174
0.02219516225159168
0.02396036498248577
0.02581310085952282
0.02775191515684128
0.02977460622787476
0.03187820687890053
0.03405893966555595
0.03631219267845154
0.03863248974084854
0.04101350530982018
0.04344805702567101
0.04592812433838844
0.04844488576054573
0.05098874866962433
0.05354943126440048
0.05611603707075119
0.05867711827158928
0.06122082099318504
0.0637349858880043
0.06620730459690094
0.06862542033195496
0.07097714394330978
0.07325056195259094
0.07543428242206573
0.07751753181219101
0.07949042320251465
0.08134404569864273
0.08307065814733505
0.08466389775276184
0.08611883968114853
0.08743219077587128
0.08860236406326294
0.08962956070899963
0.09051582217216492
0.09126503020524979
0.09188295900821686
0.09237716346979141
0.09275689721107483
0.09303303062915802
0.0932178795337677
0.09332499653100967
0.09336897730827332
0.09336522221565247
0.09332963079214096
0.09327832609415054
0.09322737902402878
0.0931924432516098
0.09318850934505463
0.09322954714298248
0.09332824498414993
0.09349572658538818
0.09374132007360458
0.0940723642706871
0.09449400007724762
0.09500914067029953
0.0956183522939682
0.09631984680891037
0.09710952639579773
0.09798108786344528
0.09892620891332626
0.09993472695350647
0.1009949296712875
0.1020938456058502
0.1032175645232201
0.1043516471982002
0.1054814681410789
0.106592632830143
0.1076713353395462
0.1087047755718231
0.1096814945340157
0.1105916425585747
0.1114272922277451
0.1121826320886612
0.1128541082143784
0.1134405210614204
0.1139430180191994
0.1143650636076927
0.1147122383117676
0.1149921640753746
0.1152141243219376
0.1153888180851936
0.115528017282486
0.1156441271305084
0.1157498210668564
0.1158576384186745
0.1159795224666595
0.1161265298724174
0.116308405995369
0.1165333241224289
0.1168076395988464
0.117135688662529
0.1175196915864944
0.1179597079753876
0.1184537261724472
0.1189977452158928
0.1195859536528587
0.1202110201120377
0.1208643168210983
0.1215363740921021
0.122217170894146
0.1228965893387794
0.1235647052526474
0.1242122575640678
0.1248309165239334
0.12541364133358
0.125954881310463
0.1264507472515106
0.1268991529941559
0.1272998452186584
0.1276543736457825
0.127965897321701
0.1282391101121902
0.1284799873828888
0.128695473074913
0.1288932263851166
0.1290811896324158
0.1292672604322433
0.1294590532779694
0.129663497209549
0.129886582493782
0.1301331222057343
0.1304065734148026
0.1307089924812317
0.1310408711433411
0.1314012557268143
0.1317878067493439
0.1321969032287598
0.1326238960027695
0.1330633610486984
0.1335093080997467
0.1339554935693741
0.1343957185745239
0.1348240524530411
0.1352351158857346
0.1356242895126343
0.1359879225492477
0.1363233178853989
0.1366289407014847
0.1369043290615082
0.1371500492095947
0.1373676210641861
0.1375593096017838
0.1377279460430145
0.1378767192363739
0.1380089521408081
0.1381278187036514
0.1382360756397247
0.1383359730243683
0.1384290158748627
0.1385157406330109
0.1385957896709442
0.1386677026748657
0.138728991150856
0.1387761831283569
0.1388049721717834
0.1388102471828461
0.1387863010168076
0.1387270539999008
0.1386262774467468
0.138477623462677
0.1382750123739243
0.1380127668380737
0.1376856714487076
0.1372891813516617
0.1368195116519928
0.1362736821174622
0.1356495469808578
0.1349457204341888
0.134161651134491
0.133297473192215
0.1323539763689041
0.1313325315713882
0.130234956741333
0.1290635019540787
0.1278207451105118
0.1265096068382263
0.1251332759857178
0.1236951872706413
0.1221990883350372
0.1206491068005562
0.1190497651696205
0.1174060329794884
0.1157234609127045
0.1140081584453583
0.1122669279575348
0.1105073094367981
0.1087375432252884
0.1069665774703026
0.1052040532231331
0.1034601777791977
0.1017456129193306
0.1000713258981705
0.09844838827848434
0.09688778221607208
0.09540016204118729
0.09399554133415222
0.09268312901258469
0.09147103875875473
0.09036604315042496
0.08937340974807739
0.08849665522575378
0.08773744851350784
0.08709549903869629
0.08656854182481766
0.08615231513977051
0.08584064990282059
0.08562552183866501
0.08549724519252777
0.08544468134641647
0.08545543253421783
0.08551616966724396
0.08561288565397263
0.08573124557733536
0.08585689216852188
0.08597578853368759
0.08607450127601624
0.08614055067300797
0.08616271615028381
0.08613120019435883
0.08603791892528534
0.08587665855884552
0.08564320951700211
0.08533542603254318
0.08495332300662994
0.08449898660182953
0.08397652208805084
0.08339190483093262
0.08275286853313446
0.08206858485937119
0.08134946972131729
0.08060683310031891
0.07985255867242813
0.07909874618053436
0.07835734635591507
0.07763980329036713
0.07695669680833817
0.0763174444437027
0.07572995871305466
0.07520046085119247
0.07473324239253998
0.07433056086301804
0.07399260252714157
0.07371743023395538
0.07350115478038788
0.07333802431821823
0.07322069257497787
0.0731404721736908
0.07308769226074219
0.07305204123258591
0.07302300631999969
0.07299021631479263
0.07294388115406036
0.07287515699863434
0.07277645170688629
0.07264172285795212
0.0724666565656662
0.07224881649017334
0.07198771834373474
0.07168480008840561
0.07134328782558441
0.07096803188323975
0.07056526094675064
0.07014226168394089
0.06970704346895218
0.06926797330379486
0.0688333585858345
0.06841111928224564
0.06800839304924011
0.06763129681348801
0.06728463619947433
0.06697171181440353
0.06669424474239349
0.06645233184099197
0.06624452024698257
0.06606785953044891
0.06591816991567612
0.06579024344682693
0.06567813456058502
0.06557548046112061
0.06547582894563675
0.06537298113107681
0.06526125222444534
0.06513575464487076
0.06499260663986206
0.06482910364866257
0.06464378535747528
0.06443649530410767
0.06420828402042389
0.06396135687828064
0.06369886547327042
0.0634247362613678
0.06314339488744736
0.06285952031612396
0.06257779151201248
0.0623026080429554
0.0620378814637661
0.06178684532642365
0.06155185773968697
0.06133436784148216
0.06113485991954803
0.06095284223556519
0.06078695133328438
0.060635045170784
0.06049437075853348
0.06036175042390823
0.06023377925157547
0.0601070336997509
0.05997829139232635
0.05984468013048172
0.05970385670661926
0.0595540851354599
0.05939434096217155
0.05922432243824005
0.05904443189501762
0.05885570496320724
0.05865972489118576
0.05845848098397255
0.05825423076748848
0.05804933607578278
0.05784611403942108
0.05764668062329292
0.05745282396674156
0.05726590380072594
0.05708678066730499
0.05691578239202499
0.05675268545746803
0.05659680068492889
0.05644697695970535
0.05630170926451683
0.05615926161408424
0.05601776391267776
0.05587533861398697
0.0557301938533783
0.0555807389318943
0.05542563274502754
0.05526387691497803
0.05509478971362114
0.05491802841424942
0.05473356321454048
0.05454162880778313
0.05434262752532959
0.05413706228137016
0.05392544716596603
0.05370821431279182
0.05348565429449081
0.05325780808925629
0.05302440375089645
0.05278486758470535
0.05253826826810837
0.05228331685066223
0.05201840028166771
0.05174162238836288
0.05145084112882614
0.05114372447133064
0.0508178174495697
0.05047059059143066
0.05009950324892998
0.04970203340053558
0.04927573725581169
0.04881824180483818
0.0483272559940815
0.04780054837465286
0.04723596572875977
0.04663136601448059
0.04598461464047432
0.04529353976249695
0.0445559099316597
0.04376939684152603
0.04293157532811165
0.0420399121940136
0.04109177738428116
0.04008447378873825
0.03901524469256401
0.03788135200738907
0.03668010607361794
0.03540894389152527
0.03406547009944916
0.03264753520488739
0.03115331381559372
0.02958134189248085
0.02793058007955551
0.02620045654475689
0.02439091168344021
0.02250242419540882
0.0205360371619463
0.01849337108433247
0.01637663133442402
0.01418861653655767
0.01193272601813078
0.009612943045794964
0.007233845070004463
0.004800591617822647
0.002318916376680136
-0.0002048797905445099
-0.002763941884040833
-0.005350881721824408
-0.007957798428833485
-0.01057631149888039
-0.01319759525358677
-0.01581243798136711
-0.0184112936258316
-0.02098435908555984
-0.0235216598957777
-0.02601313963532448
-0.02844877727329731
-0.03081869147717953
-0.0331132635474205
-0.03532326221466064
-0.0374399721622467
-0.03945533931255341
-0.04136207327246666
-0.04315377026796341
-0.04482503980398178
-0.04637159407138824
-0.04779034852981567
-0.04907948151230812
-0.05023850128054619
-0.05126828700304031
-0.05217111110687256
-0.0529506504535675
-0.05361194908618927
-0.05416140705347061
-0.05460669100284576
-0.05495668947696686
-0.05522137507796288
-0.05541171133518219
-0.05553949624300003
-0.05561721697449684
-0.05565785989165306
-0.0556747242808342
-0.05568122491240501
-0.05569067224860191
-0.05571607127785683
-0.05576988682150841
-0.05586384236812592
-0.05600869655609131
-0.05621407553553581
-0.05648824945092201
-0.05683803930878639
-0.05726861953735352
-0.05778345838189125
-0.0583842359483242
-0.05907079577445984
-0.05984116718173027
-0.06069158762693405
-0.06161659955978394
-0.06260913610458374
-0.06366070359945297
-0.06476154923439026
-0.06590086221694946
-0.06706704944372177
-0.0682479590177536
-0.06943117082118988
-0.07060427218675613
-0.07175511121749878
-0.07287211716175079
-0.0739445835351944
-0.07496285438537598
-0.07591857761144638
-0.07680489122867584
-0.07761659473180771
-0.0783502459526062
-0.07900424301624298
-0.07957883924245834
-0.08007615804672241
-0.08050008863210678
-0.08085616677999496
-0.08115147799253464
-0.08139435946941376
-0.08159425109624863
-0.08176140487194061
-0.08190658688545227
-0.08204079419374466
-0.08217494189739227
-0.08231958001852036
-0.08248460292816162
-0.08267895877361298
-0.08291041105985641
-0.0831853374838829
-0.08350854367017746
-0.08388318121433258
-0.08431067317724228
-0.0847906619310379
-0.08532107621431351
-0.08589821308851242
-0.08651687204837799
-0.08717052638530731
-0.08785152435302734
-0.08855140209197998
-0.08926109969615936
-0.08997127413749695
-0.09067258238792419
-0.09135594218969345
-0.09201286733150482
-0.09263565391302109
-0.093217633664608
-0.09375334531068802
-0.09423863142728806
-0.09467078745365143
-0.09504852443933487
-0.09537200629711151
-0.09564273059368134
-0.09586340188980103
-0.0960378423333168
-0.09617067128419876
-0.09626719355583191
-0.09633302688598633
-0.09637393057346344
-0.09639547765254974
-0.09640283137559891
-0.09640045464038849
-0.09639196842908859
-0.09637989103794098
-0.0963655412197113
-0.09634894132614136
-0.09632876515388489
-0.09630236029624939
-0.0962657555937767
-0.09621381759643555
-0.09614040702581406
-0.09603851288557053
-0.0959005281329155
-0.09571847319602966
-0.09548424929380417
-0.0951898917555809
-0.09482782334089279
-0.0943911224603653
-0.09387368708848953
-0.09327049553394318
-0.09257770329713821
-0.09179278463125229
-0.09091456234455109
-0.0899433046579361
-0.08888062834739685
-0.08772949129343033
-0.0864940732717514
-0.08517967909574509
-0.0837925598025322
-0.08233977854251862
-0.08082900941371918
-0.07926840335130692
-0.07766636461019516
-0.07603143155574799
-0.07437215000391006
-0.07269690930843353
-0.07101386040449142
-0.06933090090751648
-0.06765559315681458
-0.06599516421556473
-0.06435651332139969
-0.06274621933698654
-0.06117058545351028
-0.05963569134473801
-0.05814744159579277
-0.0567115880548954
-0.05533375218510628
-0.05401943624019623
-0.05277400463819504
-0.05160266160964966
-0.05051036179065704
-0.04950176179409027
-0.0485810674726963
-0.04775195196270943
-0.04701738432049751
-0.04637950658798218
-0.04583946242928505
-0.04539728537201881
-0.04505174607038498
-0.04480027034878731
-0.04463887214660645
-0.04456210881471634
-0.04456310719251633
-0.04463359341025352
-0.04476400837302208
-0.04494364559650421
-0.04516085609793663
-0.04540323838591576
-0.0456579402089119
-0.04591192677617073
-0.04615227878093719
-0.04636653140187263
-0.04654295369982719
-0.04667087271809578
-0.04674094542860985
-0.04674538224935532
-0.04667816683650017
-0.04653520509600639
-0.04631443321704865
-0.04601584747433662
-0.04564150422811508
-0.04519544169306755
-0.044683538377285
-0.04411336034536362
-0.04349390789866447
-0.04283535853028297
-0.04214876517653465
-0.04144573956727982
-0.04073812067508698
-0.04003764688968658
-0.03935562819242477
-0.03870263323187828
-0.03808822482824326
-0.03752070292830467
-0.03700690343976021
-0.03655204549431801
-0.03615961596369743
-0.03583131358027458
-0.03556704893708229
-0.03536499664187431
-0.03522167727351189
-0.03513212502002716
-0.03509004041552544
-0.03508803248405457
-0.03511784225702286
-0.03517062589526176
-0.03523720800876617
-0.03530838713049889
-0.03537518158555031
-0.03542911633849144
-0.03546246141195297
-0.03546843677759171
-0.03544142469763756
-0.03537708520889282
-0.03527247905731201
-0.03512611612677574
-0.03493798151612282
-0.03470947965979576
-0.03444338217377663
-0.03414368256926537
-0.03381543606519699
-0.03346458077430725
-0.03309768438339233
-0.03272174298763275
-0.03234388306736946
-0.03197114169597626
-0.03161018714308739
-0.03126710653305054
-0.03094716556370258
-0.0306546576321125
-0.03039274178445339
-0.03016335144639015
-0.02996714599430561
-0.02980350703001022
-0.02967057935893536
-0.02956537529826164
-0.02948390878736973
-0.02942136861383915
-0.02937233448028564
-0.02933100238442421
-0.0292914304882288
-0.02924777567386627
-0.02919453755021095
-0.02912678755819798
-0.02904034778475761
-0.02893195673823357
-0.0287993885576725
-0.02864152193069458
-0.0284583568572998
-0.02825100161135197
-0.02802158705890179
-0.02777315489947796
-0.02750950120389462
-0.0272350013256073
-0.02695439010858536
-0.02667255513370037
-0.0263943076133728
-0.02612418681383133
-0.02586626261472702
-0.02562396600842476
-0.02539997175335884
-0.02519609779119492
-0.02501326985657215
-0.02485150285065174
-0.02470994926989079
-0.02458697557449341
-0.02448027394711971
-0.02438700199127197
-0.02430395409464836
-0.02422772347927094
-0.02415487356483936
-0.02408211678266525
-0.02400646358728409
-0.02392534166574478
-0.02383671700954437
-0.02373915165662766
-0.02363184466958046
-0.0235146302729845
-0.02338794432580471
-0.02325274981558323
-0.02311047352850437
-0.02296286821365356
-0.02281190641224384
-0.02265964448451996
-0.02250810340046883
-0.02235914207994938
-0.0222143717110157
-0.02207506261765957
-0.02194209024310112
-0.02181590721011162
-0.02169654704630375
-0.02158363536000252
-0.02147644385695457
-0.02137395553290844
-0.02127494476735592
-0.02117807790637016
-0.02108199335634708
-0.02098539471626282
-0.02088714390993118
-0.02078631892800331
-0.02068227343261242
-0.02057466469705105
-0.02046346664428711
-0.02034896053373814
-0.0202317014336586
-0.02011247351765633
-0.01999223418533802
-0.01987204141914845
-0.01975296437740326
-0.01963603496551514
-0.01952216774225235
-0.0194120928645134
-0.01930632255971432
-0.01920511573553085
-0.01910846866667271
-0.01901610940694809
-0.01892754249274731
-0.01884206756949425
-0.01875883899629116
-0.01867691986262798
-0.01859535090625286
-0.01851320452988148
-0.01842965371906757
-0.01834402047097683
-0.018255814909935
-0.01816476322710514
-0.01807082816958427
-0.01797418482601643
-0.01787522248923779
-0.01777450740337372
-0.01767272874712944
-0.01757067441940308
-0.0174691453576088
-0.01736892387270927
-0.01727071404457092
-0.0171751007437706
-0.01708250492811203
-0.01699317246675491
-0.01690715551376343
-0.01682431995868683
-0.01674435287714005
-0.01666679792106152
-0.01659109443426132
-0.01651659980416298
-0.01644265651702881
-0.01636862941086292
-0.01629394665360451
-0.01621813699603081
-0.01614086143672466
-0.01606192626059055
-0.01598129607737064
-0.01589908078312874
-0.01581552810966969
-0.01573099568486214
-0.01564592681825161
-0.0155608095228672
-0.01547613739967346
-0.01539238076657057
-0.01530994661152363
-0.01522915903478861
-0.01515023317188025
-0.01507326867431402
-0.01499824691563845
-0.01492503751069307
-0.0148534132167697
-0.01478307135403156
-0.0147136626765132
-0.01464481186121702
-0.01457615662366152
-0.01450736448168755
-0.01443816814571619
-0.01436836924403906
-0.01429785788059235
-0.01422661263495684
-0.01415469776839018
-0.01408225391060114
-0.01400948036462069
-0.01393661554902792
-0.01386391744017601
-0.01379164587706327
-0.01372003182768822
-0.01364926807582378
-0.01357949431985617
-0.01351078599691391
-0.01344315893948078
-0.01337656285613775
-0.01331089716404676
-0.01324601657688618
-0.01318174786865711
-0.01311790943145752
-0.01305432058870792
-0.01299082115292549
-0.0129272798076272
-0.01286360342055559
-0.01279974356293678
-0.01273570023477077
-0.01267151162028313
-0.01260725222527981
-0.01254302263259888
-0.01247893739491701
-0.01241511572152376
-0.01235166937112808
-0.01228869333863258
-0.01222626026719809
-0.01216441206634045
-0.01210315898060799
-0.01204248424619436
-0.01198234409093857
-0.0119226761162281
-0.01186340488493443
-0.01180445123463869
-0.01174573879688978
-0.0116872014477849
-0.01162878423929214
-0.01157045736908913
-0.01151220221072435
-0.01145402435213327
-0.01139594241976738
-0.01133799180388451
-0.01128021441400051
-0.01122265588492155
-0.01116536092013121
-0.01110836677253246
-0.01105170510709286
-0.01099538989365101
-0.01093942951411009
-0.01088381744921207
-0.01082853507250547
-0.01077355910092592
-0.01071885973215103
-0.01066440995782614
-0.01061017997562885
-0.01055614650249481
-0.01050229370594025
-0.01044861041009426
-0.01039509568363428
-0.01034175138920546
-0.01028858870267868
-0.01023562159389257
-0.01018286030739546
-0.01013032253831625
-0.01007801946252584
-0.01002595853060484
-0.009974143467843533
-0.009922572411596775
-0.009871242567896843
-0.00982014462351799
-0.009769270196557045
-0.009718609042465687
-0.009668150916695595
-0.009617887437343597
-0.009567814879119396
-0.009517928585410118
-0.009468226693570614
-0.009418711997568607
-0.009369387291371822
-0.009320255368947983
-0.009271319955587387
-0.009222585707902908
-0.009174056351184845
-0.009125730022788048
-0.009077607654035091
-0.009029684588313103
-0.008981957100331783
-0.00893442053347826
-0.00888707023113966
-0.008839900605380535
-0.008792907930910587
-0.008746090345084667
-0.008699444122612476
-0.008652972988784313
-0.008606676943600178
-0.008560556918382645
-0.008514613844454288
-0.008468851447105408
-0.008423273451626301
-0.008377877064049244
-0.008332665078341961
-0.008287637494504452
-0.008242789655923843
-0.008198118768632412
-0.008153622038662434
-0.008109297603368759
-0.00806514173746109
-0.008021151646971703
-0.007977329194545746
-0.007933673448860645
-0.007890184409916401
-0.00784686766564846
-0.007803725078701973
-0.007760761771351099
-0.007717982400208712
-0.007675392087548971
-0.007632996886968613
-0.007590802386403084
-0.00754881463944912
-0.007507038302719593
-0.007465480361133814
-0.007424147333949804
-0.007383048068732023
-0.007342192810028791
-0.007301593199372292
-0.007261265069246292
-0.007221226580440998
-0.007181499153375626
-0.00714210607111454
-0.007103075738996267
-0.007064437959343195
-0.007026229053735733
-0.006988486275076866
-0.006951253395527601
-0.006914576981216669
-0.006878507789224386
-0.006843102630227804
-0.006808422971516848
-0.006774535868316889
-0.006741513032466173
-0.006709433160722256
-0.006678381469100714
-0.00664844736456871
-0.00661972863599658
-0.006592328194528818
-0.006566356867551804
-0.006541930139064789
-0.006519169546663761
-0.006498201284557581
-0.006479154340922832
-0.00646216282621026
-0.006447362247854471
-0.00643488671630621
-0.006424871273338795
-0.006417449563741684
-0.0064127491787076
-0.006410892587155104
-0.006411993876099586
-0.006416156888008118
-0.006423474289476871
-0.006434022914618254
-0.006447863299399614
-0.006465037818998098
-0.006485564634203911
-0.006509438622742891
-0.00653662858530879
-0.006567072123289108
-0.006600677967071533
-0.006637320388108492
-0.006676841527223587
-0.006719045806676149
-0.00676370644941926
-0.006810559891164303
-0.006859310436993837
-0.006909629795700312
-0.006961160339415073
-0.007013518828898668
-0.007066296879202127
-0.007119071204215288
-0.007171403151005507
-0.007222846616059542
-0.007272953167557716
-0.00732128182426095
-0.007367401849478483
-0.007410903461277485
-0.007451403420418501
-0.007488554809242487
-0.00752205029129982
-0.007551630027592182
-0.007577090989798307
-0.007598287891596556
-0.007615139242261648
-0.00762763200327754
-0.007635822053998709
-0.007639834191650152
-0.007639862596988678
-0.007636168040335178
-0.007629075087606907
-0.007618962321430445
-0.007606260012835264
-0.007591438014060259
-0.007574998307973146
-0.007557466626167297
-0.007539376150816679
-0.007521260995417833
-0.007503639440983534
-0.007487006019800901
-0.007471817545592785
-0.007458483800292015
-0.007447359152138233
-0.00743873231112957
-0.007432821206748486
-0.007429768797010183
-0.007429640274494886
-0.00743242260068655
-0.007438025437295437
-0.007446287199854851
-0.007456979714334011
-0.007469816133379936
-0.007484461180865765
-0.007500541396439075
-0.007517656777054071
-0.007535394281148911
-0.00755333760753274
-0.007571083959192038
-0.007588251493871212
-0.007604491896927357
-0.00761950109153986
-0.007633025292307138
-0.0076448661275208
-0.007654886227101088
-0.007663010619580746
-0.007669226732105017
-0.007673580199480057
-0.007676171604543924
-0.007677150890231133
-0.007676711305975914
-0.007675076369196177
-0.007672497071325779
-0.007669237442314625
-0.007665567565709352
-0.007661755196750164
-0.007658055052161217
-0.007654701359570026
-0.007651903200894594
-0.007649839390069246
-0.007648653816431761
-0.007648452185094357
-0.00764930434525013
-0.007651239633560181
-0.007654252462089062
-0.007658302318304777
-0.007663319353014231
-0.007669206243008375
-0.007675843313336372
-0.007683093193918467
-0.007690807804465294
-0.007698830682784319
-0.007707003504037857
-0.007715168409049511
-0.007723175920546055
-0.007730884943157434
-0.007738168817013502
-0.007744917646050453
-0.007751043885946274
-0.007756480481475592
-0.007761185057461262
-0.007765140384435654
-0.007768356706947088
-0.007770870346575975
-0.007772741839289665
-0.007774056401103735
-0.007774921599775553
-0.007775461301207542
-0.00777581287547946
-0.007776122540235519
-0.007776538841426373
-0.007777208928018808
-0.007778269238770008
-0.007779838517308235
-0.007782015483826399
-0.00778487091884017
-0.007788447197526693
-0.007792748976498842
-0.007797747384756804
-0.007803378161042929
-0.00780954584479332
-0.007816127501428127
-0.0078229745849967
-0.007829931564629078
-0.007836829870939255
-0.007843506522476673
-0.007849812507629395
-0.007855618372559547
-0.007860824465751648
-0.007865366525948048
-0.007869218476116657
-0.007872398011386395
-0.007874962873756886
-0.007877005264163017
-0.007878653705120087
-0.007880057208240032
-0.007881381548941135
-0.007882794365286827
-0.007884460501372814
-0.007886522449553013
-0.007889101281762123
-0.00789228081703186
-0.007896106690168381
-0.007900579832494259
-0.007905662059783936
-0.007911273278295994
-0.00791730172932148
-0.007923610508441925
-0.00793004222214222
-0.007936440408229828
-0.007942652329802513
-0.007948542945086956
-0.007954003289341927
-0.00795895978808403
-0.007963375188410282
-0.007967254146933556
-0.007970639504492283
-0.007973612286150455
-0.00797627866268158
-0.007978767156600952
-0.007981217466294765
-0.007983767427504063
-0.007986544631421566
-0.007989656180143356
-0.007993182167410851
-0.007997168228030205
-0.00800162460654974
-0.008006525225937366
-0.008011812344193459
-0.008017398416996002
-0.00802318099886179
-0.008029041811823845
-0.008034864440560341
-0.008040539920330048
-0.008045976981520653
-0.00805110577493906
-0.008055889047682285
-0.008060316555202007
-0.008064410649240017
-0.00806821882724762
-0.008071811869740486
-0.008075275458395481
-0.00807870551943779
-0.008082195185124874
-0.008085830137133598
-0.008089680224657059
-0.008093795739114285
-0.008098199963569641
-0.008102895691990852
-0.008107857778668404
-0.008113040588796139
-0.008118384517729282
-0.00812381599098444
-0.008129263296723366
-0.00813465379178524
-0.008139926940202713
-0.00814503338187933
-0.008149947039783001
-0.008154657669365406
-0.008159173652529716
-0.008163523860275745
-0.008167749270796776
-0.008171903900802135
-0.008176043629646301
-0.00818022433668375
-0.008184493519365788
-0.008188888430595398
-0.008193436078727245
-0.0081981485709548
-0.008203018456697464
-0.008208028972148895
-0.008213150314986706
-0.008218343369662762
-0.00822356715798378
-0.008228779770433903
-0.008233943022787571
-0.008239027112722397
-0.008244012482464314
-0.008248888887465
-0.008253660053014755
-0.008258338086307049
-0.008262943476438522
-0.00826750136911869
-0.008272039704024792
-0.008276588283479214
-0.008281168527901173
-0.00828580092638731
-0.008290494792163372
-0.008295251056551933
-0.008300063200294971
-0.008304913528263569
-0.008309780620038509
-0.008314639329910278
-0.008319459855556488
-0.008324212394654751
-0.008328870870172977
-0.008333411067724228
-0.00833781436085701
-0.00834206584841013
-0.008346152491867542
-0.008350065909326077
-0.008353802375495434
-0.008357356302440166
-0.008360718376934528
-0.008363876491785049
-0.008366813883185387
-0.008369503542780876
-0.008371914736926556
-0.008374007418751717
-0.008375735953450203
-0.008377046324312687
-0.008377880789339542
-0.008378176018595695
-0.008377867750823498
-0.008376888930797577
-0.008375166915357113
-0.008372634649276733
-0.008369221352040768
-0.00836485531181097
-0.008359463885426521
-0.008352979086339474
-0.008345328271389008
-0.008336437866091728
-0.00832623615860939
-0.008314649574458599
-0.00830160453915596
-0.008287030272185802
-0.008270861580967903
-0.008253033272922039
-0.008233489468693733
-0.008212180808186531
-0.008189069107174873
-0.008164126425981522
-0.008137344382703304
-0.008108724839985371
-0.00807829387485981
-0.00804609339684248
-0.008012191392481327
-0.007976672612130642
-0.007939646020531654
-0.00790124386548996
-0.00786161795258522
-0.007820947095751762
-0.007779426872730255
-0.007737274747341871
-0.007694726344197989
-0.007652034051716328
-0.007609463762491941
-0.007567293010652065
-0.007525809109210968
-0.007485302165150642
-0.007446062285453081
-0.007408374454826117
-0.00737251341342926
-0.00733873900026083
-0.007307290099561214
-0.007278378121554852
-0.007252183742821217
-0.007228848990052938
-0.00720847537741065
-0.007191116455942392
-0.007176776882261038
-0.007165409158915281
-0.00715691177174449
-0.007151129189878702
-0.007147854659706354
-0.00714682973921299
-0.007147750817239285
-0.007150273770093918
-0.007154018618166447
-0.007158580236136913
-0.007163533940911293
-0.007168448064476252
-0.007172891404479742
-0.007176446262747049
-0.007178719621151686
-0.007179351523518562
-0.007178025785833597
-0.007174480240792036
-0.007168516051024199
-0.007160001434385777
-0.007148879114538431
-0.007135168183594942
-0.007118967827409506
-0.007100449409335852
-0.007079857867211103
-0.007057501934468746
-0.007033748086541891
-0.007009007036685944
-0.006983723025768995
-0.006958357989788055
-0.006933377124369144
-0.006909233517944813
-0.006886351387947798
-0.006865111645311117
-0.006845839321613312
-0.006828789599239826
-0.006814140360802412
-0.006801984738558531
-0.006792323663830757
-0.006785070989280939
-0.006780051626265049
-0.006777010392397642
-0.006775621324777603
-0.006775501649826765
-0.006776222959160805
-0.006777332164347172
-0.006778367795050144
-0.006778878625482321
-0.006778443697839975
-0.006776689551770687
-0.006773303728550673
-0.006768050603568554
-0.006760779768228531
-0.006751432549208403
-0.00674004340544343
-0.006726737134158611
-0.006711723748594522
-0.00669528916478157
-0.006677777972072363
-0.006659578531980515
-0.006641104351729155
-0.006622773595154285
-0.006604991387575865
-0.006588125601410866
-0.006572493817657232
-0.00655834237113595
-0.006545839831233025
-0.006535067688673735
-0.006526014301925898
-0.006518580485135317
-0.00651258323341608
-0.006507765967398882
-0.006503814365714788
-0.006500371731817722
-0.006497059017419815
-0.0064934934489429
-0.006489312741905451
-0.006484190002083778
-0.006477853748947382
-0.006470100488513708
-0.006460802629590034
-0.006449914071708918
-0.006437473930418491
-0.006423597224056721
-0.006408470217138529
-0.006392335519194603
-0.006375476717948914
-0.006358200684189796
-0.006340817548334599
-0.006323620676994324
-0.006306870840489864
-0.006290778517723083
-0.006275495514273643
-0.006261100992560387
-0.00624760240316391
-0.006234935019165277
-0.006222967524081469
-0.006211512256413698
-0.006200337316840887
-0.006189184729009867
-0.006177785340696573
-0.006165878847241402
-0.006153228227049112
-0.006139636971056461
-0.006124961655586958
-0.006109117995947599
-0.006092086434364319
-0.006073912605643272
-0.006054702680557966
-0.006034613586962223
-0.006013843696564436
-0.005992618389427662
-0.005971174221485853
-0.005949742626398802
-0.00592853594571352
-0.005907734856009483
-0.005887478590011597
-0.005867855623364449
-0.005848905071616173
-0.005830614827573299
-0.005812925286591053
-0.005795740988105536
-0.00577893853187561
-0.005762378685176373
-0.005745922215282917
-0.005729439668357372
-0.005712826736271381
-0.00569600984454155
-0.005678955465555191
-0.005661671049892902
-0.005644207354635
-0.005626651924103498
-0.005609125830233097
-0.005591772496700287
-0.005574745591729879
-0.005558202043175697
-0.005542286671698093
-0.005527123808860779
-0.005512806586921215
-0.005499393213540316
-0.005486904177814722
-0.005475321318954229
-0.005464588757604361
-0.005454621743410826
-0.005445309448987246
-0.005436527542769909
-0.005428147502243519
-0.005420042667537928
-0.00541209988296032
-0.005404224619269371
-0.005396344698965549
-0.005388414021581411
-0.005380411166697741
-0.005372338928282261
-0.005364216864109039
-0.0053560771048069
-0.005347958765923977
-0.005339898634701967
-0.005331925116479397
-0.005324053112417459
-0.005316283088177443
-0.005308595485985279
-0.005300952587276697
-0.005293299909681082
-0.005285571794956923
-0.005277694668620825
-0.005269593093544245
-0.005261197220534086
-0.00525244977325201
-0.005243307910859585
-0.005233749281615019
-0.005223773419857025
-0.00521340174600482
-0.005202677100896835
-0.005191660951822996
-0.005180429201573133
-0.005169065669178963
-0.005157661158591509
-0.005146304611116648
-0.005135079845786095
-0.005124062299728394
-0.005113315768539906
-0.005102891009300947
-0.005092829000204802
-0.005083156749606133
-0.005073893815279007
-0.00506505323573947
-0.005056644324213266
-0.005048675462603569
-0.005041159223765135
-0.005034109577536583
-0.005027545150369406
-0.005021490622311831
-0.005015972536057234
-0.005011020228266716
-0.005006661172956228
-0.005002920050173998
-0.004999816417694092
-0.004997361917048693
-0.00499555841088295
-0.004994398448616266
-0.004993862938135862
-0.004993924405425787
-0.00499454652890563
-0.004995688796043396
-0.004997306037694216
-0.004999352619051933
-0.005001784767955542
-0.005004564300179482
-0.005007658153772354
-0.005011040717363358
-0.005014694761484861
-0.00501860911026597
-0.00502278096973896
-0.005027212668210268
-0.005031909327954054
-0.00503687746822834
-0.005042124539613724
-0.005047655198723078
-0.005053473636507988
-0.005059579852968454
-0.005065970588475466
-0.005072637461125851
-0.005079568363726139
-0.005086750257760286
-0.005094164982438087
-0.005101792514324188
-0.005109611432999372
-0.005117598921060562
-0.005125728435814381
-0.00513397017493844
-0.005142292939126492
-0.005150661803781986
-0.005159036722034216
-0.005167372990399599
-0.005175619851797819
-0.005183721426874399
-0.005191616714000702
-0.005199240054935217
-0.005206523928791285
-0.005213397555053234
-0.005219791550189257
-0.005225637461990118
-0.005230871494859457
-0.005235433578491211
-0.005239271558821201
-0.005242341198027134
-0.005244608037173748
-0.005246049258857965
-0.00524665042757988
-0.005246411543339491
-0.005245341453701258
-0.005243459716439247
-0.005240797065198421
-0.005237392615526915
-0.005233295727521181
-0.005228563211858273
-0.005223261658102274
-0.005217462312430143
-0.005211242940276861
-0.005204688291996717
-0.005197884514927864
-0.005190921481698751
-0.005183890461921692
-0.00517688225954771
-0.005169984884560108
-0.005163284484297037
-0.005156861152499914
-0.005150788929313421
-0.005145133472979069
-0.00513995299115777
-0.005135294981300831
-0.005131195764988661
-0.005127679090946913
-0.005124759394675493
-0.005122437607496977
-0.005120705347508192
-0.005119543056935072
-0.005118921864777803
-0.00511880312114954
-0.005119140259921551
-0.005119881592690945
-0.005120968911796808
-0.005122337955981493
-0.005123923532664776
-0.005125657189637423
-0.005127470009028912
-0.005129293072968721
-0.00513105932623148
-0.005132705438882113
-0.00513417087495327
-0.005135399755090475
-0.005136341787874699
-0.005136954132467508
-0.005137201398611069
-0.005137054249644279
-0.005136491730809212
-0.005135501734912395
-0.00513408100232482
-0.005132234655320644
-0.005129974335432053
-0.005127319134771824
-0.005124296527355909
-0.005120938643813133
-0.005117284134030342
-0.005113375373184681
-0.005109259393066168
-0.005104984156787395
-0.00510060042142868
-0.005096159409731627
-0.005091712344437838
-0.005087308119982481
-0.005082996096462011
-0.005078819580376148
-0.005074820946902037
-0.005071035586297512
-0.005067494232207537
-0.005064221099019051
-0.005061233881860971
-0.005058544222265482
-0.005056155379861593
-0.005054065026342869
-0.005052262451499701
-0.005050731357187033
-0.005049447529017925
-0.005048382561653852
-0.005047503393143415
-0.005046772304922342
-0.005046148784458637
-0.005045588128268719
-0.005045047495514154
-0.005044483579695225
-0.005043852608650923
-0.00504311453551054
-0.005042231641709805
-0.00504117039963603
-0.005039902869611979
-0.005038407631218433
-0.005036668851971626
-0.005034678615629673
-0.00503243412822485
-0.005029940512031317
-0.005027210339903831
-0.005024261772632599
-0.005021119490265846
-0.005017812829464674
-0.005014375783503056
-0.005010844673961401
-0.005007258150726557
-0.005003655795007944
-0.005000077188014984
-0.004996559582650661
-0.004993138834834099
-0.004989845212548971
-0.004986705258488655
-0.004983739927411079
-0.004980964120477438
-0.004978386219590902
-0.004976008553057909
-0.004973826464265585
-0.004971828777343035
-0.004970000125467777
-0.004968317691236734
-0.004966756328940392
-0.004965285770595074
-0.004963873885571957
-0.004962487611919641
-0.004961092490702868
-0.004959657322615385
-0.004958151839673519
-0.004956548567861319
-0.004954824224114418
-0.004952960647642612
-0.004950945731252432
-0.004948771093040705
-0.004946436733007431
-0.004943946842104197
-0.00494131026789546
-0.004938543308526278
-0.004935664124786854
-0.004932695534080267
-0.004929663147777319
-0.004926593508571386
-0.004923513624817133
-0.004920450039207935
-0.004917428828775883
-0.004914472810924053
-0.004911601543426514
-0.00490883132442832
-0.004906172398477793
-0.004903631284832954
-0.004901209846138954
-0.004898907151073217
-0.004896714817732573
-0.004894621204584837
-0.004892611876130104
-0.004890668671578169
-0.004888772498816252
-0.004886902403086424
-0.004885037895292044
-0.00488315848633647
-0.004881245084106922
-0.004879280459135771
-0.004877250641584396
-0.004875144921243191
-0.00487295538187027
-0.004870678763836622
-0.004868315532803535
-0.004865868017077446
-0.004863342735916376
-0.004860750865191221
-0.004858105443418026
-0.004855419509112835
-0.004852708429098129
-0.004849988501518965
-0.004847275093197823
-0.004844583105295897
-0.004841926507651806
-0.004839315544813871
-0.004836760461330414
-0.004834266845136881
-0.004831839352846146
-0.004829477984458208
-0.004827181342989206
-0.00482494430616498
-0.004822758492082357
-0.004820617381483316
-0.0048185084015131
-0.004816421773284674
-0.004814346320927143
-0.004812270402908325
-0.004810183774679899
-0.004808078054338694
-0.004805944859981537
-0.004803779069334269
-0.00480157695710659
-0.004799338057637215
-0.004797061439603567
-0.004794750828295946
-0.004792411811649799
-0.004790050443261862
-0.00478767417371273
-0.004785292781889439
-0.004782915581017733
-0.004780551884323359
-0.004778212402015924
-0.004775905050337315
-0.004773638676851988
-0.004771419800817966
-0.004769254475831985
-0.004767146427184343
-0.004765097983181477
-0.004763111472129822
-0.004761185962706804
-0.004759320989251137
-0.004757515154778957
-0.004755765665322542
-0.004754070192575455
-0.004752426408231258
-0.004750832915306091
-0.00474928691983223
-0.004747787490487099
-0.00474633602425456
-0.00474493345245719
-0.00474358256906271
-0.004742288496345282
-0.00474105728790164
-0.004739895462989807
-0.004738811403512955
-0.004737814888358116
-0.004736915230751038
-0.004736123606562614
-0.004735450726002455
-0.004734906833618879
-0.004734503570944071
-0.004734250716865063
-0.004734158981591463
-0.004734236747026443
-0.004734492860734463
-0.004734933841973543
-0.004735567606985569
-0.004736399743705988
-0.004737434443086386
-0.00473867729306221
-0.004740132950246334
-0.004741804208606482
-0.004743695259094238
-0.004745809361338615
-0.004748148843646049
-0.004750716499984264
-0.004753515124320984
-0.004756548907607794
-0.004759819246828556
-0.004763330798596144
-0.004767084494233131
-0.004771082662045956
-0.004775326699018478
-0.004779817536473274
-0.004784554243087769
-0.004789537284523249
-0.004794763401150703
-0.004800228867679834
-0.004805929027497768
-0.004811857361346483
-0.004818004556000233
-0.004824360366910696
-0.004830914083868265
-0.004837650805711746
-0.004844553768634796
-0.004851608537137508
-0.004858796484768391
-0.004866096656769514
-0.00487348809838295
-0.004880948923528194
-0.004888455383479595
-0.004895983729511499
-0.004903508350253105
-0.004911006428301334
-0.004918451420962811
-0.004925819579511881
-0.004933084826916456
-0.004940222483128309
-0.004947208799421787
-0.004954020027071238
-0.004960633814334869
-0.004967028275132179
-0.004973182454705238
-0.00497907679527998
-0.004984693136066198
-0.004990013316273689
-0.004995023366063833
-0.004999709781259298
-0.005004061385989189
-0.005008069798350334
-0.005011728033423424
-0.005015032831579447
-0.005017983727157116
-0.005020583048462868
-0.00502283638343215
-0.005024752113968134
-0.005026342812925577
-0.005027623847126961
-0.00502861337736249
-0.005029331892728806
-0.005029804538935423
-0.005030056927353144
-0.005030117928981781
-0.005030019208788872
-0.005029793828725815
-0.005029474850744009
-0.005029098596423864
-0.005028699524700642
-0.005028313491493464
-0.005027977749705315
-0.005027726292610168
-0.005027592182159424
-0.005027607548981905
-0.005027802661061287
-0.005028204526752234
-0.00502883642911911
-0.005029718391597271
-0.005030866246670485
-0.005032292101532221
-0.005034003406763077
-0.005036002490669489
-0.005038287024945021
-0.005040847696363926
-0.00504367146641016
-0.005046739242970943
-0.005050027277320623
-0.0050535062327981
-0.005057143047451973
-0.005060898140072823
-0.005064729135483503
-0.005068588070571423
-0.005072425119578838
-0.005076186265796423
-0.005079816561192274
-0.005083258263766766
-0.005086453165858984
-0.005089342594146729
-0.005091868806630373
-0.005093973595649004
-0.005095601081848145
-0.005096700508147478
-0.005097222048789263
-0.005097122397273779
-0.005096360575407743
-0.00509490305557847
-0.005092720966786146
-0.00508979381993413
-0.005086105782538652
-0.005081649404019117
-0.005076424684375525
-0.005070438142865896
-0.005063704214990139
-0.005056243855506182
-0.005048085004091263
-0.00503926258534193
-0.00502981711179018
-0.005019792821258307
-0.005009241867810488
-0.004998218733817339
-0.004986780695617199
-0.004974988754838705
-0.004962904844433069
-0.004950591828674078
-0.004938113037496805
-0.004925530403852463
-0.004912905860692263
-0.004900295753031969
-0.004887755494564772
-0.004875337705016136
-0.004863089881837368
-0.004851055797189474
-0.004839274100959301
-0.004827778320759535
-0.004816596861928701
-0.004805753938853741
-0.004795268643647432
-0.004785154480487108
-0.004775421693921089
-0.00476607633754611
-0.00475712213665247
-0.004748558159917593
-0.004740383010357618
-0.004732593428343534
-0.004725185688585043
-0.004718153271824121
-0.004711491987109184
-0.004705196246504784
-0.00469926418736577
-0.004693692550063133
-0.004688479471951723
-0.004683626350015402
-0.004679132252931595
-0.004675001371651888
-0.00467123556882143
-0.00466783856973052
-0.004664813168346882
-0.004662162158638239
-0.004659887403249741
-0.004657989833503962
-0.004656466655433178
-0.004655312746763229
-0.00465451879426837
-0.004654072690755129
-0.004653956741094589
-0.004654149524867535
-0.004654623102396727
-0.004655345343053341
-0.00465627945959568
-0.004657382145524025
-0.004658607300370932
-0.004659904632717371
-0.004661220125854015
-0.004662498366087675
-0.004663680214434862
-0.004664709325879812
-0.004665528424084187
-0.004666081629693508
-0.004666317719966173
-0.004666188731789589
-0.004665651824325323
-0.004664673004299402
-0.004663224797695875
-0.004661288112401962
-0.004658854566514492
-0.004655924625694752
-0.004652509000152349
-0.004648628178983927
-0.004644311033189297
-0.004639597609639168
-0.004634535405784845
-0.004629179835319519
-0.004623590502887964
-0.004617835395038128
-0.004611982963979244
-0.004606105387210846
-0.00460027577355504
-0.004594563040882349
-0.004589036572724581
-0.004583760164678097
-0.004578790627419949
-0.004574179649353027
-0.004569969605654478
-0.0045661935582757
-0.004562876187264919
-0.004560030531138182
-0.004557660315185785
-0.004555757157504559
-0.004554304759949446
-0.004553276114165783
-0.004552636761218309
-0.00455234432592988
-0.004552348982542753
-0.004552596248686314
-0.004553028848022223
-0.004553585778921843
-0.004554205574095249
-0.004554827231913805
-0.004555392079055309
-0.00455584516748786
-0.004556135274469852
-0.004556218162178993
-0.004556055180728436
-0.004555614665150642
-0.004554873798042536
-0.004553816746920347
-0.004552436992526054
-0.004550735466182232
-0.004548721481114626
-0.004546411335468292
-0.004543827846646309
-0.004540999885648489
-0.004537960980087519
-0.004534749314188957
-0.004531404469162226
-0.004527970217168331
-0.004524489864706993
-0.004521006252616644
-0.00451756315305829
-0.004514198750257492
-0.004510950762778521
-0.004507852252572775
-0.004504932090640068
-0.004502213560044765
-0.004499716218560934
-0.004497452173382044
-0.004495428875088692
-0.004493647255003452
-0.004492104053497314
-0.00449078856036067
-0.004489686340093613
-0.004488779231905937
-0.004488044884055853
-0.004487457219511271
-0.004486988298594952
-0.004486608318984509
-0.004486286081373692
-0.004485991783440113
-0.004485695157200098
-0.004485366865992546
-0.004484981764107943
-0.004484516102820635
-0.004483950324356556
-0.004483267664909363
-0.004482457414269447
-0.004481512121856213
-0.004480428993701935
-0.004479209426790476
-0.004477860406041145
-0.004476392176002264
-0.004474819172173738
-0.004473159555345774
-0.004471434280276299
-0.004469666164368391
-0.004467878490686417
-0.004466095939278603
-0.004464342258870602
-0.004462640732526779
-0.004461012315005064
-0.004459476098418236
-0.004458047449588776
-0.004456738941371441
-0.004455557558685541
-0.004454508423805237
-0.004453590139746666
-0.004452798515558243
-0.004452125169336796
-0.004451557993888855
-0.004451080691069365
-0.004450674634426832
-0.004450318869203329
-0.004449989646673203
-0.0044496632181108
-0.004449316300451756
-0.00444892467930913
-0.004448466934263706
-0.004447923041880131
-0.00444727623835206
-0.004446511622518301
-0.004445618484169245
-0.004444590769708157
-0.004443425685167313
-0.004442123696208
-0.004440688993781805
-0.004439130425453186
-0.0044374605640769
-0.004435694310814142
-0.00443384749814868
-0.00443193968385458
-0.004429991822689772
-0.004428024403750896
-0.004426058381795883
-0.004424113780260086
-0.004422209225594997
-0.004420362412929535
-0.004418589174747467
-0.004416902083903551
-0.004415311384946108
-0.004413822665810585
-0.00441244151443243
-0.004411167930811644
-0.004410000052303076
-0.004408931825309992
-0.004407957196235657
-0.004407066851854324
-0.004406248219311237
-0.004405490588396788
-0.004404778592288494
-0.004404098726809025
-0.004403437487781048
-0.004402780439704657
-0.004402114544063807
-0.00440142722800374
-0.004400708712637424
-0.004399948753416538
-0.004399140831083059
-0.00439827935770154
-0.00439735921099782
-0.004396378062665462
-0.004395334981381893
-0.004394230898469687
-0.004393067676573992
-0.00439184857532382
-0.004390578251332045
-0.004389262292534113
-0.004387904889881611
-0.004386513493955135
-0.004385092761367559
-0.004383647814393044
-0.004382183775305748
-0.004380705300718546
-0.004379214718937874
-0.00437771575525403
-0.004376209806650877
-0.004374697804450989
-0.004373179748654366
-0.004371653776615858
-0.004370119422674179
-0.004368574358522892
-0.004367015324532986
-0.004365438129752874
-0.004363839980214834
-0.004362215287983418
-0.004360559396445751
-0.0043588662520051
-0.004357131663709879
-0.00435535004362464
-0.004353515803813934
-0.004351623822003603
-0.004349667113274336
-0.004347640089690685
-0.004345537628978491
-0.004343353677541018
-0.004341083113104105
-0.00433872127905488
-0.004336262587457895
-0.004333702381700277
-0.004331036936491728
-0.004328261129558086
-0.004325372166931629
-0.004322367254644632
-0.004319244530051947
-0.00431600259616971
-0.004312640987336636
-0.004309159703552723
-0.004305559676140547
-0.004301843699067831
-0.004298014100641012
-0.004294075537472963
-0.004290031734853983
-0.004285887815058231
-0.004281649366021156
-0.004277324303984642
-0.004272918682545424
-0.004268438089638948
-0.004263890441507101
-0.004259281326085329
-0.004254617262631655
-0.004249903373420238
-0.004245145246386528
-0.004240346606820822
-0.004235511645674706
-0.004230644088238478
-0.004225745797157288
-0.004220818635076284
-0.004215863533318043
-0.00421088095754385
-0.004205871839076281
-0.004200836643576622
-0.004195773974061012
-0.004190684296190739
-0.004185567144304514
-0.004180422984063625
-0.004175251815468073
-0.004170054569840431
-0.0041648312471807
-0.004159582778811455
-0.004154307767748833
-0.004149006679654121
-0.004143679048866034
-0.004138323944061995
-0.004132939502596855
-0.004127523861825466
-0.004122073762118816
-0.00411658501252532
-0.004111052025109529
-0.004105469677597284
-0.004099830985069275
-0.004094128496944904
-0.004088355228304863
-0.004082503728568554
-0.004076564684510231
-0.004070532042533159
-0.004064398352056742
-0.004058158025145531
-0.004051805473864079
-0.004045339301228523
-0.004038756713271141
-0.004032059106975794
-0.004025249276310205
-0.004018331412225962
-0.004011312499642372
-0.00400420231744647
-0.003997010178864002
-0.003989748656749725
-0.003982432186603546
-0.003975075669586658
-0.003967696335166693
-0.003960311412811279
-0.003952937666326761
-0.003945591859519482
-0.003938292153179646
-0.003931053448468447
-0.003923891112208366
-0.003916820511221886
-0.0039098528213799
-0.003902999218553305
-0.003896268783137202
-0.003889669198542833
-0.003883205121383071
-0.003876879578456283
-0.003870692569762468
-0.00386464293114841
-0.003858728101477027
-0.003852942958474159
-0.003847280517220497
-0.0038417330943048
-0.003836291143670678
-0.003830944420769811
-0.003825681516900659
-0.003820490324869752
-0.003815358504652977
-0.003810272552073002
-0.003805218730121851
-0.003800184233114123
-0.003795156022533774
-0.003790121059864759
-0.003785067005082965
-0.003779981983825564
-0.003774855751544237
-0.00376967852935195
-0.003764443099498749
-0.003759143408387899
-0.003753774100914598
-0.003748332150280476
-0.003742816392332315
-0.003737227758392692
-0.003731568343937397
-0.003725843038409948
-0.003720057895407081
-0.003714220132678747
-0.00370833883062005
-0.003702424000948668
-0.003696486353874207
-0.003690536832436919
-0.003684586845338345
-0.003678647801280022
-0.003672730177640915
-0.003666843986138701
-0.003660998307168484
-0.003655201056972146
-0.003649458289146423
-0.003643774893134832
-0.003638153662905097
-0.003632597858086228
-0.003627106314525008
-0.003621678333729506
-0.003616311587393284
-0.003611001651734114
-0.003605744335800409
-0.003600534051656723
-0.00359536474570632
-0.003590230364352465
-0.003585123922675848
-0.00358003843575716
-0.003574967849999666
-0.003569906577467918
-0.003564848564565182
-0.003559788921847939
-0.00355472369119525
-0.003549649612978101
-0.003544564126059413
-0.003539464669302106
-0.003534351009875536
-0.003529221983626485
-0.003524077590554953
-0.00351891852915287
-0.003513745497912169
-0.003508559660986066
-0.003503363579511642
-0.003498158883303404
-0.003492947667837143
-0.003487733425572515
-0.003482518484815955
-0.003477305639535189
-0.003472097683697939
-0.00346689741127193
-0.003461707616224885
-0.003456530626863241
-0.003451368771493435
-0.003446224611252546
-0.003441100008785725
-0.003435996361076832
-0.00343091506510973
-0.003425856819376349
-0.003420821856707335
-0.003415810177102685
-0.003410822013393044
-0.003405855968594551
-0.003400910878553987
-0.003395985346287489
-0.003391078440472484
-0.003386188531294465
-0.003381313290446997
-0.003376450855284929
-0.003371599595993757
-0.003366757184267044
-0.003361921757459641
-0.003357091452926397
-0.003352264175191522
-0.003347438061609864
-0.00334261218085885
-0.003337785368785262
-0.003332956694066525
-0.003328125225380063
-0.003323290729895234
-0.003318452974781394
-0.003313611960038543
-0.003308768384158611
-0.003303923411294818
-0.003299077274277806
-0.003294231835752726
-0.003289388492703438
-0.003284549107775092
-0.00327971507795155
-0.003274887567386031
-0.00327006820589304
-0.003265258390456438
-0.003260459052398801
-0.00325567158870399
-0.003250896232202649
-0.003246133681386709
-0.003241383470594883
-0.003236645366996527
-0.003231919836252928
-0.003227205015718937
-0.003222499741241336
-0.003217802383005619
-0.003213111078366637
-0.003208423731848598
-0.003203738480806351
-0.00319905299693346
-0.003194365184754133
-0.003189673414453864
-0.003184975823387504
-0.003180271247401834
-0.003175558289512992
-0.003170836018398404
-0.003166104201227427
-0.003161363070830703
-0.003156613325700164
-0.003151855897158384
-0.003147091250866652
-0.003142321947962046
-0.003137549152597785
-0.003132775193080306
-0.003128002164885402
-0.003123232861980796
-0.003118469379842281
-0.003113714512437582
-0.003108970820903778
-0.003104240633547306
-0.003099525813013315
-0.003094828687608242
-0.003090151352807879
-0.003085495438426733
-0.003080862807109952
-0.003076256019994617
-0.003071676474064589
-0.003067126730456948
-0.003062609350308776
-0.003058126894757152
-0.003053682390600443
-0.003049279330298305
-0.003044921439141035
-0.003040613140910864
-0.003036358626559377
-0.003032163251191378
-0.00302803167141974
-0.003023969009518623
-0.003019980853423476
-0.003016072092577815
-0.003012248082086444
-0.00300851440988481
-0.003004875965416431
-0.003001337870955467
-0.00299790408462286
-0.002994578564539552
-0.002991364570334554
-0.002988265361636877
-0.002985281636938453
-0.002982415491715074
-0.00297966692596674
-0.002977035008370876
-0.002974519040435553
-0.002972116926684976
-0.002969825407490134
-0.00296764075756073
-0.002965557621791959
-0.002963571110740304
-0.002961675170809031
-0.002959863282740116
-0.002958127995952964
-0.002956462558358908
-0.002954859286546707
-0.002953309565782547
-0.002951805246993899
-0.00295033841393888
-0.002948899986222386
-0.002947481581941247
-0.002946074353531003
-0.002944669453427196
-0.00294325896538794
-0.00294183474034071
-0.002940389327704906
-0.002938915509730577
-0.002937406999990344
-0.002935857512056828
-0.002934262389317155
-0.002932616509497166
-0.002930916845798492
-0.002929160371422768
-0.002927345456555486
-0.002925471868366003
-0.002923538908362389
-0.002921547740697861
-0.002919500228017569
-0.002917399629950523
-0.002915249206125736
-0.002913052914664149
-0.002910815179347992
-0.002908541820943356
-0.002906238427385688
-0.002903910353779793
-0.002901563886553049
-0.002899205079302192
-0.002896839752793312
-0.002894473727792501
-0.002892112359404564
-0.002889760537073016
-0.002887423383072019
-0.00288510462269187
-0.002882807748392224
-0.002880535088479519
-0.002878288272768259
-0.00287606893107295
-0.002873877296224236
-0.002871713368222117
-0.002869575982913375
-0.002867464441806078
-0.002865376882255077
-0.002863310510292649
-0.002861263463273644
-0.002859233878552914
-0.002857218729332089
-0.002855216385796666
-0.002853223821148276
-0.002851239638403058
-0.002849261276423931
-0.002847288036718965
-0.002845318289473653
-0.00284335040487349
-0.00284138391725719
-0.002839418826624751
-0.002837454667314887
-0.00283549097366631
-0.002833527978509665
-0.002831565216183662
-0.002829603385180235
-0.002827642485499382
-0.002825682517141104
-0.0028237234801054
-0.002821765141561627
-0.002819807967171073
-0.002817851258441806
-0.002815893851220608
-0.002813935512676835
-0.002811975078657269
-0.002810011617839336
-0.002808044431731105
-0.002806071657687426
-0.002804092830047011
-0.002802107017487288
-0.002800113521516323
-0.002798111410811543
-0.002796101151034236
-0.002794082975015044
-0.002792056649923325
-0.002790023339912295
-0.002787983976304531
-0.002785939956083894
-0.00278389360755682
-0.002781846560537815
-0.002779800677672029
-0.002777759218588471
-0.002775723580271006
-0.002773696323856711
-0.002771679777652025
-0.00276967603713274
-0.002767686499282718
-0.002765712793916464
-0.002763755619525909
-0.002761815674602985
-0.002759893424808979
-0.002757988637313247
-0.002756100380793214
-0.002754227025434375
-0.00275236670859158
-0.002750517101958394
-0.002748675877228379
-0.002746840007603168
-0.002745005767792463
-0.002743170596659184
-0.002741331001743674
-0.002739484421908855
-0.002737628063187003
-0.002735759597271681
-0.002733877394348383
-0.002731980523094535
-0.002730068750679493
-0.002728142077103257
-0.002726201433688402
-0.002724248683080077
-0.002722285687923431
-0.002720315242186189
-0.002718340372666717
-0.002716364338994026
-0.002714390400797129
-0.002712421817705035
-0.002710462315008044
-0.00270851468667388
-0.002706581493839622
-0.002704664599150419
-0.002702765166759491
-0.002700884127989411
-0.002699021250009537
-0.002697175834327936
-0.002695346716791391
-0.002693531801924109
-0.00269172852858901
-0.00268993410281837
-0.002688145730644464
-0.002686360152438283
-0.002684574341401458
-0.002682785270735621
-0.002680990844964981
-0.002679188502952456
-0.002677376614883542
-0.002675553318113089
-0.002673718379810452
-0.00267187156714499
-0.002670013811439276
-0.002668146044015884
-0.002666270127519965
-0.002664388390257955
-0.002662502927705646
-0.002660616533830762
-0.002658732235431671
-0.002656852127984166
-0.002654979005455971
-0.002653115196153522
-0.002651262562721968
-0.002649423200637102
-0.002647597342729568
-0.002645784988999367
-0.002643986139446497
-0.002642199397087097
-0.002640423364937305
-0.002638655947521329
-0.002636895747855306
-0.002635140204802155
-0.002633386990055442
-0.002631634008139372
-0.002629878930747509
-0.002628120360895991
-0.002626356668770313
-0.0026245869230479
-0.002622810658067465
-0.00262102740816772
-0.002619237639009953
-0.002617442281916738
-0.002615642035380006
-0.002613838529214263
-0.002612032927572727
-0.002610227558761835
-0.002608423819765449
-0.002606623806059361
-0.002604829147458076
-0.002603040775284171
-0.002601259853690863
-0.002599487546831369
-0.002597723854705691
-0.002595969010144472
-0.002594222081825137
-0.002592482371255755
-0.002590749179944396
-0.002589021343737841
-0.002587297232821584
-0.002585575915873051
-0.002583855763077736
-0.002582135843113065
-0.002580414293333888
-0.002578690648078918
-0.002576963976025581
-0.002575234044343233
-0.002573501318693161
-0.002571765566244721
-0.002570027485489845
-0.00256828754208982
-0.002566546900197864
-0.002564806258305907
-0.002563066780567169
-0.002561329631134868
-0.002559595974162221
-0.00255786650814116
-0.002556141698732972
-0.002554422477260232
-0.002552708843722939
-0.002551000798121095
-0.002549298107624054
-0.002547600539401174
-0.002545907627791166
-0.002544218208640814
-0.002542531583458185
-0.002540847053751349
-0.002539163688197732
-0.002537481021136045
-0.002535798121243715
-0.002534114522859454
-0.002532430458813906
-0.002530745230615139
-0.002529059303924441
-0.002527372911572456
-0.002525686519220471
-0.002524000825360417
-0.002522315829992294
-0.00252063269726932
-0.00251895166002214
-0.002517273183912039
-0.002515597734600306
-0.00251392531208694
-0.002512256614863873
-0.002510591177269816
-0.002508928999304771
-0.002507270080968738
-0.002505614189431071
-0.002503960393369198
-0.002502308925613761
-0.002500659320503473
-0.002499011345207691
-0.002497364534065127
-0.002495719119906425
-0.002494074869900942
-0.002492431551218033
-0.002490789163857698
-0.002489147474989295
-0.002487506018951535
-0.00248586549423635
-0.002484225668013096
-0.002482586773112416
-0.002480949275195599
-0.002479313407093287
-0.00247767916880548
-0.002476046560332179
-0.002474416047334671
-0.002472787629812956
-0.002471161773428321
-0.002469538478180766
-0.002467917976900935
-0.002466300036758184
-0.002464684657752514
-0.002463071141391993
-0.002461460186168551
-0.00245985109359026
-0.002458244096487761
-0.002456638496369123
-0.002455034060403705
-0.002453430788591504
-0.002451828448101878
-0.002450227038934827
-0.002448626793920994
-0.002447027247399092
-0.002445428632199764
-0.002443830948323011
-0.002442234195768833
-0.002440638607367873
-0.002439044881612062
-0.002437452552840114
-0.002435862552374601
-0.002434274181723595
-0.002432688605040312
-0.002431105123832822
-0.002429524436593056
-0.002427946543321013
-0.002426370978355408
-0.002424797508865595
-0.002423225902020931
-0.002421656390652061
-0.002420088509097695
-0.002418521791696548
-0.00241695623844862
-0.002415391849353909
-0.00241382815875113
-0.002412265399470925
-0.002410703571513295
-0.002409142907708883
-0.002407583873718977
-0.002406026236712933
-0.00240446999669075
-0.002402916317805648
-0.002401363803073764
-0.002399813383817673
-0.002398264361545444
-0.002396717667579651
-0.00239517237059772
-0.002393629401922226
-0.002392088063061237
-0.002390548354014754
-0.002389010041952133
-0.00238747289404273
-0.002385936910286546
-0.002384402323514223
-0.002382868900895119
-0.002381336409598589
-0.002379805315285921
-0.002378275385126472
-0.00237674661912024
-0.002375219017267227
-0.00237369304522872
-0.002372168004512787
-0.00237064459361136
-0.002369122579693794
-0.002367601962760091
-0.002366082975640893
-0.002364566083997488
-0.002363050589337945
-0.002361537422984838
-0.002360026584938169
-0.002358517609536648
-0.002357010496780276
-0.002355504781007767
-0.00235400116071105
-0.002352499170228839
-0.00235099857673049
-0.002349499380216002
-0.00234800111502409
-0.002346503781154752
-0.002345007145777345
-0.002343511674553156
-0.002342017600312829
-0.00234052469022572
-0.002339033409953117
-0.00233754375949502
-0.002336055506020784
-0.002334568649530411
-0.002333083422854543
-0.00233159982599318
-0.00233011762611568
-0.002328637288883328
-0.002327158814296126
-0.00232568196952343
-0.002324206754565239
-0.002322733169421554
-0.002321260748431087
-0.002319790190085769
-0.002318320795893669
-0.002316852798685431
-0.002315386664122343
-0.00231392215937376
-0.002312459284439683
-0.002310997573658824
-0.002309537259861827
-0.002308078808709979
-0.002306621288880706
-0.002305164933204651
-0.002303709741681814
-0.002302255481481552
-0.002300802385434508
-0.00229935091920197
-0.002297900849953294
-0.002296451712027192
-0.002295004203915596
-0.002293557859957218
-0.002292113145813346
-0.002290669595822692
-0.002289227209985256
-0.002287786221131682
-0.002286346629261971
-0.002284908434376121
-0.002283471403643489
-0.002282035304233432
-0.002280600601807237
-0.002279167296364903
-0.002277735387906432
-0.002276304876431823
-0.002274875994771719
-0.002273448742926121
-0.002272022888064384
-0.00227059843018651
-0.002269175136461854
-0.002267753705382347
-0.002266334136947989
-0.002264915965497494
-0.002263498958200216
-0.002262083347886801
-0.002260669367387891
-0.002259256783872843
-0.002257845597341657
-0.002256435574963689
-0.00225502741523087
-0.002253619953989983
-0.002252214122563601
-0.002250808989629149
-0.00224940525367856
-0.002248002216219902
-0.002246600342914462
-0.002245200099423528
-0.002243801252916455
-0.002242403570562601
-0.002241007518023252
-0.002239612862467766
-0.002238219371065497
-0.002236827276647091
-0.002235436579212546
-0.002234047278761864
-0.002232659375295043
-0.002231272868812084
-0.002229887526482344
-0.002228503581136465
-0.002227120567113161
-0.002225738950073719
-0.002224358264356852
-0.002222978742793202
-0.002221600618213415
-0.002220223424956203
-0.002218846930190921
-0.002217471599578857
-0.002216097433120012
-0.002214724197983742
-0.00221335212700069
-0.002211981453001499
-0.002210612408816814
-0.002209244761615992
-0.002207878511399031
-0.002206514356657863
-0.0022051518317312
-0.002203791169449687
-0.002202432369813323
-0.002201074734330177
-0.002199718728661537
-0.002198364585638046
-0.002197011839598417
-0.002195660024881363
-0.00219430890865624
-0.002192958490923047
-0.002191608771681786
-0.002190259518101811
-0.002188910963013768
-0.0021875633392483
-0.002186216413974762
-0.002184870187193155
-0.002183525357395411
-0.002182181924581528
-0.00218084012158215
-0.002179500181227922
-0.002178161637857556
-0.002176824724301696
-0.002175489673390985
-0.002174156717956066
-0.002172825392335653
-0.002171494998037815
-0.002170166000723839
-0.002168838400393724
-0.002167511731386185
-0.002166185760870576
-0.002164860721677542
-0.002163536613807082
-0.002162213204428554
-0.0021608907263726
-0.002159569412469864
-0.002158249262720346
-0.002156930742785335
-0.002155613387003541
-0.002154297428205609
-0.002152982633560896
-0.002151669235900044
-0.002150357235223055
-0.002149046398699284
-0.002147736726328731
-0.002146428218111396
-0.002145120874047279
-0.002143814926967025
-0.002142510376870632
-0.002141206758096814
-0.002139904536306858
-0.002138603245839477
-0.002137303352355957
-0.002136004623025656
-0.002134706359356642
-0.002133409027010202
-0.002132112393155694
-0.00213081669062376
-0.002129521919414401
-0.002128227846696973
-0.002126934938132763
-0.002125643426552415
-0.002124353311955929
-0.002123064594343305
-0.002121777506545186
-0.002120491350069642
-0.00211920659057796
-0.00211792322807014
-0.002116641029715538
-0.002115360228344798
-0.002114080358296633
-0.002112801419571042
-0.002111523877829313
-0.002110247733071446
-0.002108972053974867
-0.002107697771862149
-0.002106424188241363
-0.002105152234435081
-0.002103881211951375
-0.002102611819282174
-0.002101343823596835
-0.002100076992064714
-0.002098811324685812
-0.002097547054290771
-0.002096284413710237
-0.002095022704452276
-0.002093762159347534
-0.00209250277839601
-0.002091244095936418
-0.002089986344799399
-0.002088729524984956
-0.0020874731708318
-0.002086217748001218
-0.002084963256493211
-0.002083709929138422
-0.002082457998767495
-0.00208120746538043
-0.002079957397654653
-0.002078708726912737
-0.002077461453154683
-0.002076215343549848
-0.002074969932436943
-0.002073725685477257
-0.002072482137009501
-0.002071239985525608
-0.002069998532533646
-0.002068758476525545
-0.002067519817501307
-0.002066282322630286
-0.002065045991912484
-0.002063811291009188
-0.002062577754259109
-0.002061345847323537
-0.002060115104541183
-0.00205888575874269
-0.002057657111436129
-0.002056429395452142
-0.00205520261079073
-0.002053976291790605
-0.002052750205621123
-0.002051525050774217
-0.002050300128757954
-0.002049075672402978
-0.002047852147370577
-0.00204662955366075
-0.002045407891273499
-0.002044187625870109
-0.002042968757450581
-0.002041751053184271
-0.002040534978732467
-0.002039320766925812
-0.002038108184933662
-0.002036897465586662
-0.00203568791039288
-0.002034479519352317
-0.002033272758126259
-0.002032066928222775
-0.002030861796811223
-0.002029657363891602
-0.002028453629463911
-0.002027250593528152
-0.002026048023253679
-0.002024846384301782
-0.002023645676672459
-0.002022446366026998
-0.002021247521042824
-0.002020049374550581
-0.002018852857872844
-0.002017657272517681
-0.00201646308414638
-0.002015269827097654
-0.002014077501371503
-0.002012886106967926
-0.002011695643886924
-0.002010506577789783
-0.002009318675845861
-0.002008131938055158
-0.002006945898756385
-0.00200576102361083
-0.00200457707978785
-0.002003393834456801
-0.002002211520448327
-0.002001030370593071
-0.00199985015206039
-0.001998671097680926
-0.001997493207454681
-0.001996316481381655
-0.001995140686631203
-0.001993965823203325
-0.001992792123928666
-0.001991619588807225
-0.001990447985008359
-0.001989277312532067
-0.001988107338547707
-0.001986938063055277
-0.001985769718885422
-0.001984602306038141
-0.001983435824513435
-0.00198227004148066
-0.001981104956939816
-0.001979940570890903
-0.001978776883333921
-0.001977614359930158
-0.001976452767848969
-0.001975292107090354
-0.001974133076146245
-0.001972974976524711
-0.001971818041056395
-0.001970662036910653
-0.001969507429748774
-0.001968354219570756
-0.001967202173545957
-0.001966051058843732
-0.001964901108294725
-0.00196375185623765
-0.001962603535503149
-0.001961455913260579
-0.001960309688001871
-0.001959164394065738
-0.001958020031452179
-0.001956876367330551
-0.001955733401700854
-0.001954591600224376
-0.001953450730070472
-0.001952310907654464
-0.001951172249391675
-0.001950034871697426
-0.001948898774571717
-0.001947763725183904
-0.00194662983994931
-0.00194549688603729
-0.001944364863447845
-0.001943233772180974
-0.001942103495821357
-0.00194097391795367
-0.001939845154993236
-0.001938716857694089
-0.001937589142471552
-0.001936461892910302
-0.001935335109010339
-0.001934208790771663
-0.001933083054609597
-0.001931958366185427
-0.001930834376253188
-0.001929711550474167
-0.001928589772433043
-0.001927468809299171
-0.001926348893903196
-0.001925230375491083
-0.001924113254062831
-0.001922997646033764
-0.001921883318573236
-0.001920770271681249
-0.00191965838894248
-0.001918548136018217
-0.001917439163662493
-0.00191633147187531
-0.001915224827826023
-0.001914119231514633
-0.001913014450110495
-0.00191191048361361
-0.001910807099193335
-0.00190970441326499
-0.001908602425828576
-0.00190750090405345
-0.00190639984793961
-0.001905299257487059
-0.001904199249111116
-0.001903099939227104
-0.001902001327835023
-0.001900903414934874
-0.001899806200526655
-0.001898709801025689
-0.001897614332847297
-0.001896519563160837
-0.001895425957627594
-0.001894333050586283
-0.001893241074867547
-0.001892150030471385
-0.001891059684567153
-0.001889970386400819
-0.001888882485218346
-0.001887795515358448
-0.00188670982606709
-0.00188562530092895
-0.001884541939944029
-0.001883459626697004
-0.001882378128357232
-0.001881297677755356
-0.001880218042060733
-0.001879139104858041
-0.001878060982562602
-0.001876983791589737
-0.001875907299108803
-0.001874831505119801
-0.001873756526038051
-0.001872682245448232
-0.001871608779765666
-0.001870535896159708
-0.001869463943876326
-0.001868392922915518
-0.001867322949692607
-0.001866254024207592
-0.001865186030045152
-0.00186411920003593
-0.001863053534179926
-0.001861988799646497
-0.001860925112850964
-0.001859862008132041
-0.001858800067566335
-0.001857739291153848
-0.00185667909681797
-0.001855619833804667
-0.001854561152867973
-0.001853503054007888
-0.001852445537224412
-0.001851388369686902
-0.001850331784226
-0.001849275780841708
-0.001848220592364669
-0.001847166335210204
-0.001846112660132349
-0.001845059799961746
-0.001844007987529039
-0.001842956990003586
-0.001841907040216029
-0.001840858021751046
-0.00183981005102396
-0.00183876312803477
-0.001837717252783477
-0.001836672658100724
-0.001835629111155868
-0.001834586379118264
-0.0018335449276492
-0.001832504523918033
-0.00183146505150944
-0.001830426510423422
-0.001829388900659978
-0.001828351989388466
-0.001827315893024206
-0.001826280378736556
-0.001825245330110192
-0.00182421097997576
-0.001823177211917937
-0.001822143676690757
-0.001821110839955509
-0.001820078468881547
-0.001819046796299517
-0.00181801593862474
-0.001816985779441893
-0.001815956318750978
-0.001814927789382637
-0.00181390019133687
-0.001812873524613678
-0.001811847789213061
-0.001810823217965662
-0.001809799461625516
-0.001808776636607945
-0.001807754742912948
-0.001806733664125204
-0.001805713633075356
-0.001804694416932762
-0.00180367601569742
-0.001802658662199974
-0.001801642123609781
-0.001800626632757485
-0.001799612189643085
-0.00179859867785126
-0.001797586097382009
-0.001796574215404689
-0.001795563264749944
-0.001794553129002452
-0.001793543924577534
-0.001792535185813904
-0.001791527261957526
-0.001790519803762436
-0.001789512578397989
-0.001788506051525474
-0.001787499990314245
-0.001786494511179626
-0.001785489730536938
-0.001784485415555537
-0.00178348203189671
-0.001782479230314493
-0.001781477360054851
-0.001780476304702461
-0.001779476297087967
-0.001778477104380727
-0.001777478842996061
-0.001776481512933969
-0.001775485114194453
-0.001774489413946867
-0.001773494412191212
-0.001772500458173454
-0.001771506969816983
-0.001770514296367764
-0.001769522437825799
-0.001768531277775764
-0.001767541049048305
-0.001766551402397454
-0.001765562687069178
-0.001764574786648154
-0.001763587701134384
-0.001762601430527866
-0.001761615974828601
-0.001760631683282554
-0.001759648090228438
-0.001758665195666254
-0.001757683116011322
-0.001756701967678964
-0.001755721401423216
-0.001754741300828755
-0.001753761898726225
-0.001752783311530948
-0.001751805422827601
