0
0
0
0
0
0
0
0
0
0
0
0
0
0
0
0
0
0
0
0
0
0
0
0
0
0
0
0
0
0
0
0
0
0
0
0
0
0
0
0
0
0
0
0
0
0
0
0
0
0
0
0
0
0
0
0
0
0
0
0
0
0
0
0
0
0
0
0
0
0
0
0
0
0
0
0
0
0
0
0
0
0
0
0
0
0
0
0
0
0
0
0
0
0
0
0
0
0
0
0
0
0
0
0
0
0
0
0
0
0
0
0
0
0
0
0
0
0
0
0
0
0
0
0
0
0
0
0
0
0
0
0
0
0
0
0
0
0
0
0
0
0
0
0
0
0
0
0
0
0
0
0
0
0
0
0
0
0
0
0
0
0
0
0
0
0
0
0
0
0
0
0
0
0
0
0
0
0
0
0
0
0
0
0
0
0
0
0
0
0
0
0
0
0
0
0
0
0
0
0
0
0
0
0
0
0
0
0
0
0
0
0
0
0
0
0
0
0
0
0
0
0
0
0
0
0
0
0
0
0
0
0
0
0
0
0
0
0
0
0
0
0
0
0
0
0
0
0
0
0
0
0
0
0
0
0
0
0
0
0
0
0
0
0
0
0
0
0
0
0
0
0
0
0
0
0
0
0
0
0
0
0
0
0
0
0
0
0
0
0
0
0
0
0
0
0
0
0
0
0
0
0
0
0
0
0
0
0
0
0
0
0
0
0
0
0
0
0
0
0
0
0
0
0
0
0
0
0
0
0
0
0
0
0
0
0
0
0
0
0
0
0
0
0
0
0
0
0
0
0
0
0
0
0
0
0
0
0
0
0
0
0
0
0
0
0
0
0
0
0
0
0
0
0
0
0
0
0
0
0
0
0
0
0
0
0
0
0
0
0
0
0
0
0
0
0
0
0
0
0
0
0
0
0
0
0
0
0
0
0
0
0
0
0
0
0
0
0
0
0
0
0
0
0
0
0
0
0
0
0
0
0
0
0
0
0
0
0
0
0
0
0
0
0
0
0
0
0
0
0
0
0
0
0
0
0
0
0
0
0
0
0
0
0
0
0
0
0
0
0
0
0
0
0
0
0
0
0
0
0
0
0
0
0
0
0
0
0
0
0
0
0
0
0
0
0
0
0
0
0
0
0
0
0
0
0
0
0
0
0
0
0
0
0
0
0
0
0
0
0
0
0
0
0
0
0
0
0
0
0
0
0
0
0
0
0
0
0
0
0
0
0
0
0
0
0
0
0
0
0
0
0
0
0
0
0
0
0
0
0
0
0
0
0
0
0
0
0
0
0
0
0
0
0
0
0
0
0
0
0
0
0
0
0
0
0
0
0
0
0
0
0
0
0
0
0
0
0
0
0
0
0
0
0
0
0
0
0
0
0
0
0
0
0
0
0
0
0
0
0
0
0
0
0
0
0
0
0
0
0
0
0
0
0
0
0
0
0
0
0
0
0
0
0
0
0
0
0
0
0
0
0
0
0
0
0
0
0
0
0
0
0
0
0
0
0
0
0
0
0
0
0
0
0
0
0
0
0
0
0
0
0
0
0
0
0
0
0
0
0
0
0
0
0
0
0
0
0
0
0
0
0
0
0
0
0
0
0
0
0
0
0
0
0
0
0
0
0
0
0
0
0
0
0
0
0
0
0
0
0
0
0
0
0
0
0
0
0
0
0
0
0
0
0
0
0
0
0
0
0
0
0
0
0
0
0
0
0
0
0
0
0
0
0
0
0
0
0
0
0
0
0
0
0
0
0
0
0
0
0
0
0
0
0
0
0
0
0
0
0
0
0
0
0
0
0
0
0
0
0
0
0
0
0
0
0
0
0
0
0
0
0
0
0
0
0
0
0
0
0
0
0
0
0
0
0
0
0
0
0
0
0
0
0
0
0
0
0
0
0
0
0
0
0
0
0
0
0
0
0
0
0
0
0
0
0
0
0
0
0
0
0
0
0
0
0
0
0
0
0
0
0
0
0
0
0
0
0
0
0
0
0
0
0
0
0
0
0
0
0
0
0
0
0
0
0
0
0
0
0
0
0
0
0
0
0
0
0
0
0
0
0
0
0
0
0
0
0
0
0
0
0
0
0
0
0
0
0
0
0
0
0
0
0
0
0
0
0
0
0
0
0
0
0
0
0
0
0
0
0
0
0
0
0
0
0
0
0
0
0
0
0
0
0
0
0
0
0
0
0
0
0
0
0
0
0
0
0
0
0
0
0
0
0
0
0
0
0
0
0
0
0
0
0
0
0
0
0
0
0
0
0
0
0
0
0
0
0
0
0
0
0
0
0
0
0
0
0
0
0
0
0
0
0
0
0
0
0
0
0
0
0
0
0
0
0
0
0
0
0
0
0
0
0
0
0
0
0
0
0
0
0
0
0
0
0
0
0
0
0
0
0
0
0
0
0
0
0
0
0
0
0
0
0
0
0
0
0
0
0
0
0
0
0
0
0
0
0
0
0
0
0
0
0
0
0
0
0
0
0
0
0
0
0
0
0
0
0
0
0
0
0
0
0
0
0
0
0
0
0
0
0
0
0
0
0
0
0
0
0
0
0
0
0
0
0
0
0
0
0
0
0
0
0
0
0
0
0
0
0
0
0
0
0
0
0
0
0
0
0
0
0
0
0
0
0
0
0
0
0
0
0
0
0
0
0
0
0
0
0
0
0
0
0
0
0
0
0
0
0
0
0
0
0
0
0
0
0
0
0
0
0
0
0
0
0
0
0
0
0
0
0
0
0
0
0
0
0
0
0
0
0
0
0
0
0
0
0
0
0
0
0
0
0
0
0
0
0
0
0
0
0
0
0
0
0
0
0
0
0
0
0
0
0
0
0
0
0
0
0
0
0
0
0
0
0
0
0
0
0
0
0
0
0
0
0
0
0
0
0
0
0
0
0
0
0
0
0
0
0
0
0
0
0
0
0
0
0
0
0
0
0
0
0
0
0
0
0
0
0
0
0
0
0
0
0
0
0
0
0
0
0
0
0
0
0
0
0
0
0
0
0
0
0
0
0
0
0
0
0
0
0
0
0
0
0
0
0
0
0
0
0
0
0
0
0
0
0
0
0
0
0
0
0
0
0
0
0
0
0
0
0
0
0
0
0
0
0
0
0
0
0
0
0
0
0
0
0
0
0
0
0
0
0
0
0
0
0
0
0
0
0
0
0
0
0
0
0
0
0
0
0
0
0
0
0
0
0
0
0
0
0
0
0
0
0
0
0
0
0
0
0
0
0
0
0
0
0
0
0
0
0
0
0
0
0
0
0
0
0
0
0
0
0
0
0
0
0
0
0
0
0
0
0
0
0
0
0
0
0
0
0
0
0
0
0
0
0
0
0
0
0
0
0
0
0
0
0
0
0
0
0
0
0
0
0
0
0
0
0
0
0
0
0
0
0
0
0
0
0
0
0
0
0
0
0
0
0
0
0
0
0
0
0
0
0
0
0
0
0
0
0
0
0
0
0
0
0
0
0
0
0
0
0
0
0
0
0
0
0
0
0
0
0
0
0
0
0
0
0
0
0
0
0
0
0
0
0
0
0
0
0
0
0
0
0
0
0
0
0
0
0
0
0
0
0
0
0
0
0
0
0
0
0
0
0
0
0
0
0
0
0
0
0
0
0
0
0
0
0
0
0
0
0
0
0
0
0
0
0
0
0
0
0
0
0
0
0
0
0
0
0
0
0
0
0
0
0
0
0
0
0
0
0
0
0
0
0
0
0
0
0
0
0
0
0
0
0
0
0
0
0
0
0
0
0
0
0
0
0
0
0
0
0
0
0
0
0
0
0
0
0
0
0
0
0
0
0
0
0
0
0
0
0
0
0
0
0
0
0
0
0
0
0
0
0
0
0
0
0
0
0
0
0
0
0
0
0
0
0
0
0
0
0
0
0
0
0
0
0
0
0
0
0
0
0
0
0
0
0
0
0
0
0
0
0
0
0
0
0
0
0
0
0
0
0
0
0
0
0
0
0
0
0
0
0
0
0
0
0
0
0
0
0
0
0
0
0
0
0
0
0
0
0
0
0
0
0
0
0
0
0
0
0
0
0
0
0
0
0
0
0
0
0
0
0
0
0
0
0
0
0
0
0
0
0
0
0
0
0
0
0
0
0
0
0
0
0
0
0
0
0
0
0
0
0
0
0
0
0
0
0
0
0
0
0
0
0
0
0
0
0
0
0
0
0
0
0
0
0
0
0
0
0
0
0
0
0
0
0
0
0
0
0
0
0
0
0
0
0
0
0
0
0
0
0
0
0
0
0
0
0
0
0
0
0
0
0
0
0
0
0
0
0
0
0
0
0
0
0
0
0
0
0
0
0
0
0
0
0
0
0
0
0
0
0
0
0
0
0
0
0
0
0
0
0
0
0
0
0
0
0
0
0
0
0
0
0
0
0
0
0
0
0
0
0
0
0
0
0
0
0
0
0
0
0
0
0
0
0
0
0
0
0
0
0
0
0
0
0
0
0
0
0
0
0
0
0
0
0
0
0
0
0
0
0
0
0
0
0
0
0
0
0
0
0
0
0
0
0
0
0
0
0
0
0
0
0
0
0
0
0
0
0
0
0
0
0
0
0
0
0
0
0
0
0
0
0
0
0
0
0
0
0
0
0
0
0
0
0
0
0
0
0
0
0
0
0
0
0
0
0
0
0
0
0
0
0
0
0
0
0
0
0
0
0
0
0
0
0
0
0
0
0
0
0
0
0
0
0
0
0
0
0
0
0
0
0
0
0
0
0
0
0
0
0
0
0
0
0
0
0
0
0
0
0
0
0
0
0
0
0
0
0
0
0
0
0
0
0
0
0
0
0
0
0
0
0
0
0
0
0
2.802596928649634e-45
1.68155815718978e-44
5.184804318001823e-44
1.008934894313868e-43
1.877739942195255e-43
3.489233176168795e-43
6.109661304456202e-43
1.052375146707938e-42
1.785254243549817e-42
2.973555341297262e-42
4.90454462513686e-42
8.074281751439596e-42
1.324227048786952e-41
2.165286387074707e-41
3.532953688255729e-41
5.755693312367754e-41
9.36193491030767e-41
1.520492911700286e-40
2.46594898558024e-40
3.99353246751001e-40
6.458416466257363e-40
1.043000459981605e-39
1.682076637621581e-39
2.709021019798952e-39
4.356964829426508e-39
6.997788856862164e-39
1.122395508633013e-38
1.79779404311752e-38
2.87570266953346e-38
4.593662637190699e-38
7.328010164914471e-38
1.167416369642902e-37
1.857287038225478e-37
2.950847131527062e-37
4.681979865268341e-37
7.418709936693097e-37
1.173934851366534e-36
1.855142132323269e-36
2.927714003220929e-36
4.614230380372224e-36
7.262561253364369e-36
1.141565726766718e-35
1.791980870784224e-35
2.809234339134453e-35
4.398103504023824e-35
6.876484684023211e-35
1.073722024391261e-34
1.674334664047918e-34
2.607464809015949e-34
4.055282400426634e-34
6.298699593646546e-34
9.770315069756336e-34
1.513543199902753e-33
2.341587134560897e-33
3.61789316660665e-33
5.582539119464172e-33
8.602785611515831e-33
1.323970601464269e-32
2.034933388602193e-32
3.123599702264198e-32
4.788444122873348e-32
7.331079839877823e-32
1.120925316969545e-31
1.711674469853819e-31
2.610370699009449e-31
3.975760754933063e-31
6.047500429189517e-31
9.186919052806318e-31
1.393807161657003e-30
2.11190782085682e-30
3.195856928586221e-30
4.829924979280109e-30
7.290118046511555e-30
1.098931338063965e-29
1.654431901053521e-29
2.487540595356999e-29
3.735381451297255e-29
5.602007799725054e-29
8.390677923853104e-29
1.25514972998655e-28
1.875165440318726e-28
2.797884856317592e-28
4.169334995632125e-28
6.205130095179416e-28
9.223222651702085e-28
1.369186930888635e-27
2.029978694818745e-27
3.005864538416263e-27
4.445258549125612e-27
6.565605343608906e-27
9.685078756107622e-27
1.426864180121358e-26
2.099489358371569e-26
3.085295397482433e-26
4.528269904551393e-26
6.637747443763345e-26
9.717678587090276e-26
1.420882210899212e-25
2.074950946283175e-25
3.026301667280644e-25
4.408304621947006e-25
6.413372599307948e-25
9.318738931589816e-25
1.352334290451452e-24
1.960051925627344e-24
2.837318894774665e-24
4.102098795254608e-24
5.923273336239603e-24
8.542314418539614e-24
1.230404261015761e-23
1.770023064396474e-23
2.543133572783843e-23
3.649379094812959e-23
5.230323875369354e-23
7.486836513382539e-23
1.070356894680374e-22
1.528338865339699e-22
2.179575223253598e-22
3.104455943373885e-22
4.416322036207821e-22
6.274772306002863e-22
8.904253962383473e-22
1.262000743510849e-21
1.786423962243449e-21
2.525646154724001e-21
3.566348417447248e-21
5.029660405518748e-21
7.08463311766119e-21
9.966897917868899e-21
1.400448281001387e-20
1.965343815363201e-20
2.754702725318235e-20
3.856344773173198e-20
5.391904121505886e-20
7.529631245614144e-20
1.050196971373906e-19
1.46296352208259e-19
2.035457808969955e-19
2.828503521076275e-19
3.925703285924401e-19
5.441824794590888e-19
7.534216928134985e-19
1.041833464522656e-18
1.438882019704487e-18
1.984809746858486e-18
2.73451021259005e-18
3.762766851526143e-18
5.171330116841147e-18
7.098465315874833e-18
9.731819611355773e-18
1.332573077571902e-17
1.822449454096628e-17
2.489358859883832e-17
3.39615180136427e-17
4.627584512822578e-17
6.29780642986597e-17
8.560357825179805e-17
1.162150379456581e-16
1.575797728108137e-16
2.134058482448827e-16
2.886555935344647e-16
3.899611046029935e-16
5.261751727684769e-16
7.090992963267723e-16
9.544461482076838e-16
1.283108696027745e-15
1.722832086309422e-15
2.310414924292349e-15
3.094598873893328e-15
4.139863788826499e-15
5.531399584245492e-15
7.381610920382739e-15
9.838623107405811e-15
1.309737823702644e-14
1.74141063168879e-14
2.312515481298245e-14
3.067147298402469e-14
4.063038493433598e-14
5.375679691969545e-14
7.103655364675346e-14
9.375537320241087e-14
1.235879345910795e-13
1.627126845803531e-13
2.139596957722797e-13
2.810007543492532e-13
3.6859352917952e-13
4.828947571672293e-13
6.318608830602201e-13
8.257610632604606e-13
1.077831834200849e-12
1.405112246173623e-12
1.829507465661573e-12
2.379140938077451e-12
3.090071384534432e-12
4.008473240835198e-12
5.193394325697653e-12
6.720243719143815e-12
8.685200128533133e-12
1.121076668997301e-11
1.445276797545914e-11
1.860915414819697e-11
2.393104638065413e-11
3.073659729513345e-11
3.942833559644754e-11
5.051487006468847e-11
6.463796858868776e-11
8.260633149737018e-11
1.054376169706828e-10
1.344107602996303e-10
1.711307900942316e-10
2.17609250063866e-10
2.763637374503247e-10
3.505409851278785e-10
4.440684486795021e-10
5.618415177544023e-10
7.099535404009316e-10
8.959785136042342e-10
1.12931797247029e-09
1.421625150932471e-09
1.787325176749732e-09
2.244248786809067e-09
2.814405153372945e-09
3.524923464226504e-09
4.409197451593627e-09
5.508272504783918e-09
6.872526547851976e-09
8.563708853159824e-09
1.065739319017212e-08
1.324594300911031e-08
1.64420796977538e-08
2.038316715413657e-08
2.523636588591671e-08
3.12047916395386e-08
3.853488905747326e-08
4.752524773721234e-08
5.853709694747522e-08
7.200679164043322e-08
8.846068766388271e-08
1.085326957195321e-07
1.329851926357151e-07
1.627336700948945e-07
1.988757531989904e-07
2.427254912618082e-07
2.958537095310021e-07
3.601351465931657e-07
4.378040046049136e-07
5.31518594470981e-07
6.444369660130178e-07
7.803050721122418e-07
9.435592005502258e-07
1.139444862019445e-06
1.374154635414016e-06
1.654987045185408e-06
1.990531018236652e-06
2.390877170910244e-06
2.86786098513403e-06
3.435341568547301e-06
4.109521796635818e-06
4.909310973744141e-06
5.856744792254176e-06
6.977452358114533e-06
8.301197340188082e-06
9.862479600997176e-06
1.170122413896024e-05
1.386355506838299e-05
1.640266236790922e-05
1.937977140187286e-05
2.286523704242427e-05
2.693975693546236e-05
3.169571937178262e-05
3.723870031535625e-05
4.368914233054966e-05
5.11841572006233e-05
5.987955591990612e-05
6.99520533089526e-05
8.160168363247067e-05
9.505441994406283e-05
0.0001105650444515049
0.0001284202153328806
0.0001489418209530413
0.0001724905741866678
0.0001994697086047381
0.0002303292421856895
0.0002655700955074281
0.0003057486610487103
0.0003514818090479821
0.000403451471356675
0.0004624099819920957
0.0005291852285154164
0.0006046860944479704
0.0006899079889990389
0.0007859381730668247
0.0008939608815126121
0.001015263027511537
0.001151238684542477
0.001303393975831568
0.001473351381719112
0.001662853406742215
0.001873765373602509
0.002108077518641949
0.002367906039580703
0.002655494259670377
0.002973209833726287
0.003323542652651668
0.003709101118147373
0.004132605157792568
0.004596877843141556
0.005104835610836744
0.005659475922584534
0.006263859570026398
0.006921097636222839
0.007634325418621302
0.008406681939959526
0.009241283871233463
0.01014119666069746
0.01110939867794514
0.01214874908328056
0.01326195243746042
0.01445151399821043
0.0157197006046772
0.01706849224865437
0.01849954202771187
0.02001412585377693
0.02161309309303761
0.02329682372510433
0.02506517991423607
0.02691745199263096
0.02885233797132969
0.03086788021028042
0.03296144679188728
0.03512968495488167
0.0373685210943222
0.03967311233282089
0.04203787446022034
0.04445645585656166
0.04692175984382629
0.04942595958709717
0.0519605278968811
0.05451629683375359
0.05708350986242294
0.05965187773108482
0.06221067532896996
0.0647488459944725
0.06725507974624634
0.06971794366836548
0.07212602347135544
0.07446806132793427
0.0767330601811409
0.07891047745943069
0.08099032938480377
0.08296340703964233
0.08482135087251663
0.08655686676502228
0.0881638303399086
0.0896373838186264
0.09097408503293991
0.09217199683189392
0.09323075413703918
0.09415161609649658
0.0949375182390213
0.09559303522109985
0.09612437337636948
0.09653932601213455
0.09684719145298004
0.09705862402915955
0.09718552976846695
0.0972408726811409
0.09723850339651108
0.0971929207444191
0.09711906313896179
0.09703200310468674
0.09694675356149673
0.09687794744968414
0.09683961421251297
0.096844881772995
0.09690573811531067
0.09703279286623001
0.09723509103059769
0.09751991927623749
0.09789259731769562
0.09835649281740189
0.09891285002231598
0.09956077486276627
0.100297287106514
0.1011173948645592
0.1020141690969467
0.1029789373278618
0.1040014550089836
0.1050701811909676
0.1061725318431854
0.1072952002286911
0.1084244698286057
0.1095465421676636
0.1106478646397591
0.1117154955863953
0.1127374470233917
0.1137029156088829
0.1146026402711868
0.1154290735721588
0.116176575422287
0.1168415546417236
0.1174225583672523
0.1179202571511269
0.1183374673128128
0.1186790093779564
0.1189515590667725
0.1191634386777878
0.1193243786692619
0.1194452047348022
0.1195375099778175
0.1196133196353912
0.1196846961975098
0.1197634562849998
0.1198607459664345
0.1199867203831673
0.1201502904295921
0.1203588396310806
0.1206180229783058
0.1209316328167915
0.121301494538784
0.1217274591326714
0.122207447886467
0.1227375492453575
0.1233121827244759
0.1239243224263191
0.1245657503604889
0.1252273917198181
0.1258995980024338
0.1265725195407867
0.127236470580101
0.1278821974992752
0.1285012662410736
0.1290862411260605
0.1296310722827911
0.1301311552524567
0.1305834650993347
0.1309867054224014
0.1313412487506866
0.1316490471363068
0.1319135725498199
0.1321396231651306
0.1323330253362656
0.1325005143880844
0.1326492726802826
0.1327867358922958
0.1329202353954315
0.1330567300319672
0.133202463388443
0.133362740278244
0.1335416883230209
0.1337421387434006
0.1339655071496964
0.1342116594314575
0.1344790458679199
0.1347646713256836
0.1350642442703247
0.1353723257780075
0.135682538151741
0.1359878331422806
0.1362806856632233
0.1365533620119095
0.1367982625961304
0.1370080858469009
0.137176051735878
0.1372960954904556
0.1373630166053772
0.137372612953186
0.1373216807842255
0.1372080445289612
0.1370305120944977
0.1367887109518051
0.1364831775426865
0.1361149400472641
0.1356854736804962
0.1351965814828873
0.1346500813961029
0.134047657251358
0.1333908289670944
0.1326806247234344
0.1319176256656647
0.1311018764972687
0.1302329301834106
0.1293098032474518
0.1283311545848846
0.1272952556610107
0.126200258731842
0.1250443756580353
0.1238260045647621
0.1225439831614494
0.1211977899074554
0.1197877377271652
0.1183150932192802
0.1167823001742363
0.1151929870247841
0.1135520935058594
0.1118658632040024
0.1101418137550354
0.1083886697888374
0.1066162139177322
0.104835145175457
0.103056862950325
0.1012932881712914
0.099556565284729
0.09785885363817215
0.09621201455593109
0.09462739527225494
0.09311563521623611
0.09168636053800583
0.09034807980060577
0.0891079381108284
0.08797167986631393
0.08694352209568024
0.08602606505155563
0.08522032201290131
0.0845257043838501
0.0839400514960289
0.08345969766378403
0.08307959139347076
0.08279336243867874
0.08259347081184387
0.08247131854295731
0.08241742104291916
0.08242154866456985
0.08247289061546326
0.0825602263212204
0.08267205953598022
0.0827968567609787
0.08292315155267715
0.0830397829413414
0.08313605189323425
0.08320192992687225
0.08322819322347641
0.0832066610455513
0.08313028514385223
0.08299335837364197
0.08279164135456085
0.08252245932817459
0.08218475431203842
0.08177921175956726
0.08130818605422974
0.08077570796012878
0.08018743991851807
0.07955046743154526
0.07887323200702667
0.07816524803638458
0.0774368941783905
0.07669910788536072
0.0759630873799324
0.07523998618125916
0.07454056292772293
0.07387483865022659
0.07325182855129242
0.07267924398183823
0.07216325402259827
0.07170829921960831
0.0713169202208519
0.07098974287509918
0.07072539627552032
0.07052063941955566
0.07037043571472168
0.07026816159486771
0.07020583748817444
0.07017446309328079
0.0701642706990242
0.07016514986753464
0.07016696780920029
0.07015995681285858
0.07013505697250366
0.07008418440818787
0.07000056654214859
0.06987892836332321
0.06971568614244461
0.06950899213552475
0.06925880163908005
0.0689668208360672
0.06863637268543243
0.06827224045991898
0.06788044422864914
0.06746795028448105
0.06704238057136536
0.06661169230937958
0.06618382036685944
0.06576640158891678
0.06536643207073212
0.06499002873897552
0.06464216858148575
0.06432656198740005
0.0640454888343811
0.06379979103803635
0.06358886510133743
0.06341074407100677
0.0632622092962265
0.06313897669315338
0.06303592026233673
0.06294732540845871
0.06286716461181641
0.06278935819864273
0.06270806491374969
0.06261789798736572
0.06251419335603714
0.0623931810259819
0.06225209310650826
0.06208930164575577
0.06190430000424385
0.06169773638248444
0.06147129833698273
0.06122760847210884
0.06097006797790527
0.06070266291499138
0.06042974069714546
0.06015580147504807
0.05988524481654167
0.05962218716740608
0.0593702532351017
0.05913242697715759
0.05891089513897896
0.05870701000094414
0.05852122977375984
0.05835312604904175
0.05820147320628166
0.0580642968416214
0.05793903768062592
0.05782269686460495
0.05771201848983765
0.05760365724563599
0.05749435722827911
0.05738115310668945
0.05726147070527077
0.0571332760155201
0.05699516460299492
0.05684638768434525
0.0566868931055069
0.05651726946234703
0.05633869394659996
0.0561528243124485
0.0559617206454277
0.05576766654849052
0.05557305738329887
0.05538023263216019
0.05519136786460876
0.05500832945108414
0.0548325888812542
0.05466516315937042
0.05450655892491341
0.05435676872730255
0.05421529710292816
0.05408120155334473
0.05395316332578659
0.05382959172129631
0.05370872095227242
0.05358872190117836
0.05346781015396118
0.05334433540701866
0.05321686714887619
0.05308426544070244
0.05294572934508324
0.05280081182718277
0.05264940485358238
0.05249174684286118
0.05232831463217735
0.05215981602668762
0.05198706686496735
0.05181092768907547
0.05163223296403885
0.051451675593853
0.0512697659432888
0.05108674615621567
0.05090257525444031
0.05071689561009407
0.05052901804447174
0.05033794045448303
0.05014237761497498
0.0499408058822155
0.04973150789737701
0.04951263219118118
0.04928223043680191
0.04903834313154221
0.04877902939915657
0.04850240796804428
0.04820667579770088
0.04789011552929878
0.04755111783742905
0.04718814417719841
0.04679970443248749
0.04638434574007988
0.0459405891597271
0.04546689614653587
0.04496162757277489
0.04442303255200386
0.04384917765855789
0.04323796182870865
0.04258709400892258
0.04189410805702209
0.0411563478410244
0.04037104174494743
0.039535291492939
0.0386461466550827
0.03770063817501068
0.03669584915041924
0.03562894091010094
0.0344972237944603
0.03329820558428764
0.03202962875366211
0.03068950586020947
0.02927615307271481
0.02778822556138039
0.02622472681105137
0.02458503656089306
0.0228689182549715
0.02107652090489864
0.01920840889215469
0.01726556196808815
0.01524938456714153
0.01316172815859318
0.01100489962846041
0.008781692013144493
0.006495392881333828
0.004149806220084429
0.001749270595610142
-0.0007013249560259283
-0.003196533769369125
-0.00573034817352891
-0.008296205662190914
-0.01088699884712696
-0.01349510531872511
-0.0161124262958765
-0.01873042806982994
-0.02134020626544952
-0.02393255941569805
-0.02649805881083012
-0.02902714535593987
-0.03151022270321846
-0.03393775969743729
-0.03630039468407631
-0.03858904168009758
-0.04079499468207359
-0.04291006550192833
-0.04492665454745293
-0.04683786630630493
-0.04863759875297546
-0.05032065138220787
-0.0518827922642231
-0.05332084372639656
-0.05463274940848351
-0.055817611515522
-0.05687576532363892
-0.0578087605535984
-0.05861943587660789
-0.05931185930967331
-0.05989136919379234
-0.06036448106169701
-0.06073887273669243
-0.06102331355214119
-0.06122753396630287
-0.06136215850710869
-0.06143856793642044
-0.06146873533725739
-0.06146508827805519
-0.06144031137228012
-0.0614071860909462
-0.06137837842106819
-0.06136626750230789
-0.0613827258348465
-0.06143892556428909
-0.06154515966773033
-0.06171067431569099
-0.06194348260760307
-0.06225024908781052
-0.06263614445924759
-0.0631047785282135
-0.06365810334682465
-0.0642964094877243
-0.06501828879117966
-0.06582067161798477
-0.06669888645410538
-0.06764676421880722
-0.06865674257278442
-0.06972001492977142
-0.07082672417163849
-0.07196617126464844
-0.07312699407339096
-0.07429742813110352
-0.07546554505825043
-0.07661953568458557
-0.0777478963136673
-0.07883975654840469
-0.07988505065441132
-0.08087475597858429
-0.08180105686187744
-0.0826575756072998
-0.08343949168920517
-0.08414360880851746
-0.08476842194795609
-0.08531416207551956
-0.08578277379274368
-0.08617787808179855
-0.08650461584329605
-0.08676954358816147
-0.08698043972253799
-0.08714616298675537
-0.08727630227804184
-0.0873810276389122
-0.08747074007987976
-0.08755587041378021
-0.08764654397964478
-0.0877523347735405
-0.08788201212882996
-0.08804332464933395
-0.08824274688959122
-0.08848533779382706
-0.08877462148666382
-0.08911244571208954
-0.08949901908636093
-0.08993283659219742
-0.09041076898574829
-0.09092814475297928
-0.09147887676954269
-0.09205564111471176
-0.09265008568763733
-0.09325304627418518
-0.09385481476783752
-0.09444539994001389
-0.0950147956609726
-0.09555322676897049
-0.0960514023900032
-0.09650077670812607
-0.09689368307590485
-0.09722359478473663
-0.09748516976833344
-0.09767436981201172
-0.09778852760791779
-0.09782633185386658
-0.0977877601981163
-0.09767400473356247
-0.09748734533786774
-0.09723098576068878
-0.09690887480974197
-0.09652548283338547
-0.0960855558514595
-0.09559395909309387
-0.09505539387464523
-0.094474196434021
-0.09385418891906738
-0.09319847822189331
-0.09250933676958084
-0.09178812801837921
-0.09103523939847946
-0.09025012701749802
-0.08943130820989609
-0.08857649564743042
-0.08768270909786224
-0.08674643188714981
-0.08576379716396332
-0.0847308486700058
-0.08364371210336685
-0.08249889314174652
-0.08129347115755081
-0.08002535253763199
-0.07869341969490051
-0.07729779183864594
-0.07583988457918167
-0.07432258874177933
-0.07275021821260452
-0.07112862914800644
-0.06946510821580887
-0.06776830554008484
-0.06604810059070587
-0.06431541591882706
-0.06258203834295273
-0.06086032465100288
-0.05916300415992737
-0.05750285089015961
-0.05589243769645691
-0.05434384569525719
-0.05286839976906776
-0.05147644877433777
-0.05017711222171783
-0.04897813126444817
-0.0478857047855854
-0.04690438881516457
-0.04603702947497368
-0.04528475925326347
-0.0446469858288765
-0.04412146657705307
-0.04370439797639847
-0.04339053109288216
-0.04317333176732063
-0.04304513335227966
-0.04299731180071831
-0.04302048310637474
-0.04310468211770058
-0.04323955252766609
-0.04341452196240425
-0.04361898079514503
-0.04384241998195648
-0.04407458007335663
-0.04430559277534485
-0.04452607408165932
-0.04472722485661507
-0.04490092396736145
-0.04503980278968811
-0.04513730108737946
-0.04518772289156914
-0.04518629610538483
-0.04512921348214149
-0.0450136624276638
-0.04483786970376968
-0.04460110515356064
-0.04430371522903442
-0.04394711926579475
-0.04353382438421249
-0.04306737706065178
-0.04255235567688942
-0.04199430719017982
-0.04139965400099754
-0.04077561944723129
-0.04013008251786232
-0.03947145119309425
-0.03880847617983818
-0.03815008699893951
-0.03750517591834068
-0.03688239678740501
-0.03628992661833763
-0.03573527932167053
-0.03522507473826408
-0.0347648523747921
-0.03435890376567841
-0.0340101420879364
-0.0337199941277504
-0.03348832949995995
-0.03331346064805984
-0.03319215402007103
-0.03311972692608833
-0.03309017047286034
-0.0330963172018528
-0.03313006460666656
-0.03318261727690697
-0.03324476256966591
-0.03330715373158455
-0.03336061909794807
-0.03339644521474838
-0.03340666741132736
-0.03338432312011719
-0.03332367539405823
-0.03322039544582367
-0.03307168558239937
-0.03287637233734131
-0.0326349288225174
-0.03234943002462387
-0.03202347457408905
-0.03166203200817108
-0.03127123787999153
-0.03085818886756897
-0.03043066337704659
-0.02999683283269405
-0.02956496365368366
-0.02914313599467278
-0.02873894944787025
-0.02835925854742527
-0.02800994180142879
-0.02769571915268898
-0.02741999737918377
-0.02718477696180344
-0.02699062041938305
-0.02683666348457336
-0.02672068774700165
-0.02663922309875488
-0.02658773213624954
-0.02656079269945621
-0.02655233256518841
-0.02655587531626225
-0.02656478434801102
-0.02657253481447697
-0.02657294273376465
-0.02656039223074913
-0.02653002925217152
-0.02647791430354118
-0.02640115842223167
-0.02629797719419003
-0.02616773545742035
-0.02601092867553234
-0.02582910470664501
-0.02562478370964527
-0.02540131099522114
-0.02516269497573376
-0.02491342276334763
-0.02465825714170933
-0.02440203726291656
-0.02414947934448719
-0.02390498667955399
-0.02367248386144638
-0.02345526590943336
-0.02325590699911118
-0.02307616174221039
-0.02291692979633808
-0.02277825400233269
-0.02265935577452183
-0.02255868911743164
-0.02247405052185059
-0.02240268513560295
-0.02234144136309624
-0.0222869124263525
-0.02223559282720089
-0.02218404226005077
-0.02212902344763279
-0.02206764742732048
-0.02199747785925865
-0.02191662415862083
-0.02182380296289921
-0.02171837538480759
-0.02160034142434597
-0.0214703194797039
-0.0213294941931963
-0.02117953076958656
-0.0210224837064743
-0.02086068503558636
-0.02069662697613239
-0.02053282782435417
-0.02037171274423599
-0.02021551690995693
-0.02006617002189159
-0.01992521807551384
-0.01979376934468746
-0.0196724534034729
-0.01956140622496605
-0.0194602832198143
-0.01936830207705498
-0.01928429119288921
-0.01920676790177822
-0.01913401484489441
-0.01906418614089489
-0.01899540983140469
-0.01892586797475815
-0.01885390281677246
-0.01877808943390846
-0.01869729906320572
-0.01861074380576611
-0.01851801760494709
-0.01841908320784569
-0.01831427775323391
-0.01820426993072033
-0.01809000782668591
-0.01797267235815525
-0.01785357855260372
-0.01773412153124809
-0.01761568710207939
-0.01749956980347633
-0.0173869077116251
-0.01727863773703575
-0.01717543043196201
-0.01707766763865948
-0.01698544807732105
-0.01689857244491577
-0.01681657321751118
-0.01673875376582146
-0.01666424050927162
-0.01659202948212624
-0.01652106642723083
-0.01645029336214066
-0.01637871563434601
-0.0163054708391428
-0.01622986234724522
-0.01615139469504356
-0.0160698015242815
-0.0159850437194109
-0.01589730940759182
-0.01580699533224106
-0.01571465656161308
-0.01562098599970341
-0.01552675105631351
-0.01543274708092213
-0.01533974334597588
-0.01524844020605087
-0.01515942253172398
-0.01507313083857298
-0.01498983427882195
-0.01490962784737349
-0.01483242586255074
-0.01475798059254885
-0.01468590367585421
-0.01461569871753454
-0.01454679574817419
-0.01447859779000282
-0.01441051904112101
-0.01434202026575804
-0.01427264790982008
-0.01420205924659967
-0.01413003448396921
-0.01405649166554213
-0.01398148667067289
-0.01390519365668297
-0.01382789295166731
-0.01374994963407516
-0.01367177441716194
-0.01359379477798939
-0.01351642888039351
-0.01344005204737186
-0.01336497068405151
-0.01329140923917294
-0.0132194934412837
-0.01314925216138363
-0.01308061368763447
-0.01301342248916626
-0.01294745318591595
-0.01288243196904659
-0.01281805522739887
-0.01275401841849089
-0.01269003562629223
-0.0126258572563529
-0.01256129238754511
-0.01249621156603098
-0.01243055984377861
-0.01236435119062662
-0.01229766104370356
-0.01223061978816986
-0.01216339971870184
-0.01209619548171759
-0.01202921196818352
-0.01196264289319515
-0.01189665775746107
-0.01183139439672232
-0.01176694594323635
-0.01170335989445448
-0.01164063531905413
-0.01157873030751944
-0.01151756197214127
-0.01145702041685581
-0.01139697805047035
-0.01133730169385672
-0.01127786282449961
-0.0112185450270772
-0.01115925516933203
-0.01109992526471615
-0.01104051806032658
-0.01098102796822786
-0.01092147547751665
-0.01086190529167652
-0.01080237794667482
-0.01074296701699495
-0.0106837498024106
-0.01062479987740517
-0.01056618802249432
-0.01050796546041965
-0.01045017130672932
-0.01039282418787479
-0.01033592969179153
-0.01027947384864092
-0.01022342871874571
-0.01016775704920292
-0.01011241506785154
-0.010057358071208
-0.01000254321843386
-0.009947927668690681
-0.009893479757010937
-0.009839173406362534
-0.009784991852939129
-0.009730929508805275
-0.009676989167928696
-0.009623180143535137
-0.009569519199430943
-0.009516025893390179
-0.009462721645832062
-0.009409630671143532
-0.009356774389743805
-0.009304172359406948
-0.009251838549971581
-0.009199785068631172
-0.009148018434643745
-0.0090965386480093
-0.009045345708727837
-0.008994432166218758
-0.008943790569901466
-0.008893412537872791
-0.008843285962939262
-0.008793404325842857
-0.00874375831335783
-0.008694343268871307
-0.008645156398415565
-0.008596201427280903
-0.008547483943402767
-0.008499016985297203
-0.008450812660157681
-0.008402892388403416
-0.008355280384421349
-0.008308001793920994
-0.008261088281869888
-0.008214570581912994
-0.008168483152985573
-0.008122862316668034
-0.008077744394540787
-0.008033167570829391
-0.007989173755049706
-0.007945804856717587
-0.007903103716671467
-0.007861113175749779
-0.007819881662726402
-0.007779460400342941
-0.007739904336631298
-0.007701272610574961
-0.007663629483431578
-0.007627042941749096
-0.007591587956994772
-0.007557342760264874
-0.007524390239268541
-0.007492817472666502
-0.007462710607796907
-0.007434159051626921
-0.007407250814139843
-0.007382071111351252
-0.007358701433986425
-0.007337216753512621
-0.007317685522139072
-0.00730016827583313
-0.007284712977707386
-0.0072713578119874
-0.007260129321366549
-0.007251037284731865
-0.0072440798394382
-0.00723923509940505
-0.007236465811729431
-0.007235719356685877
-0.007236920297145844
-0.007239975035190582
-0.007244770880788565
-0.007251175586134195
-0.007259036414325237
-0.007268182933330536
-0.007278426084667444
-0.007289561443030834
-0.007301370613276958
-0.007313624955713749
-0.007326087448745966
-0.007338520139455795
-0.007350681815296412
-0.007362340576946735
-0.007373272906988859
-0.007383272051811218
-0.00739215174689889
-0.007399752736091614
-0.007405946496874094
-0.00741064315661788
-0.007413791492581367
-0.00741538405418396
-0.007415459491312504
-0.0074141058139503
-0.00741145946085453
-0.007407704368233681
-0.007403069175779819
-0.00739782303571701
-0.007392274681478739
-0.007386763114482164
-0.007381648290902376
-0.007377306930720806
-0.007374117616564035
-0.007372455205768347
-0.007372675929218531
-0.007375106681138277
-0.00738003384321928
-0.007387691643089056
-0.007398252841085196
-0.007411818020045757
-0.007428411394357681
-0.007447969634085894
-0.007470340933650732
-0.007495285011827946
-0.007522475905716419
-0.007551501039415598
-0.007581873796880245
-0.007613040506839752
-0.007644395343959332
-0.007675293367356062
-0.007705069147050381
-0.007733053993433714
-0.007758598774671555
-0.007781089283525944
-0.007799969520419836
-0.007814760319888592
-0.007825074717402458
-0.007830634713172913
-0.00783128384500742
-0.007826991379261017
-0.007817863486707211
-0.007804138585925102
-0.00778618548065424
-0.007764492183923721
-0.007739655207842588
-0.007712364662438631
-0.007683379109948874
-0.007653506007045507
-0.007623574696481228
-0.007594411727041006
-0.007566811982542276
-0.007541515398770571
-0.007519183214753866
-0.007500374224036932
-0.007485530339181423
-0.007474962156265974
-0.007468837779015303
-0.007467186078429222
-0.007469891104847193
-0.007476703263819218
-0.007487252354621887
-0.007501060143113136
-0.007517560850828886
-0.007536126300692558
-0.007556087337434292
-0.007576762232929468
-0.007597479503601789
-0.007617601659148932
-0.007636547554284334
-0.007653810083866119
-0.007668970618396997
-0.007681708782911301
-0.00769180990755558
-0.007699164096266031
-0.007703763898462057
-0.007705698255449533
-0.007705139927566051
-0.00770233292132616
-0.007697576191276312
-0.00769121153280139
-0.00768360449001193
-0.007675128988921642
-0.00766615429893136
-0.007657033391296864
-0.007648090366274118
-0.007639613468199968
-0.007631853688508272
-0.007625018246471882
-0.007619269657880068
-0.007614731788635254
-0.007611487992107868
-0.007609588094055653
-0.00760904885828495
-0.007609858177602291
-0.00761198066174984
-0.007615359034389257
-0.007619914133101702
-0.007625545840710402
-0.007632135879248381
-0.007639545947313309
-0.007647616788744926
-0.00765617098659277
-0.007665011566132307
-0.007673927582800388
-0.00768269645050168
-0.007691089995205402
-0.007698884233832359
-0.007705864496529102
-0.007711838465183973
-0.007716644555330276
-0.007720161695033312
-0.007722320035099983
-0.007723108399659395
-0.007722575217485428
-0.007720835041254759
-0.007718062028288841
-0.007714490871876478
-0.007710401434451342
-0.007706110365688801
-0.007701953407377005
-0.007698269095271826
-0.007695377804338932
-0.007693565916270018
-0.007693067658692598
-0.00769404973834753
-0.007696601562201977
-0.007700726855546236
-0.007706343196332455
-0.007713284809142351
-0.007721312344074249
-0.007730126846581697
-0.007739385589957237
-0.007748722564429045
-0.007757774088531733
-0.007766198832541704
-0.007773697376251221
-0.007780034560710192
-0.007785049732774496
-0.007788671180605888
-0.007790913339704275
-0.007791879586875439
-0.007791752927005291
-0.007790781557559967
-0.007789263501763344
-0.007787524722516537
-0.007785898167639971
-0.007784702349454165
-0.007784218993037939
-0.007784674875438213
-0.007786230184137821
-0.007788967341184616
-0.007792891468852758
-0.007797928526997566
-0.007803936488926411
-0.007810714188963175
-0.007818020880222321
-0.007825593464076519
-0.007833162322640419
-0.007840472273528576
-0.00784730538725853
-0.007853482849895954
-0.007858886383473873
-0.007863455452024937
-0.007867195643484592
-0.007870170287787914
-0.007872494868934155
-0.007874324917793274
-0.007875843904912472
-0.007877249270677567
-0.007878731936216354
-0.007880469784140587
-0.007882613688707352
-0.007885277271270752
-0.007888529449701309
-0.007892397232353687
-0.007896860130131245
-0.007901860401034355
-0.007907305844128132
-0.007913083769381046
-0.007919062860310078
-0.00792511273175478
-0.007931106723845005
-0.007936934940516949
-0.007942507043480873
-0.007947761565446854
-0.007952667772769928
-0.007957218214869499
-0.007961438037455082
-0.007965374737977982
-0.007969091646373272
-0.007972666993737221
-0.007976180873811245
-0.007979715242981911
-0.007983346469700336
-0.007987135089933872
-0.007991130463778973
-0.007995362393558025
-0.007999845780432224
-0.008004575036466122
-0.008009531535208225
-0.008014680817723274
-0.008019980974495411
-0.008025382645428181
-0.008030835539102554
-0.008036289364099503
-0.008041699416935444
-0.00804702565073967
-0.008052241057157516
-0.008057327941060066
-0.008062279783189297
-0.008067102171480656
-0.008071808144450188
-0.008076420053839684
-0.008080963976681232
-0.008085471577942371
-0.008089975453913212
-0.008094507269561291
-0.008099094964563847
-0.008103759959340096
-0.008108516223728657
-0.008113370276987553
-0.008118318393826485
-0.008123350329697132
-0.008128446526825428
-0.008133582770824432
-0.008138726465404034
-0.008143845945596695
-0.008148905821144581
-0.00815387349575758
-0.008158717304468155
-0.008163412101566792
-0.008167934603989124
-0.008172269910573959
-0.008176404051482677
-0.008180332370102406
-0.008184048347175121
-0.008187550120055676
-0.00819083210080862
-0.008193887770175934
-0.008196704089641571
-0.008199261501431465
-0.008201534859836102
-0.008203485980629921
-0.008205068297684193
-0.008206229656934738
-0.008206907659769058
-0.008207033388316631
-0.008206534199416637
-0.008205334655940533
-0.008203357458114624
-0.008200524374842644
-0.008196760900318623
-0.008191992528736591
-0.008186149410903454
-0.008179161697626114
-0.008170966058969498
-0.008161500096321106
-0.008150701411068439
-0.008138514123857021
-0.008124880492687225
-0.008109745569527149
-0.008093059062957764
-0.008074773475527763
-0.008054843172430992
-0.008033236488699913
-0.008009921759366989
-0.007984885945916176
-0.007958125323057175
-0.007929651997983456
-0.007899496704339981
-0.007867710664868355
-0.007834366522729397
-0.007799557875841856
-0.007763401605188847
-0.007726036012172699
-0.007687622215598822
-0.007648345082998276
-0.007608405780047178
-0.007568024564534426
-0.007527439389377832
-0.007486899383366108
-0.00744666438549757
-0.007407001219689846
-0.007368180900812149
-0.007330474909394979
-0.007294151466339827
-0.007259470876306295
-0.007226680405437946
-0.007196011953055859
-0.007167675998061895
-0.007141855545341969
-0.007118702866137028
-0.007098335307091475
-0.00708082877099514
-0.007066218182444572
-0.00705449003726244
-0.007045583333820105
-0.007039387244731188
-0.007035741116851568
-0.007034435868263245
-0.007035216316580772
-0.007037785835564137
-0.007041806820780039
-0.007046913262456656
-0.007052712608128786
-0.007058796472847462
-0.007064750883728266
-0.007070161402225494
-0.007074628490954638
-0.007077773567289114
-0.007079252507537603
-0.007078761700540781
-0.007076047826558352
-0.007070918101817369
-0.007063244003802538
-0.007052967790514231
-0.007040102500468493
-0.007024733815342188
-0.007007020525634289
-0.006987191271036863
-0.006965534761548042
-0.006942398380488157
-0.006918172817677259
-0.006893284153193235
-0.006868179887533188
-0.006843314506113529
-0.006819135975092649
-0.00679607130587101
-0.006774510256946087
-0.006754795555025339
-0.006737209390848875
-0.006721962243318558
-0.006709186360239983
-0.006698929239064455
-0.00669115362688899
-0.00668573472648859
-0.006682469043880701
-0.006681076250970364
-0.006681214086711407
-0.006682487670332193
-0.006684465799480677
-0.006686696317046881
-0.006688725203275681
-0.006690112873911858
-0.006690452340990305
-0.006689385045319796
-0.006686616688966751
-0.006681926548480988
-0.006675178185105324
-0.006666324567049742
-0.006655409000813961
-0.006642564665526152
-0.006628005765378475
-0.006612019147723913
-0.006594952195882797
-0.006577196065336466
-0.006559167057275772
-0.00654128659516573
-0.006523965392261744
-0.006507582496851683
-0.00649246945977211
-0.006478890776634216
-0.006467037368565798
-0.006457015872001648
-0.006448845844715834
-0.006442457437515259
-0.006437697447836399
-0.006434338167309761
-0.00643208809196949
-0.006430609151721001
-0.006429534405469894
-0.006428486201912165
-0.006427095737308264
-0.006425023078918457
-0.006421972066164017
-0.00641770800575614
-0.006412067916244268
-0.006404967047274113
-0.006396402604877949
-0.006386453751474619
-0.00637527322396636
-0.006363079883158207
-0.006350143346935511
-0.006336767692118883
-0.006323276087641716
-0.006309988908469677
-0.006297206040471792
-0.006285192910581827
-0.006274161860346794
-0.006264262832701206
-0.006255577318370342
-0.006248111370950937
-0.006241800729185343
-0.006236512679606676
-0.006232060492038727
-0.006228211335837841
-0.006224703043699265
-0.00622126180678606
-0.006217618938535452
-0.006213526707142591
-0.006208773236721754
-0.006203196011483669
-0.006196687929332256
-0.006189204752445221
-0.006180764175951481
-0.006171445362269878
-0.006161379627883434
-0.006150739267468452
-0.006139726843684912
-0.006128558423370123
-0.006117450539022684
-0.006106603424996138
-0.006096189375966787
-0.006086339708417654
-0.006077137310057878
-0.006068614311516285
-0.00606074882671237
-0.006053466349840164
-0.006046649534255266
-0.006040146108716726
-0.006033780053257942
-0.006027364637702703
-0.006020716391503811
-0.006013666279613972
-0.006006070878356695
-0.005997822154313326
-0.005988853517919779
-0.005979141220450401
-0.005968704354017973
-0.005957602057605982
-0.005945926997810602
-0.005933795124292374
-0.00592133728787303
-0.005908688064664602
-0.005895970854908228
-0.005883295089006424
-0.005870743189007044
-0.005858366377651691
-0.005846180487424135
-0.005834169220179319
-0.005822282284498215
-0.005810442380607128
-0.005798553116619587
-0.005786505993455648
-0.005774190649390221
-0.005761502776294947
-0.005748353898525238
-0.005734676029533148
-0.00572042865678668
-0.005705599673092365
-0.005690205842256546
-0.005674292799085379
-0.005657927133142948
-0.005641195457428694
-0.005624194163829088
-0.005607021972537041
-0.005589775741100311
-0.00557254021987319
-0.005555386655032635
-0.00553836626932025
-0.005521509796380997
-0.005504828877747059
-0.005488314665853977
-0.005471947137266397
-0.005455693230032921
-0.005439518485218287
-0.005423388443887234
-0.005407276563346386
-0.005391166545450687
-0.005375057924538851
-0.005358965136110783
-0.005342920776456594
-0.005326970014721155
-0.005311174318194389
-0.005295601207762957
-0.005280321463942528
-0.00526540819555521
-0.005250926595181227
-0.005236932542175055
-0.005223470274358988
-0.005210567265748978
-0.005198236089199781
-0.005186473950743675
-0.005175263620913029
-0.005164578091353178
-0.005154379643499851
-0.005144627299159765
-0.005135278683155775
-0.005126292817294598
-0.005117634311318398
-0.005109271965920925
-0.005101182498037815
-0.005093347746878862
-0.005085755605250597
-0.005078398156911135
-0.005071269348263741
-0.00506436126306653
-0.005057662259787321
-0.005051157437264919
-0.005044823512434959
-0.005038631148636341
-0.005032544024288654
-0.005026519298553467
-0.00502050993964076
-0.005014466587454081
-0.005008340813219547
-0.005002084653824568
-0.004995656665414572
-0.004989022389054298
-0.004982155282050371
-0.004975039511919022
-0.00496766809374094
-0.00496004382148385
-0.004952178802341223
-0.004944093059748411
-0.00493581173941493
-0.004927364643663168
-0.004918785765767097
-0.004910110961645842
-0.004901376087218523
-0.004892617464065552
-0.00488387094810605
-0.004875172395259142
-0.004866558592766523
-0.004858066327869892
-0.004849733784794807
-0.004841601476073265
-0.00483371177688241
-0.004826107993721962
-0.004818836227059364
-0.004811943508684635
-0.004805477801710367
-0.004799486137926579
-0.004794012755155563
-0.004789098165929317
-0.004784778226166964
-0.004781084135174751
-0.004778039641678333
-0.004775661509484053
-0.004773958586156368
-0.004772933665663004
-0.004772580694407225
-0.004772888962179422
-0.004773841705173254
-0.004775416105985641
-0.004777587484568357
-0.004780328366905451
-0.004783608019351959
-0.00478739570826292
-0.004791657906025648
-0.004796361550688744
-0.004801472648978233
-0.004806957207620144
-0.004812781233340502
-0.004818909801542759
-0.004825309384614229
-0.00483194412663579
-0.004838780965656042
-0.004845785442739725
-0.004852925892919302
-0.004860171116888523
-0.004867491312325001
-0.004874859005212784
-0.00488224858418107
-0.00488963583484292
-0.004897001199424267
-0.00490432558581233
-0.004911590367555618
-0.004918779246509075
-0.004925877321511507
-0.004932867363095284
-0.004939733073115349
-0.004946454893797636
-0.004953013733029366
-0.004959386773407459
-0.004965550266206264
-0.004971478600054979
-0.004977143369615078
-0.004982514306902885
-0.00498755881562829
-0.004992244299501181
-0.004996536299586296
-0.005000402219593525
-0.005003808531910181
-0.005006723571568727
-0.005009118933230639
-0.005010969471186399
-0.005012250039726496
-0.005012942478060722
-0.00501303281635046
-0.005012513138353825
-0.005011379718780518
-0.005009636748582125
-0.005007294472306967
-0.005004370585083961
-0.005000889766961336
-0.004996884148567915
-0.004992393311113119
-0.004987464286386967
-0.004982150159776211
-0.004976510070264339
-0.004970608744770288
-0.004964515101164579
-0.004958301782608032
-0.004952043760567904
-0.004945817403495312
-0.004939697682857513
-0.004933759570121765
-0.00492807338014245
-0.004922704771161079
-0.004917715210467577
-0.004913157783448696
-0.004909077193588018
-0.004905511159449816
-0.004902487155050039
-0.004900021012872458
-0.00489811971783638
-0.004896779078990221
-0.004895983263850212
-0.004895708523690701
-0.004895920399576426
-0.004896576050668955
-0.004897623788565397
-0.004899005405604839
-0.004900657571852207
-0.004902511835098267
-0.004904497880488634
-0.004906541667878628
-0.004908570554107428
-0.004910512827336788
-0.004912299104034901
-0.004913864657282829
-0.004915150348097086
-0.00491610448807478
-0.004916681442409754
-0.004916845820844173
-0.004916571546345949
-0.004915840923786163
-0.004914647433906794
-0.004912992939352989
-0.00491088954731822
-0.004908357281237841
-0.004905425477772951
-0.004902130924165249
-0.004898515995591879
-0.004894628655165434
-0.00489052152261138
-0.004886249545961618
-0.004881871398538351
-0.004877442494034767
-0.00487302104011178
-0.004868661984801292
-0.00486441608518362
-0.004860331304371357
-0.004856448154896498
-0.00485280342400074
-0.00484942551702261
-0.004846335854381323
-0.004843549337238073
-0.004841073416173458
-0.004838907159864902
-0.004837041720747948
-0.0048354621976614
-0.00483414763584733
-0.004833071026951075
-0.004832199309021235
-0.004831497557461262
-0.004830926656723022
-0.004830446094274521
-0.004830013960599899
-0.004829588811844587
-0.004829130135476589
-0.004828599747270346
-0.004827961791306734
-0.004827183205634356
-0.004826236981898546
-0.004825100302696228
-0.004823755007237196
-0.004822188522666693
-0.004820395726710558
-0.004818376619368792
-0.004816135857254267
-0.004813685547560453
-0.004811040125787258
-0.004808219615370035
-0.004805249627679586
-0.004802156705409288
-0.004798972047865391
-0.004795726388692856
-0.004792451858520508
-0.004789180122315884
-0.004785941913723946
-0.004782766103744507
-0.004779678769409657
-0.004776703659445047
-0.004773860331624746
-0.004771163687109947
-0.004768623970448971
-0.004766247235238552
-0.004764034878462553
-0.004761982243508101
-0.004760081879794598
-0.004758319351822138
-0.004756678361445665
-0.004755140747874975
-0.004753683693706989
-0.00475228251889348
-0.004750911612063646
-0.004749545361846685
-0.004748159553855658
-0.004746728576719761
-0.004745230078697205
-0.004743645433336496
-0.00474195834249258
-0.004740155301988125
-0.004738227929919958
-0.004736170172691345
-0.004733982495963573
-0.004731668625026941
-0.004729235544800758
-0.004726696293801069
-0.004724065773189068
-0.00472136028110981
-0.004718600306659937
-0.004715805873274803
-0.004712998867034912
-0.004710199777036905
-0.004707429558038712
-0.004704707302153111
-0.004702048841863871
-0.004699469543993473
-0.004696979187428951
-0.004694585222750902
-0.004692291375249624
-0.004690097644925117
-0.004687999840825796
-0.004685990978032351
-0.004684061743319035
-0.004682198632508516
-0.004680387210100889
-0.004678611643612385
-0.004676854237914085
-0.004675098229199648
-0.004673325456678867
-0.004671521484851837
-0.004669671412557364
-0.004667764063924551
-0.004665789660066366
-0.004663741681724787
-0.004661617334932089
-0.00465941708534956
-0.004657143726944923
-0.004654801450669765
-0.004652399569749832
-0.004649948328733444
-0.004647459369152784
-0.004644947126507759
-0.004642423707991838
-0.004639903549104929
-0.004637399688363075
-0.004634924232959747
-0.004632487893104553
-0.004630098585039377
-0.004627763293683529
-0.004625485744327307
-0.00462326779961586
-0.004621108062565327
-0.004619004670530558
-0.004616951569914818
-0.00461494317278266
-0.004612970165908337
-0.004611022770404816
-0.00460909167304635
-0.004607167094945908
-0.004605238325893879
-0.004603296983987093
-0.004601335152983665
-0.004599345382302999
-0.004597323946654797
-0.004595268052071333
-0.004593176767230034
-0.004591051023453474
-0.004588894546031952
-0.004586712457239628
-0.004584510810673237
-0.004582296591252089
-0.004580078180879354
-0.004577866289764643
-0.004575669299811125
-0.00457349605858326
-0.004571354482322931
-0.004569252952933311
-0.004567197058349848
-0.004565192852169275
-0.004563244059681892
-0.00456135394051671
-0.004559522494673729
-0.004557750653475523
-0.004556036554276943
-0.004554378800094128
-0.00455277506262064
-0.004551222082227468
-0.004549717530608177
-0.004548259079456329
-0.004546844400465488
-0.00454547256231308
-0.004544144030660391
-0.004542859736829996
-0.004541622474789619
-0.004540435969829559
-0.004539305344223976
-0.004538236185908318
-0.004537237342447042
-0.004536316730082035
-0.004535483196377754
-0.004534746054559946
-0.004534116480499506
-0.004533604718744755
-0.004533220548182726
-0.004532973747700453
-0.004532873630523682
-0.004532929044216871
-0.004533146973699331
-0.004533534869551659
-0.004534097854048014
-0.004534842912107706
-0.004535774234682322
-0.004536895547062159
-0.004538210574537516
-0.004539723042398691
-0.004541434813290834
-0.004543347284197807
-0.004545464180409908
-0.004547787830233574
-0.004550320096313953
-0.004553062375634909
-0.004556018393486738
-0.004559190012514591
-0.004562579561024904
-0.004566189832985401
-0.004570021759718657
-0.004574077669531107
-0.004578358493745327
-0.004582865163683891
-0.004587595351040363
-0.004592548124492168
-0.004597720690071583
-0.004603108856827021
-0.004608707036823034
-0.004614507779479027
-0.004620503168553114
-0.004626682493835688
-0.00463303504511714
-0.004639547318220139
-0.004646206740289927
-0.004652997013181448
-0.004659903235733509
-0.004666908644139767
-0.004673995077610016
-0.004681143909692764
-0.004688336048275232
-0.004695553332567215
-0.004702775739133358
-0.004709985107183456
-0.004717161878943443
-0.004724287427961826
-0.0047313435934484
-0.004738312680274248
-0.004745177458971739
-0.004751922562718391
-0.004758531227707863
-0.004764989484101534
-0.004771282430738211
-0.004777397494763136
-0.004783323500305414
-0.004789050202816725
-0.004794568754732609
-0.004799870774149895
-0.004804951138794422
-0.004809803795069456
-0.004814426880329847
-0.004818818531930447
-0.004822980146855116
-0.004826913587749004
-0.004830623976886272
-0.004834116902202368
-0.004837400279939175
-0.004840484354645014
-0.004843379370868206
-0.004846098367124796
-0.004848653916269541
-0.004851062316447496
-0.004853338934481144
-0.004855499602854252
-0.004857561551034451
-0.004859540145844221
-0.004861453548073769
-0.004863317590206861
-0.004865147173404694
-0.004866957198828459
-0.00486875930801034
-0.004870565608143806
-0.004872384946793318
-0.004874224308878183
-0.004876088351011276
-0.004877978935837746
-0.004879896994680166
-0.00488183880224824
-0.004883798770606518
-0.004885768052190542
-0.00488773500546813
-0.004889686591923237
-0.004891606979072094
-0.004893478006124496
-0.004895278252661228
-0.004896985832601786
-0.004898576065897942
-0.004900022875517607
-0.004901299718767405
-0.004902377724647522
-0.004903228953480721
-0.004903824999928474
-0.004904135130345821
-0.004904130939394236
-0.004903784487396479
-0.004903068765997887
-0.004901959095150232
-0.004900429863482714
-0.004898460581898689
-0.004896031226962805
-0.004893125034868717
-0.004889728967100382
-0.004885831382125616
-0.00488142529502511
-0.004876506049185991
-0.004871073178946972
-0.004865129478275776
-0.004858681466430426
-0.004851738922297955
-0.004844315815716982
-0.004836428910493851
-0.004828097298741341
-0.004819344729185104
-0.004810196813195944
-0.004800683353096247
-0.004790835548192263
-0.004780685529112816
-0.004770268686115742
-0.004759620875120163
-0.004748780280351639
-0.004737786017358303
-0.004726678133010864
-0.004715497139841318
-0.004704284016042948
-0.004693078342825174
-0.004681921564042568
-0.004670852795243263
-0.004659912083297968
-0.004649136681109667
-0.004638563841581345
-0.004628229420632124
-0.004618167877197266
-0.004608412273228168
-0.00459899241104722
-0.004589936695992947
-0.00458127073943615
-0.004573019221425056
-0.004565201699733734
-0.00455783773213625
-0.004550941754132509
-0.004544526804238558
-0.004538602195680141
-0.004533173982053995
-0.004528244957327843
-0.004523815121501684
-0.004519879817962646
-0.004516432993113995
-0.004513463005423546
-0.004510956350713968
-0.004508895799517632
-0.004507261794060469
-0.004506032448261976
-0.00450518075376749
-0.004504678770899773
-0.004504496231675148
-0.00450459960848093
-0.004504954908043146
-0.004505526274442673
-0.004506275989115238
-0.004507165867835283
-0.004508156795054674
-0.00450920918956399
-0.004510285332798958
-0.004511345643550158
-0.004512353800237179
-0.00451327208429575
-0.004514066036790609
-0.004514703061431646
-0.004515151493251324
-0.004515383392572403
-0.004515374545007944
-0.004515100736171007
-0.0045145433396101
-0.004513686522841454
-0.004512517713010311
-0.004511028993874788
-0.004509215708822012
-0.004507078789174557
-0.004504621494561434
-0.004501852206885815
-0.004498782567679882
-0.004495427943766117
-0.004491808358579874
-0.004487947095185518
-0.004483872093260288
-0.004479612689465284
-0.004475202411413193
-0.004470677580684423
-0.004466074518859386
-0.004461433738470078
-0.004456794355064631
-0.004452197346836329
-0.004447683226317167
-0.004443292506039143
-0.004439061973243952
-0.004435028880834579
-0.004431226756423712
-0.004427684936672449
-0.004424430895596743
-0.004421485122293234
-0.004418864846229553
-0.004416581243276596
-0.004414640367031097
-0.004413041286170483
-0.004411777481436729
-0.004410835914313793
-0.004410197958350182
-0.004409838933497667
-0.004409728106111288
-0.004409830551594496
-0.004410107620060444
-0.004410517401993275
-0.004411014262586832
-0.00441155256703496
-0.004412085749208927
-0.004412567242980003
-0.004412953741848469
-0.004413202404975891
-0.004413275979459286
-0.004413140006363392
-0.004412767477333546
-0.004412135574966669
-0.004411230329424143
-0.004410043358802795
-0.004408573731780052
-0.004406827967613935
-0.004404819570481777
-0.004402569029480219
-0.004400103352963924
-0.004397454671561718
-0.00439465930685401
-0.00439175870269537
-0.004388795699924231
-0.004385815002024174
-0.004382861778140068
-0.004379979334771633
-0.004377210047096014
-0.00437459209933877
-0.004372159484773874
-0.00436994107440114
-0.00436796061694622
-0.004366234876215458
-0.004364774096757174
-0.004363580606877804
-0.004362651146948338
-0.004361974075436592
-0.004361532162874937
-0.004361303523182869
-0.004361259285360575
-0.004361366387456656
-0.004361590370535851
-0.004361892584711313
-0.004362232517451048
-0.004362571984529495
-0.004362871404737234
-0.004363094922155142
-0.004363208543509245
-0.004363181535154581
-0.004362990148365498
-0.004362613428384066
-0.004362036939710379
-0.004361250903457403
-0.004360252059996128
-0.004359042271971703
-0.004357629455626011
-0.004356025252491236
-0.004354248289018869
-0.004352318588644266
-0.004350261297076941
-0.004348101560026407
-0.004345868248492479
-0.00434359023347497
-0.004341295454651117
-0.004339013248682022
-0.004336768761277199
-0.004334586672484875
-0.004332488868385553
-0.004330493044108152
-0.004328614100813866
-0.004326861817389727
-0.004325242713093758
-0.004323760513216257
-0.004322412423789501
-0.004321195185184479
-0.00432010181248188
-0.004319120664149523
-0.004318239632993937
-0.004317443817853928
-0.004316717386245728
-0.004316043574362993
-0.004315407015383244
-0.004314790479838848
-0.004314178600907326
-0.00431355694308877
-0.004312912467867136
-0.004312233999371529
-0.004311511293053627
-0.004310738760977983
-0.004309911280870438
-0.004309026524424553
-0.004308083560317755
-0.00430708471685648
-0.004306033719331026
-0.004304935224354267
-0.004303795751184225
-0.004302623681724072
-0.004301426466554403
-0.004300212021917105
-0.004298987798392773
-0.004297761246562004
-0.004296538885682821
-0.004295326303690672
-0.00429412629455328
-0.004292943049222231
-0.004291777964681387
-0.004290631506592035
-0.004289501812309027
-0.004288387484848499
-0.004287284798920155
-0.004286190029233694
-0.004285098984837532
-0.00428400794044137
-0.004282910842448473
-0.004281803034245968
-0.004280680790543556
-0.004279539454728365
-0.004278375767171383
-0.004277186002582312
-0.004275968298316002
-0.004274721257388592
-0.004273443948477507
-0.004272135905921459
-0.004270798526704311
-0.00426943227648735
-0.004268037155270576
-0.004266614560037851
-0.00426516542211175
-0.004263691138476133
-0.004262191709131002
-0.00426066666841507
-0.004259115550667048
-0.004257536493241787
-0.004255926236510277
-0.004254280589520931
-0.004252596758306026
-0.00425086822360754
-0.004249089397490025
-0.00424725329503417
-0.004245353396981955
-0.004243381787091494
-0.004241331946104765
-0.004239196889102459
-0.004236970096826553
-0.004234645050019026
-0.004232216626405716
-0.004229681566357613
-0.004227037075906992
-0.00422428036108613
-0.004221410490572453
-0.004218427930027246
-0.004215333610773087
-0.004212130326777697
-0.004208821337670088
-0.004205409437417984
-0.004201899282634258
-0.004198295995593071
-0.004194603301584721
-0.00419082585722208
-0.00418696878477931
-0.004183034878224134
-0.004179028328508139
-0.004174952395260334
-0.00417080894112587
-0.00416660076007247
-0.004162329249083996
-0.004157996270805597
-0.004153601359575987
-0.004149144981056452
-0.004144628066569567
-0.004140051081776619
-0.004135414958000183
-0.004130719695240259
-0.004125967156141996
-0.004121158272027969
-0.004116295836865902
-0.004111381713300943
-0.004106421489268541
-0.004101416561752558
-0.004096371587365866
-0.004091290757060051
-0.004086177796125412
-0.004081037826836109
-0.004075875505805016
-0.004070694092661142
-0.004065496381372213
-0.004060285165905952
-0.004055062308907509
-0.004049827344715595
-0.004044579807668924
-0.004039316903799772
-0.004034035373479128
-0.004028731025755405
-0.00402339780703187
-0.004018028732389212
-0.004012616816908121
-0.004007153213024139
-0.004001629073172808
-0.003996036481112242
-0.003990366123616695
-0.003984610550105572
-0.003978762775659561
-0.003972816746681929
-0.003966766409575939
-0.003960608970373869
-0.003954341635107994
-0.003947963938117027
-0.00394147727638483
-0.003934883512556553
-0.003928188234567642
-0.003921396564692259
-0.003914515953511
-0.003907555714249611
-0.003900526091456413
-0.003893438261002302
-0.003886304562911391
-0.003879138035699725
-0.003871952416375279
-0.003864760044962168
-0.003857575356960297
-0.003850411856546998
-0.003843283746391535
-0.003836203832179308
-0.003829185385257006
-0.003822240512818098
-0.00381538039073348
-0.003808615263551474
-0.003801954677328467
-0.003795407246798277
-0.003788980655372143
-0.003782680723816156
-0.003776512108743191
-0.003770477138459682
-0.003764578141272068
-0.00375881465151906
-0.003753185272216797
-0.003747685579583049
-0.003742310218513012
-0.003737051971256733
-0.003731902223080397
-0.003726850496605039
-0.003721884451806545
-0.003716991981491446
-0.003712158650159836
-0.00370737025514245
-0.003702610963955522
-0.003697866108268499
-0.003693120321258903
-0.003688358934596181
-0.003683567512780428
-0.003678733482956886
-0.003673845669254661
-0.00366889382712543
-0.003663869807496667
-0.003658767323940992
-0.003653581719845533
-0.003648311132565141
-0.003642955562099814
-0.003637516405433416
-0.003631998086348176
-0.003626406425610185
-0.003620748640969396
-0.003615033579990268
-0.003609271487221122
-0.003603473072871566
-0.003597649978473783
-0.003591814311221242
-0.003585978178307414
-0.003580152988433838
-0.003574350383132696
-0.00356858060695231
-0.003562852973118424
-0.003557176562026143
-0.003551558125764132
-0.00354600278660655
-0.003540515666827559
-0.003535099094733596
-0.003529754467308521
-0.003524481551721692
-0.003519278485327959
-0.003514142008498311
-0.003509068628773093
-0.003504052991047502
-0.003499088576063514
-0.003494169330224395
-0.003489288268610835
-0.003484437242150307
-0.003479609498754144
-0.003474797122180462
-0.003469992894679308
-0.003465190064162016
-0.003460382111370564
-0.003455563215538859
-0.003450728254392743
-0.003445873269811273
-0.003440994303673506
-0.00343608926050365
-0.003431156510487199
-0.003426196286454797
-0.003421208821237087
-0.003416195278987288
-0.003411158453673124
-0.003406101372092962
-0.003401027526706457
-0.003395941108465195
-0.003390847006812692
-0.003385749878361821
-0.003380654845386744
-0.003375566797330976
-0.003370489925146103
-0.003365429118275642
-0.003360388102009892
-0.003355370135977864
-0.003350377082824707
-0.003345411969348788
-0.003340475726872683
-0.003335569053888321
-0.003330692183226347
-0.003325844882056117
-0.003321025986224413
-0.003316234797239304
-0.003311469219624996
-0.003306727157905698
-0.003302006516605616
-0.003297304501757026
-0.003292618552222848
-0.00328794470988214
-0.003283280180767179
-0.003278622403740883
-0.003273968352004886
-0.00326931569725275
-0.003264662344008684
-0.003260005731135607
-0.0032553446944803
-0.003250677837058902
-0.003246004693210125
-0.003241324564442039
-0.003236636985093355
-0.003231942420825362
-0.003227241337299347
-0.003222534665837884
-0.003217822639271617
-0.003213106654584408
-0.003208388574421406
-0.003203669330105186
-0.003198950551450253
-0.003194233402609825
-0.003189519979059696
-0.003184811677783728
-0.003180110594257712
-0.003175417892634869
-0.003170735202729702
-0.003166063455864787
-0.003161403350532055
-0.003156754886731505
-0.00315211876295507
-0.00314749451354146
-0.003142882138490677
-0.003138279309496284
-0.003133685095235705
-0.003129098331555724
-0.003124516224488616
-0.003119937144219875
-0.003115358995273709
-0.003110779449343681
-0.003106197342276573
-0.003101610811427236
-0.00309701869264245
-0.003092420054599643
-0.003087814664468169
-0.003083202987909317
-0.003078586189076304
-0.003073964500799775
-0.003069339785724878
-0.003064714372158051
-0.003060090821236372
-0.003055471461266279
-0.003050858620554209
-0.003046256955713034
-0.003041669493541121
-0.003037100424990058
-0.003032553242519498
-0.003028032369911671
-0.003023541765287519
-0.00301908515393734
-0.003014666959643364
-0.003010290209203959
-0.003005958627909422
-0.003001675708219409
-0.002997444476932287
-0.002993267495185137
-0.002989147556945682
-0.002985086990520358
-0.002981088357046247
-0.00297715375199914
-0.002973285270854831
-0.002969485009089112
-0.002965755295008421
-0.002962098456919193
-0.002958517288789153
-0.002955013420432806
-0.002951589412987232
-0.002948247129097581
-0.002944988897070289
-0.002941816812381148
-0.002938732737675309
-0.002935737837105989
-0.002932833041995764
-0.002930019283667207
-0.002927296794950962
-0.002924666041508317
-0.002922126092016697
-0.002919675782322884
-0.002917313482612371
-0.00291503663174808
-0.002912842202931643
-0.002910726703703403
-0.002908686175942421
-0.002906715730205178
-0.002904810011386871
-0.002902963198721409
-0.002901169005781412
-0.00289942161180079
-0.002897714031860232
-0.002896039746701717
-0.002894392469897866
-0.0028927659150213
-0.002891154261305928
-0.00288955238647759
-0.002887954702600837
-0.002886356320232153
-0.00288475351408124
-0.002883142791688442
-0.002881520893424749
-0.002879885956645012
-0.002878236118704081
-0.002876569051295519
-0.002874884055927396
-0.002873180666938424
-0.00287145865149796
-0.002869717078283429
-0.002867956645786762
-0.00286617805249989
-0.00286438106559217
-0.002862565917894244
-0.002860733773559332
-0.002858884399756789
-0.002857018494978547
-0.002855136524885893
-0.002853239187970757
-0.002851326251402497
-0.002849398413673043
-0.002847455907613039
-0.002845498733222485
-0.002843526657670736
-0.002841539680957794
-0.002839537570253015
-0.002837520092725754
-0.002835487015545368
-0.002833438804373145
-0.002831375226378441
-0.002829296281561255
-0.002827201737090945
-0.002825092291459441
-0.002822969108819962
-0.002820832189172506
-0.002818683162331581
-0.002816523425281048
-0.002814354840666056
-0.002812179736793041
-0.002810000209137797
-0.002807819284498692
-0.002805639756843448
-0.002803463954478502
-0.002801295835524797
-0.002799138426780701
-0.002796995220705867
-0.002794869709759951
-0.002792765386402607
-0.002790685277432203
-0.002788632642477751
-0.002786609111353755
-0.00278461747802794
-0.002782658906653523
-0.002780734328553081
-0.002778843510895967
-0.002776986919343472
-0.0027751624584198
-0.002773367799818516
-0.00277160108089447
-0.002769858576357365
-0.00276813586242497
-0.002766428282484412
-0.002764730947092175
-0.002763038035482168
-0.002761344658210874
-0.002759644296020269
-0.002757932059466839
-0.002756201894953847
-0.002754449145868421
-0.002752669155597687
-0.002750858431681991
-0.002749014645814896
-0.002747136168181896
-0.002745221834629774
-0.002743272110819817
-0.002741289092227817
-0.00273927440866828
-0.002737231785431504
-0.002735165180638433
-0.002733079716563225
-0.002730981213971972
-0.002728875493630767
-0.002726769307628274
-0.002724668942391872
-0.002722581150010228
-0.002720511751249433
-0.002718466799706221
-0.002716450719162822
-0.002714467933401465
-0.002712520770728588
-0.002710611326619983
-0.002708740532398224
-0.002706907922402024
-0.002705111866816878
-0.002703349106013775
-0.002701616380363703
-0.002699908334761858
-0.00269821984693408
-0.002696544397622347
-0.00269487570039928
-0.0026932074688375
-0.002691533882170916
-0.00268984935246408
-0.002688148291781545
-0.002686426276341081
-0.002684679813683033
-0.002682906342670321
-0.002681104466319084
-0.002679273253306746
-0.002677414333447814
-0.002675528638064861
-0.002673619193956256
-0.002671689493581653
-0.002669744426384568
-0.002667788416147232
-0.002665827050805092
-0.002663865452632308
-0.002661909209564328
-0.002659963211044669
-0.002658032346516848
-0.002656121039763093
-0.002654232550412416
-0.002652369206771255
-0.002650532638654113
-0.002648723544552922
-0.002646940993145108
-0.002645183587446809
-0.002643448999151587
-0.002641734201461077
-0.002640035003423691
-0.002638347679749131
-0.002636667573824525
-0.002634990494698286
-0.002633312018588185
-0.002631628187373281
-0.002629934810101986
-0.00262822862714529
-0.002626507310196757
-0.002624769462272525
-0.002623014617711306
-0.002621242543682456
-0.002619454171508551
-0.002617650432512164
-0.002615833887830377
-0.002614006865769625
-0.002612172858789563
-0.00261033489368856
-0.002608496695756912
-0.002606661524623632
-0.002604833571240306
-0.002603015396744013
-0.00260120932944119
-0.002599417930468917
-0.002597642131149769
-0.002595882629975677
-0.002594140591099858
-0.002592414850369096
-0.002590704476460814
-0.002589007839560509
-0.002587322378531098
-0.002585645765066147
-0.002583974506705999
-0.002582306275144219
-0.002580637577921152
-0.002578966086730361
-0.002577289240434766
-0.002575604943558574
-0.002573912031948566
-0.002572209574282169
-0.002570497337728739
-0.002568776020780206
-0.002567046554759145
-0.002565310336649418
-0.002563568996265531
-0.002561824629083276
-0.002560080029070377
-0.002558337058871984
-0.002556597581133246
-0.002554862992838025
-0.002553134690970182
-0.002551414538174868
-0.002549702767282724
-0.002548000542446971
-0.002546307863667607
-0.002544624032452703
-0.002542948815971613
-0.002541281282901764
-0.002539620269089937
-0.002537964144721627
-0.002536311978474259
-0.002534662140533328
-0.002533013466745615
-0.002531363861635327
-0.002529712626710534
-0.002528058597818017
-0.002526401309296489
-0.002524740062654018
-0.002523075323551893
-0.002521407324820757
-0.002519736299291253
-0.002518063178285956
-0.002516388893127441
-0.00251471484079957
-0.002513041952624917
-0.002511371392756701
-0.002509703626856208
-0.002508040051907301
-0.002506381133571267
-0.002504727337509394
-0.002503079362213612
-0.002501436742022634
-0.002499799011275172
-0.002498166169971228
-0.002496537752449512
-0.002494913293048739
-0.00249329162761569
-0.00249167182482779
-0.002490053186193109
-0.002488435013219714
-0.002486817073076963
-0.002485198900103569
-0.0024835797958076
-0.0024819599930197
-0.002480339957401156
-0.002478719688951969
-0.002477099653333426
-0.002475479850545526
-0.002473860746249557
-0.002472242573276162
-0.002470625098794699
-0.002469009486958385
-0.002467396203428507
-0.002465785481035709
-0.002464177319779992
-0.002462572418153286
-0.002460970776155591
-0.002459372626617551
-0.002457777969539165
-0.002456186572089791
-0.002454597735777497
-0.00245301122777164
-0.002451426582410932
-0.002449843799695373
-0.002448262413963675
-0.002446681959554553
-0.002445102203637362
-0.002443522913381457
-0.002441943855956197
-0.00244036503136158
-0.00243878667242825
-0.002437208779156208
-0.00243563181720674
-0.002434055553749204
-0.002432480920106173
-0.002430907683447003
-0.002429336542263627
-0.002427767496556044
-0.00242620101198554
-0.002424637088552117
-0.002423075493425131
-0.002421516226604581
-0.002419959288090467
-0.002418404445052147
-0.002416851697489619
-0.002415301045402884
-0.002413752023130655
-0.002412204630672932
-0.002410658868029714
-0.002409114269539714
-0.002407570835202932
-0.002406028332188725
-0.002404486993327737
-0.002402946352958679
-0.002401406411081553
-0.002399868099018931
-0.002398330718278885
-0.0023967947345227
-0.002395260380581021
-0.002393727889284492
-0.002392197027802467
-0.002390668028965592
-0.00238914112560451
-0.002387616317719221
-0.002386093372479081
-0.002384572057053447
-0.002383052371442318
-0.002381534315645695
-0.002380017656832933
-0.00237850216217339
-0.002376987598836422
-0.002375474199652672
-0.00237396196462214
-0.002372450893744826
-0.002370941452682018
-0.002369433408603072
-0.002367926761507988
-0.002366421977058053
-0.002364918822422624
-0.0023634172976017
-0.002361917635425925
-0.0023604198358953
-0.00235892366617918
-0.002357429126277566
-0.002355935983359814
-0.00235444400459528
-0.002352953888475895
-0.002351464936509728
-0.002349977381527424
-0.002348490990698338
-0.002347006229683757
-0.002345522865653038
-0.002344040898606181
-0.00234256056137383
-0.002341081853955984
-0.002339604776352644
-0.002338129561394453
-0.002336655976250768
-0.002335183788090944
-0.002333713229745626
-0.002332244068384171
-0.002330776071175933
-0.002329309238120914
-0.002327843569219112
-0.002326379297301173
-0.002324915956705809
-0.002323453780263662
-0.002321992767974734
-0.002320532919839025
-0.002319074468687177
-0.002317617181688547
-0.002316161524504423
-0.002314707497134805
-0.002313255099579692
-0.002311804099008441
-0.002310354262590408
-0.002308906055986881
-0.00230745947919786
-0.0023060142993927
-0.002304570516571403
-0.002303127897903323
-0.002301686676219106
-0.002300247317180037
-0.002298809355124831
-0.002297372790053487
-0.002295937621966004
-0.00229450361803174
-0.002293071243911982
-0.002291640499606729
-0.002290210919454694
-0.002288782736286521
-0.002287355484440923
-0.002285929629579186
-0.002284505404531956
-0.002283082809299231
-0.002281661378219724
-0.002280241576954722
-0.002278823172673583
-0.002277405699715018
-0.002275990322232246
-0.002274576108902693
-0.002273162826895714
-0.00227175117470324
-0.002270340686663985
-0.002268931828439236
-0.002267524134367704
-0.002266117371618748
-0.002264712005853653
-0.002263307571411133
-0.002261904533952475
-0.002260502660647035
-0.002259102184325457
-0.002257703104987741
-0.00225630565546453
-0.002254909602925181
-0.002253515180200338
-0.002252122387290001
-0.002250730525702238
-0.002249340526759624
-0.002247951691970229
-0.002246564719825983
-0.002245179610326886
-0.002243795897811651
-0.002242413116618991
-0.002241031499579549
-0.002239650813862681
-0.002238271525129676
-0.002236892934888601
-0.002235515043139458
-0.002234138315543532
-0.002232762519270182
-0.002231387654319406
-0.002230014186352491
-0.002228642348200083
-0.002227271674200892
-0.00222590216435492
-0.002224534284323454
-0.002223167335614562
-0.002221801551058888
-0.002220437163487077
-0.002219073940068483
-0.002217712346464396
-0.00221635214984417
-0.002214993117377162
-0.002213635249063373
-0.002212278544902802
-0.002210923237726092
-0.002209569327533245
-0.00220821681432426
-0.002206865465268493
-0.002205515513196588
-0.002204167190939188
-0.00220282026566565
-0.002201474737375975
-0.002200130606070161
-0.002198787871748209
-0.002197446301579475
-0.00219610589556396
-0.002194766653701663
-0.002193428343161941
-0.002192091196775436
-0.00219075521454215
-0.002189420163631439
-0.002188086044043303
-0.002186753554269671
-0.002185422461479902
-0.002184092765673995
-0.002182764234021306
-0.002181437565013766
-0.002180111827328801
-0.002178787719458342
-0.002177464542910457
-0.002176142763346434
-0.002174821682274342
-0.002173501765355468
-0.002172183012589812
-0.002170865191146731
-0.002169548068195581
-0.002168231410905719
-0.002166916150599718
-0.002165601588785648
-0.002164287958294153
-0.002162975259125233
-0.00216166372410953
-0.002160353353247046
-0.002159044146537781
-0.002157736336812377
-0.002156430156901479
-0.002155125373974442
-0.002153822220861912
-0.00215252093039453
-0.002151221036911011
-0.002149922540411353
-0.002148625440895557
-0.002147329738363624
-0.002146035199984908
-0.002144742291420698
-0.002143450547009706
-0.002142159501090646
-0.002140869852155447
-0.002139581134542823
-0.00213829311542213
-0.002137006260454655
-0.002135720569640398
-0.002134435810148716
-0.002133151981979609
-0.002131868852302432
-0.002130586886778474
-0.00212930585257709
-0.002128026215359569
-0.002126747742295265
-0.002125470666214824
-0.002124194987118244
-0.002122920472174883
-0.00212164712138474
-0.002120375167578459
-0.002119104377925396
-0.002117834752425551
-0.002116566058248281
-0.002115298761054873
-0.002114033093675971
-0.002112768357619643
-0.002111504785716534
-0.002110242145135999
-0.002108980203047395
-0.002107719192281365
-0.002106459112837911
-0.002105199964717031
-0.002103941515088081
-0.00210268353112042
-0.00210142694413662
-0.002100171055644751
-0.0020989163313061
-0.002097662538290024
-0.002096409909427166
-0.002095158444717526
-0.002093908144161105
-0.002092659473419189
-0.002091411733999848
-0.002090165391564369
-0.002088920678943396
-0.002087677363306284
-0.002086434978991747
-0.002085193991661072
-0.002083953935652971
-0.002082714810967445
-0.002081476850435138
-0.002080240286886692
-0.002079005120322108
-0.002077770419418812
-0.002076537348330021
-0.002075305208563805
-0.002074074000120163
-0.002072844421491027
-0.002071616007015109
-0.002070388989523053
-0.002069163136184216
-0.002067938446998596
-0.002066714689135551
-0.002065492095425725
-0.002064270200207829
-0.002063049236312509
-0.002061829203739762
-0.002060609869658947
-0.002059391466900706
-0.002058174228295684
-0.002056957921013236
-0.002055742777884007
-0.002054528798907995
-0.002053315984085202
-0.002052104100584984
-0.00205089314840734
-0.002049682894721627
-0.002048473805189133
-0.002047265646979213
-0.00204605795443058
-0.002044851426035166
-0.002043645596131682
-0.002042440231889486
-0.002041235798969865
-0.002040032530203462
-0.002038830425590277
-0.002037629019469023
-0.002036428544670343
-0.002035229466855526
-0.00203403178602457
-0.002032835269346833
-0.002031640382483602
-0.002030447125434875
-0.002029255265370011
-0.002028065035119653
-0.002026875969022512
-0.002025687834247947
-0.002024501096457243
-0.00202331505715847
-0.002022129716351628
-0.002020945306867361
-0.002019761130213737
-0.002018577652052045
-0.002017394872382283
-0.002016212325543165
-0.002015030477195978
-0.002013849560171366
-0.002012669341638684
-0.002011490520089865
-0.00201031262986362
-0.002009135670959949
-0.002007960109040141
-0.002006785944104195
-0.002005612943321466
-0.002004441106691957
-0.002003270667046309
-0.002002100693061948
-0.002000932116061449
-0.001999764470383525
-0.001998597756028175
-0.001997432205826044
-0.0019962671212852
-0.001995102968066931
-0.00199393997900188
-0.001992778154090047
-0.001991617493331432
-0.00199045822955668
-0.001989300362765789
-0.001988143660128117
-0.00198698858730495
-0.001985834678635001
-0.001984681701287627
-0.001983529888093472
-0.00198237900622189
-0.00198122882284224
-0.001980079570785165
-0.001978931250050664
-0.001977783162146807
-0.001976635307073593
-0.001975488383322954
-0.001974342158064246
-0.001973196631297469
-0.001972051803022623
-0.001970907906070352
-0.001969764940440655
-0.001968623138964176
-0.001967482268810272
-0.001966342562809587
-0.001965204253792763
-0.001964067108929157
-0.00196293112821877
-0.001961796311661601
-0.001960662892088294
-0.001959530403837562
-0.001958398381248116
-0.001957267289981246
-0.00195613713003695
-0.001955007901415229
-0.001953879138454795
-0.001952751190401614
-0.001951623940840364
-0.001950497389771044
-0.001949371537193656
-0.001948246732354164
-0.001947122858837247
-0.001945999800227582
-0.001944877789355814
-0.001943756593391299
-0.00194263644516468
-0.001941517344675958
-0.001940399408340454
-0.001939282636158168
-0.001938167028129101
-0.001937052700668573
-0.001935939537361264
-0.00193482730537653
-0.001933715655468404
-0.001932605169713497
-0.001931495615281165
-0.001930386875756085
-0.001929278834722936
-0.00192817160859704
-0.001927065430209041
-0.001925960183143616
-0.001924855750985444
-0.001923752017319202
-0.001922649214975536
-0.0019215471111238
-0.001920445589348674
-0.0019193448824808
-0.001918244757689536
-0.001917145447805524
-0.001916046952828765
