0
0
0
0
0
0
0
0
0
0
0
0
0
0
0
0
0
0
0
0
0
0
0
0
0
0
0
0
0
0
0
0
0
0
0
0
0
0
0
0
0
0
0
0
0
0
0
0
0
0
0
0
0
0
0
0
0
0
0
0
0
0
0
0
0
0
0
0
0
0
0
0
0
0
0
0
0
0
0
0
0
0
0
0
0
0
0
0
0
0
0
0
0
0
0
0
0
0
0
0
0
0
0
0
0
0
0
0
0
0
0
0
0
0
0
0
0
0
0
0
0
0
0
0
0
0
0
0
0
0
0
0
0
0
0
0
0
0
0
0
0
0
0
0
0
0
0
0
0
0
0
0
0
0
0
0
0
0
0
0
0
0
0
0
0
0
0
0
0
0
0
0
0
0
0
0
0
0
0
0
0
0
0
0
0
0
0
0
0
0
0
0
0
0
0
0
0
0
0
0
0
0
0
0
0
0
0
0
0
0
0
0
0
0
0
0
0
0
0
0
0
0
0
0
0
0
0
0
0
0
0
0
0
0
0
0
0
0
0
0
0
0
0
0
0
0
0
0
0
0
0
0
0
0
0
0
0
0
0
0
0
0
0
0
0
0
0
0
0
0
0
0
0
0
0
0
0
0
0
0
0
0
0
0
0
0
0
0
0
0
0
0
0
0
0
0
0
0
0
0
0
0
0
0
0
0
0
0
0
0
0
0
0
0
0
0
0
0
0
0
0
0
0
0
0
0
0
0
0
0
0
0
0
0
0
0
0
0
0
0
0
0
0
0
0
0
0
0
0
0
0
0
0
0
0
0
0
0
0
0
0
0
0
0
0
0
0
0
0
0
0
0
0
0
0
0
0
0
0
0
0
0
0
0
0
0
0
0
0
0
0
0
0
0
0
0
0
0
0
0
0
0
0
0
0
0
0
0
0
0
0
0
0
0
0
0
0
0
0
0
0
0
0
0
0
0
0
0
0
0
0
0
0
0
0
0
0
0
0
0
0
0
0
0
0
0
0
0
0
0
0
0
0
0
0
0
0
0
0
0
0
0
0
0
0
0
0
0
0
0
0
0
0
0
0
0
0
0
0
0
0
0
0
0
0
0
0
0
0
0
0
0
0
0
0
0
0
0
0
0
0
0
0
0
0
0
0
0
0
0
0
0
0
0
0
0
0
0
0
0
0
0
0
0
0
0
0
0
0
0
0
0
0
0
0
0
0
0
0
0
0
0
0
0
0
0
0
0
0
0
0
0
0
0
0
0
0
0
0
0
0
0
0
0
0
0
0
0
0
0
0
0
0
0
0
0
0
0
0
0
0
0
0
0
0
0
0
0
0
0
0
0
0
0
0
0
0
0
0
0
0
0
0
0
0
0
0
0
0
0
0
0
0
0
0
0
0
0
0
0
0
0
0
0
0
0
0
0
0
0
0
0
0
0
0
0
0
0
0
0
0
0
0
0
0
0
0
0
0
0
0
0
0
0
0
0
0
0
0
0
0
0
0
0
0
0
0
0
0
0
0
0
0
0
0
0
0
0
0
0
0
0
0
0
0
0
0
0
0
0
0
0
0
0
0
0
0
0
0
0
0
0
0
0
0
0
0
0
0
0
0
0
0
0
0
0
0
0
0
0
0
0
0
0
0
0
0
0
0
0
0
0
0
0
0
0
0
0
0
0
0
0
0
0
0
0
0
0
0
0
0
0
0
0
0
0
0
0
0
0
0
0
0
0
0
0
0
0
0
0
0
0
0
0
0
0
0
0
0
0
0
0
0
0
0
0
0
0
0
0
0
0
0
0
0
0
0
0
0
0
0
0
0
0
0
0
0
0
0
0
0
0
0
0
0
0
0
0
0
0
0
0
0
0
0
0
0
0
0
0
0
0
0
0
0
0
0
0
0
0
0
0
0
0
0
0
0
0
0
0
0
0
0
0
0
0
0
0
0
0
0
0
0
0
0
0
0
0
0
0
0
0
0
0
0
0
0
0
0
0
0
0
0
0
0
0
0
0
0
0
0
0
0
0
0
0
0
0
0
0
0
0
0
0
0
0
0
0
0
0
0
0
0
0
0
0
0
0
0
0
0
0
0
0
0
0
0
0
0
0
0
0
0
0
0
0
0
0
0
0
0
0
0
0
0
0
0
0
0
0
0
0
0
0
0
0
0
0
0
0
0
0
0
0
0
0
0
0
0
0
0
0
0
0
0
0
0
0
0
0
0
0
0
0
0
0
0
0
0
0
0
0
0
0
0
0
0
0
0
0
0
0
0
0
0
0
0
0
0
0
0
0
0
0
0
0
0
0
0
0
0
0
0
0
0
0
0
0
0
0
0
0
0
0
0
0
0
0
0
0
0
0
0
0
0
0
0
0
0
0
0
0
0
0
0
0
0
0
0
0
0
0
0
0
0
0
0
0
0
0
0
0
0
0
0
0
0
0
0
0
0
0
0
0
0
0
0
0
0
0
0
0
0
0
0
0
0
0
0
0
0
0
0
0
0
0
0
0
0
0
0
0
0
0
0
0
0
0
0
0
0
0
0
0
0
0
0
0
0
0
0
0
0
0
0
0
0
0
0
0
0
0
0
0
0
0
0
0
0
0
0
0
0
0
0
0
0
0
0
0
0
0
0
0
0
0
0
0
0
0
0
0
0
0
0
0
0
0
0
0
0
0
0
0
0
0
0
0
0
0
0
0
0
0
0
0
0
0
0
0
0
0
0
0
0
0
0
0
0
0
0
0
0
0
0
0
0
0
0
0
0
0
0
0
0
0
0
0
0
0
0
0
0
0
0
0
0
0
0
0
0
0
0
0
0
0
0
0
0
0
0
0
0
0
0
0
0
0
0
0
0
0
0
0
0
0
0
0
0
0
0
0
0
0
0
0
0
0
0
0
0
0
0
0
0
0
0
0
0
0
0
0
0
0
0
0
0
0
0
0
0
0
0
0
0
0
0
0
0
0
0
0
0
0
0
0
0
0
0
0
0
0
0
0
0
0
0
0
0
0
0
0
0
0
0
0
0
0
0
0
0
0
0
0
0
0
0
0
0
0
0
0
0
0
0
0
0
0
0
0
0
0
0
0
0
0
0
0
0
0
0
0
0
0
0
0
0
0
0
0
0
0
0
0
0
0
0
0
0
0
0
0
0
0
0
0
0
0
0
0
0
0
0
0
0
0
0
0
0
0
0
0
0
0
0
0
0
0
0
0
0
0
0
0
0
0
0
0
0
0
0
0
0
0
0
0
0
0
0
0
0
0
0
0
0
0
0
0
0
0
0
0
0
0
0
0
0
0
0
0
0
0
0
0
0
0
0
0
0
0
0
0
0
0
0
0
0
0
0
0
0
0
0
0
0
0
0
0
0
0
0
0
0
0
0
0
0
0
0
0
0
0
0
0
0
0
0
0
0
0
0
0
0
0
0
0
0
0
0
0
0
0
0
0
0
0
0
0
0
0
0
0
0
0
0
0
0
0
0
0
0
0
0
0
0
0
0
0
0
0
0
0
0
0
0
0
0
0
0
0
0
0
0
0
0
0
0
0
0
0
0
0
0
0
0
0
0
0
0
0
0
0
0
0
0
0
0
0
0
0
0
0
0
0
0
0
0
0
0
0
0
0
0
0
0
0
0
0
0
0
0
0
0
0
0
0
0
0
0
0
0
0
0
0
0
0
0
0
0
0
0
0
0
0
0
0
0
0
0
0
0
0
0
0
0
0
0
0
0
0
0
0
0
0
0
0
0
0
0
0
0
0
0
0
0
0
0
0
0
0
0
0
0
0
0
0
0
0
0
0
0
0
0
0
0
0
0
0
0
0
0
0
0
0
0
0
0
0
0
0
0
0
0
0
0
0
0
0
0
0
0
0
0
0
0
0
0
0
0
0
0
0
0
0
0
0
0
0
0
0
0
0
0
0
0
0
0
0
0
0
0
0
0
0
0
0
0
0
0
0
0
0
0
0
0
0
0
0
0
0
0
0
0
0
0
0
0
0
0
0
0
0
0
0
0
0
0
0
0
0
0
0
0
0
0
0
0
0
0
0
0
0
0
0
0
0
0
0
0
0
0
0
0
0
0
0
0
0
0
0
0
0
0
0
0
0
0
0
0
0
0
0
0
0
0
0
0
0
0
0
0
0
0
0
0
0
0
0
0
0
0
0
0
0
0
0
0
0
0
0
0
0
0
0
0
0
0
0
0
0
0
0
0
0
0
0
0
0
0
0
0
0
0
0
0
0
0
0
0
0
0
0
0
0
0
0
0
0
0
0
0
0
0
0
0
0
0
0
0
0
0
0
0
0
0
0
0
0
0
0
0
0
0
0
0
0
0
0
0
0
0
0
0
0
0
0
0
0
0
0
0
0
0
0
0
0
0
0
0
0
0
0
0
0
0
0
0
0
0
0
0
0
0
0
0
0
0
0
0
0
0
0
0
0
0
0
0
0
0
0
0
0
0
0
0
0
0
0
0
0
0
0
0
0
0
0
0
0
0
0
0
0
0
0
0
0
0
0
0
0
0
0
0
0
0
0
0
0
0
0
0
0
0
0
0
0
0
0
0
0
0
0
0
0
0
0
0
0
0
0
0
0
0
0
0
0
0
0
0
0
0
0
0
0
0
0
0
0
0
0
0
0
0
0
0
0
0
0
0
0
0
0
0
0
0
0
0
0
0
0
0
0
0
0
0
0
0
0
0
0
0
0
0
0
0
0
0
0
0
0
0
0
0
0
0
0
0
0
0
0
0
0
0
0
0
0
0
0
0
0
0
0
0
0
0
0
0
0
0
0
0
0
0
0
0
0
0
0
0
0
0
0
0
0
0
0
0
0
0
0
0
0
0
0
0
0
0
0
0
0
0
0
0
0
0
0
0
0
0
0
0
0
0
0
0
0
0
0
0
0
0
0
0
0
0
0
0
0
0
0
0
0
0
0
0
0
0
0
0
0
0
0
0
0
0
0
0
0
0
0
0
0
0
0
0
0
0
0
0
0
0
0
0
0
0
0
0
0
0
0
0
0
0
0
0
0
0
0
0
0
0
0
0
0
0
0
0
0
0
0
0
0
0
0
0
0
0
0
0
0
0
0
0
0
0
0
0
0
0
0
0
0
0
0
0
0
0
0
0
2.802596928649634e-45
1.961817850054744e-44
4.764414778704378e-44
1.008934894313868e-43
2.017869788627737e-43
3.811531822963502e-43
7.20267410662956e-43
1.329832242644251e-42
2.450871014104105e-42
4.492562876625364e-42
8.217214194800727e-42
1.499669616520419e-41
2.729729408504744e-41
4.959195265245528e-41
8.992832894804514e-41
1.627538101390059e-40
2.939573853537385e-40
5.298799948074647e-40
9.53264108923172e-40
1.711587983280261e-39
3.067155072221838e-39
5.485579020384502e-39
9.791727162300735e-39
1.74440359071782e-38
3.101605154188185e-38
5.504003292593445e-38
9.748197787324335e-38
1.723154412908676e-37
3.040038769846443e-37
5.352908565937314e-37
9.407130485210092e-37
1.649992575244726e-36
2.88845181748654e-36
5.046695928682038e-36
8.800533177381503e-36
1.531691667516592e-35
2.660694154915934e-35
4.612968718497272e-35
7.982313775403749e-35
1.378607376852397e-34
2.376383282630923e-34
4.088436392072111e-34
7.020426492757545e-34
1.203194967034911e-33
2.058142018457042e-33
3.513842447433692e-33
5.987663696583473e-33
1.018359996539324e-32
1.728680522951317e-32
2.928857904152171e-32
4.95281966929417e-32
8.359457546211648e-32
1.408236472362781e-31
2.367803207937607e-31
3.973641103519661e-31
6.655878470853072e-31
1.112746932573134e-30
1.856786990513677e-30
3.092453110403144e-30
5.140672647332412e-30
8.529295226967606e-30
1.412483039744675e-29
2.334697741727489e-29
3.851731393135995e-29
6.342487539183736e-29
1.042418489825584e-28
1.710030549467753e-28
2.799918397597622e-28
4.575799621500134e-28
7.463959314324718e-28
1.215213550363239e-27
1.974773838892829e-27
3.203051646144327e-27
5.185525545547812e-27
8.379232772194967e-27
1.351445996094318e-26
2.17558731863178e-26
3.495731406451566e-26
5.60639501036047e-26
8.974569765479336e-26
1.433931202866732e-25
2.286799049342212e-25
3.640097327819845e-25
5.783405043692684e-25
9.17149508540192e-25
1.451719621849013e-24
2.293568708504173e-24
3.616824304090208e-24
5.692852982281335e-24
8.943749167127577e-24
1.402479831335159e-23
2.195134053105016e-23
3.42936137072575e-23
5.347530935400919e-23
8.323029072916812e-23
1.292997549723007e-22
2.004944138031736e-22
3.103097335568478e-22
4.79376913394426e-22
7.391753404536695e-22
1.137644659924711e-21
1.747650880771985e-21
2.679733585412578e-21
4.10126245123378e-21
6.265165721982149e-21
9.552931179790188e-21
1.453884148572312e-20
2.208574497338571e-20
3.348755083802836e-20
5.068083914324116e-20
7.655846728627518e-20
1.154334292979901e-19
1.737236450677743e-19
2.60960723256425e-19
3.912732059943804e-19
5.855631201802431e-19
8.746934533477673e-19
1.304146705628787e-18
1.940820075087763e-18
2.882917788215486e-18
4.274321398518231e-18
6.325426569545545e-18
9.343293704820229e-18
1.377518846053644e-17
2.027132484258792e-17
2.977512384628733e-17
4.365274621797928e-17
6.387867869727274e-17
9.33010033948613e-17
1.360198593925458e-16
1.979263873082594e-16
2.87468397449549e-16
4.167361072332775e-16
6.029987846833962e-16
8.708744894997855e-16
1.255388695795901e-15
1.806275101888456e-15
2.594012989977877e-15
3.718283209000299e-15
5.319789154681212e-15
7.596742889425228e-15
1.082782121749433e-14
1.540404461701072e-14
2.187297753672695e-14
3.099987443393876e-14
4.385208491361307e-14
6.191534372874952e-14
8.725358895686833e-14
1.227282842410429e-13
1.722985767732207e-13
2.414313594965162e-13
3.376602654165534e-13
4.713457814158051e-13
6.567076526672877e-13
9.132219720014989e-13
1.267511052713277e-12
1.755890354990242e-12
2.427797546333821e-12
3.350394831361236e-12
4.614737845326511e-12
6.344022529525262e-12
8.704584796015435e-12
1.192054354531846e-11
1.629324973551061e-11
2.222705873522468e-11
3.026340289480345e-11
4.112576251769084e-11
5.57788294719419e-11
7.550626096586299e-11
1.020125303674568e-10
1.375560776395446e-10
1.851230418958849e-10
2.486534034229493e-10
3.33334443380906e-10
4.45981168661902e-10
5.955277937452763e-10
7.936614698778044e-10
1.055637688374134e-09
1.401326166217132e-09
1.85655113504879e-09
2.454801473206203e-09
3.239411183741936e-09
4.266328623714344e-09
5.607631248238931e-09
7.355966946676062e-09
9.630161557083738e-09
1.258227211309304e-08
1.640644242684175e-08
2.134999377290114e-08
2.772727647482043e-08
3.593692099457257e-08
4.648326523692958e-08
6.000293950592095e-08
7.729767048658687e-08
9.937478040455971e-08
1.274969179121399e-07
1.632430297604515e-07
2.085829606812695e-07
2.659683389083511e-07
3.384429589914362e-07
4.297768612104846e-07
5.446281647891738e-07
6.887382255627017e-07
8.691657740200753e-07
1.094567892323539e-06
1.375535475744982e-06
1.724991989249247e-06
2.158667030016659e-06
2.695656576179317e-06
3.359084303156123e-06
4.176875791017665e-06
5.182669156056363e-06
6.416872111003613e-06
7.927897058834787e-06
9.773589226824697e-06
1.202286694024224e-05
1.475762655900326e-05
1.80748993443558e-05
2.208932528446894e-05
2.693596070457716e-05
3.27734524034895e-05
3.978758104494773e-05
4.819528112420812e-05
5.824908657814376e-05
7.024203659966588e-05
8.451312896795571e-05
0.0001014532463159412
0.0001215116353705525
0.0001452029100619256
0.0001731145894154906
0.0002059150574496016
0.000244361930526793
0.0002893111086450517
0.0003417256230022758
0.0004026851092930883
0.000473395106382668
0.0005551963113248348
0.0006495735724456608
0.00075816415483132
0.0008827656856738031
0.001025342033244669
0.001188028953038156
0.001373136998154223
0.001583152683451772
0.001820736797526479
0.002088719746097922
0.002390093635767698
0.002727999584749341
0.003105710726231337
0.003526612184941769
0.003994173370301723
0.00451191421598196
0.005083369556814432
0.005712043028324842
0.00640135770663619
0.007154600229114294
0.007974858395755291
0.008864954113960266
0.009827369824051857
0.01086417958140373
0.01197696290910244
0.01316673029214144
0.01443384494632483
0.0157779473811388
0.0171978697180748
0.01869159564375877
0.02025617659091949
0.02188769727945328
0.02358124405145645
0.02533088624477386
0.02712967619299889
0.0289696641266346
0.03084196150302887
0.03273680061101913
0.03464361652731895
0.03655118495225906
0.03844774514436722
0.04032118618488312
0.04215922206640244
0.04394961893558502
0.04568039625883102
0.04734008759260178
0.0489179715514183
0.05040432140231133
0.05179062485694885
0.0530698262155056
0.05423654243350029
0.055287204682827
0.05622024461627007
0.05703617259860039
0.05773763358592987
0.05832940712571144
0.05881837010383606
0.05921339243650436
0.05952514708042145
0.05976591631770134
0.05994931235909462
0.06008994951844215
0.06020306795835495
0.0603041909635067
0.06040867418050766
0.06053130701184273
0.0606858916580677
0.06088485568761826
0.06113889068365097
0.06145663186907768
0.06184440851211548
0.06230605393648148
0.06284280866384506
0.06345327943563461
0.06413352489471436
0.06487716734409332
0.06567564606666565
0.06651856750249863
0.06739405542612076
0.06828917562961578
0.06919046491384506
0.07008439302444458
0.07095787674188614
0.07179879397153854
0.07259640842676163
0.07334178686141968
0.07402811944484711
0.07465092837810516
0.07520826160907745
0.07570068538188934
0.07613125443458557
0.07650528848171234
0.07683015614748001
0.07711485028266907
0.07736962288618088
0.0776054784655571
0.07783368974924088
0.07806524634361267
0.07831040024757385
0.07857821881771088
0.07887618243694305
0.07920988649129868
0.07958283275365829
0.07999634742736816
0.08044952899217606
0.08093946427106857
0.08146132528781891
0.08200877904891968
0.08257430046796799
0.08314961194992065
0.08372614532709122
0.08429549634456635
0.08484987914562225
0.08538249135017395
0.08588787913322449
0.08636215329170227
0.08680315315723419
0.08721050620079041
0.08758554607629776
0.08793124556541443
0.08825189620256424
0.08855285495519638
0.08884017914533615
0.08912027627229691
0.08939949423074722
0.08968371152877808
0.08997808396816254
0.0902867317199707
0.09061254560947418
0.09095706045627594
0.09132047742605209
0.09170166403055191
0.09209827333688736
0.09250702708959579
0.09292390942573547
0.09334450215101242
0.09376423805952072
0.09417874366044998
0.0945841446518898
0.0949772372841835
0.09535567462444305
0.09571810811758041
0.09606420248746872
0.09639459103345871
0.09671083092689514
0.09701519459486008
0.09731050580739975
0.09759990125894547
0.0978865921497345
0.09817364811897278
0.09846380352973938
0.09875925630331039
0.09906154125928879
0.09937149286270142
0.09968923777341843
0.1000141724944115
0.1003450751304626
0.1006802618503571
0.1010177582502365
0.1013553813099861
0.1016909927129745
0.102022647857666
0.1023486852645874
0.1026678755879402
0.1029794961214066
0.1032833233475685
0.1035796478390694
0.1038691997528076
0.1041530519723892
0.1044325828552246
0.1047092378139496
0.1049844771623611
0.1052596867084503
0.1055360063910484
0.1058142930269241
0.1060950607061386
0.106378510594368
0.1066644489765167
0.1069523990154266
0.107241652905941
0.1075313165783882
0.1078204587101936
0.1081081181764603
0.1083934530615807
0.1086757704615593
0.1089545488357544
0.1092295423150063
0.1095007359981537
0.1097683161497116
0.1100326851010323
0.1102943643927574
0.1105539873242378
0.1108121871948242
0.1110695824027061
0.1113267168402672
0.111583985388279
0.1118416264653206
0.1120997741818428
0.1123583689332008
0.1126171946525574
0.1128759682178497
0.1131343245506287
0.1133918464183807
0.1136481687426567
0.1139029487967491
0.1141559109091759
0.1144068762660027
0.1146557703614235
0.1149026304483414
0.1151475757360458
0.115390807390213
0.115632563829422
0.1158731132745743
0.1161127388477325
0.1163516491651535
0.1165900230407715
0.1168280094861984
0.1170656457543373
0.1173029392957687
0.1175398007035255
0.1177761256694794
0.1180117651820183
0.1182465702295303
0.1184803918004036
0.1187130957841873
0.1189445704221725
0.1191747561097145
0.1194036230444908
0.1196311935782433
0.119857519865036
0.1200826689600945
0.1203067451715469
0.1205298379063606
0.1207520365715027
0.1209734082221985
0.1211939677596092
0.1214137375354767
0.1216326951980591
0.1218507662415504
0.1220678687095642
0.1222838759422302
0.1224986761808395
0.1227120980620384
0.1229239851236343
0.1231341734528542
0.1233424916863441
0.1235487386584282
0.123752735555172
0.1239542365074158
0.1241529956459999
0.1243487372994423
0.1245411187410355
0.124729759991169
0.124914176762104
0.1250938326120377
0.1252680718898773
0.1254361718893051
0.1255973130464554
0.1257505267858505
0.1258947551250458
0.1260287910699844
0.1261513233184814
0.1262608915567398
0.1263558715581894
0.1264345496892929
0.1264949887990952
0.1265351474285126
0.1265528351068497
0.126545637845993
0.1265110373497009
0.126446321606636
0.1263486444950104
0.1262150406837463
0.1260423809289932
0.1258274912834167
0.1255671232938766
0.1252579689025879
0.1248967498540878
0.1244802698493004
0.1240053921937943
0.1234691813588142
0.1228689253330231
0.1222021877765656
0.1214669197797775
0.1206614971160889
0.1197847872972488
0.1188362836837769
0.1178161129355431
0.1167251169681549
0.1155649572610855
0.1143380776047707
0.1130478605628014
0.111698605120182
0.1102955266833305
0.1088447943329811
0.107353501021862
0.1058296337723732
0.1042820066213608
0.10272017121315
0.1011543124914169
0.09959515184164047
0.09805376082658768
0.09654140472412109
0.09506932646036148
0.09364856779575348
0.09228973090648651
0.09100276976823807
0.08979674428701401
0.08867961168289185
0.08765798807144165
0.08673697710037231
0.08591996878385544
0.08520853519439697
0.08460231870412827
0.08409892022609711
0.08369395136833191
0.08338103443384171
0.08315190672874451
0.08299656957387924
0.08290347456932068
0.08285978436470032
0.08285167813301086
0.08286463469266891
0.08288387209177017
0.08289468288421631
0.08288285881280899
0.08283504098653793
0.08273913711309433
0.08258461952209473
0.08236286044120789
0.08206731081008911
0.08169369399547577
0.08124010264873505
0.08070698380470276
0.08009708672761917
0.07941526919603348
0.07866827398538589
0.0778643786907196
0.07701303064823151
0.0761244148015976
0.07520897686481476
0.07427693158388138
0.07333777844905853
0.07239989936351776
0.07147011160850525
0.07055333256721497
0.06965232640504837
0.06876752525568008
0.06789696961641312
0.06703637540340424
0.06617921590805054
0.06531701982021332
0.06443972140550613
0.06353607773780823
0.06259412318468094
0.06160172447562218
0.0605471208691597
0.05941944196820259
0.05820918083190918
0.05690865963697433
0.05551237612962723
0.05401728674769402
0.05242295190691948
0.0507315956056118
0.04894803836941719
0.04707952588796616
0.04513548314571381
0.04312713071703911
0.04106709733605385
0.03896896913647652
0.036846823990345
0.03471476957201958
0.03258651867508888
0.03047502599656582
0.02839217334985733
0.02634854428470135
0.02435329183936119
0.0224140752106905
0.0205371119081974
0.01872726529836655
0.01698822341859341
0.01532268151640892
0.01373258326202631
0.01221933029592037
0.01078398711979389
0.009427445940673351
0.008150536566972733
0.006954074837267399
0.005838846787810326
0.004805524367839098
0.003854530164971948
0.002985846251249313
0.002198796020820737
0.001491816015914083
0.0008622337481938303
0.000306075788103044
-0.0001820757752284408
-0.0006091581308282912
-0.0009836289100348949
-0.001315377419814467
-0.001615548622794449
-0.001896283705718815
-0.002170386957004666
-0.002450931118801236
-0.002750826068222523
-0.003082364564761519
-0.003456776961684227
-0.003883815836161375
-0.004371389281004667
-0.004925266839563847
-0.005548873450607061
-0.00624317629262805
-0.007006675936281681
-0.007835499010980129
-0.008723583072423935
-0.00966294202953577
-0.01064401306211948
-0.01165603660047054
-0.01268747821450233
-0.01372646354138851
-0.01476119831204414
-0.0157803688198328
-0.01677349768579006
-0.01773126050829887
-0.01864572986960411
-0.01951056160032749
-0.02032112330198288
-0.02107454836368561
-0.02176973409950733
-0.02240730077028275
-0.02298947796225548
-0.02351998537778854
-0.02400383725762367
-0.02444716170430183
-0.02485697716474533
-0.02524095587432384
-0.02560717985033989
-0.02596389688551426
-0.02631925605237484
-0.02668106742203236
-0.02705656737089157
-0.02745218761265278
-0.02787335030734539
-0.02832429856061935
-0.02880796231329441
-0.02932585403323174
-0.02987803146243095
-0.03046309761703014
-0.0310782678425312
-0.03171948343515396
-0.03238159418106079
-0.03305857256054878
-0.03374376893043518
-0.03443022072315216
-0.0351109504699707
-0.03577926009893417
-0.03642905130982399
-0.03705507889389992
-0.03765316307544708
-0.03822039440274239
-0.03875521942973137
-0.03925748914480209
-0.03972844034433365
-0.04017059132456779
-0.04058757424354553
-0.04098396003246307
-0.04136495292186737
-0.0417361706495285
-0.04210331663489342
-0.04247190430760384
-0.04284700378775597
-0.0432329848408699
-0.04363333061337471
-0.04405052959918976
-0.04448595270514488
-0.04493986070156097
-0.04541142657399178
-0.04589883238077164
-0.04639941826462746
-0.04690984264016151
-0.04742630571126938
-0.04794474691152573
-0.04846110194921494
-0.04897148162126541
-0.0494723878800869
-0.04996088892221451
-0.05043473839759827
-0.05089244991540909
-0.05133336782455444
-0.05175764858722687
-0.05216623097658157
-0.05256073176860809
-0.05294333770871162
-0.05331665277481079
-0.05368354916572571
-0.05404698848724365
-0.05440985038876534
-0.05477478355169296
-0.05514406785368919
-0.05551948025822639
-0.05590226128697395
-0.05629302561283112
-0.05669176951050758
-0.05709792301058769
-0.0575103759765625
-0.05792760476469994
-0.05834775045514107
-0.05876877531409264
-0.05918857827782631
-0.05960513651371002
-0.06001662835478783
-0.06042151525616646
-0.06081865727901459
-0.06120733544230461
-0.06158730760216713
-0.06195876747369766
-0.06232233345508575
-0.0626789778470993
-0.063029944896698
-0.06337667256593704
-0.06372066587209702
-0.0640634149312973
-0.06440630555152893
-0.06475050002336502
-0.06509691476821899
-0.0654461458325386
-0.06579844653606415
-0.06615376472473145
-0.06651175022125244
-0.0668717548251152
-0.06723292917013168
-0.06759431213140488
-0.06795487552881241
-0.0683136060833931
-0.06866955012083054
-0.06902193278074265
-0.06937014311552048
-0.06971379369497299
-0.07005273550748825
-0.07038704305887222
-0.0707169696688652
-0.0710429772734642
-0.07136563211679459
-0.07168559730052948
-0.07200352847576141
-0.07232006639242172
-0.07263573259115219
-0.07295093685388565
-0.07326593995094299
-0.07358083128929138
-0.07389553636312485
-0.07420976459980011
-0.07452307641506195
-0.074834905564785
-0.07514457404613495
-0.0754513218998909
-0.07575436681509018
-0.07605290412902832
-0.07634615898132324
-0.07663337886333466
-0.07691384851932526
-0.07718690484762192
-0.07745194435119629
-0.07770834118127823
-0.07795549929141998
-0.07819276303052902
-0.07841941714286804
-0.07863462716341019
-0.07883746176958084
-0.07902679592370987
-0.079201340675354
-0.07935960590839386
-0.07949988543987274
-0.07962029427289963
-0.07971872389316559
-0.07979290187358856
-0.07984039187431335
-0.07985861599445343
-0.0798448920249939
-0.07979647070169449
-0.07971052825450897
-0.07958424836397171
-0.07941480726003647
-0.07919943332672119
-0.0789354220032692
-0.07862018793821335
-0.07825127243995667
-0.0778263658285141
-0.07734336704015732
-0.07680040597915649
-0.07619588077068329
-0.07552853971719742
-0.07479747384786606
-0.07400219887495041
-0.07314269989728928
-0.07221951335668564
-0.07123375684022903
-0.07018714398145676
-0.0690821036696434
-0.06792176514863968
-0.06671005487442017
-0.06545162200927734
-0.06415188312530518
-0.0628170371055603
-0.06145400926470757
-0.06007040664553642
-0.05867444351315498
-0.05727487057447433
-0.05588087812066078
-0.05450195074081421
-0.05314775183796883
-0.05182797461748123
-0.05055217072367668
-0.04932958632707596
-0.04816900566220284
-0.04707854986190796
-0.04606553912162781
-0.04513629525899887
-0.04429599642753601
-0.04354855790734291
-0.04289647936820984
-0.04234077781438828
-0.04188091680407524
-0.04151473939418793
-0.04123850911855698
-0.04104691371321678
-0.04093315452337265
-0.04088903963565826
-0.04090514779090881
-0.04097099602222443
-0.04107526689767838
-0.04120606184005737
-0.04135114699602127
-0.04149827733635902
-0.04163546487689018
-0.04175128415226936
-0.04183517768979073
-0.04187772795557976
-0.04187090694904327
-0.04180828854441643
-0.04168522730469704
-0.04149901121854782
-0.04124889522790909
-0.04093614965677261
-0.04056399315595627
-0.04013749957084656
-0.0396634042263031
-0.03914991393685341
-0.03860641270875931
-0.03804314881563187
-0.03747090324759483
-0.0369005985558033
-0.03634295612573624
-0.03580810874700546
-0.03530525788664818
-0.03484236821532249
-0.03442589566111565
-0.03406057134270668
-0.03374924883246422
-0.03349283710122108
-0.03329028189182281
-0.03313865140080452
-0.03303327411413193
-0.0329679548740387
-0.03293523192405701
-0.03292671591043472
-0.03293342515826225
-0.03294617310166359
-0.03295594081282616
-0.03295426070690155
-0.03293352946639061
-0.03288733214139938
-0.03281067311763763
-0.03270014002919197
-0.03255404904484749
-0.03237242624163628
-0.03215698525309563
-0.03191099688410759
-0.03163908421993256
-0.03134696185588837
-0.03104116767644882
-0.03072868660092354
-0.03041662275791168
-0.03011186793446541
-0.02982075326144695
-0.02954876236617565
-0.02930029667913914
-0.02907847613096237
-0.02888505533337593
-0.02872034721076488
-0.02858328633010387
-0.02847151458263397
-0.02838155627250671
-0.0283090453594923
-0.02824898064136505
-0.02819602191448212
-0.02814477868378162
-0.02809011749923229
-0.02802741527557373
-0.02795279957354069
-0.02786332182586193
-0.02775708399713039
-0.02763330191373825
-0.02749229781329632
-0.02733543328940868
-0.02716498449444771
-0.0269839633256197
-0.02679591439664364
-0.0266046766191721
-0.02641414105892181
-0.02622801810503006
-0.02604961954057217
-0.02588168531656265
-0.02572623454034328
-0.02558448165655136
-0.02545679546892643
-0.02534272894263268
-0.0252410713583231
-0.02514997310936451
-0.02506709471344948
-0.0249897725880146
-0.02491521276533604
-0.02484066784381866
-0.02476362884044647
-0.02468195743858814
-0.02459401078522205
-0.02449872903525829
-0.02439565770328045
-0.02428496815264225
-0.0241673830896616
-0.0240441095083952
-0.02391672693192959
-0.02378705143928528
-0.02365700900554657
-0.02352847903966904
-0.02340317703783512
-0.02328253909945488
-0.02316763810813427
-0.02305912785232067
-0.02295721881091595
-0.02286169491708279
-0.02277195453643799
-0.02268707193434238
-0.02260589227080345
-0.02252711355686188
-0.02244940958917141
-0.02237151749432087
-0.02229233086109161
-0.02221097238361835
-0.02212684042751789
-0.02203963696956635
-0.02194937132298946
-0.02185633778572083
-0.02176107279956341
-0.02166429720818996
-0.02156684547662735
-0.021469596773386
-0.02137340418994427
-0.02127902023494244
-0.02118705026805401
-0.02109791710972786
-0.02101183496415615
-0.02092880196869373
-0.02084862440824509
-0.02077094279229641
-0.02069527097046375
-0.0206210408359766
-0.02054766193032265
-0.02047456428408623
-0.0204012431204319
-0.02032729983329773
-0.02025246433913708
-0.02017660439014435
-0.02009973488748074
-0.02002199739217758
-0.01994364149868488
-0.01986499130725861
-0.0197864156216383
-0.01970829255878925
-0.01963097229599953
-0.01955475471913815
-0.01947985403239727
-0.0194064024835825
-0.01933443732559681
-0.01926390267908573
-0.01919465884566307
-0.01912651583552361
-0.01905923709273338
-0.01899256929755211
-0.01892627030611038
-0.01886012777686119
-0.01879396848380566
-0.01872767694294453
-0.01866120100021362
-0.01859455183148384
-0.0185277909040451
-0.01846102625131607
-0.01839439384639263
-0.01832804456353188
-0.01826212927699089
-0.01819678209722042
-0.01813211105763912
-0.01806819252669811
-0.01800505630671978
-0.01794269680976868
-0.01788107305765152
-0.01782011613249779
-0.01775972731411457
-0.01769981160759926
-0.01764026656746864
-0.01758100092411041
-0.01752193830907345
-0.01746303029358387
-0.01740424335002899
-0.01734558306634426
-0.01728706806898117
-0.0172287356108427
-0.01717064529657364
-0.01711284928023815
-0.01705540902912617
-0.01699837297201157
-0.01694178208708763
-0.0168856605887413
-0.01683001779019833
-0.01677484624087811
-0.0167201217263937
-0.01666581258177757
-0.01661188527941704
-0.01655829511582851
-0.01650500111281872
-0.01645197160542011
-0.01639918051660061
-0.01634660921990871
-0.01629425585269928
-0.01624211668968201
-0.01619021035730839
-0.01613854803144932
-0.01608715206384659
-0.01603604853153229
-0.01598524861037731
-0.0159347765147686
-0.0158846341073513
-0.01583482697606087
-0.01578534953296185
-0.01573619619011879
-0.01568735204637051
-0.0156388022005558
-0.01559052988886833
-0.01554251834750175
-0.01549475453794003
-0.01544722449034452
-0.01539992168545723
-0.01535284612327814
-0.01530599873512983
-0.01525938138365746
-0.01521300338208675
-0.01516686845570803
-0.01512098405510187
-0.01507535483688116
-0.01502998359501362
-0.01498487405478954
-0.01494002435356379
-0.0148954326286912
-0.01485109329223633
-0.01480700075626373
-0.01476314477622509
-0.01471952069550753
-0.01467612013220787
-0.01463293842971325
-0.01458997093141079
-0.01454721484333277
-0.01450466923415661
-0.01446233503520489
-0.01442021504044533
-0.01437830924987793
-0.01433662138879299
-0.01429515052586794
-0.01425389852374792
-0.01421286258846521
-0.01417204178869724
-0.01413143519312143
-0.01409104093909264
-0.01405085436999798
-0.01401087362319231
-0.01397109404206276
-0.01393151376396418
-0.01389212999492884
-0.01385294087231159
-0.01381394267082214
-0.01377513352781534
-0.01373651437461376
-0.01369808334857225
-0.01365984044969082
-0.01362178660929203
-0.01358391996473074
-0.01354624330997467
-0.01350875478237867
-0.01347145158797503
-0.01343433186411858
-0.01339739467948675
-0.01336063724011183
-0.0133240595459938
-0.01328765694051981
-0.01325142942368984
-0.0132153732702136
-0.01317949034273624
-0.01314377784729004
-0.01310823578387499
-0.01307286228984594
-0.01303765643388033
-0.01300261821597815
-0.01296774577349424
-0.01293303724378347
-0.01289849262684584
-0.01286411006003618
-0.01282988768070936
-0.01279582548886538
-0.0127619244158268
-0.01272818259894848
-0.01269459817558527
-0.01266116835176945
-0.01262789405882359
-0.01259477343410254
-0.01256180461496115
-0.01252898760139942
-0.01249632239341736
-0.01246380712836981
-0.0124314408749342
-0.01239922177046537
-0.01236714981496334
-0.0123352250084281
-0.01230344362556934
-0.01227180939167738
-0.01224031671881676
-0.01220896653831005
-0.01217775698751211
-0.01214668713510036
-0.01211575325578451
-0.01208495814353228
-0.01205429993569851
-0.01202377770096064
-0.01199339050799608
-0.0119631364941597
-0.01193301565945148
-0.01190302800387144
-0.01187317259609699
-0.01184344850480556
-0.01181385572999716
-0.0117843933403492
-0.01175506040453911
-0.01172585785388947
-0.01169678289443254
-0.01166783459484577
-0.011639011092484
-0.01161031238734722
-0.01158173661679029
-0.01155328284949064
-0.01152494829148054
-0.01149673480540514
-0.01146863959729671
-0.01144066546112299
-0.01141280960291624
-0.01138507295399904
-0.0113574555143714
-0.01132995542138815
-0.01130257360637188
-0.01127530727535486
-0.0112481564283371
-0.01122112013399601
-0.01119419746100903
-0.01116738840937614
-0.01114069297909737
-0.01111410744488239
-0.01108763366937637
-0.01106126885861158
-0.0110350139439106
-0.01100886706262827
-0.01098282728344202
-0.0109568927437067
-0.01093106623739004
-0.01090534403920174
-0.01087972614914179
-0.01085421349853277
-0.01082880608737469
-0.01080350019037724
-0.01077829860150814
-0.0107531975954771
-0.01072819717228413
-0.01070329826325178
-0.01067849807441235
-0.01065379753708839
-0.01062919571995735
-0.01060468982905149
-0.01058027893304825
-0.01055596303194761
-0.01053173840045929
-0.01050760503858328
-0.01048356201499701
-0.01045960932970047
-0.0104357423260808
-0.01041196007281542
-0.01038826163858175
-0.01036464422941208
-0.01034110505133867
-0.01031764317303896
-0.01029425486922264
-0.01027093641459942
-0.01024768315255642
-0.01022449042648077
-0.01020135264843702
-0.01017826143652201
-0.01015521213412285
-0.01013219822198153
-0.01010921224951744
-0.01008624490350485
-0.01006328407675028
-0.01004032138735056
-0.01001734472811222
-0.009994341991841793
-0.009971298277378082
-0.009948195889592171
-0.009925017133355141
-0.009901742450892925
-0.009878348559141159
-0.009854810312390327
-0.009831100702285767
-0.009807191789150238
-0.00978305097669363
-0.009758644737303257
-0.009733937680721283
-0.009708888828754425
-0.009683455340564251
-0.009657591581344604
-0.009631250984966755
-0.009604380466043949
-0.009576926007866859
-0.009548831731081009
-0.009520037099719048
-0.009490479715168476
-0.009460092522203922
-0.009428809396922588
-0.009396559558808804
-0.009363274089992046
-0.009328883141279221
-0.009293310344219208
-0.009256485849618912
-0.009218336082994938
-0.009178792126476765
-0.009137788787484169
-0.009095259010791779
-0.009051141329109669
-0.009005381725728512
-0.008957929909229279
-0.008908743038773537
-0.008857785724103451
-0.008805032819509506
-0.00875046756118536
-0.008694085292518139
-0.00863589346408844
-0.008575912564992905
-0.008514176122844219
-0.008450730703771114
-0.008385639637708664
-0.008318983018398285
-0.008250853978097439
-0.008181363344192505
-0.008110635913908482
-0.008038810454308987
-0.007966043427586555
-0.007892503403127193
-0.007818371057510376
-0.007743836846202612
-0.007669102866202593
-0.00759437819942832
-0.007519874721765518
-0.007445808500051498
-0.007372395601123571
-0.007299849763512611
-0.00722837820649147
-0.007158179301768541
-0.007089441642165184
-0.00702233798801899
-0.006957026198506355
-0.006893643643707037
-0.006832306273281574
-0.006773106753826141
-0.006716112140566111
-0.006661363877356052
-0.006608873140066862
-0.006558625493198633
-0.006510578095912933
-0.006464662030339241
-0.006420779973268509
-0.006378812249749899
-0.006338617298752069
-0.006300034467130899
-0.006262887734919786
-0.006226988974958658
-0.006192141678184271
-0.006158144678920507
-0.006124797742813826
-0.006091904826462269
-0.006059280131012201
-0.00602674949914217
-0.005994155537337065
-0.005961359478533268
-0.005928246304392815
-0.005894724279642105
-0.00586072588339448
-0.005826212465763092
-0.005791169125586748
-0.00575560936704278
-0.005719568114727736
-0.005683103576302528
-0.00564629165455699
-0.005609223619103432
-0.005572000052779913
-0.005534729920327663
-0.005497524980455637
-0.005460493266582489
-0.005423737224191427
-0.005387346725910902
-0.005351397208869457
-0.005315947812050581
-0.005281034391373396
-0.005246673710644245
-0.005212859250605106
-0.005179561674594879
-0.005146731622517109
-0.005114298779517412
-0.005082178860902786
-0.005050272680819035
-0.005018474999815226
-0.004986674059182405
-0.004954761825501919
-0.004922634456306696
-0.004890201147645712
-0.004857384134083986
-0.004824127070605755
-0.004790395498275757
-0.004756180569529533
-0.004721499979496002
-0.00468639750033617
-0.004650944378226995
-0.004615235608071089
-0.004579385276883841
-0.004543526563793421
-0.004507802426815033
-0.004472364671528339
-0.004437361843883991
-0.004402939695864916
-0.004369228146970272
-0.004336339887231588
-0.00430436572059989
-0.004273367580026388
-0.004243375733494759
-0.004214388784021139
-0.00418637041002512
-0.004159250762313604
-0.004132929258048534
-0.0041072778403759
-0.00408214470371604
-0.004057359416037798
-0.004032743629068136
-0.004008112940937281
-0.00398328760638833
-0.003958098590373993
-0.003932395949959755
-0.0039060537237674
-0.003878975985571742
-0.003851100336760283
-0.003822400467470288
-0.003792888252064586
-0.003762611653655767
-0.003731654025614262
-0.003700129687786102
-0.003668179735541344
-0.003635963657870889
-0.003603654680773616
-0.003571431618183851
-0.003539470722898841
-0.003507937770336866
-0.003476981772109866
-0.003446728689596057
-0.003417275846004486
-0.003388687968254089
-0.003360994393005967
-0.003334189997985959
-0.003308234736323357
-0.003283057594671845
-0.003258559387177229
-0.003234617877751589
-0.003211094764992595
-0.003187841968610883
-0.003164707915857434
-0.003141545923426747
-0.003118220483884215
-0.003094611689448357
-0.003070621751248837
-0.003046178258955479
-0.003021237440407276
-0.002995783463120461
-0.002969830529764295
-0.0029434182215482
-0.002916611498221755
-0.002889495342969894
-0.002862169640138745
-0.002834744518622756
-0.002807334065437317
-0.002780050737783313
-0.002753000939264894
-0.002726279431954026
-0.002699966076761484
-0.002674122573807836
-0.002648791298270226
-0.002623994136229157
-0.002599733881652355
-0.002575994236394763
-0.0025527433026582
-0.002529937075451016
-0.002507522702217102
-0.002485441276803613
-0.002463634824380279
-0.002442046301439404
-0.002420626115053892
-0.002399333752691746
-0.002378140343353152
-0.002357030520215631
-0.002336003351956606
-0.002315071877092123
-0.002294263103976846
-0.002273616380989552
-0.002253181766718626
-0.002233018632978201
-0.002213191473856568
-0.002193769440054893
-0.00217482284642756
-0.002156421774998307
-0.002138632815331221
-0.002121519763022661
-0.002105140592902899
-0.002089547226205468
-0.002074785996228456
-0.002060897648334503
-0.002047916874289513
-0.002035873476415873
-0.002024792367592454
-0.002014695666730404
-0.002005601767450571
-0.001997526967898011
-0.001990485237911344
-0.001984488917514682
-0.001979548251256347
-0.001975672086700797
-0.001972866011783481
-0.001971133518964052
-0.001970473909750581
-0.001970882527530193
-0.001972350524738431
-0.001974863233044744
-0.001978399464860559
-0.001982933143153787
-0.001988430507481098
-0.001994851743802428
-0.002002150984480977
-0.002010275842621922
-0.002019167877733707
-0.002028763527050614
-0.002038994571194053
-0.002049788599833846
-0.00206106947734952
-0.0020727573428303
-0.00208477140404284
-0.002097028540447354
-0.002109445631504059
-0.002121939323842525
-0.002134428592398763
-0.002146834041923285
-0.00215907976962626
-0.002171095227822661
-0.002182816388085485
-0.002194186905398965
-0.002205159980803728
-0.002215700689703226
-0.002225787146016955
-0.002235412131994963
-0.002244584495201707
-0.002253330778330564
-0.002261695684865117
-0.002269743010401726
-0.002277554711326957
-0.002285230439156294
-0.002292887773364782
-0.002300658728927374
-0.002308688592165709
-0.002317132195457816
-0.002326152054592967
-0.002335913479328156
-0.002346581080928445
-0.0023583157453686
-0.002371267881244421
-0.002385576255619526
-0.002401361707597971
-0.002418724354356527
-0.002437739633023739
-0.002458455739542842
-0.002480888972058892
-0.002505024895071983
-0.002530813915655017
-0.002558171981945634
-0.002586980117484927
-0.002617084188386798
-0.002648296998813748
-0.002680399222299457
-0.00271314405836165
-0.002746258629485965
-0.002779450267553329
-0.002812409307807684
-0.00284481537528336
-0.002876342739909887
-0.002906666602939367
-0.002935470314696431
-0.002962450496852398
-0.002987326122820377
-0.00300984364002943
-0.003029784187674522
-0.003046967787668109
-0.003061262192204595
-0.003072584047913551
-0.003080905415117741
-0.003086254466325045
-0.003088717814534903
-0.003088438650593162
-0.003085617441684008
-0.00308050774037838
-0.003073410829529166
-0.003064670599997044
-0.00305466610006988
-0.003043802455067635
-0.003032501321285963
-0.003021191107109189
-0.003010295797139406
-0.003000223776325583
-0.002991358051076531
-0.002984046237543225
-0.00297858938574791
-0.002975234761834145
-0.002974169561639428
-0.002975514624267817
-0.002979320706799626
-0.002985568484291434
-0.002994167152792215
-0.003004959551617503
-0.003017726121470332
-0.003032191656529903
-0.003048034617677331
-0.003064896678552032
-0.003082395065575838
-0.003100135829299688
-0.003117725253105164
-0.003134783590212464
-0.003150958102196455
-0.003165934700518847
-0.003179448656737804
-0.003191293217241764
-0.003201327519491315
-0.003209480782970786
-0.003215755801647902
-0.003220227546989918
-0.003223041538149118
-0.003224408021196723
-0.003224595915526152
-0.003223923034965992
-0.003222743514925241
-0.003221437567844987
-0.003220397280529141
-0.003220012178644538
-0.003220655955374241
-0.003222674829885364
-0.003226375440135598
-0.003232014598324895
-0.003239790676161647
-0.003249839413911104
-0.003262230195105076
-0.003276964649558067
-0.003293981309980154
-0.003313157707452774
-0.003334319917485118
-0.0033572509419173
-0.003381700487807393
-0.003407399402931333
-0.003434069454669952
-0.003461437299847603
-0.003489247057586908
-0.003517269855365157
-0.003545313375070691
-0.003573229303583503
-0.003600918687880039
-0.003628332866355777
-0.003655474167317152
-0.003682392416521907
-0.003709180047735572
-0.003735964186489582
-0.0037628966383636
-0.003790144575759768
-0.003817877499386668
-0.003846257459372282
-0.003875426715239882
-0.003905497025698423
-0.00393654266372323
-0.003968592267483473
-0.004001624882221222
-0.004035570193082094
-0.004070304799824953
-0.004105659667402506
-0.004141424782574177
-0.004177356138825417
-0.004213187377899885
-0.004248640034347773
-0.004283434245735407
-0.004317301791161299
-0.004349997732788324
-0.004381311126053333
-0.004411072004586458
-0.004439160693436861
-0.004465510603040457
-0.004490111488848925
-0.004513009451329708
-0.004534302279353142
-0.004554137587547302
-0.004572705831378698
-0.004590229131281376
-0.004606952890753746
-0.00462313974276185
-0.004639054648578167
-0.004654956981539726
-0.004671094939112663
-0.00468769483268261
-0.004704955499619246
-0.004723048768937588
-0.004742109682410955
-0.00476224347949028
-0.004783523734658957
-0.004805992357432842
-0.00482966797426343
-0.004854544997215271
-0.004880600608885288
-0.004907799884676933
-0.004936096724122763
-0.004965438973158598
-0.004995770286768675
-0.005027029663324356
-0.005059152841567993
-0.005092071369290352
-0.005125710275024176
-0.005159985274076462
-0.005194802302867174
-0.005230052396655083
-0.005265610758215189
-0.005301335360854864
-0.005337066017091274
-0.005372625309973955
-0.005407819990068674
-0.00544244609773159
-0.005476291291415691
-0.005509140901267529
-0.005540784448385239
-0.005571024026721716
-0.005599678494036198
-0.005626593250781298
-0.005651643965393305
-0.005674744490534067
-0.005695847794413567
-0.005714952014386654
-0.005732100456953049
-0.005747377406805754
-0.005760909989476204
-0.005772861652076244
-0.005783428903669119
-0.005792830605059862
-0.005801305640488863
-0.00580909987911582
-0.005816461984068155
-0.005823633167892694
-0.005830842070281506
-0.00583829777315259
-0.005846183747053146
-0.005854655057191849
-0.005863836966454983
-0.005873821210116148
-0.005884668324142694
-0.005896408576518297
-0.005909043829888105
-0.005922549404203892
-0.005936880130320787
-0.005951973609626293
-0.005967753473669291
-0.005984132643789053
-0.006001018919050694
-0.006018316838890314
-0.006035932339727879
-0.006053774617612362
-0.006071757525205612
-0.006089800503104925
-0.006107834633439779
-0.006125797051936388
-0.006143634673207998
-0.006161303725093603
-0.006178770679980516
-0.006196010392159224
-0.006213007494807243
-0.006229753606021404
-0.006246247794479132
-0.006262494251132011
-0.006278502754867077
-0.006294283550232649
-0.006309851072728634
-0.006325218360871077
-0.006340399384498596
-0.006355402525514364
-0.006370234303176403
-0.006384895648807287
-0.006399382371455431
-0.006413685157895088
-0.006427788641303778
-0.00644167372956872
-0.006455319002270699
-0.006468700245022774
-0.006481792777776718
-0.006494574714452028
-0.006507028825581074
-0.006519146263599396
-0.00653092423453927
-0.006542370654642582
-0.00655350461602211
-0.006564357317984104
-0.006574973464012146
-0.006585406139492989
-0.006595720537006855
-0.006605987437069416
-0.006616284139454365
-0.006626689806580544
-0.006637283600866795
-0.006648138631135225
-0.006659320555627346
-0.006670883391052485
-0.006682866252958775
-0.006695292890071869
-0.006708170752972364
-0.006721485406160355
-0.006735205184668303
-0.006749280262738466
-0.006763646379113197
-0.006778223905712366
-0.00679292157292366
-0.006807642988860607
-0.006822287570685148
-0.006836756132543087
-0.006850951351225376
-0.006864787545055151
-0.006878187879920006
-0.006891091819852591
-0.006903452798724174
-0.006915243808180094
-0.00692645600065589
-0.006937098689377308
-0.006947198417037725
-0.006956796627491713
-0.006965948268771172
-0.006974718067795038
-0.006983179599046707
-0.006991409230977297
-0.006999482866376638
-0.007007473614066839
-0.00701544526964426
-0.007023452781140804
-0.007031537592411041
-0.007039725314825773
-0.007048025261610746
-0.007056429982185364
-0.007064912933856249
-0.007073431275784969
-0.007081924472004175
-0.007090320345014334
-0.007098533678799868
-0.007106469478458166
-0.007114027161151171
-0.007121100556105375
-0.007127584423869848
-0.007133373524993658
-0.007138367742300034
-0.007142472080886364
-0.00714559992775321
-0.007147672586143017
-0.00714862160384655
-0.00714838644489646
-0.007146916817873716
-0.007144169881939888
-0.007140108849853277
-0.007134702522307634
-0.007127923425287008
-0.007119747344404459
-0.007110149599611759
-0.007099106907844543
-0.007086593192070723
-0.007072580512613058
-0.007057039067149162
-0.007039937190711498
-0.007021239493042231
-0.007000911515206099
-0.006978916935622692
-0.006955220364034176
-0.0069297906011343
-0.006902599707245827
-0.006873625330626965
-0.006842853501439095
-0.006810279563069344
-0.00677591236308217
-0.00673977192491293
-0.006701892707496881
-0.006662326399236917
-0.006621139589697123
-0.006578416563570499
-0.006534259766340256
-0.006488788407295942
-0.006442141253501177
-0.006394472904503345
-0.006345954723656178
-0.006296776235103607
-0.006247139535844326
-0.006197260227054358
-0.006147366017103195
-0.006097693927586079
-0.006048489362001419
-0.006000001914799213
-0.005952482577413321
-0.005906183272600174
-0.005861351732164621
-0.005818225909024477
-0.005777035374194384
-0.005737995263189077
-0.005701301619410515
-0.005667129997164011
-0.005635629873722792
-0.005606923718005419
-0.005581103730946779
-0.005558228120207787
-0.005538320168852806
-0.005521366838365793
-0.005507318302989006
-0.005496086552739143
-0.005487547256052494
-0.005481540691107512
-0.005477871745824814
-0.005476314108818769
-0.005476613063365221
-0.005478489212691784
-0.005481642670929432
-0.005485757254064083
-0.005490506533533335
-0.005495558027178049
-0.005500578787177801
-0.005505243316292763
-0.005509237758815289
-0.005512263625860214
-0.005514047108590603
-0.005514340940862894
-0.005512930452823639
-0.005509639158844948
-0.005504330154508352
-0.005496911238878965
-0.005487334914505482
-0.005475600715726614
-0.00546175753697753
-0.005445897113531828
-0.005428159609436989
-0.005408726632595062
-0.005387817975133657
-0.005365687422454357
-0.005342618096619844
-0.005318913608789444
-0.005294892471283674
-0.005270881578326225
-0.005247206427156925
-0.005224184598773718
-0.005202117841690779
-0.005181281361728907
-0.005161920562386513
-0.005144242197275162
-0.005128408316522837
-0.005114534869790077
-0.00510268472135067
-0.005092867184430361
-0.005085038486868143
-0.005079103168100119
-0.005074914544820786
-0.005072282161563635
-0.005070974119007587
-0.005070726852864027
-0.005071251187473536
-0.005072243046015501
-0.005073390901088715
-0.005074386019259691
-0.005074933636933565
-0.005074759945273399
-0.005073620472103357
-0.005071309395134449
-0.005067665129899979
-0.005062572658061981
-0.005055970977991819
-0.005047851707786322
-0.005038258619606495
-0.005027285311371088
-0.005015071481466293
-0.005001797340810299
-0.004987676627933979
-0.004972949624061584
-0.00495787151157856
-0.00494270445778966
-0.004927708767354488
-0.004913133569061756
-0.004899205174297094
-0.004886123351752758
-0.004874051548540592
-0.004863113164901733
-0.004853388294577599
-0.004844909068197012
-0.004837662912905216
-0.004831592086702585
-0.004826598800718784
-0.00482254708185792
-0.004819273017346859
-0.004816589411348104
-0.004814294632524252
-0.0048121795989573
-0.004810039419680834
-0.004807680379599333
-0.004804924596101046
-0.00480162026360631
-0.004797646310180426
-0.004792915657162666
-0.004787377081811428
-0.004781017545610666
-0.004773859865963459
-0.00476596225053072
-0.004757413174957037
-0.004748326726257801
-0.004738836549222469
-0.004729088395833969
-0.00471923453733325
-0.004709426313638687
-0.004699806682765484
-0.004690506029874086
-0.004681633319705725
-0.004673275165259838
-0.004665492102503777
-0.00465831533074379
-0.004651748575270176
-0.00464576855301857
-0.004640326835215092
-0.00463535450398922
-0.004630766343325377
-0.004626463167369366
-0.00462234066799283
-0.004618293605744839
-0.004614220932126045
-0.004610029514878988
-0.004605640657246113
-0.004600989632308483
-0.004596032667905092
-0.004590746015310287
-0.004585123155266047
-0.004579178523272276
-0.004572942387312651
-0.004566458519548178
-0.004559783264994621
-0.004552980419248343
-0.004546116571873426
-0.004539256915450096
-0.004532464779913425
-0.004525794181972742
-0.004519290756434202
-0.004512988496571779
-0.004506908357143402
-0.00450105918571353
-0.004495436325669289
-0.00449002580717206
-0.004484802018851042
-0.004479733295738697
-0.004474782850593328
-0.004469911567866802
-0.004465081728994846
-0.004460256081074476
-0.004455403424799442
-0.00445049861446023
-0.004445524420589209
-0.00444047013297677
-0.004435332957655191
-0.004430117085576057
-0.004424833692610264
-0.004419498145580292
-0.004414128139615059
-0.004408745095133781
-0.004403369035571814
-0.004398017190396786
-0.004392705857753754
-0.004387447144836187
-0.004382248036563396
-0.004377113189548254
-0.004372041672468185
-0.004367026966065168
-0.004362062551081181
-0.004357136785984039
-0.004352238494902849
-0.004347356501966715
-0.004342480096966028
-0.004337601363658905
-0.004332713317126036
-0.004327815026044846
-0.00432290555909276
-0.00431798817589879
-0.004313069395720959
-0.004308155737817287
-0.004303257446736097
-0.004298381507396698
-0.004293536767363548
-0.004288728814572096
-0.004283964168280363
-0.004279244691133499
-0.004274568986147642
-0.004269934259355068
-0.004265332594513893
-0.00426075654104352
-0.004256194923073053
-0.004251637496054173
-0.004247073549777269
-0.004242492374032736
-0.004237886518239975
-0.004233250394463539
-0.00422858027741313
-0.004223877098411322
-0.004219143651425838
-0.004214385990053415
-0.004209613893181086
-0.004204838071018457
-0.004200069233775139
-0.0041953194886446
-0.004190600942820311
-0.004185923375189304
-0.00418129563331604
-0.00417672423645854
-0.004172211512923241
-0.004167759791016579
-0.004163366742432117
-0.004159028641879559
-0.00415473897010088
-0.004150493536144495
-0.004146285820752382
-0.004142111167311668
-0.004137965850532055
-0.004133848007768393
-0.004129759036004543
-0.004125703126192093
-0.004121687263250351
-0.004117722157388926
-0.004113820381462574
-0.004109997302293777
-0.004106270149350166
-0.004102654755115509
-0.004099170211702585
-0.004095831420272589
-0.004092653747648001
-0.004089650232344866
-0.004086830653250217
-0.004084201063960791
-0.004081766121089458
-0.004079525824636221
-0.004077477380633354
-0.004075616598129272
-0.004073936492204666
-0.004072428680956364
-0.004071082919836044
-0.004069888032972813
-0.004068833775818348
-0.004067908506840467
-0.004067100584506989
-0.004066398832947016
-0.004065793007612228
-0.004065271001309156
-0.004064822569489479
-0.004064436070621014
-0.004064097534865141
-0.004063793923705816
-0.004063510335981846
-0.004063232336193323
-0.004062942694872618
-0.004062624182552099
-0.004062257707118988
-0.004061825107783079
-0.00406130775809288
-0.004060688428580761
-0.004059951286762953
-0.004059083759784698
-0.004058073274791241
-0.00405691284686327
-0.004055597353726625
-0.00405412632972002
-0.004052502103149891
-0.004050733055919409
-0.004048829898238182
-0.004046806134283543
-0.004044678993523121
-0.004042468965053558
-0.004040196537971497
-0.004037884995341301
-0.004035558551549911
-0.004033239558339119
-0.004030950367450714
-0.004028712399303913
-0.004026545211672783
-0.004024464637041092
-0.004022485576570034
-0.004020619206130505
-0.004018872044980526
-0.004017248749732971
-0.004015750717371702
-0.004014375619590282
-0.004013117868453264
-0.004011968616396189
-0.004010917153209448
-0.004009949043393135
-0.004009048920124769
-0.004008200019598007
-0.004007385112345219
-0.004006585106253624
-0.004005781840533018
-0.004004956223070621
-0.004004092421382666
-0.004003175534307957
-0.00400219252333045
-0.004001133143901825
-0.00399998901411891
-0.003998755011707544
-0.003997430205345154
-0.003996016457676888
-0.003994518890976906
-0.003992945421487093
-0.00399130629375577
-0.003989613614976406
-0.003987881354987621
-0.003986124880611897
-0.003984360024333
-0.003982603084295988
-0.003980869892984629
-0.003979173954576254
-0.003977526444941759
-0.003975938074290752
-0.003974416293203831
-0.003972964826971292
-0.003971586469560862
-0.003970278892666101
-0.003969038370996714
-0.003967858850955963
-0.003966730553656816
-0.003965643234550953
-0.003964584320783615
-0.003963541705161333
-0.003962501417845488
-0.003961451351642609
-0.003960380796343088
-0.003959279507398605
-0.003958140034228563
-0.003956954926252365
-0.003955721389502287
-0.003954438026994467
-0.003953107167035341
-0.003951732069253922
-0.003950317855924368
-0.003948871977627277
-0.003947402350604534
-0.003945918288081884
-0.003944430034607649
-0.003942946437746286
-0.003941476345062256
-0.003940028138458729
-0.00393860787153244
-0.003937220200896263
-0.003935868851840496
-0.003934555221349001
-0.003933277912437916
-0.003932035062462091
-0.003930822946131229
-0.003929635975509882
-0.003928468097001314
-0.003927312791347504
-0.003926162142306566
-0.003925009164959192
-0.003923846874386072
-0.003922670148313046
-0.003921474795788527
-0.003920257557183504
-0.003919016104191542
-0.003917750436812639
-0.003916462417691946
-0.003915155306458473
-0.003913831431418657
-0.003912496380507946
-0.003911153879016638
-0.00390981137752533
-0.003908472135663033
-0.003907141741365194
-0.003905822988599539
-0.003904519835487008
-0.003903233679011464
-0.003901965450495481
-0.00390071514993906
-0.003899481613188982
-0.003898262744769454
-0.003897055983543396
-0.003895858069881797
-0.003894665976986289
-0.00389347574673593
-0.003892284352332354
-0.003891088999807835
-0.003889887360855937
-0.003888677572831511
-0.003887459170073271
-0.003886230755597353
-0.003884993260726333
-0.003883748082444072
-0.003882496384903789
-0.00388124049641192
-0.003879982279613614
-0.003878724062815309
-0.003877467941492796
-0.003876215312629938
-0.003874968504533172
-0.003873728681355715
-0.003872496541589499
-0.003871271619573236
-0.003870054148137569
-0.003868843195959926
-0.003867638530209661
-0.003866438288241625
-0.003865241771563888
-0.003864046651870012
-0.003862851997837424
-0.003861656878143549
-0.003860459662973881
-0.003859259653836489
-0.003858056850731373
-0.003856851253658533
-0.00385564286261797
-0.003854432143270969
-0.003853220259770751
-0.003852007444947958
-0.003850794630125165
-0.003849582513794303
-0.003848371561616659
-0.003847163170576096
-0.003845957573503256
-0.00384475477039814
-0.003843555692583323
-0.003842359641566873
-0.003841167083010077
-0.003839977318421006
-0.003838790347799659
-0.003837605239823461
-0.003836421761661768
-0.003835238981992006
-0.003834057133644819
-0.003832875285297632
-0.003831693204119802
-0.00383051042445004
-0.003829326946288347
-0.003828143002465367
-0.0038269585929811
-0.00382577464915812
-0.00382459070533514
-0.003823407692834735
-0.003822226542979479
-0.003821046790108085
-0.003819869365543127
-0.003818693803623319
-0.003817520337179303
-0.003816348733380437
-0.003815178759396076
-0.003814010880887508
-0.00381284486502409
-0.003811680944636464
-0.0038105184212327
-0.003809357061982155
-0.003808197099715471
-0.003807038767263293
-0.003805881598964334
-0.003804726060479879
-0.003803572850301862
-0.003802422666922212
-0.003801275277510285
-0.003800131380558014
-0.003798990976065397
-0.00379785499535501
-0.003796723438426852
-0.003795596770942211
-0.00379447522573173
-0.003793359966948628
-0.003792250994592905
-0.003791148774325848
-0.003790054237470031
-0.003788968315348029
-0.003787891240790486
-0.003786823712289333
-0.003785766893997788
-0.00378472195006907
-0.003783690044656396
-0.003782671876251698
-0.003781668609008193
-0.003780681407079101
-0.00377971213310957
-0.003778761951252818
-0.003777832258492708
-0.003776924451813102
-0.003776039695367217
-0.003775180084630847
-0.003774347016587853
-0.003773542353883386
-0.003772767726331949
-0.00377202476374805
-0.003771314863115549
-0.003770639421418309
-0.003770000301301479
-0.003769398666918278
-0.003768835915252566
-0.003768312744796276
-0.003767830552533269
-0.003767390036955476
-0.003766992129385471
-0.003766636829823256
-0.003766323905438185
-0.003766053123399615
-0.003765823785215616
-0.003765634493902326
-0.003765483619645238
-0.003765369299799204
-0.003765289206057787
-0.003765239845961332
-0.003765218192711473
-0.003765219822525978
-0.003765241242945194
-0.003765276866033673
-0.003765322733670473
-0.003765373025089502
-0.003765422850847244
-0.00376546592451632
-0.003765495494008064
-0.003765504341572523
-0.003765485249459743
-0.003765431232750416
-0.003765334840863943
-0.003765188856050372
-0.003764985129237175
-0.003764715744182467
-0.003764373948797584
-0.003763952059671283
-0.003763443557545543
-0.003762842388823628
-0.003762143664062023
-0.003761341795325279
-0.003760433290153742
-0.003759414190426469
-0.003758282167837024
-0.00375703489407897
-0.003755670972168446
-0.003754189470782876
-0.003752591088414192
-0.00375087559223175
-0.003749044612050056
-0.003747099079191685
-0.003745042020455003
-0.003742875531315804
-0.003740603104233742
-0.003738227300345898
-0.003735752077773213
-0.0037331806961447
-0.003730516182258725
-0.0037277617957443
-0.003724920796230435
-0.003721995977684855
-0.003718989202752709
-0.003715902799740434
-0.003712739096954465
-0.003709498792886734
-0.003706182353198528
-0.003702790243551135
-0.003699323162436485
-0.003695781109854579
-0.003692163852974772
-0.003688471158966422
-0.003684702794998884
-0.003680859226733446
-0.003676941152662039
-0.003672949504107237
-0.003668885212391615
-0.003664750605821609
-0.003660548012703657
-0.003656279994174838
-0.003651950974017382
-0.00364756491035223
-0.0036431266926229
-0.003638641675934196
-0.003634115448221564
-0.003629554063081741
-0.0036249621771276
-0.003620345145463943
-0.003615707857534289
-0.003611054737120867
-0.0036063885781914
-0.003601711709052324
-0.003597024828195572
-0.003592327469959855
-0.003587617538869381
-0.003582891076803207
-0.00357814272865653
-0.00357336550951004
-0.003568551037460566
-0.003563689067959785
-0.003558768425136805
-0.003553778165951371
-0.003548706416040659
-0.003543541301041842
-0.003538271645084023
-0.003532887203618884
-0.003527379129081964
-0.003521740902215242
-0.003515967866405845
-0.003510058391839266
-0.00350401340983808
-0.003497837111353874
-0.003491537412628531
-0.003485125722363591
-0.003478616010397673
-0.003472026204690337
-0.003465375863015652
-0.003458688268437982
-0.003451987402513623
-0.003445299575105309
-0.003438649699091911
-0.003432064549997449
-0.003425569040700793
-0.003419186221435666
-0.003412937046959996
-0.003406840609386563
-0.003400911344215274
-0.003395160660147667
-0.003389595309272408
-0.003384217619895935
-0.003379024798050523
-0.003374010324478149
-0.00336916372179985
-0.003364470321685076
-0.00335991196334362
-0.003355467692017555
-0.003351114457473159
-0.003346827579662204
-0.003342582378536463
-0.003338353941217065
-0.003334117587655783
-0.003329851431772113
-0.003325535450130701
-0.003321151481941342
-0.003316685790196061
-0.003312127431854606
-0.003307468956336379
-0.003302707569673657
-0.003297843271866441
-0.003292879788205028
-0.00328782363794744
-0.003282684367150068
-0.003277473384514451
-0.00327220419421792
-0.003266890766099095
-0.003261548234149814
-0.003256190568208694
-0.003250832203775644
-0.003245486877858639
-0.003240165999159217
-0.003234879812225699
-0.003229636698961258
-0.003224442945793271
-0.003219303442165256
-0.003214220516383648
-0.00320919556543231
-0.003204227657988667
-0.003199314698576927
-0.003194453194737434
-0.003189640119671822
-0.003184870816767216
-0.003180141095072031
-0.003175445599481463
-0.003170779440551996
-0.0031661381945014
-0.003161517670378089
-0.003156914142891765
-0.00315232458524406
-0.003147745970636606
-0.003143175505101681
-0.003138609929010272
-0.003134047379717231
-0.003129485761746764
-0.003124923212453723
-0.003120357636362314
-0.00311578786931932
-0.00311121204867959
-0.003106629010289907
-0.003102036891505122
-0.003097435459494591
-0.003092824248597026
-0.00308820279315114
-0.003083571791648865
-0.003078931476920843
-0.00307428278028965
-0.003069627797231078
-0.003064968623220921
-0.003060308052226901
-0.003055649111047387
-0.003050995524972677
-0.003046350553631783
-0.003041717922315001
-0.003037101123481989
-0.0030325036495924
-0.00302792782895267
-0.003023376455530524
-0.003018852090463042
-0.003014354966580868
-0.003009885782375932
-0.003005444537848234
-0.0030010303016752
-0.002996641444042325
-0.00299227493815124
-0.002987928921356797
-0.002983598969876766
-0.002979282289743423
-0.002974974690005183
-0.00297067197971046
-0.002966371132060885
-0.002962068421766162
-0.002957761520519853
-0.00295344740152359
-0.0029491251334548
-0.002944794483482838
-0.002940454985946417
-0.002936107572168112
-0.002931753173470497
-0.002927394118160009
-0.002923032268881798
-0.00291867065243423
-0.002914312295615673
-0.002909959759563208
-0.002905617002397776
-0.002901286352425814
-0.002896970370784402
-0.00289267161861062
-0.002888391958549619
-0.002884132787585258
-0.002879895037040114
-0.002875678474083543
-0.002871482400223613
-0.002867305651307106
-0.00286314613185823
-0.002859001746401191
-0.002854869700968266
-0.002850747667253017
-0.002846632152795792
-0.002842521062120795
-0.002838411135599017
-0.002834300743415952
-0.002830187557265162
-0.002826070412993431
-0.002821949310600758
-0.002817823784425855
-0.002813694532960653
-0.002809562487527728
-0.002805429510772228
-0.002801296766847372
-0.00279716681689024
-0.002793041756376624
-0.002788923447951674
-0.002784814219921827
-0.002780715469270945
-0.002776628825813532
-0.00277255498804152
-0.00276849465444684
-0.002764447592198849
-0.002760413102805614
-0.002756390254944563
-0.002752377185970545
-0.002748372498899698
-0.002744373865425587
-0.002740379190072417
-0.002736386144533753
-0.002732392633333802
-0.002728397026658058
-0.002724397694692016
-0.002720394171774387
-0.002716385526582599
-0.002712371293455362
-0.002708351705223322
-0.002704327460378408
-0.002700299257412553
-0.002696268260478973
-0.002692235633730888
-0.002688202075660229
-0.002684168983250856
-0.002680137287825346
-0.002676108153536916
-0.002672082278877497
-0.002668060828000307
-0.002664044033735991
-0.002660032594576478
-0.002656026743352413
-0.002652027178555727
-0.002648034133017063
-0.002644049003720284
-0.002640072489157319
-0.002636105753481388
-0.002632150892168283
-0.002628210233524442
-0.002624286338686943
-0.002620382234454155
-0.002616501646116376
-0.002612648531794548
-0.002608827548101544
-0.002605043817311525
-0.002601302694529295
-0.002597610233351588
-0.002593972254544497
-0.002590394811704755
-0.002586883492767811
-0.002583444816991687
-0.002580084372311831
-0.002576808445155621
-0.002573622157797217
-0.002570531331002712
-0.002567541319876909
-0.002564657013863325
-0.002561882371082902
-0.002559221582487226
-0.002556677674874663
-0.002554253209382296
-0.002551949582993984
-0.002549768425524235
-0.002547709504142404
-0.002545771654695272
-0.002543952781707048
-0.002542250324040651
-0.002540660090744495
-0.002539176726713777
-0.002537793479859829
-0.002536503132432699
-0.002535296138375998
-0.002534162951633334
-0.002533092861995101
-0.002532074460759759
-0.002531095407903194
-0.002530142199248075
-0.002529202029109001
-0.002528260927647352
-0.002527304925024509
-0.002526320982724428
-0.002525295363739133
-0.002524215960875154
-0.002523070899769664
-0.002521849703043699
-0.00252054282464087
-0.002519142581149936
-0.002517642686143517
-0.002516039181500673
-0.002514329273253679
-0.002512513194233179
-0.002510593039914966
-0.002508572302758694
-0.002506457502022386
-0.002504256786778569
-0.002501980168744922
-0.002499639289453626
-0.002497246954590082
-0.002494816901162267
-0.00249236379750073
-0.002489903010427952
-0.002487449441105127
-0.002485018456354737
-0.002482624026015401
-0.002480279421433806
-0.002477996982634068
-0.002475786954164505
-0.002473657950758934
-0.002471616724506021
-0.00246966746635735
-0.002467812737450004
-0.002466051839292049
-0.002464382210746408
-0.002462799195200205
-0.002461295807734132
-0.002459862735122442
-0.002458489267155528
-0.002457162830978632
-0.002455869922414422
-0.002454596804454923
-0.002453328808769584
-0.002452051732689142
-0.002450751839205623
-0.002449416788294911
-0.002448035404086113
-0.002446597907692194
-0.002445097314193845
-0.002443528501316905
-0.002441888675093651
-0.002440177369862795
-0.00243839668110013
-0.002436551498249173
-0.00243464857339859
-0.002432696521282196
-0.002430705353617668
-0.002428686711937189
-0.002426652237772942
-0.00242461496964097
-0.002422587014734745
-0.002420580014586449
-0.002418604912236333
-0.002416670555248857
-0.002414784859865904
-0.00241295387968421
-0.002411180641502142
-0.002409466775134206
-0.002407811349257827
-0.002406211569905281
-0.002404662547633052
-0.002403157530352473
-0.002401688601821661
-0.002400246681645513
-0.002398821758106351
-0.002397404285147786
-0.002395983319729567
-0.002394550247117877
-0.002393096219748259
-0.002391614485532045
-0.002390098758041859
-0.002388545544818044
-0.00238695228472352
-0.002385318744927645
-0.002383646089583635
-0.002381938043981791
-0.002380199264734983
-0.002378436038270593
-0.002376655349507928
-0.002374865114688873
-0.002373073482885957
-0.002371287904679775
-0.002369516296312213
-0.002367765177041292
-0.002366040367633104
-0.002364345593377948
-0.002362683415412903
-0.002361055463552475
-0.002359461039304733
-0.002357898047193885
-0.002356363460421562
-0.002354852389544249
-0.002353359712287784
-0.002351879607886076
-0.002350405789911747
-0.002348932204768062
-0.002347453031688929
-0.002345963381230831
-0.002344459062442183
-0.002342937048524618
-0.002341395244002342
-0.002339832717552781
-0.002338250400498509
-0.002336649224162102
-0.002335032448172569
-0.002333403564989567
-0.002331766299903393
-0.002330125076696277
-0.002328484784811735
-0.002326849615201354
-0.002325223758816719
-0.002323610242456198
-0.002322011394426227
-0.002320429543033242
-0.002318865153938532
-0.002317317994311452
-0.002315787831321359
-0.002314272569492459
-0.002312769880518317
-0.002311276737600565
-0.002309790346771479
-0.00230830698274076
-0.002306823851540685
-0.002305337926372886
-0.00230384711176157
-0.002302349545061588
-0.002300843829289079
-0.00229932926595211
-0.002297806087881327
-0.002296275226399302
-0.002294738311320543
-0.002293196739628911
-0.002291652606800199
-0.002290108241140842
-0.002288565505295992
-0.002287026960402727
-0.00228549400344491
-0.00228396849706769
-0.002282451139762998
-0.002280942630022764
-0.00227944296784699
-0.002277952153235674
-0.002276468556374311
-0.002274991711601615
-0.002273520221933722
-0.002272051991894841
-0.00227058632299304
-0.002269121585413814
-0.002267656615003943
-0.002266190014779568
-0.002264721551910043
-0.002263250760734081
-0.00226177740842104
-0.002260301262140274
-0.002258823253214359
-0.002257343847304583
-0.002255863975733519
-0.002254384802654386
-0.002252906560897827
-0.002251430414617062
-0.00224995706230402
-0.002248487202450633
-0.002247021300718188
-0.002245559822767973
-0.0022441023029387
-0.002242648974061012
-0.002241200068965554
-0.002239755121991038
-0.002238313900306821
-0.002236875705420971
-0.002235439838841558
-0.002234005834907293
-0.002232573227956891
-0.002231141552329063
-0.002229710342362523
-0.002228279132395983
-0.002226848155260086
-0.002225416945293546
-0.002223985735327005
-0.002222554758191109
-0.002221124013885856
-0.002219694200903177
-0.002218265784904361
-0.00221683899872005
-0.002215414540842175
-0.002213992411270738
-0.002212573075667024
-0.002211156534031034
-0.002209742786362767
-0.002208332298323512
-0.002206924138590693
-0.002205518772825599
-0.00220411573536694
-0.002202714793384075
-0.002201315015554428
-0.00219991710036993
-0.002198519883677363
-0.002197123365476727
-0.002195727545768023
-0.002194332191720605
-0.002192937303334475
-0.002191543346270919
-0.002190150553360581
-0.002188758924603462
-0.002187368692830205
-0.002185980090871453
-0.002184593584388494
-0.002183209639042616
-0.002181828254833817
-0.002180449198931456
-0.00217907247133553
-0.002177697606384754
-0.002176324604079127
-0.002174953231588006
-0.00217358348891139
-0.002172215143218637
-0.002170848194509745
-0.002169482642784715
-0.002168118255212903
-0.002166755264624953
-0.002165393205359578
-0.002164032310247421
-0.002162673510611057
-0.002161316107958555
-0.002159960102289915
-0.002158605726435781
-0.002157253446057439
-0.002155903028324246
-0.002154554473236203
-0.002153207780793309
-0.002151862950995564
-0.002150519983842969
-0.002149178180843592
-0.002147837774828076
-0.002146498300135136
-0.002145160222426057
-0.00214382354170084
-0.002142487792298198
-0.002141153439879417
-0.002139820484444499
-0.002138488925993443
-0.002137158764526248
-0.002135830000042915
-0.002134502632543445
-0.002133176429197192
-0.002131851390004158
-0.002130527747794986
-0.002129205036908388
-0.002127883257344365
-0.002126562409102917
-0.002125243190675974
-0.002123924670740962
-0.002122607547789812
-0.002121292054653168
-0.002119978191331029
-0.002118666423484683
-0.002117356518283486
-0.002116048475727439
-0.002114742761477828
-0.002113438909873366
-0.002112137153744698
-0.002110837260261178
-0.002109538996592164
-0.002108242595568299
-0.002106947358697653
-0.002105653518810868
-0.002104360843077302
-0.002103068865835667
-0.00210177805274725
-0.002100488636642694
-0.002099200617522001
-0.002097914228215814
-0.002096629003062844
-0.002095344942063093
-0.002094062510877848
-0.002092781942337751
-0.002091502537950873
-0.002090224530547857
-0.002088947454467416
-0.002087671775370836
-0.002086397027596831
-0.002085123211145401
-0.002083850093185902
-0.002082578605040908
-0.002081307815387845
-0.002080038189888
-0.002078769961372018
-0.002077502897009254
-0.002076237462460995
-0.002074973424896598
-0.002073711017146707
-0.002072450239211321
-0.002071190858259797
-0.002069932874292135
-0.002068676520138979
-0.002067421795800328
-0.002066168468445539
-0.002064916305243969
-0.002063665073364973
-0.002062415005639195
-0.00206116633489728
-0.002059919061139226
-0.00205867295153439
-0.002057428471744061
-0.002056185156106949
-0.002054943470284343
-0.002053703414276242
-0.00205246452242136
-0.00205122702755034
-0.002049990929663181
-0.002048756228759885
-0.00204752292484045
-0.002046290785074234
-0.00204506004229188
-0.0020438302308321
-0.002042601583525538
-0.002041374333202839
-0.002040148014202714
-0.002038922626525164
-0.002037698403000832
-0.002036475110799074
-0.002035252982750535
-0.002034032018855214
-0.002032812451943755
-0.002031594282016158
-0.002030377276241779
-0.002029161900281906
-0.002027948154136539
-0.002026735572144389
-0.002025524154305458
-0.002024314133450389
-0.002023105509579182
-0.002021898049861193
-0.002020691754296422
-0.00201948662288487
-0.002018282422795892
-0.002017079154029489
-0.00201587681658566
-0.00201467564329505
-0.002013475866988301
-0.002012276789173484
-0.002011079108342528
-0.002009882591664791
-0.002008687239140272
-0.002007493982091546
-0.002006301656365395
-0.002005110960453749
-0.002003921894356608
-0.00200273422524333
-0.00200154772028327
-0.002000362379476428
-0.001999178202822804
-0.001997994957491755
-0.001996812876313925
-0.001995631726458669
-0.0019944510422647
-0.001993271755054593
-0.001992093166336417
-0.001990915974602103
-0.001989739714190364
-0.001988564617931843
-0.001987390918657184
-0.001986218150705099
-0.001985046546906233
-0.001983876572921872
-0.001982707995921373
-0.001981540583074093
-0.001980374101549387
-0.001979208551347256
-0.001978043932467699
-0.001976880012080073
-0.001975717023015022
-0.001974555198103189
-0.001973394537344575
-0.001972235273569822
-0.001971077406778932
-0.001969921169802547
-0.001968766562640667
-0.001967613585293293
-0.001966462237760425
-0.001965312520042062
-0.001964164432138205
-0.001963017508387566
-0.001961871515959501
-0.001960725989192724
-0.001959580928087234
-0.001958436798304319
-0.001957293134182692
-0.001956149702891707
-0.001955006504431367
-0.001953863771632314
-0.001952722086571157
-0.001951581216417253
-0.001950441510416567
-0.001949302735738456
-0.001948165358044207
-0.001947029260918498
-0.001945894910022616
-0.00194476218894124
-0.001943630981259048
-0.001942501403391361
-0.001941373106092215
-0.00194024620577693
-0.001939120469614863
-0.001937996014021337
-0.001936872838996351
-0.001935750595293939
-0.001934629282914102
-0.001933509134687483
-0.001932390150614083
-0.001931272097863257
-0.001930154860019684
-0.001929038437083364
-0.001927922945469618
-0.001926808501593769
-0.001925694989040494
-0.001924582524225116
-0.00192347087431699
-0.00192236015573144
-0.001921250368468463
-0.001920141512528062
-0.001919033704325557
-0.001917926943860948
-0.00191682146396488
-0.001915717148222029
-0.001914614113047719
-0.001913512358441949
-0.001912411767989397
-0.001911312458105385
-0.00191021419595927
-0.001909116865135729
-0.001908020582050085
-0.001906924997456372
-0.001905830111354589
-0.001904735923744738
-0.001903642667457461
-0.001902550458908081
-0.001901459181681275
-0.00190036918502301
-0.001899280119687319
-0.00189819245133549
-0.001897105714306235
-0.001896020374260843
-0.00189493631478399
-0.001893853535875678
-0.001892772037535906
-0.00189169158693403
-0.001890612067654729
-0.001889533712528646
-0.00188845582306385
-0.001887378748506308
-0.001886302139610052
-0.001885226112790406
-0.00188415078446269
-0.001883076038211584
-0.001882001990452409
-0.001880928874015808
-0.001879856688901782
-0.001878785551525652
-0.001877715694718063
-0.001876647351309657
-0.001875580288469791
-0.001874514389783144
-0.001873449888080359
-0.001872386666946113
-0.001871324260719121
-0.001870263018645346
-0.001869202707894146
-0.0018681432120502
-0.001867084647528827
-0.001866026897914708
-0.001864969613961875
-0.001863913144916296
-0.001862857490777969
-0.001861802767962217
-0.001860749092884362
-0.001859696349129081
-0.001858644769527018
-0.001857594354078174
-0.001856545102782547
-0.001855496899224818
-0.001854449859820306
-0.001853404100984335
-0.001852359040640295
-0.001851314795203507
-0.001850271713919938
-0.001849229214712977
-0.001848187297582626
-0.00184714631177485
-0.001846106024459004
-0.00184506643563509
-0.001844027661718428
-0.001842989702709019
-0.001841952675022185
-0.001840916462242603
-0.001839881297200918
-0.00183884717989713
-0.001837814110331237
-0.001836782204918563
-0.001835751230828464
-0.001834721188060939
-0.001833692076615989
-0.001832663896493614
-0.001831636880524457
-0.001830611028708518
-0.001829586108215153
-0.001828562119044363
-0.001827539061196148
-0.00182651705108583
-0.001825495855882764
-0.001824475359171629
-0.001823455793783069
-0.001822436694055796
-0.001821418176405132
-0.001820400706492364
-0.001819384284317493
-0.001818368793465197
-0.001817354117520154
-0.001816340372897685
-0.001815327676013112
