0
0
0
0
0
0
0
0
0
0
0
0
0
0
0
0
0
0
0
0
0
0
0
0
0
0
0
0
0
0
0
0
0
0
0
0
0
0
0
0
0
0
0
0
0
0
0
0
0
0
0
0
0
0
0
0
0
0
0
0
0
0
0
0
0
0
0
0
0
0
0
0
0
0
0
0
0
0
0
0
0
0
0
0
0
0
0
0
0
0
0
0
0
0
0
0
0
0
0
0
0
0
0
0
0
0
0
0
0
0
0
0
0
0
0
0
0
0
0
0
0
0
0
0
0
0
0
0
0
0
0
0
0
0
0
0
0
0
0
0
0
0
0
0
0
0
0
0
0
0
0
0
0
0
0
0
0
0
0
0
0
0
0
0
0
0
0
0
0
0
0
0
0
0
0
0
0
0
0
0
0
0
0
0
0
0
0
0
0
0
0
0
0
0
0
0
0
0
0
0
0
0
0
0
0
0
0
0
0
0
0
0
0
0
0
0
0
0
0
0
0
0
0
0
0
0
0
0
0
0
0
0
0
0
0
0
0
0
0
0
0
0
0
0
0
0
0
0
0
0
0
0
0
0
0
0
0
0
0
0
0
0
0
0
0
0
0
0
0
0
0
0
0
0
0
0
0
0
0
0
0
0
0
0
0
0
0
0
0
0
0
0
0
0
0
0
0
0
0
0
0
0
0
0
0
0
0
0
0
0
0
0
0
0
0
0
0
0
0
0
0
0
0
0
0
0
0
0
0
0
0
0
0
0
0
0
0
0
0
0
0
0
0
0
0
0
0
0
0
0
0
0
0
0
0
0
0
0
0
0
0
0
0
0
0
0
0
0
0
0
0
0
0
0
0
0
0
0
0
0
0
0
0
0
0
0
0
0
0
0
0
0
0
0
0
0
0
0
0
0
0
0
0
0
0
0
0
0
0
0
0
0
0
0
0
0
0
0
0
0
0
0
0
0
0
0
0
0
0
0
0
0
0
0
0
0
0
0
0
0
0
0
0
0
0
0
0
0
0
0
0
0
0
0
0
0
0
0
0
0
0
0
0
0
0
0
0
0
0
0
0
0
0
0
0
0
0
0
0
0
0
0
0
0
0
0
0
0
0
0
0
0
0
0
0
0
0
0
0
0
0
0
0
0
0
0
0
0
0
0
0
0
0
0
0
0
0
0
0
0
0
0
0
0
0
0
0
0
0
0
0
0
0
0
0
0
0
0
0
0
0
0
0
0
0
0
0
0
0
0
0
0
0
0
0
0
0
0
0
0
0
0
0
0
0
0
0
0
0
0
0
0
0
0
0
0
0
0
0
0
0
0
0
0
0
0
0
0
0
0
0
0
0
0
0
0
0
0
0
0
0
0
0
0
0
0
0
0
0
0
0
0
0
0
0
0
0
0
0
0
0
0
0
0
0
0
0
0
0
0
0
0
0
0
0
0
0
0
0
0
0
0
0
0
0
0
0
0
0
0
0
0
0
0
0
0
0
0
0
0
0
0
0
0
0
0
0
0
0
0
0
0
0
0
0
0
0
0
0
0
0
0
0
0
0
0
0
0
0
0
0
0
0
0
0
0
0
0
0
0
0
0
0
0
0
0
0
0
0
0
0
0
0
0
0
0
0
0
0
0
0
0
0
0
0
0
0
0
0
0
0
0
0
0
0
0
0
0
0
0
0
0
0
0
0
0
0
0
0
0
0
0
0
0
0
0
0
0
0
0
0
0
0
0
0
0
0
0
0
0
0
0
0
0
0
0
0
0
0
0
0
0
0
0
0
0
0
0
0
0
0
0
0
0
0
0
0
0
0
0
0
0
0
0
0
0
0
0
0
0
0
0
0
0
0
0
0
0
0
0
0
0
0
0
0
0
0
0
0
0
0
0
0
0
0
0
0
0
0
0
0
0
0
0
0
0
0
0
0
0
0
0
0
0
0
0
0
0
0
0
0
0
0
0
0
0
0
0
0
0
0
0
0
0
0
0
0
0
0
0
0
0
0
0
0
0
0
0
0
0
0
0
0
0
0
0
0
0
0
0
0
0
0
0
0
0
0
0
0
0
0
0
0
0
0
0
0
0
0
0
0
0
0
0
0
0
0
0
0
0
0
0
0
0
0
0
0
0
0
0
0
0
0
0
0
0
0
0
0
0
0
0
0
0
0
0
0
0
0
0
0
0
0
0
0
0
0
0
0
0
0
0
0
0
0
0
0
0
0
0
0
0
0
0
0
0
0
0
0
0
0
0
0
0
0
0
0
0
0
0
0
0
0
0
0
0
0
0
0
0
0
0
0
0
0
0
0
0
0
0
0
0
0
0
0
0
0
0
0
0
0
0
0
0
0
0
0
0
0
0
0
0
0
0
0
0
0
0
0
0
0
0
0
0
0
0
0
0
0
0
0
0
0
0
0
0
0
0
0
0
0
0
0
0
0
0
0
0
0
0
0
0
0
0
0
0
0
0
0
0
0
0
0
0
0
0
0
0
0
0
0
0
0
0
0
0
0
0
0
0
0
0
0
0
0
0
0
0
0
0
0
0
0
0
0
0
0
0
0
0
0
0
0
0
0
0
0
0
0
0
0
0
0
0
0
0
0
0
0
0
0
0
0
0
0
0
0
0
0
0
0
0
0
0
0
0
0
0
0
0
0
0
0
0
0
0
0
0
0
0
0
0
0
0
0
0
0
0
0
0
0
0
0
0
0
0
0
0
0
0
0
0
0
0
0
0
0
0
0
0
0
0
0
0
0
0
0
0
0
0
0
0
0
0
0
0
0
0
0
0
0
0
0
0
0
0
0
0
0
0
0
0
0
0
0
0
0
0
0
0
0
0
0
0
0
0
0
0
0
0
0
0
0
0
0
0
0
0
0
0
0
0
0
0
0
0
0
0
0
0
0
0
0
0
0
0
0
0
0
0
0
0
0
0
0
0
0
0
0
0
0
0
0
0
0
0
0
0
0
0
0
0
0
2.802596928649634e-45
1.401298464324817e-44
3.923635700109488e-44
7.847271400218976e-44
1.45735040289781e-43
2.550363205071167e-43
4.301986285477188e-43
7.20267410662956e-43
1.217728365498266e-42
2.062711339486131e-42
3.48502928077582e-42
5.891058744021531e-42
9.943613902848902e-42
1.676093093178914e-41
2.818851990835802e-41
4.734146731874962e-41
7.936393982550034e-41
1.328725216857435e-40
2.221254247739841e-40
3.70772363272632e-40
6.179305838133146e-40
1.028275615718479e-39
1.708505126658747e-39
2.834371371328199e-39
4.694973433304762e-39
7.76510626476329e-39
1.28233453054673e-38
2.114441673595146e-38
3.481216627914085e-38
5.722798671696807e-38
9.393530827561881e-38
1.539547992425929e-37
2.519431279081292e-37
4.116780815290832e-37
6.716759851140286e-37
1.094232671722909e-36
1.779952357942524e-36
2.891058008422429e-36
4.688737666348904e-36
7.592882053607644e-36
1.227749752586924e-35
1.982286977697621e-35
3.195785152717489e-35
5.144507978484917e-35
8.269252061233839e-35
1.327228286611256e-34
2.127075624500901e-34
3.403917103407004e-34
5.439195573069559e-34
8.6786233642431e-34
1.38270094409364e-33
2.199722415160917e-33
3.494382873139798e-33
5.542898511218567e-33
8.779463881812359e-33
1.38855931406455e-32
2.192942163745374e-32
3.45825442160926e-32
5.44571032806571e-32
8.562896827025409e-32
1.344485887234636e-31
2.107957595600769e-31
3.300185813803622e-31
5.159250348131904e-31
8.053917412173035e-31
1.255453921593469e-30
1.954196539823945e-30
3.037458406536082e-30
4.714413193125369e-30
7.306693833411822e-30
1.130813152270696e-29
1.747584468101948e-29
2.696891738187599e-29
4.155923601908452e-29
6.395153899072327e-29
9.826853513032387e-29
1.507851960954571e-28
2.310384079885816e-28
3.535018412868522e-28
5.401094787926578e-28
8.240530379088109e-28
1.255487152912807e-27
1.910090133559623e-27
2.901887432578685e-27
4.402434726440184e-27
6.669473056625643e-27
1.00896673336168e-26
1.524226872157933e-26
2.299377621365236e-26
3.463853414012068e-26
5.210720252931494e-26
7.82754505517019e-26
1.174204049981921e-25
1.758944607527151e-25
2.631188356949056e-25
3.930460263737463e-25
5.863096265376176e-25
8.733802514672962e-25
1.299190506203749e-24
1.929905211703871e-24
2.862814484800955e-24
4.240773442644314e-24
6.273239643927327e-24
9.266894992898692e-24
1.367012487264241e-23
2.013757102738248e-23
2.962364550077049e-23
4.351782106999196e-23
6.384007705706116e-23
9.35228366386253e-23
1.368170819063031e-22
1.998765526986555e-22
2.91596665464008e-22
4.248178795505986e-22
6.180489670094765e-22
8.979317169850001e-22
1.302759684492456e-21
1.887496910875298e-21
2.730923463749966e-21
3.945793693545725e-21
5.693262012971579e-21
8.203331080447371e-21
1.180379787088495e-20
1.696118013286071e-20
2.433848574555579e-20
3.487661973105218e-20
4.990899562119822e-20
7.132260141692205e-20
1.01784018612676e-19
1.450562404489801e-19
2.064419082426056e-19
2.934027210313606e-19
4.164236842178435e-19
5.902173552943493e-19
8.353990655290483e-19
1.180814179694707e-18
1.666767486728279e-18
2.349494446983874e-18
3.307348296419507e-18
4.649343995144153e-18
6.526943896785407e-18
9.150285170951393e-18
1.281049982449444e-17
1.791035946845947e-17
2.500629692038234e-17
3.486594736924083e-17
4.854680663426357e-17
6.750360251716182e-17
9.373471735108001e-17
1.299814012162393e-16
1.799986570469363e-16
2.489228132259824e-16
3.437696716019175e-16
4.741085339567879e-16
6.52973252115367e-16
8.980911404027239e-16
1.233538633888529e-15
1.691969276205909e-15
2.317605386981591e-15
3.170252468610293e-15
4.330672783272108e-15
5.907775709742625e-15
8.048217379542401e-15
1.094920103883587e-14
1.487551469264888e-14
2.018219304785601e-14
2.734458675929165e-14
3.699822295321481e-14
4.999156267442885e-14
6.745571847410411e-14
9.089643371752026e-14
1.223153116335432e-13
1.643691964221122e-13
2.205796987122047e-13
2.956077765382814e-13
3.956135549362805e-13
5.287266935036228e-13
7.05660573377398e-13
9.405127501457833e-13
1.251807251606563e-12
1.66384917996143e-12
2.208481661436501e-12
2.927363429786056e-12
3.874915145696267e-12
5.122124512729753e-12
6.76145381003912e-12
8.913159273149507e-12
1.173341545451789e-11
1.542474828419849e-11
2.02493959100547e-11
2.654642304589228e-11
3.475358195670353e-11
4.543517298505328e-11
5.931757168786689e-11
7.733437501489249e-11
1.006837530015403e-10
1.309010955186096e-10
1.699509699637503e-10
2.203433685510348e-10
2.852802438724211e-10
3.688401528645358e-10
4.762103489319713e-10
6.139782016134632e-10
7.904966681238079e-10
1.016340789306014e-09
1.304878982644198e-09
1.672984750733519e-09
2.14192286129844e-09
2.738451687633869e-09
3.496189115992365e-09
4.457308300231944e-09
5.674629210972171e-09
7.214206121375355e-09
9.15851483540564e-09
1.16103704428383e-08
1.469774790763267e-08
1.857968001672816e-08
2.345349336962954e-08
2.956362621375774e-08
3.721241270682185e-08
4.677318798940178e-08
5.870620611858612e-08
7.35779863703101e-08
9.208473983335352e-08
1.150806099303736e-07
1.436118424180677e-07
1.789578760735822e-07
2.226807538363573e-07
2.766844033885718e-07
3.43285620374445e-07
4.252988787811773e-07
5.261373416942661e-07
6.499338951471145e-07
8.016835977286974e-07
9.874137276710826e-07
1.214384724335105e-06
1.491327338953852e-06
1.828722361096879e-06
2.239129571535159e-06
2.737573367994628e-06
3.341995125083486e-06
4.073782292834949e-06
4.958383669873001e-06
6.026028131600469e-06
7.312553407246014e-06
8.860377420205623e-06
1.071960650733672e-05
1.294932462769793e-05
1.561907083669212e-05
1.881053503893781e-05
2.261950430693105e-05
2.715807568165474e-05
3.255718183936551e-05
3.896946509485133e-05
4.657254248741083e-05
5.557264375966042e-05
6.620876956731081e-05
7.875735900597647e-05
9.353748464491218e-05
0.0001109166332753375
0.0001313172397203743
0.0001552238099975511
0.0001831909758038819
0.0002158521092496812
0.0002539290580898523
0.0002982425794471055
0.0003497239085845649
0.0004094270698260516
0.0004785424389410764
0.0005584112368524075
0.0006505408673547208
0.0007566213607788086
0.0008785430691204965
0.001018414739519358
0.001178582780994475
0.001361651811748743
0.001570503576658666
0.001808319706469774
0.002078601391986012
0.002385190920904279
0.002732292748987675
0.003124492010101676
0.003566775005310774
0.004064545035362244
0.004623638466000557
0.005250336602330208
0.005951372440904379
0.006733941379934549
0.007605697028338909
0.008574745617806911
0.009649637155234814
0.01083934679627419
0.01215324830263853
0.01360107772052288
0.01519289053976536
0.01693899929523468
0.01884992048144341
0.02093628980219364
0.02320875972509384
0.02567791752517223
0.02835415489971638
0.03124754317104816
0.03436768054962158
0.03772355616092682
0.04132337495684624
0.04517435654997826
0.04928258433938026
0.05365278199315071
0.05828812718391418
0.06319005787372589
0.06835803389549255
0.07378935813903809
0.07947898656129837
0.08541931957006454
0.09160008281469345
0.09800812602043152
0.1046273410320282
0.1114385426044464
0.118419460952282
0.1255446374416351
0.1327855437994003
0.1401106715202332
0.1474855542182922
0.1548730432987213
0.1622335761785507
0.1695254743099213
0.1767052561044693
0.1837282180786133
0.1905487030744553
0.1971208602190018
0.2033991664648056
0.209339052438736
0.2148976176977158
0.220034196972847
0.2247112393379211
0.228894904255867
0.2325558066368103
0.2356696128845215
0.238217681646347
0.2401876151561737
0.2415737509727478
0.242377445101738
0.2426074296236038
0.2422799468040466
0.241418719291687
0.2400548160076141
0.2382264286279678
0.2359784841537476
0.233362004160881
0.2304334342479706
0.2272537499666214
0.22388756275177
0.22040194272995
0.2168653011322021
0.2133461385965347
0.2099116593599319
0.2066266238689423
0.203551858663559
0.2007430493831635
0.1982495337724686
0.1961130946874619
0.1943671405315399
0.193035751581192
0.1921330541372299
0.1916628032922745
0.1916180849075317
0.1919814646244049
0.1927251070737839
0.1938114017248154
0.1951936930418015
0.1968172341585159
0.1986204534769058
0.2005363553762436
0.2024940401315689
0.2044204771518707
0.206242248415947
0.2078873664140701
0.2092870622873306
0.2103776186704636
0.2111019790172577
0.2114111632108688
0.2112656384706497
0.2106362879276276
0.2095052897930145
0.2078663855791092
0.2057251334190369
0.2030986845493317
0.2000152617692947
0.1965134143829346
0.1926407665014267
0.1884526908397675
0.1840107440948486
0.1793809086084366
0.1746316850185394
0.1698322594165802
0.1650505661964417
0.1603514403104782
0.1557949185371399
0.1514348089694977
0.1473172903060913
0.1434800028800964
0.1399513334035873
0.1367500424385071
0.1338851749897003
0.131356343626976
0.1291543543338776
0.127262070775032
0.1256554871797562
0.1243050992488861
0.1231773421168327
0.1222361400723457
0.1214444413781166
0.1207657530903816
0.120165579020977
0.1196126639842987
0.119080014526844
0.1185457706451416
0.1179936900734901
0.1174134090542793
0.1168003901839256
0.1161555722355843
0.1154848039150238
0.114797979593277
0.1141080558300018
0.1134299337863922
0.1127792522311211
0.1121711507439613
0.111619159579277
0.1111341416835785
0.1107233986258507
0.1103900298476219
0.1101325079798698
0.1099445223808289
0.1098151206970215
0.109729066491127
0.1096674799919128
0.1096087694168091
0.1095295920968056
0.1094060763716698
0.109215036034584
0.1089351922273636
0.1085483580827713
0.1080404594540596
0.1074024066329002
0.1066307425498962
0.1057279631495476
0.1047026440501213
0.1035691574215889
0.1023472100496292
0.1010610833764076
0.09973853081464767
0.09840965270996094
0.09710549563169479
0.09585671871900558
0.09469214081764221
0.09363742917776108
0.09271391481161118
0.0919375866651535
0.09131835401058197
0.09085956215858459
0.09055788815021515
0.09040345996618271
0.09038032591342926
0.09046722948551178
0.09063864499330521
0.09086596965789795
0.09111883491277695
0.09136658906936646
0.09157966822385788
0.09173098206520081
0.09179709851741791
0.0917593389749527
0.09160448610782623
0.09132532030344009
0.09092080593109131
0.09039602428674698
0.08976174145936966
0.08903372287750244
0.08823186159133911
0.08737906068563461
0.08650004863739014
0.08562007546424866
0.08476367592811584
0.08395347744226456
0.08320909738540649
0.08254630118608475
0.08197633177042007
0.08150552213191986
0.08113516122102737
0.08086159825325012
0.0806766077876091
0.08056807518005371
0.08052066713571548
0.08051681518554688
0.08053774386644363
0.08056448400020599
0.08057884871959686
0.08056440204381943
0.08050718158483505
0.08039640635251999
0.08022483438253403
0.0799889862537384
0.07968916743993759
0.0793292298913002
0.07891625910997391
0.07845990359783173
0.07797182351350784
0.07746484875679016
0.07695227116346359
0.07644705474376678
0.07596112787723541
0.07550475746393204
0.07508606463670731
0.07471071928739548
0.07438172399997711
0.07409939169883728
0.07386148720979691
0.07366348803043365
0.07349901646375656
0.07336028665304184
0.07323864102363586
0.07312510907649994
0.07301092892885208
0.07288810610771179
0.0727497786283493
0.07259055972099304
0.07240680605173111
0.07219666987657547
0.07196009904146194
0.07169878482818604
0.07141587883234024
0.07111572474241257
0.07080351561307907
0.0704849511384964
0.07016581296920776
0.06985160708427429
0.06954728066921234
0.06925689429044724
0.06898348033428192
0.06872888654470444
0.06849375367164612
0.06827757507562637
0.06807877123355865
0.06789490580558777
0.0677228569984436
0.06755907088518143
0.06739984452724457
0.06724154204130173
0.06708082556724548
0.0669148787856102
0.06674152612686157
0.06655928492546082
0.0663674995303154
0.0661662369966507
0.06595630198717117
0.06573908776044846
0.06551643460988998
0.06529049575328827
0.06506357342004776
0.06483793258666992
0.06461565941572189
0.06439855694770813
0.06418801844120026
0.0639849528670311
0.06378979235887527
0.0636024996638298
0.06342253834009171
0.06324905157089233
0.06308084726333618
0.06291657686233521
0.06275478005409241
0.06259403377771378
0.06243302300572395
0.062270637601614
0.06210603192448616
0.06193864718079567
0.06176825612783432
0.06159491837024689
0.06141898408532143
0.0612410232424736
0.06106177717447281
0.0608820952475071
0.0607028640806675
0.06052492931485176
0.06034905835986137
0.06017587333917618
0.06000581756234169
0.0598391592502594
0.05967595055699348
0.0595160573720932
0.05935919657349586
0.05920494347810745
0.05905279144644737
0.05890217050909996
0.05875252932310104
0.05860333517193794
0.05845415219664574
0.05830463394522667
0.05815454944968224
0.05800380557775497
0.05785241723060608
0.0577005073428154
0.05754830688238144
0.05739608779549599
0.0572441965341568
0.05709295719861984
0.05694270133972168
0.05679371580481529
0.05664621666073799
0.05650035291910172
0.05635619536042213
0.05621374025940895
0.056072898209095
0.05593353137373924
0.05579545721411705
0.05565844848752022
0.05552228540182114
0.0553867444396019
0.05525164678692818
0.05511683598160744
0.05498220026493073
0.05484769120812416
0.05471329763531685
0.05457905679941177
0.0544450543820858
0.05431138724088669
0.05417818576097488
0.05404557660222054
0.05391368269920349
0.05378260836005211
0.05365242809057236
0.05352319777011871
0.05339492484927177
0.05326760187745094
0.05314117670059204
0.0530155636370182
0.05289067327976227
0.05276640504598618
0.05264265090227127
0.05251931399106979
0.05239629000425339
0.05227350071072578
0.05215087532997131
0.0520283579826355
0.05190591514110565
0.05178352817893028
0.0516611635684967
0.05153880640864372
0.05141642317175865
0.05129398033022881
0.05117141455411911
0.0510486364364624
0.05092552676796913
0.05080194771289825
0.05067770555615425
0.05055256932973862
0.05042628198862076
0.0502985417842865
0.05016900599002838
0.05003728717565536
0.04990294948220253
0.04976551979780197
0.04962447285652161
0.04947922006249428
0.04932910948991776
0.04917342588305473
0.04901136830449104
0.04884205013513565
0.04866448044776917
0.04847754165530205
0.04828000068664551
0.04807047545909882
0.0478474460542202
0.04760921001434326
0.04735388979315758
0.0470794178545475
0.04678352177143097
0.04646369814872742
0.04611723124980927
0.04574114084243774
0.04533220827579498
0.04488694295287132
0.04440156742930412
0.04387200996279716
0.04329391196370125
0.04266259074211121
0.0419730618596077
0.04122000187635422
0.0403977744281292
0.03950041532516479
0.03852162137627602
0.03745477646589279
0.03629297018051147
0.03502898663282394
0.03365535289049149
0.03216434642672539
0.03054803982377052
0.02879834547638893
0.02690704353153706
0.02486584894359112
0.02266648225486279
0.02030071243643761
0.01776045747101307
0.01503785885870457
0.01212537009268999
0.009015855379402637
0.005702700465917587
0.00217991485260427
-0.001557747018523514
-0.005514667835086584
-0.009694240987300873
-0.01409874111413956
-0.0187292005866766
-0.02358527667820454
-0.02866513095796108
-0.03396530076861382
-0.03948059678077698
-0.04520397633314133
-0.05112646147608757
-0.05723704397678375
-0.06352262943983078
-0.06996797770261765
-0.07655566930770874
-0.08326611667871475
-0.09007756412029266
-0.09696613252162933
-0.1039059013128281
-0.1108689978718758
-0.1178257614374161
-0.1247449070215225
-0.1315936744213104
-0.1383381187915802
-0.1449433416128159
-0.1513738334178925
-0.1575937718153
-0.1635674387216568
-0.1692594289779663
-0.1746352910995483
-0.1796617954969406
-0.1843073964118958
-0.1885426789522171
-0.1923407912254333
-0.195677861571312
-0.1985335052013397
-0.2008911222219467
-0.2027382850646973
-0.2040671408176422
-0.2048745304346085
-0.2051623612642288
-0.2049377113580704
-0.204212948679924
-0.2030056715011597
-0.2013388127088547
-0.1992403268814087
-0.1967430114746094
-0.1938841491937637
-0.1907051354646683
-0.1872508525848389
-0.1835692077875137
-0.1797103881835938
-0.1757261157035828
-0.1716688722372055
-0.1675910204648972
-0.1635439246892929
-0.1595770865678787
-0.1557372063398361
-0.1520673036575317
-0.1486059576272964
-0.1453865319490433
-0.1424364149570465
-0.1397764980792999
-0.1374206990003586
-0.1353756338357925
-0.1336403787136078
-0.1322065144777298
-0.1310581862926483
-0.1301724910736084
-0.1295198947191238
-0.1290649026632309
-0.1287667155265808
-0.128580316901207
-0.1284574121236801
-0.1283476054668427
-0.1281996518373489
-0.1279626488685608
-0.1275874674320221
-0.1270279139280319
-0.126241996884346
-0.1251931190490723
-0.1238511130213737
-0.1221931725740433
-0.1202046424150467
-0.1178795248270035
-0.1152209118008614
-0.1122410371899605
-0.108961209654808
-0.1054114922881126
-0.1016301065683365
-0.09766263514757156
-0.09356095641851425
-0.08938208222389221
-0.08518677204847336
-0.08103801310062408
-0.07699942588806152
-0.07313360273838043
-0.06950048357248306
-0.06615571677684784
-0.06314916908740997
-0.06052353605628014
-0.05831312015652657
-0.05654285103082657
-0.05522752925753593
-0.05437136813998222
-0.05396780744194984
-0.0539996549487114
-0.0544394813477993
-0.05525035411119461
-0.05638682469725609
-0.05779615417122841
-0.05941976979374886
-0.06119487062096596
-0.06305616348981857
-0.06493767350912094
-0.06677457690238953
-0.0685049444437027
-0.07007147371768951
-0.0714230015873909
-0.07251584529876709
-0.07331492751836777
-0.07379463315010071
-0.07393935322761536
-0.07374372333288193
-0.07321254163980484
-0.07236043363809586
-0.07121110707521439
-0.06979644298553467
-0.06815532594919205
-0.06633221358060837
-0.06437560170888901
-0.06233641877770424
-0.06026634573936462
-0.05821613967418671
-0.05623403936624527
-0.05436431989073753
-0.05264598876237869
-0.05111168324947357
-0.04978683218359947
-0.0486891008913517
-0.04782808199524879
-0.04720531776547432
-0.04681453853845596
-0.04664225503802299
-0.04666849598288536
-0.04686779528856277
-0.04721029475331306
-0.04766303300857544
-0.04819123819470406
-0.04875962808728218
-0.04933371022343636
-0.0498809851706028
-0.05037200823426247
-0.05078128725290298
-0.05108801648020744
-0.05127657949924469
-0.05133682861924171
-0.05126417055726051
-0.05105937272310257
-0.05072825029492378
-0.0502810999751091
-0.04973206296563148
-0.04909829422831535
-0.04839912056922913
-0.0476551279425621
-0.04688724875450134
-0.0461159273982048
-0.04536032676696777
-0.04463761299848557
-0.04396243020892143
-0.04334647580981255
-0.04279820621013641
-0.04232276603579521
-0.04192199930548668
-0.04159463196992874
-0.04133655875921249
-0.04114124923944473
-0.04100022464990616
-0.04090356454253197
-0.04084045439958572
-0.04079974442720413
-0.04077042639255524
-0.04074211046099663
-0.04070543125271797
-0.04065234214067459
-0.04057634994387627
-0.04047261923551559
-0.04033805429935455
-0.04017120972275734
-0.0399722121655941
-0.03974254056811333
-0.03948482498526573
-0.03920258581638336
-0.03889996930956841
-0.03858145326375961
-0.0382516160607338
-0.03791490942239761
-0.03757546842098236
-0.03723695874214172
-0.03690249845385551
-0.036574587225914
-0.0362551175057888
-0.03594539687037468
-0.03564620390534401
-0.03535788506269455
-0.0350804440677166
-0.03481364250183105
-0.03455710411071777
-0.03431038558483124
-0.03407305479049683
-0.03384473919868469
-0.03362514078617096
-0.03341405466198921
-0.03321132808923721
-0.03301684558391571
-0.03283046931028366
-0.03265200182795525
-0.0324811227619648
-0.03231734782457352
-0.03216000646352768
-0.03200820833444595
-0.03186085820198059
-0.03171666711568832
-0.03157420828938484
-0.03143194690346718
-0.03128833323717117
-0.03114186227321625
-0.03099117055535316
-0.03083510883152485
-0.03067280538380146
-0.03050373494625092
-0.03032774664461613
-0.03014509007334709
-0.02995640225708485
-0.02976268529891968
-0.02956525050103664
-0.02936565317213535
-0.0291656106710434
-0.02896690368652344
-0.02877127937972546
-0.02858036197721958
-0.02839555405080318
-0.02821796759963036
-0.02804836072027683
-0.02788710407912731
-0.02773416601121426
-0.02758912183344364
-0.02745118550956249
-0.02731926925480366
-0.02719204314053059
-0.02706802263855934
-0.02694565989077091
-0.02682342380285263
-0.02669990435242653
-0.02657387033104897
-0.02644435502588749
-0.02631068602204323
-0.02617252245545387
-0.02602985873818398
-0.0258830152451992
-0.02573260851204395
-0.02557949349284172
-0.02542471140623093
-0.02526941709220409
-0.02511481009423733
-0.0249620508402586
-0.02481219917535782
-0.02466615661978722
-0.02452460862696171
-0.02438799664378166
-0.02425649575889111
-0.02413001656532288
-0.02400821819901466
-0.0238905344158411
-0.0237762238830328
-0.02366440929472446
-0.02355414628982544
-0.02344447374343872
-0.02333447895944118
-0.02322334982454777
-0.02311041764914989
-0.02299520745873451
-0.02287744171917439
-0.02275706641376019
-0.02263424545526505
-0.02250933647155762
-0.02238287404179573
-0.02225552499294281
-0.022128039970994
-0.02200120873749256
-0.02187580056488514
-0.02175252325832844
-0.02163196541368961
-0.02151457220315933
-0.02140060253441334
-0.0212901271879673
-0.02118302322924137
-0.02107898890972137
-0.02097755670547485
-0.0208781361579895
-0.02078005485236645
-0.02068260684609413
-0.02058510296046734
-0.02048691920936108
-0.02038753777742386
-0.02028658054769039
-0.02018383890390396
-0.02007928863167763
-0.01997308060526848
-0.01986552588641644
-0.01975707523524761
-0.01964827999472618
-0.01953974366188049
-0.01943208649754524
-0.01932587847113609
-0.01922161318361759
-0.01911965757608414
-0.01902022957801819
-0.01892339438199997
-0.01882904022932053
-0.01873691193759441
-0.01864662393927574
-0.01855769939720631
-0.01846960186958313
-0.01838180050253868
-0.01829378865659237
-0.01820514537394047
-0.01811555400490761
-0.01802483201026917
-0.0179329439997673
-0.01783999241888523
-0.01774620823562145
-0.01765192113816738
-0.01755752973258495
-0.01746346987783909
-0.01737016439437866
-0.01727799326181412
-0.01718725450336933
-0.01709815301001072
-0.0170107763260603
-0.01692509278655052
-0.01684096455574036
-0.01675816066563129
-0.01667638495564461
-0.01659530587494373
-0.01651458628475666
-0.01643391512334347
-0.01635303907096386
-0.01627177745103836
-0.01619003713130951
-0.01610780507326126
-0.01602516323328018
-0.01594226062297821
-0.01585929468274117
-0.0157764907926321
-0.01569408364593983
-0.01561228465288877
-0.01553127449005842
-0.01545117422938347
-0.01537204813212156
-0.01529389619827271
-0.01521666534245014
-0.01514025125652552
-0.01506451703608036
-0.01498931180685759
-0.01491448376327753
-0.014839893206954
-0.01476542837917805
-0.01469101384282112
-0.01461661327630281
-0.01454222202301025
-0.01446787733584642
-0.01439363695681095
-0.01431957725435495
-0.01424577925354242
-0.0141723221167922
-0.01409927569329739
-0.01402669306844473
-0.01395460404455662
-0.01388302072882652
-0.01381193194538355
-0.0137413153424859
-0.01367113552987576
-0.01360135339200497
-0.01353192888200283
-0.01346282474696636
-0.01339401118457317
-0.01332546677440405
-0.01325718127191067
-0.01318914629518986
-0.01312136650085449
-0.0130538446828723
-0.01298658829182386
-0.01291960570961237
-0.01285290159285069
-0.01278648152947426
-0.01272034551948309
-0.01265449449419975
-0.0125889265909791
-0.01252364553511143
-0.01245865132659674
-0.0123939486220479
-0.01232954207807779
-0.01226543728262186
-0.01220163702964783
-0.01213814876973629
-0.0120749706402421
-0.01201210170984268
-0.01194953452795744
-0.01188726164400578
-0.01182527188211679
-0.0117635503411293
-0.01170208305120468
-0.01164085511118174
-0.01157985720783472
-0.01151908282190561
-0.01145852822810411
-0.01139819342643023
-0.01133808586746454
-0.01127821207046509
-0.01121858507394791
-0.01115921325981617
-0.0111001068726182
-0.01104127429425716
-0.01098271831870079
-0.01092443894594908
-0.01086643431335688
-0.01080869603902102
-0.0107512166723609
-0.01069398503750563
-0.01063699088990688
-0.0105802258476615
-0.01052367966622114
-0.01046734862029552
-0.01041122991591692
-0.01035532355308533
-0.01029963046312332
-0.01024415716528893
-0.01018890738487244
-0.0101338867098093
-0.01007910165935755
-0.01002455689013004
-0.009970256127417088
-0.009916200302541256
-0.009862393140792847
-0.009808835573494434
-0.009755528531968594
-0.009702472016215324
-0.009649667888879776
-0.009597117081284523
-0.009544825181365013
-0.009492798708379269
-0.009441046044230461
-0.009389579296112061
-0.009338413365185261
-0.00928756408393383
-0.009237052872776985
-0.009186901152133942
-0.009137135930359364
-0.009087787941098213
-0.009038889780640602
-0.008990476839244366
-0.008942591026425362
-0.008895277976989746
-0.008848589845001698
-0.008802584372460842
-0.008757324889302254
-0.008712883107364178
-0.008669335395097733
-0.008626770228147507
-0.008585278876125813
-0.008544963784515858
-0.008505932986736298
-0.00846830103546381
-0.008432191796600819
-0.008397738449275494
-0.008365077897906303
-0.008334352634847164
-0.008305712603032589
-0.008279316127300262
-0.008255322463810444
-0.008233890868723392
-0.008215183392167091
-0.008199355565011501
-0.008186561986804008
-0.008176950737833977
-0.008170658722519875
-0.0081678107380867
-0.008168515749275684
-0.008172866888344288
-0.008180933073163033
-0.008192760869860649
-0.008208367973566055
-0.008227741345763206
-0.008250835351645947
-0.008277568966150284
-0.008307822048664093
-0.008341438136994839
-0.008378219790756702
-0.008417930454015732
-0.008460295386612415
-0.008504998870193958
-0.00855169165879488
-0.008599990978837013
-0.008649485185742378
-0.008699739351868629
-0.008750298991799355
-0.008800696581602097
-0.008850462734699249
-0.008899124339222908
-0.008946225047111511
-0.00899132527410984
-0.009034008719027042
-0.009073895402252674
-0.009110649116337299
-0.009143981151282787
-0.009173656813800335
-0.00919950008392334
-0.009221399202942848
-0.00923930574208498
-0.009253237396478653
-0.009263279847800732
-0.009269578382372856
-0.009272339753806591
-0.009271823801100254
-0.009268336929380894
-0.009262224659323692
-0.009253861382603645
-0.009243642911314964
-0.009231977164745331
-0.009219269268214703
-0.009205919690430164
-0.009192311204969883
-0.009178804233670235
-0.009165727533400059
-0.009153376333415508
-0.009142003022134304
-0.009131821803748608
-0.009123004972934723
-0.00911568570882082
-0.009109959006309509
-0.009105885401368141
-0.009103495627641678
-0.009102793410420418
-0.009103761985898018
-0.009106367826461792
-0.00911056250333786
-0.009116288274526596
-0.009123477153480053
-0.00913205835968256
-0.009141948074102402
-0.009153052233159542
-0.0091652637347579
-0.009178459644317627
-0.009192496538162231
-0.009207211434841156
-0.009222413413226604
-0.009237886406481266
-0.009253391064703465
-0.009268661960959435
-0.009283419698476791
-0.009297370910644531
-0.009310225956141949
-0.009321700781583786
-0.0093315364792943
-0.009339511394500732
-0.009345453232526779
-0.009349253959953785
-0.009350882843136787
-0.00935039296746254
-0.009347924962639809
-0.009343711659312248
-0.009338072501122952
-0.009331404231488705
-0.009324170649051666
-0.009316882118582726
-0.009310073219239712
-0.00930427759885788
-0.009300000965595245
-0.009297695010900497
-0.009297730401158333
-0.009300375357270241
-0.009305771440267563
-0.00931392889469862
-0.009324715472757816
-0.00933785829693079
-0.00935295969247818
-0.009369510225951672
-0.00938691571354866
-0.009404530748724937
-0.009421687573194504
-0.0094377426430583
-0.009452109225094318
-0.009464293718338013
-0.00947392825037241
-0.009480792097747326
-0.009484829381108284
-0.009486149996519089
-0.009485029615461826
-0.009481888264417648
-0.009477272629737854
-0.009471816942095757
-0.009466205723583698
-0.00946112722158432
-0.009457233361899853
-0.009455095045268536
-0.009455166757106781
-0.009457754902541637
-0.009463000111281872
-0.009470869787037373
-0.00948115810751915
-0.009493505582213402
-0.00950742419809103
-0.009522324427962303
-0.009537568315863609
-0.009552507661283016
-0.0095665343105793
-0.009579111821949482
-0.009589825756847858
-0.009598400443792343
-0.009604722261428833
-0.009608841501176357
-0.009610967710614204
-0.00961145106703043
-0.00961074884980917
-0.009609394706785679
-0.009607954882085323
-0.009606984443962574
-0.009606987237930298
-0.009608374908566475
-0.009611445479094982
-0.009616357274353504
-0.009623125195503235
-0.009631620720028877
-0.009641589596867561
-0.00965267326682806
-0.009664444252848625
-0.009676437824964523
-0.00968819297850132
-0.009699287824332714
-0.009709375910460949
-0.009718205779790878
-0.009725639596581459
-0.009731663390994072
-0.00973637867718935
-0.009739990346133709
-0.009742784313857555
-0.009745102375745773
-0.009747309610247612
-0.009749765507876873
-0.009752788580954075
-0.009756634943187237
-0.009761478751897812
-0.009767401032149792
-0.009774385951459408
-0.009782330133020878
-0.009791052900254726
-0.009800318628549576
-0.009809858165681362
-0.00981939397752285
-0.009828669019043446
-0.009837464429438114
-0.009845619089901447
-0.009853039868175983
-0.009859702549874783
-0.009865656495094299
-0.009871014393866062
-0.009875933639705181
-0.009880606085062027
-0.009885231964290142
-0.009890002198517323
-0.009895084425806999
-0.009900609031319618
-0.009906653314828873
-0.009913245216012001
-0.009920358657836914
-0.009927921928465366
-0.009935826994478703
-0.009943941608071327
-0.009952124208211899
-0.009960239753127098
-0.009968169033527374
-0.00997581984847784
-0.009983137249946594
-0.00999009981751442
-0.009996724314987659
-0.01000306010246277
-0.01000918261706829
-0.01001518033444881
-0.01002114731818438
-0.01002717483788729
-0.01003334205597639
-0.01003970671445131
-0.01004630606621504
-0.01005314942449331
-0.01006022095680237
-0.01006748527288437
-0.01007489021867514
-0.01008237525820732
-0.010089878924191
-0.01009734161198139
-0.01010471861809492
-0.01011197082698345
-0.01011908147484064
-0.01012604776769876
-0.01013288088142872
-0.01013960875570774
-0.01014626584947109
-0.01015289127826691
-0.01015952229499817
-0.01016619335860014
-0.01017293334007263
-0.01017975807189941
-0.01018667407333851
-0.01019367668777704
-0.01020075473934412
-0.01020789053291082
-0.01021505799144506
-0.01022223103791475
-0.0102293835952878
-0.01023649424314499
-0.01024354621767998
-0.01025052554905415
-0.01025742758065462
-0.01026425138115883
-0.01027100067585707
-0.01027768105268478
-0.0102842990309
-0.01029085926711559
-0.01029736734926701
-0.01030382141470909
-0.01031021680682898
-0.01031654234975576
-0.01032277941703796
-0.01032890379428864
-0.01033488940447569
-0.01034070271998644
-0.0103463064879179
-0.01035165879875422
-0.01035671774297953
-0.01036143861711025
-0.01036577299237251
-0.01036967243999243
-0.01037308294326067
-0.01037595141679049
-0.0103782182559371
-0.01037981919944286
-0.01038068719208241
-0.01038074679672718
-0.01037991512566805
-0.01037810649722815
-0.01037522684782743
-0.01037117652595043
-0.0103658540174365
-0.01035915035754442
-0.01035095471888781
-0.01034115627408028
-0.01032964233309031
-0.01031630579382181
-0.01030103862285614
-0.01028374582529068
-0.01026433520019054
-0.01024272944778204
-0.01021886523813009
-0.01019269041717052
-0.01016417611390352
-0.01013331208378077
-0.01010011043399572
-0.01006460934877396
-0.01002687495201826
-0.009987001307308674
-0.009945111349225044
-0.009901363402605057
-0.009855947457253933
-0.009809087030589581
-0.009761039167642593
-0.009712089784443378
-0.009662559255957603
-0.009612794034183025
-0.009563162922859192
-0.009514053352177143
-0.009465865790843964
-0.009419005364179611
-0.009373878128826618
-0.009330879896879196
-0.009290385060012341
-0.009252742864191532
-0.009218265302479267
-0.00918721966445446
-0.009159816429018974
-0.009136207401752472
-0.009116473607718945
-0.009100623428821564
-0.009088586084544659
-0.009080206975340843
-0.009075256064534187
-0.00907342042773962
-0.009074314497411251
-0.009077482856810093
-0.009082413278520107
-0.009088545106351376
-0.009095281362533569
-0.009102008305490017
-0.009108107537031174
-0.009112977422773838
-0.009116046130657196
-0.009116796776652336
-0.009114780463278294
-0.009109632112085819
-0.009101084433495998
-0.009088980965316296
-0.009073281660676003
-0.009054068475961685
-0.009031542576849461
-0.009006023406982422
-0.008977937512099743
-0.008947805501520634
-0.008916228078305721
-0.008883857168257236
-0.008851381950080395
-0.00881949532777071
-0.008788872510194778
-0.008760142140090466
-0.008733859285712242
-0.008710489608347416
-0.008690379559993744
-0.008673748932778835
-0.008660675026476383
-0.008651093579828739
-0.008644796907901764
-0.008641448803246021
-0.008640587329864502
-0.00864165835082531
-0.008644033223390579
-0.008647037670016289
-0.008649988099932671
-0.008652220480144024
-0.008653124794363976
-0.008652177639305592
-0.008648961782455444
-0.008643195033073425
-0.008634736761450768
-0.008623602800071239
-0.008609961718320847
-0.008594127371907234
-0.008576542139053345
-0.008557752706110477
-0.00853838212788105
-0.008519096300005913
-0.008500565774738789
-0.008483429439365864
-0.0084682647138834
-0.008455549366772175
-0.008445636369287968
-0.008438736200332642
-0.008434902876615524
-0.008434036746621132
-0.008435889147222042
-0.008440075442194939
-0.008446103893220425
-0.008453398942947388
-0.008461344987154007
-0.008469314314424992
-0.008476713672280312
-0.008483014069497585
-0.008487782441079617
-0.008490709587931633
-0.008491619490087032
-0.008490485139191151
-0.008487418293952942
-0.008482666686177254
-0.008476585149765015
-0.008469611406326294
-0.008462230674922466
-0.008454942144453526
-0.008448224514722824
-0.00844249501824379
-0.008438081480562687
-0.00843520276248455
-0.008433949202299118
-0.008434275165200233
-0.008436010219156742
-0.008438868448138237
-0.008442466147243977
-0.008446356281638145
-0.00845006387680769
-0.008453110232949257
-0.008455058559775352
-0.008455540053546429
-0.008454280905425549
-0.008451119065284729
-0.008446016348898411
-0.008439057506620884
-0.008430439978837967
-0.008420455269515514
-0.008409468457102776
-0.008397886529564857
-0.008386123925447464
-0.008374573662877083
-0.008363578468561172
-0.008353405632078648
-0.008344231173396111
-0.008336127735674381
-0.008329067379236221
-0.008322928100824356
-0.008317511528730392
-0.008312562480568886
-0.008307799696922302
-0.008302939124405384
-0.008297719992697239
-0.008291935548186302
-0.008285447955131531
-0.008278194814920425
-0.008270206861197948
-0.008261589333415031
-0.008252521045506001
-0.008243235759437084
-0.008233996108174324
-0.008225072175264359
-0.008216717280447483
-0.008209142833948135
-0.008202502503991127
-0.00819687731564045
-0.008192272856831551
-0.008188615553081036
-0.008185764774680138
-0.008183524012565613
-0.008181659504771233
-0.008179925382137299
-0.008178078569471836
-0.008175906725227833
-0.008173238486051559
-0.008169959299266338
-0.008166011422872543
-0.008161404170095921
-0.008156199008226395
-0.008150503970682621
-0.008144456893205643
-0.008138209581375122
-0.008131910115480423
-0.008125685155391693
-0.008119631558656693
-0.008113805204629898
-0.008108215406537056
-0.008102830499410629
-0.008097581565380096
-0.008092371746897697
-0.008087093010544777
-0.008081631734967232
-0.008075893856585026
-0.008069811388850212
-0.008063345216214657
-0.008056499995291233
-0.008049317635595798
-0.008041875436902046
-0.008034281432628632
-0.008026660420000553
-0.008019142784178257
-0.008011851459741592
-0.008004890754818916
-0.007998337037861347
-0.007992235943675041
-0.007986593060195446
-0.007981382310390472
-0.00797654502093792
-0.007972000166773796
-0.00796765461564064
-0.007963411509990692
-0.00795917771756649
-0.007954876869916916
-0.007950454019010067
-0.007945872843265533
-0.007941123098134995
-0.00793621689081192
-0.007931179367005825
-0.007926048710942268
-0.007920864969491959
-0.007915659807622433
-0.007910460233688354
-0.007905278354883194
-0.007900114171206951
-0.007894950918853283
-0.007889760658144951
-0.007884508930146694
-0.007879158481955528
-0.007873677648603916
-0.007868040353059769
-0.007862233556807041
-0.007856260053813457
-0.00785013847053051
-0.007843905128538609
-0.007837601937353611
-0.007831282913684845
-0.007825003005564213
-0.007818818092346191
-0.007812771014869213
-0.007806895766407251
-0.007801212836056948
-0.007795728277415037
-0.007790432777255774
-0.007785306312143803
-0.007780318614095449
-0.007775434758514166
-0.00777061702683568
-0.007765831425786018
-0.007761047687381506
-0.007756242994219065
-0.007751402910798788
-0.007746519520878792
-0.007741590961813927
-0.007736620493233204
-0.007731613237410784
-0.007726573850959539
-0.007721505127847195
-0.007716407999396324
-0.007711277808994055
-0.007706109900027514
-0.007700895890593529
-0.007695626467466354
-0.007690295577049255
-0.007684899494051933
-0.007679439149796963
-0.007673921063542366
-0.007668356876820326
-0.007662764750421047
-0.00765716377645731
-0.007651576306670904
-0.007646026089787483
-0.007640532683581114
-0.007635112851858139
-0.007629778701812029
-0.007624536752700806
-0.007619386073201895
-0.007614321541041136
-0.007609331514686346
-0.007604403421282768
-0.007599520497024059
-0.007594665512442589
-0.00758982403203845
-0.007584982551634312
-0.007580132223665714
-0.007575264200568199
-0.007570372428745031
-0.0075654536485672
-0.00756050692871213
-0.007555531803518534
-0.007550528272986412
-0.007545497734099627
-0.007540440652519464
-0.007535357959568501
-0.007530250586569309
-0.00752512039616704
-0.007519970182329416
-0.007514804601669312
-0.007509628776460886
-0.007504448294639587
-0.007499271538108587
-0.007494107820093632
-0.007488965056836605
-0.007483851164579391
-0.007478772662580013
-0.007473735138773918
-0.007468740921467543
-0.007463790476322174
-0.007458881940692663
-0.00745401019230485
-0.007449168711900711
-0.0074443519115448
-0.007439551409333944
-0.00743475928902626
-0.007429969497025013
-0.007425175979733467
-0.007420371752232313
-0.007415555417537689
-0.007410723250359297
-0.007405874319374561
-0.007401009555906057
-0.007396129425615072
-0.007391236256808043
-0.00738633144646883
-0.007381418719887733
-0.007376499939709902
-0.007371577899903059
-0.007366657257080078
-0.007361740805208683
-0.007356833200901747
-0.007351938169449568
-0.007347057573497295
-0.007342194207012653
-0.007337352260947227
-0.007332531735301018
-0.007327733095735312
-0.007322957273572683
-0.007318202871829271
-0.007313468027859926
-0.007308749947696924
-0.007304044906049967
-0.007299348711967468
-0.007294658571481705
-0.00728997029364109
-0.007285280618816614
-0.007280587684363127
-0.007275889627635479
-0.007271185982972383
-0.007266475819051266
-0.007261758670210838
-0.007257037330418825
-0.007252311334013939
-0.007247583474963903
-0.007242854684591293
-0.007238129153847694
-0.007233407814055681
-0.007228692062199116
-0.007223985623568296
-0.007219288963824511
-0.007214604411274195
-0.007209932431578636
-0.00720527395606041
-0.00720062805339694
-0.007195996586233377
-0.007191378157585859
-0.007186771370470524
-0.007182174827903509
-0.007177587598562241
-0.007173007354140282
-0.00716843269765377
-0.00716386130079627
-0.007159292232245207
-0.007154723629355431
-0.007150156889110804
-0.007145589217543602
-0.007141020148992538
-0.007136451546102762
-0.007131883408874273
-0.007127315737307072
-0.007122750859707594
-0.007118189707398415
-0.007113632746040821
-0.007109080906957388
-0.007104534655809402
-0.007099996320903301
-0.007095464505255222
-0.007090940605849028
-0.007086424622684717
-0.007081916090101004
-0.0070774145424366
-0.007072919514030218
-0.007068430539220572
-0.007063947152346373
-0.007059468887746334
-0.007054994348436594
-0.00705052400007844
-0.007046055980026722
-0.007041589356958866
-0.007037123665213585
-0.007032658904790878
-0.007028194144368172
-0.00702373031526804
-0.007019267417490482
-0.007014804519712925
-0.007010341621935368
-0.00700587872415781
-0.007001415826380253
-0.006996954325586557
-0.006992493756115437
-0.006988034583628178
-0.006983575876802206
-0.006979118566960096
-0.006974661722779274
-0.006970206741243601
-0.006965752691030502
-0.006961299572139978
-0.006956847384572029
-0.006952397059649229
-0.006947948597371578
-0.006943501997739077
-0.006939057726413012
-0.006934615317732096
-0.006930175237357616
-0.006925739347934723
-0.00692130858078599
-0.006916884798556566
-0.006912468932569027
-0.006908063311129808
-0.006903670262545347
-0.00689929211512208
-0.006894931197166443
-0.00689059030264616
-0.006886270828545094
-0.006881977431476116
-0.006877712439745665
-0.006873479578644037
-0.006869283970445395
-0.006865128874778748
-0.006861016619950533
-0.006856951862573624
-0.006852937862277031
-0.006848977878689766
-0.006845076568424702
-0.0068412353284657
-0.006837456487119198
-0.006833742838352919
-0.006830096710473299
-0.006826520431786776
-0.00682301539927721
-0.006819583009928465
-0.006816222798079252
-0.00681293522939086
-0.006809720303863287
-0.006806575693190098
-0.006803500466048717
-0.00680049043148756
-0.006797542329877615
-0.006794651970267296
-0.006791813299059868
-0.006789020728319883
-0.006786266341805458
-0.006783543154597282
-0.006780840456485748
-0.006778148468583822
-0.006775456946343184
-0.006772755645215511
-0.006770032458007336
-0.006767277605831623
-0.006764477118849754
-0.006761620286852121
-0.006758695933967829
-0.006755691953003407
-0.006752597633749247
-0.006749402731657028
-0.006746096070855856
-0.006742670200765133
-0.006739115342497826
-0.006735424976795912
-0.006731592584401369
-0.00672761257737875
-0.006723480764776468
-0.006719193886965513
-0.006714749615639448
-0.006710149813443422
-0.006705392152070999
-0.006700478028506041
-0.006695408839732409
-0.006690186448395252
-0.006684815045446157
-0.00667929882183671
-0.006673641037195921
-0.006667846813797951
-0.006661920342594385
-0.006655865348875523
-0.006649686954915524
-0.006643388420343399
-0.006636972539126873
-0.006630442570894957
-0.006623799912631512
-0.0066170459613204
-0.006610182113945484
-0.006603207904845476
-0.006596123799681664
-0.006588930264115334
-0.006581626832485199
-0.00657421350479126
-0.006566692143678665
-0.006559063214808702
-0.006551328115165234
-0.006543491967022419
-0.006535559892654419
-0.006527538411319256
-0.006519435904920101
-0.00651126354932785
-0.006503032520413399
-0.006494758184999228
-0.006486455909907818
-0.006478144321590662
-0.006469843909144402
-0.006461576092988253
-0.006453364156186581
-0.006445231847465038
-0.006437206175178289
-0.006429313682019711
-0.006421580445021391
-0.006414031144231558
-0.006406691856682301
-0.006399586796760559
-0.006392738781869411
-0.006386167835444212
-0.006379891186952591
-0.006373921874910593
-0.006368271540850401
-0.006362947169691324
-0.006357952486723661
-0.006353289820253849
-0.006348954048007727
-0.006344938650727272
-0.00634123245254159
-0.006337823811918497
-0.006334695499390364
-0.006331827957183123
-0.00632920116186142
-0.006326791830360889
-0.006324576213955879
-0.0063225282356143
-0.006320622283965349
-0.0063188336789608
-0.006317134946584702
-0.006315500941127539
-0.006313908379524946
-0.006312333978712559
-0.006310755852609873
-0.006309152580797672
-0.006307505536824465
-0.006305796094238758
-0.006304007954895496
-0.00630212714895606
-0.006300139240920544
-0.006298033986240625
-0.006295799277722836
-0.006293425802141428
-0.006290905177593231
-0.006288229487836361
-0.006285392213612795
-0.006282391026616096
-0.006279221270233393
-0.006275881547480822
-0.006272371392697096
-0.006268693599849939
-0.006264852359890938
-0.006260852795094252
-0.006256705150008202
-0.006252419203519821
-0.006248007994145155
-0.006243488751351833
-0.006238880101591349
-0.006234203930944204
-0.006229483056813478
-0.006224743090569973
-0.006220011040568352
-0.006215314380824566
-0.006210681051015854
-0.006206137128174305
-0.006201709154993296
-0.006197421811521053
-0.006193298846483231
-0.006189359351992607
-0.006185618229210377
-0.006182088050991297
-0.00617877533659339
-0.006175682879984379
-0.006172808352857828
-0.006170144770294428
-0.006167680025100708
-0.006165397819131613
-0.006163278128951788
-0.006161298137158155
-0.006159430369734764
-0.006157645490020514
-0.006155914161354303
-0.006154204718768597
-0.006152485962957144
-0.006150726694613695
-0.006148899905383587
-0.006146979052573442
-0.006144942250102758
-0.006142770871520042
-0.006140450481325388
-0.0061379699036479
-0.006135324481874704
-0.00613251281902194
-0.006129538640379906
-0.006126412190496922
-0.00612314697355032
-0.006119759753346443
-0.006116269156336784
-0.006112698931246996
-0.006109073758125305
-0.006105420645326376
-0.006101764738559723
-0.00609813304618001
-0.006094550713896751
-0.006091042887419462
-0.006087631452828646
-0.006084335967898369
-0.006081174127757549
-0.006078158039599657
-0.006075297947973013
-0.006072600837796926
-0.006070068571716547
-0.006067700684070587
-0.006065492052584887
-0.006063434295356274
-0.006061515305191278
-0.006059721112251282
-0.006058034487068653
-0.006056438665837049
-0.006054913625121117
-0.0060534393414855
-0.006051995791494846
-0.0060505629517138
-0.006049120798707008
-0.00604765210300684
-0.006046140566468239
-0.006044570822268724
-0.006042932625859976
-0.006041215267032385
-0.006039412692189217
-0.006037520710378885
-0.006035537458956242
-0.006033462937921286
-0.006031300872564316
-0.006029056385159492
-0.006026736460626125
-0.006024349946528673
-0.006021906621754169
-0.006019416265189648
-0.006016890052706003
-0.006014338228851557
-0.006011771038174629
-0.006009196862578392
-0.006006624549627304
-0.006004059687256813
-0.006001506932079792
-0.005998970009386539
-0.00599644985049963
-0.005993945989757776
-0.005991456564515829
-0.005988978315144777
-0.005986508913338184
-0.005984042305499315
-0.005981574766337872
-0.005979100707918406
-0.005976617801934481
-0.00597412372007966
-0.005971615202724934
-0.005969091318547726
-0.005966554395854473
-0.005964006762951612
-0.005961451679468155
-0.005958895199000835
-0.005956342443823814
-0.005953800398856401
-0.005951276514679193
-0.005948779173195362
-0.005946315359324217
-0.005943892523646355
-0.005941517185419798
-0.005939195398241282
-0.005936931818723679
-0.005934727843850851
-0.005932585801929235
-0.005930503364652395
-0.005928478203713894
-0.005926505662500858
-0.005924579687416553
-0.005922691896557808
-0.005920834373682737
-0.005918995477259159
-0.005917164962738752
-0.005915331654250622
-0.005913482513278723
-0.005911607760936022
-0.005909695755690336
-0.005907738581299782
-0.005905727855861187
-0.005903658457100391
-0.005901527125388384
-0.005899331532418728
-0.005897073075175285
-0.005894755013287067
-0.005892382469028234
-0.005889963358640671
-0.005887506529688835
-0.005885023158043623
-0.005882524885237217
-0.0058800233528018
-0.005877532064914703
-0.00587506266310811
-0.005872626323252916
-0.005870233755558729
-0.005867893807590008
-0.005865612998604774
-0.00586339645087719
-0.005861246027052402
-0.005859161727130413
-0.005857141688466072
-0.005855181720107794
-0.005853275302797556
-0.005851412657648325
-0.005849583074450493
-0.005847775377333164
-0.005845978390425444
-0.005844178609549999
-0.005842364858835936
-0.00584052549675107
-0.005838651675730944
-0.005836735013872385
-0.005834769923239946
-0.005832753144204617
-0.005830682814121246
-0.005828562192618847
-0.005826393142342567
-0.005824181716889143
-0.00582193722948432
-0.005819668062031269
-0.005817384924739599
-0.005815098993480206
-0.005812820047140121
-0.005810558795928955
-0.005808324553072453
-0.005806124303489923
-0.005803965497761965
-0.005801852326840162
-0.005799786187708378
-0.005797767080366611
-0.005795792676508427
-0.005793857853859663
-0.005791956093162298
-0.005790080409497023
-0.005788221023976803
-0.005786369554698467
-0.005784515757113695
-0.005782649386674166
-0.005780762527137995
-0.005778846330940723
-0.005776894744485617
-0.005774902179837227
-0.005772867705672979
-0.005770789459347725
-0.005768666975200176
-0.005766504444181919
-0.005764303728938103
-0.005762070417404175
-0.005759809631854296
-0.005757527425885201
-0.005755228921771049
-0.00575291970744729
-0.00575060211122036
-0.00574827753007412
-0.005745946895331144
-0.005743607878684998
-0.005741258151829243
-0.005738892592489719
-0.005736504215747118
-0.00573408417403698
-0.005731623619794846
-0.005729112774133682
-0.005726539995521307
-0.005723896436393261
-0.005721169989556074
-0.005718351807445288
-0.005715433042496443
-0.005712404381483793
-0.005709260236471891
-0.00570599501952529
-0.00570260314270854
-0.005699082277715206
-0.005695429630577564
-0.00569164426997304
-0.005687726195901632
-0.005683674942702055
-0.00567949004471302
-0.005675172433257103
-0.00567072257399559
-0.005666140001267195
-0.005661423318088055
-0.005656572990119457
-0.005651587620377541
-0.005646465811878443
-0.005641206167638302
-0.005635807290673256
-0.00563026824966073
-0.005624590441584587
-0.005618773400783539
-0.005612818989902735
-0.005606730468571186
-0.005600512959063053
-0.005594171583652496
-0.005587714724242687
-0.005581151228398085
-0.005574491340667009
-0.005567746702581644
-0.005560930352658033
-0.005554056726396084
-0.005547139793634415
-0.005540193524211645
-0.00553323095664382
-0.005526266060769558
-0.00551931094378233
-0.00551237678155303
-0.005505473352968693
-0.005498609039932489
-0.005491789896041155
-0.005485020577907562
-0.005478306207805872
-0.005471646785736084
-0.005465043243020773
-0.005458495113998652
-0.005451999139040709
-0.005445551127195358
-0.00543914595618844
-0.005432777106761932
-0.005426436197012663
-0.005420114379376173
-0.005413802340626717
-0.005407487507909536
-0.005401157774031162
-0.005394798703491688
-0.005388397257775068
-0.00538193853572011
-0.005375407170504332
-0.005368788260966539
-0.005362067837268114
-0.005355230998247862
-0.005348263774067163
-0.005341154057532549
-0.00533389113843441
-0.005326466169208288
-0.005318873096257448
-0.005311107728630304
-0.005303168203681707
-0.005295055918395519
-0.005286775529384613
-0.005278334487229586
-0.005269742570817471
-0.005261013749986887
-0.005252163391560316
-0.005243209656327963
-0.005234173033386469
-0.005225075408816338
-0.005215940997004509
-0.005206794012337923
-0.005197660066187382
-0.005188563372939825
-0.005179529078304768
-0.005170580931007862
-0.005161741282790899
-0.005153030622750521
-0.005144465714693069
-0.005136062856763601
-0.005127833690494299
-0.00511978892609477
-0.005111934151500463
-0.005104273092001677
-0.00509680388495326
-0.005089523736387491
-0.005082424264401197
-0.005075496155768633
-0.005068725906312466
-0.005062100011855364
-0.005055599380284548
-0.005049204919487238
-0.005042896140366793
-0.005036650691181421
-0.00503044668585062
-0.005024261306971312
-0.005018073134124279
-0.005011861678212881
-0.005005607847124338
-0.004999293945729733
-0.004992906004190445
-0.004986431449651718
-0.004979861434549093
-0.004973188508301973
-0.00496640894562006
-0.004959522746503353
-0.004952531773597002
-0.004945441149175167
-0.004938258789479733
-0.004930994939059019
-0.004923660308122635
-0.004916269797831774
-0.004908836912363768
-0.004901375621557236
-0.004893901292234659
-0.004886428359895945
-0.004878971725702286
-0.004871543496847153
-0.004864155314862728
-0.004856817424297333
-0.004849538207054138
-0.004842325113713741
-0.004835181403905153
-0.004828108940273523
-0.004821109119802713
-0.004814180545508862
-0.004807320889085531
-0.004800526425242424
-0.004793792031705379
-0.004787111189216375
-0.004780476447194815
-0.004773880355060101
-0.004767317790538073
-0.004760779440402985
-0.004754259251058102
-0.004747749771922827
-0.004741245880723
-0.004734741989523172
-0.004728233907371759
-0.004721717443317175
-0.004715190269052982
-0.00470865098759532
-0.004702100064605474
-0.004695535637438297
-0.004688957706093788
-0.004682367667555809
-0.004675766453146935
-0.004669155925512314
-0.004662536084651947
-0.004655910190194845
-0.004649277310818434
-0.004642639309167862
-0.00463599618524313
-0.004629349336028099
-0.004622698295861483
-0.004616042599081993
-0.00460938410833478
-0.004602722357958555
-0.00459605734795332
-0.00458938954398036
-0.004582719411700964
-0.004576046951115131
-0.00456937262788415
-0.004562698304653168
-0.004556023981422186
-0.004549351520836353
-0.004542682785540819
-0.004536018706858158
-0.004529360681772232
-0.004522709641605616
-0.004516067449003458
-0.004509435035288334
-0.004502812400460243
-0.004496200010180473
-0.004489597864449024
-0.004483005497604609
-0.004476421978324652
-0.004469846375286579
-0.004463277757167816
-0.004456713795661926
-0.004450152162462473
-0.00444359052926302
-0.00443702656775713
-0.004430459812283516
-0.004423888865858316
-0.004417314194142818
-0.00441073440015316
-0.004404150880873203
-0.004397565498948097
-0.004390980582684278
-0.004384400323033333
-0.004377828445285559
-0.004371270537376404
-0.004364730790257454
-0.004358216654509306
-0.004351732786744833
-0.004345286637544632
-0.004338884726166725
-0.004332532174885273
-0.004326235502958298
-0.004319997970014811
-0.004313823767006397
-0.004307715222239494
-0.004301674664020538
-0.004295701161026955
-0.004289792850613594
-0.004283949267119169
-0.00427816528826952
-0.004272437654435635
-0.004266759380698204
-0.004261123482137918
-0.004255522508174181
-0.004249948542565107
-0.004244392737746239
-0.004238847177475691
-0.004233303479850292
-0.004227753262966871
-0.004222189541906118
-0.004216604866087437
-0.004210993181914091
-0.004205349832773209
-0.004199669696390629
-0.00419395137578249
-0.004188191145658493
-0.004182389006018639
-0.004176544491201639
-0.004170657601207495
-0.004164730664342642
-0.00415876554325223
-0.004152764566242695
-0.004146730992943048
-0.004140670411288738
-0.004134586546570063
-0.004128484521061182
-0.004122369922697544
-0.004116249270737171
-0.004110128618776798
-0.004104014486074448
-0.004097913857549429
-0.004091834183782339
-0.004085782915353775
-0.004079767502844334
-0.004073795862495899
-0.004067875444889069
-0.004062014631927013
-0.004056219942867756
-0.004050498828291893
-0.00404485734179616
-0.004039300605654716
-0.004033835139125586
-0.00402846559882164
-0.004023194778710604
-0.004018024541437626
-0.004012956283986568
-0.004007989540696144
-0.004003123845905066
-0.003998355939984322
-0.003993682563304901
-0.003989098127931356
-0.003984597977250814
-0.003980176523327827
-0.003975827246904373
-0.003971544560045004
-0.003967322409152985
-0.00396315474063158
-0.00395903829485178
-0.003954967483878136
-0.003950940445065498
-0.003946955781430006
-0.003943013027310371
-0.003939113579690456
-0.003935259766876698
-0.003931455314159393
-0.003927703946828842
-0.003924012184143066
-0.003920386545360088
-0.003916832618415356
-0.003913357388228178
-0.003909967374056578
-0.003906668163836002
-0.003903464647009969
-0.003900359850376844
-0.003897355869412422
-0.003894452704116702
-0.003891648491844535
-0.003888939507305622
-0.003886319464072585
-0.003883780678734183
-0.003881312906742096
-0.00387890450656414
-0.003876542206853628
-0.003874211804941297
-0.003871897701174021
-0.00386958452872932
-0.003867256920784712
-0.003864900209009647
-0.003862499492242932
-0.003860042197629809
-0.003857517149299383
-0.003854913869872689
-0.003852224908769131
-0.00384944467805326
-0.003846569452434778
-0.003843598067760468
-0.003840531455352902
-0.003837372874841094
-0.003834127215668559
-0.00383080099709332
-0.003827402601018548
-0.003823941107839346
-0.003820426529273391
-0.003816870274022222
-0.003813283750787377
-0.00380967790260911
-0.003806063439697027
-0.003802451305091381
-0.003798851277679205
-0.003795271506533027
-0.003791718976572156
-0.003788199508562684
-0.003784718690440059
-0.00378127908334136
-0.003777883248403668
-0.003774532349780202
-0.003771226620301604
-0.003767966059967875
-0.00376474903896451
-0.003761573694646358
-0.003758438164368272
-0.003755339421331882
-0.003752275602892041
-0.003749243915081024
-0.003746241331100464
-0.003743265056982636
-0.003740312764421105
-0.00373738189227879
-0.003734469879418612
-0.003731574630364776
-0.003728693816810846
-0.003725825343281031
-0.003722966881468892
-0.003720115637406707
-0.00371726811863482
-0.003714421764016151
-0.003711572615429759
-0.003708717180415988
-0.003705851035192609
-0.003702970454469323
-0.003700071712955832
-0.003697150852531195
-0.003694205079227686
-0.003691231133416295
-0.003688227850943804
-0.003685193601995707
-0.003682129085063934
-0.003679034532979131
-0.003675912506878376
-0.003672765800729394
-0.00366959860548377
-0.003666416276246309
-0.003663224400952458
-0.003660029266029596
-0.003656837623566389
-0.003653655992820859
-0.003650491125881672
-0.003647350007668138
-0.003644236829131842
-0.003641156712546945
-0.003638113150373101
-0.003635108238086104
-0.003632142907008529
-0.003629216924309731
-0.003626327961683273
-0.003623472759500146
-0.003620647126808763
-0.00361784640699625
-0.003615064779296517
-0.003612295724451542
-0.003609532956033945
-0.003606770653277636
-0.003604002296924591
-0.003601223230361938
-0.003598428331315517
-0.003595613874495029
-0.003592777298763394
-0.003589916974306107
-0.003587032202631235
-0.003584123682230711
-0.003581192577257752
-0.003578241216018796
-0.00357527332380414
-0.003572293091565371
-0.003569304943084717
-0.003566313767805696
-0.003563323989510536
-0.003560340963304043
-0.003557368880137801
-0.003554411698132753
-0.003551472211256623
-0.003548552980646491
-0.003545655636116862
-0.003542781341820955
-0.003539929399266839
-0.003537098877131939
-0.003534287912771106
-0.003531493712216616
-0.003528714179992676
-0.003525946289300919
-0.003523186547681689
-0.003520432393997908
-0.003517680102959275
-0.003514927113428712
-0.003512171329930425
-0.003509410889819264
-0.003506644396111369
-0.003503870917484164
-0.003501089988276362
-0.00349830137565732
-0.003495506010949612
-0.003492703661322594
-0.003489895956590772
-0.003487084060907364
-0.003484269604086876
-0.003481453750282526
-0.003478638827800751
-0.003475826000794768
-0.003473017364740372
-0.003470214549452066
-0.003467418486252427
-0.003464630572125316
-0.003461851505562663
-0.003459081752225757
-0.003456322476267815
-0.003453572979196906
-0.003450833493843675
-0.003448103554546833
-0.003445381997153163
-0.00344266789034009
-0.003439960535615683
-0.003437259001657367
-0.003434561192989349
-0.003431866876780987
-0.003429174423217773
-0.003426483133807778
-0.00342379161156714
-0.003421099623665214
-0.003418406704440713
-0.00341571238823235
-0.003413016675040126
-0.003410319797694683
-0.003407621756196022
-0.003404923249036074
-0.003402224043384194
-0.003399525303393602
-0.003396827261894941
-0.00339413108304143
-0.003391437698155642
-0.003388747805729508
-0.003386062569916248
-0.00338338315486908
-0.003380709327757359
-0.003378042485564947
-0.003375382861122489
-0.00337273022159934
-0.003370084566995502
-0.003367445198819041
-0.00336481211706996
-0.003362184390425682
-0.003359561320394278
-0.003356942208483815
-0.003354325657710433
-0.003351711202412844
-0.003349097911268473
-0.003346485318616033
-0.003343872958794236
-0.003341259900480509
-0.003338647307828069
-0.003336034249514341
-0.003333421656861901
-0.003330810228362679
-0.003328199731186032
-0.003325591329485178
-0.003322984790429473
-0.003320381511002779
-0.003317782189697027
-0.003315187059342861
-0.003312596352770925
-0.003310010768473148
-0.00330743077211082
-0.003304855665192008
-0.003302285447716713
-0.003299719886854291
-0.003297158982604742
-0.003294601570814848
-0.003292047884315252
-0.003289497224614024
-0.003286949126049876
-0.003284403355792165
-0.003281859681010246
-0.00327931740321219
-0.003276776755228639
-0.003274238202720881
-0.003271701047196984
-0.003269165754318237
-0.003266632789745927
-0.003264101222157478
-0.003261571982875466
-0.003259045537561178
-0.003256521187722683
-0.003253999631851912
-0.003251481568440795
-0.003248966531828046
-0.003246454987674952
-0.003243946703150868
-0.003241442376747727
-0.003238941077142954
-0.003236443037167192
-0.003233948023989797
-0.003231456503272057
-0.003228968475013971
-0.00322648324072361
-0.003224001033231616
-0.003221521154046059
-0.003219043370336294
-0.003216567682102323
-0.003214094555005431
-0.003211623756214976
-0.003209155285730958
-0.003206689609214664
-0.003204225795343518
-0.003201764542609453
-0.003199305851012468
-0.003196849953383207
-0.003194396384060383
-0.00319194607436657
-0.003189498325809836
-0.003187053371220827
-0.003184611676260829
-0.003182173240929842
-0.003179737832397223
-0.003177305683493614
-0.003174876561388373
-0.003172450233250856
-0.00317002646625042
-0.003167605493217707
-0.003165187314152718
-0.003162771929055452
-0.003160358872264624
-0.003157948376610875
-0.003155540442094207
-0.003153135301545262
-0.003150732954964042
-0.003148332703858614
-0.00314593524672091
-0.003143540816381574
-0.003141148947179317
-0.003138759871944785
-0.00313637382350862
-0.003133990569040179
-0.003131609875708818
-0.003129231743514538
-0.003126856172457337
-0.003124482929706573
-0.003122112713754177
-0.00311974436044693
-0.003117378568276763
-0.003115014871582389
-0.003112653270363808
-0.003110294230282307
-0.003107937285676599
-0.003105582902207971
-0.003103230614215136
-0.003100880654528737
-0.003098533255979419
-0.003096188185736537
-0.003093845210969448
-0.003091505030170083
-0.003089166944846511
-0.00308683211915195
-0.003084500087425113
-0.003082171082496643
-0.00307984440587461
-0.003077520988881588
-0.003075200133025646
-0.003072881838306785
-0.003070566337555647
-0.003068253397941589
-0.003065943019464612
-0.003063635202124715
-0.003061329713091254
-0.003059027250856161
-0.003056727582588792
-0.003054430242627859
-0.003052136162295938
-0.00304984487593174
-0.003047556383535266
-0.003045270219445229
-0.003042986616492271
-0.003040705574676394
-0.00303842662833631
-0.003036149777472019
-0.003033875254914165
-0.003031603060662746
-0.003029332729056478
-0.003027063794434071
-0.003024796955287457
-0.003022531978785992
-0.00302026909776032
-0.003018008545041084
-0.003015750087797642
-0.003013493726029992
-0.003011239692568779
-0.003008987987414002
-0.003006738843396306
-0.00300449226051569
-0.003002248471602798
-0.003000007476657629
-0.002997769508510828
-0.002995534334331751
-0.002993301954120398
-0.002991072833538055
-0.002988846274092793
-0.002986622275784612
-0.002984400372952223
-0.002982181031256914
-0.002979963785037398
-0.002977748634293675
-0.002975535113364458
-0.002973323687911034
-0.002971114125102758
-0.002968906424939632
-0.002966701751574874
-0.002964499173685908
-0.002962299389764667
-0.00296010123565793
-0.002957905409857631
-0.002955711213871837
-0.002953519346192479
-0.002951329341158271
-0.002949141664430499
-0.002946956316009164
-0.002944773295894265
-0.002942592371255159
-0.002940413542091846
-0.002938237274065614
-0.002936063567176461
-0.002933892421424389
-0.002931724302470684
-0.002929558977484703
-0.002927396446466446
-0.002925236243754625
-0.002923078835010529
-0.002920924220234156
-0.002918771700933576
-0.002916621742770076
-0.002914473414421082
-0.002912327414378524
-0.002910183509811759
-0.0029080412350595
-0.00290590082295239
-0.002903762739151716
-0.002901626517996192
-0.002899492159485817
-0.002897359896451235
-0.002895229496061802
-0.002893101191148162
-0.002890975214540958
-0.002888851566240191
-0.002886730013415217
-0.002884611487388611
-0.002882495056837797
-0.002880380721762776
-0.002878268482163548
-0.002876158338040113
-0.002874050755053759
-0.002871945733204484
-0.002869842806831002
-0.002867742208763957
-0.002865643473342061
-0.002863546833395958
-0.002861452056095004
-0.002859359141439199
-0.002857268322259188
-0.002855179598554969
-0.002853092970326543
-0.002851008903235197
-0.002848926698789001
-0.00284684682264924
-0.002844769274815917
-0.00284269405528903
-0.00284062116406858
-0.002838550368323922
-0.002836481435224414
-0.002834414364770055
-0.002832349156960845
-0.002830285811796784
-0.00282822479493916
-0.002826165640726686
-0.002824108581990004
-0.002822053851559758
-0.002820001216605306
-0.00281795090995729
-0.002815903164446354
-0.002813857980072498
-0.002811815356835723
-0.002809775061905384
-0.002807736862450838
-0.002805700991302729
-0.002803666749969125
-0.002801634604111314
-0.002799604553729296
-0.002797576133161783
-0.002795549109578133
-0.002793524181470275
-0.002791501581668854
-0.002789480844512582
-0.002787462202832103
-0.002785445423796773
-0.00278343097306788
-0.002781418384984136
-0.002779407426714897
-0.002777398563921452
-0.002775391796603799
-0.002773387124761939
-0.002771384548395872
-0.002769383834674954
-0.002767384750768542
-0.002765387296676636
-0.002763391472399235
-0.002761397277936339
-0.002759404946118593
-0.002757414476945996
-0.002755426103249192
-0.002753440523520112
-0.002751457039266825
-0.002749475883319974
-0.00274749705567956
-0.002745520556345582
-0.002743546385318041
-0.002741574309766293
-0.002739604795351624
-0.002737637376412749
-0.002735672285780311
-0.002733709057793021
-0.002731747692450881
-0.002729787956923246
-0.002727830549702048
-0.002725874539464712
-0.002723920624703169
-0.002721968572586775
-0.00272001838311553
-0.002718070056289434
-0.002716122893616557
-0.002714177360758185
-0.002712233923375607
-0.00271029188297689
-0.002708351938053966
-0.002706413855776191
-0.002704477636143565
-0.002702543279156089
-0.002700610551983118
-0.002698679687455297
-0.002696750918403268
-0.002694824477657676
-0.00269290036521852
-0.002690978581085801
-0.002689059358090162
-0.002687142230570316
-0.002685227198526263
-0.00268331472761929
-0.002681403886526823
-0.002679495140910149
-0.002677587559446692
-0.002675681840628386
-0.002673777518793941
-0.002671874593943357
-0.00266997329890728
-0.002668073866516352
-0.002666175831109285
-0.002664279891178012
-0.002662385813891888
-0.0026604940649122
-0.002658605109900236
-0.002656718483194709
-0.002654833951964974
-0.002652951749041677
-0.002651071641594172
-0.002649193396791816
-0.002647316548973322
-0.002645441330969334
-0.002643567742779851
-0.00264169555157423
-0.002639824524521828
-0.002637954661622643
-0.002636086195707321
-0.002634219359606504
-0.00263235392048955
-0.002630489878356457
-0.002628627931699157
-0.002626767847687006
-0.002624909626320004
-0.002623053500428796
-0.00262119947001338
-0.002619347767904401
-0.002617498161271214
-0.002615650650113821
-0.002613804768770933
-0.002611960750073195
-0.002610119059681892
-0.002608278999105096
-0.002606441034004092
-0.002604604931548238
-0.00260277115739882
-0.002600939245894551
-0.002599108964204788
-0.002597280312329531
-0.002595453755930066
-0.002593629062175751
-0.002591805998235941
-0.002589984331279993
-0.002588164294138551
-0.002586345188319683
-0.002584527479484677
-0.002582711167633533
-0.002580896252766252
-0.002579082734882832
-0.002577271079644561
-0.002575460588559508
-0.002573652192950249
-0.002571845427155495
-0.002570040756836534
-0.002568238181993365
-0.002566438168287277
-0.002564640482887626
-0.002562845358625054
-0.002561052329838276
-0.002559261629357934
-0.002557472791522741
-0.002555686514824629
-0.002553901867941022
-0.002552119083702564
-0.002550337929278612
-0.002548557939007878
-0.002546779112890363
-0.002545001218095422
-0.002543224953114986
-0.002541449619457126
-0.002539675682783127
-0.002537903375923634
-0.002536132233217359
-0.002534362720325589
-0.002532594604417682
-0.002530827652662992
-0.002529062330722809
-0.002527298405766487
-0.002525536110624671
-0.002523775212466717
-0.002522016642615199
-0.0025202592369169
-0.002518504159525037
-0.00251675141043961
-0.002515000989660621
-0.002513252664357424
-0.002511506667360663
-0.002509762765839696
-0.002508020726963878
-0.002506280317902565
-0.002504542004317045
-0.002502805087715387
-0.002501069800928235
-0.002499336143955588
-0.002497604116797447
-0.002495873719453812
-0.002494145184755325
-0.002492418512701988
-0.002490693004801869
-0.002488969592377543
-0.002487247809767723
-0.002485527656972408
-0.002483808901160955
-0.002482091542333364
-0.002480375813320279
-0.002478661714121699
-0.002476949011906981
-0.002475237939506769
-0.002473528031259775
-0.002471819519996643
-0.002470112172886729
-0.002468406222760677
-0.0024667012039572
-0.002464997582137585
-0.002463295357301831
-0.002461594762280583
-0.002459896029904485
-0.002458198694512248
-0.002456502988934517
-0.002454808680340648
-0.002453116234391928
-0.002451425651088357
-0.002449736930429935
-0.002448050072416663
-0.002446364844217896
-0.002444681944325566
-0.002443000674247742
-0.002441321266815066
-0.00243964372202754
-0.002437968039885163
-0.002436293754726648
-0.002434621099382639
-0.002432950306683779
-0.002431280910968781
-0.002429612912237644
-0.002427946543321013
-0.002426281338557601
-0.002424617763608694
-0.002422955818474293
-0.002421295270323753
-0.00241963635198772
-0.002417978830635548
-0.002416322706267238
-0.00241466797888279
-0.002413015114143491
-0.002411364112049341
-0.002409714506939054
-0.002408066531643271
-0.002406420186161995
-0.00240477523766458
-0.002403131686151028
-0.002401489764451981
-0.002399849006906152
-0.002398209413513541
-0.002396570984274149
-0.002394933719187975
-0.002393297618255019
-0.002391663379967213
-0.002390030771493912
-0.002388399792835116
-0.002386770211160183
-0.002385142492130399
-0.00238351640291512
-0.002381891710683703
-0.002380268415436149
-0.002378647215664387
-0.00237702764570713
-0.002375409938395023
-0.002373793860897422
-0.002372179413214326
-0.002370566828176379
-0.002368955872952938
-0.002367346314713359
-0.002365738153457642
-0.002364131389185786
-0.002362525789067149
-0.002360921585932374
-0.002359318779781461
-0.002357717370614409
-0.002356117591261864
-0.00235451920889318
-0.002352922223508358
-0.002351326635107398
-0.002349732210859656
-0.002348139649257064
-0.002346548484638333
-0.002344958484172821
-0.002343370113521814
-0.002341783605515957
-0.002340198960155249
-0.002338615711778402
-0.002337033860385418
-0.002335453871637583
-0.002333875047042966
-0.002332297619432211
-0.002330721821635962
-0.002329147653654218
-0.002327574416995049
-0.002326002344489098
-0.002324431436136365
-0.002322861691936851
-0.002321293344721198
-0.002319726161658764
-0.002318160375580192
-0.002316596452146769
-0.002315034158527851
-0.002313473029062152
-0.002311913529410958
-0.002310355892404914
-0.002308799652382731
-0.002307245042175055
-0.002305691596120596
-0.002304139547049999
-0.002302589360624552
-0.002301040105521679
-0.002299492247402668
-0.002297945553436875
-0.002296400256454945
-0.002294856356456876
-0.002293313620612025
-0.002291772281751037
-0.00229023233987391
-0.002288694027811289
-0.00228715711273253
-0.00228562206029892
-0.002284088637679815
-0.002282556844875216
-0.002281026216223836
-0.002279497217386961
-0.002277969382703304
-0.002276443177834153
-0.00227491813711822
-0.002273394493386149
-0.002271872013807297
-0.002270350698381662
-0.002268830547109246
-0.002267311792820692
-0.002265794668346643
-0.002264278940856457
-0.002262764843180776
-0.002261252608150244
-0.00225974153727293
-0.002258232096210122
-0.00225672428496182
-0.002255217637866735
-0.002253712387755513
-0.002252208767458797
-0.002250706544145942
-0.002249205019325018
-0.002247704658657312
-0.002246205229312181
-0.002244706731289625
-0.002243209164589643
-0.00224171276204288
-0.002240217523649335
-0.002238723682239652
-0.002237231470644474
-0.002235740656033158
-0.002234251238405704
-0.002232762984931469
-0.002231276128441095
-0.002229791134595871
-0.002228307537734509
-0.002226825803518295
-0.002225345699116588
-0.002223866991698742
-0.002222389914095402
-0.002220914466306567
-0.002219440182670951
-0.002217967296019197
-0.00221649557352066
-0.002215025015175343
-0.002213555853813887
-0.002212087623775005
-0.002210620325058699
-0.002209153957664967
-0.002207688754424453
-0.002206224948167801
-0.002204762306064367
-0.002203300828114152
-0.002201840979978442
-0.002200382994487882
-0.002198926173150539
-0.002197470748797059
-0.002196017187088728
-0.002194564789533615
-0.002193113788962364
-0.002191664185374975
-0.002190215745940804
-0.002188769169151783
-0.002187323290854692
-0.00218587857671082
-0.002184435026720166
-0.00218299264088273
-0.002181551419198513
-0.00218011112883687
-0.002178671769797802
-0.002177234506234527
-0.002175798173993826
-0.002174363005906343
-0.002172929234802723
-0.002171496627852321
-0.00217006541788578
-0.002168635604903102
-0.002167207188904285
-0.002165780402719975
-0.002164355246350169
-0.002162931254133582
-0.002161508658900857
-0.00216008722782135
-0.002158667193725705
-0.002157248323783278
-0.002155830152332783
-0.002154413145035505
-0.002152997069060802
-0.002151582390069962
-0.002150168409571052
-0.00214875559322536
-0.00214734417386353
-0.002145933918654919
-0.002144525060430169
-0.002143117599189281
-0.002141711534932256
-0.002140306867659092
-0.002138903364539146
-0.00213750172406435
-0.002136101713404059
-0.002134703099727631
-0.002133305883035064
-0.002131910063326359
-0.002130515407770872
-0.00212912168353796
-0.002127729123458266
-0.002126337727531791
-0.002124947030097246
-0.002123557031154633
-0.002122168196365237
-0.002120780292898417
-0.002119393786415458
-0.002118008211255074
-0.002116623567417264
-0.00211524055339396
-0.002113858703523874
-0.002112478483468294
-0.002111099660396576
-0.002109722467139363
-0.002108346438035369
-0.002106971805915236
-0.002105598570778966
-0.00210422626696527
-0.002102855127304792
-0.002101484686136246
-0.002100115176290274
-0.002098746597766876
-0.00209737871773541
-0.002096011769026518
-0.002094646217301488
-0.002093281829729676
-0.002091918606311083
-0.002090556779876351
-0.002089196350425482
-0.002087837550789118
-0.002086480380967259
-0.002085124840959907
-0.002083770697936416
-0.002082417951896787
-0.002081066835671663
-0.002079717116430402
-0.002078368794173002
-0.002077022101730108
-0.002075676806271076
-0.002074332442134619
-0.002072988543659449
-0.002071645576506853
-0.002070303773507476
-0.00206896266900003
-0.002067622495815158
-0.002066283021122217
-0.002064944477751851
-0.002063607098534703
-0.00206227065064013
-0.002060935366898775
-0.002059601247310638
-0.002058268059045076
-0.002056936034932733
-0.002055605174973607
-0.002054275711998343
-0.002052947646006942
-0.002051620511338115
-0.002050294075161219
-0.002048968570306897
-0.002047644462436438
-0.00204632175154984
-0.002045000204816461
-0.002043679589405656
-0.002042359905317426
-0.002041041618213058
-0.002039725193753839
-0.002038409933447838
-0.002037095837295055
-0.002035783138126135
-0.002034471370279789
-0.002033161232247949
-0.002031852025538683
-0.002030544215813279
-0.002029237570241094
-0.002027931855991483
-0.002026627538725734
-0.002025324618443847
-0.002024022629484534
-0.00202272180467844
-0.002021422144025564
-0.002020123181864619
-0.002018825151026249
-0.002017528051510453
-0.002016231417655945
-0.002014936180785298
-0.002013642340898514
-0.002012349432334304
-0.002011057687923312
-0.002009767107665539
-0.002008477924391627
-0.00200718967244029
-0.002005902118980885
-0.002004615729674697
-0.002003330504521728
-0.002002046210691333
-0.002000763779506087
-0.001999482279643416
-0.001998202176764607
-0.00199692347086966
-0.001995645929127932
-0.001994369784370065
-0.001993094803765416
-0.001991820987313986
-0.001990548335015774
-0.001989276381209493
-0.001988005358725786
-0.001986735034734011
-0.00198546564206481
-0.00198419694788754
-0.001982928952202201
-0.00198166212067008
-0.00198039598762989
-0.001979131018742919
-0.001977867214009166
-0.001976604340597987
-0.001975342631340027
-0.001974082319065928
-0.001972822938114405
-0.001971564721316099
-0.001970307668671012
-0.001969051547348499
-0.001967796823009849
-0.001966543262824416
-0.001965290633961558
-0.001964038936421275
-0.00196278840303421
-0.001961538568139076
-0.001960289897397161
-0.001959041692316532
-0.001957794418558478
-0.001956548308953643
-0.001955303130671382
-0.001954059116542339
-0.001952816266566515
-0.001951574929989874
-0.001950334757566452
-0.001949095749296248
-0.001947858138009906
-0.001946621923707426
-0.001945386873558164
-0.001944153220392764
-0.001942921080626547
-0.001941690337844193
-0.001940460759215057
-0.001939232344739139
-0.001938005210831761
-0.00193677912466228
-0.001935554086230695
-0.001934329746291041
-0.001933105988427997
-0.001931882696226239
-0.001930659986101091
-0.001929437858052552
-0.001928216544911265
-0.001926995813846588
-0.001925776014104486
-0.001924557262100279
-0.001923339674249291
-0.001922123483382165
-0.001920908223837614
-0.001919693895615637
-0.001918480847962201
-0.001917268964461982
-0.001916058477945626
-0.001914849039167166
-0.001913640880957246
-0.001912433654069901
-0.00191122735850513
-0.00191002176143229
-0.001908817095682025
-0.001907613361254334
-0.001906410325318575
-0.00190520822070539
-0.001904006814584136
-0.001902806339785457
-0.00190160667989403
-0.001900407951325178
-0.001899210270494223
-0.001898013637401164
-0.001896818168461323
-0.001895623630844057
-0.001894430140964687
-0.001893238048069179
-0.001892047002911568
-0.001890857121907175
-0.001889668521471322
-0.001888481085188687
-0.001887294696643949
-0.001886109239421785
-0.001884925062768161
-0.001883742166683078
-0.001882560085505247
-0.001881378935649991
-0.001880198600701988
-0.001879019197076559
-0.001877840724773705
-0.001876663067378104
-0.001875486224889755
-0.001874310430139303
-0.001873135799542069
-0.00187196210026741
-0.001870789215900004
-0.001869617379270494
-0.001868446823209524
-0.001867277431301773
-0.001866109203547239
-0.001864942139945924
-0.001863776124082506
-0.001862611272372305
-0.00186144735198468
-0.001860284246504307
-0.001859121955931187
-0.001857960596680641
-0.001856799935922027
-0.001855639740824699
-0.001854480244219303
-0.001853321678936481
-0.001852163928560913
-0.001851006876677275
-0.00184985063970089
-0.001848695217631757
-0.0018475407268852
-0.001846387283876538
-0.001845234539359808
-0.001844083075411618
-0.001842932775616646
-0.001841783639974892
-0.001840635668486357
-0.00183948886115104
-0.001838343334384263
-0.001837199088186026
-0.001836056006141007
-0.001834913971833885
-0.001833773101679981
-0.001832633162848651
-0.00183149438817054
-0.001830356428399682
-0.001829219167120755
-0.00182808272074908
-0.001826946740038693
-0.001825811457820237
-0.001824676641263068
-0.001823542406782508
-0.001822408870793879
-0.001821276149712503
-0.001820144127123058
-0.001819012919440866
-0.001817882992327213
-0.001816754345782101
-0.001815626979805529
-0.001814501010812819
-0.001813376555219293
-0.001812253729440272
-0.001811132300645113
-0.001810012036003172
-0.001808892819099128
-0.001807774300687015
-0.001806656364351511
-0.001805539126507938
-0.001804422354325652
-0.001803306280635297
-0.001802190789021552
-0.001801075879484415
-0.001799961435608566
-0.001798847457394004
-0.001797734410502017
-0.00179662206210196
-0.001795510528609157
-0.001794400042854249
-0.001793290721252561
-0.001792182680219412
-0.001791075919754803
-0.001789970323443413
-0.001788865542039275
-0.001787761691957712
-0.001786658656783402
-0.001785556552931666
-0.001784455263987184
-0.001783354673534632
-0.001782254665158689
-0.001781155355274677
-0.001780056860297918
-0.00177895906381309
-0.001777861965820193
-0.001776765682734549
-0.001775670214556158
-0.001774575561285019
-0.001773481839336455
-0.001772389165125787
-0.001771297538653016
-0.001770207076333463
-0.001769117661751807
-0.001768029411323369
-0.00176694244146347
-0.001765856402926147
-0.00176477141212672
-0.001763687469065189
-0.001762604573741555
-0.001761522609740496
-0.001760441460646689
-0.001759361242875457
-0.001758282072842121
-0.001757203717716038
-0.001756126061081886
-0.001755049568600953
-0.001753973658196628
-0.001752898679114878
-0.001751824398525059
-0.001750750700011849
-0.001749677816405892
-0.001748605980537832
-0.001747535075992346
-0.001746465102769434
-0.00174539617728442
-0.001744328183121979
-0.001743261120282114
-0.001742194755934179
-0.001741129439324141
-0.001740064937621355
-0.001739001134410501
-0.001737938029691577
-0.001736875739879906
-0.001735814032144845
-0.001734753139317036
-0.00173369306139648
-0.001732633681967854
-0.00173157500103116
-0.001730516902171075
-0.001729459501802921
-0.001728403032757342
-0.001727347378619015
-0.00172629242297262
-0.001725238398648798
-0.001724185072816908
-0.001723132561892271
-0.001722080982290208
-0.001721030450426042
-0.00171998084988445
-0.001718932297080755
-0.001717884792014956
-0.001716838334687054
-0.001715792925097048
-0.001714748796075583
-0.00171370548196137
-0.001712663332000375
-0.001711621996946633
-0.001710581593215466
-0.001709542120806873
-0.001708503346890211
-0.001707465387880802
-0.001706428127363324
-0.001705391448922455
-0.001704355352558196
-0.001703319838270545
-0.001702284789644182
-0.001701249973848462
-0.001700215507298708
-0.001699181855656207
-0.001698148669674993
-0.001697115949355066
-0.00169608392752707
-0.001695053069852293
-0.001694023259915411
-0.001692994730547071
-0.001691967365331948
-0.001690941164270043
-0.001689916127361357
-0.001688892138190567
-0.00168786954600364
-0.00168684811796993
-0.001685828086920083
-0.001684808870777488
-0.001683790469542146
-0.001682772766798735
-0.001681755995377898
-0.001680739922448993
-0.00167972466442734
-0.001678709872066975
-0.001677695894613862
-0.001676682499237359
-0.001675669802352786
-0.001674657920375466
-0.001673646736890078
-0.00167263625189662
-0.001671626581810415
-0.001670617610216141
-0.001669609453529119
-0.001668602228164673
-0.001667595584876835
-0.001666589756496251
-0.001665584510192275
-0.00166457996238023
-0.001663576229475439
-0.001662573195062578
-0.001661570742726326
-0.001660568872466683
-0.00165956758428365
-0.001658566761761904
-0.001657566870562732
-0.001656567445024848
-0.001655568601563573
-0.001654570689424872
-0.001653573475778103
-0.001652577193453908
-0.001651582191698253
-0.001650588237680495
-0.001649595447815955
-0.001648603589273989
-0.001647613011300564
-0.001646623364649713
-0.001645634765736759
-0.001644647214561701
-0.001643660478293896
-0.001642674440518022
-0.001641689101234078
-0.001640704460442066
-0.001639720401726663
-0.001638737041503191
-0.00163775437977165
-0.001636772183701396
-0.00163579115178436
-0.001634810701943934
-0.00163383106701076
-0.001632852014154196
-0.001631873892620206
-0.001630896469578147
-0.001629919512197375
-0.001628943020477891
-0.001627967227250338
-0.001626991899684072
-0.001626017154194415
-0.001625042874366045
-0.001624069176614285
-0.001623096177354455
-0.001622123760171235
-0.001621152274310589
-0.001620181486941874
-0.001619211514480412
-0.001618242589756846
-0.001617274596355855
-0.001616307417862117
-0.001615341170690954
-0.001614375854842365
-0.001613411353901029
-0.001612447667866945
-0.001611484913155437
-0.001610523206181824
-0.001609562430530787
-0.001608602469787002
-0.001607643440365791
-0.001606685225851834
-0.001605727826245129
-0.001604771357960999
-0.001603815704584122
-0.001602860866114497
-0.001601906726136804
-0.001600953168235719
-0.001600000192411244
-0.001599048147909343
-0.00159809656906873
-0.001597145805135369
-0.001596195623278618
-0.001595245907083154
-0.001594296889379621
-0.00159334868658334
-0.001592401182278991
-0.001591454376466572
-0.001590508269146085
-0.001589562860317528
-0.001588618149980903
-0.001587674138136208
-0.001586730591952801
-0.001585787627846003
-0.001584845362231135
-0.001583903562277555
-0.001582962460815907
-0.001582021825015545
-0.001581081771291792
-0.001580142299644649
-0.001579203642904758
-0.001578265917487442
-0.001577329006977379
-0.001576393144205213
-0.001575458445586264
-0.001574525027535856
-0.001573592657223344
-0.001572661218233407
-0.001571730826981366
-0.001570801250636578
-0.00156987237278372
-0.001568944193422794
-0.001568016479723155
-0.001567089231684804
-0.001566162332892418
-0.001565235899761319
-0.001564309815876186
-0.001563384081237018
-0.001562458928674459
-0.001561534474603832
-0.001560610719025135
-0.001559687778353691
-0.001558765885420144
-0.001557844807393849
-0.001556924544274807
-0.001556005328893661
-0.001555087044835091
-0.001554169692099094
-0.001553253154270351
-0.001552337547764182
-0.001551422523334622
-0.00155050796456635
-0.001549594337120652
-0.001548681175336242
-0.001547768712043762
-0.00154685671441257
-0.001545945531688631
-0.001545034814625978
-0.001544124563224614
-0.001543214777484536
-0.001542305457405746
-0.001541396952234209
-0.001540489261969924
-0.001539582153782248
-0.001538675976917148
-0.001537770498543978
-0.001536866067908704
-0.001535962801426649
-0.001535060233436525
-0.001534158829599619
-0.001533258473500609
-0.001532359048724174
-0.001531460788100958
-0.001530563575215638
-0.001529667060822248
-0.001528771477751434
-0.001527876360341907
-0.001526981592178345
-0.001526087173260748
-0.001525192987173796
-0.001524298917502165
-0.001523404731415212
-0.001522510778158903
-0.001521616941317916
-0.001520723220892251
-0.001519829966127872
-0.001518936944194138
-0.001518044620752335
-0.001517153228633106
-0.001516262535005808
-0.001515372889116406
-0.001514484290964901
-0.001513596507720649
-0.001512710005044937
-0.001511824782937765
-0.001510940259322524
-0.001510056783445179
-0.001509174238890409
-0.00150829239282757
-0.001507411245256662
-0.001506530679762363
-0.001505650579929352
-0.001504771178588271
-0.001503892475739121
-0.001503014354966581
-0.001502136816270649
-0.001501259626820683
-0.001500383019447327
-0.001499506761319935
-0.001498631201684475
-0.001497756340540946
-0.001496882061474025
-0.00149600871372968
-0.001495136180892587
-0.001494263997301459
-0.001493392512202263
-0.001492521725594997
-0.001491651404649019
-0.001490781782194972
-0.001489912974648178
-0.001489045098423958
-0.001488178153522313
-0.00148731202352792
-0.001486446475610137
-0.001485581626184285
-0.001484717358835042
-0.001483853789977729
-0.001482990686781704
-0.001482128398492932
-0.001481266692280769
-0.001480405684560537
-0.001479545375332236
-0.00147868599742651
-0.001477827550843358
-0.001476970035582781
-0.001476113218814135
-0.001475257100537419
-0.001474401680752635
-0.001473546959459782
-0.001472692820243537
-0.001471839030273259
-0.001470985705964267
-0.001470132963731885
-0.001469280570745468
-0.001468428177759051
-0.001467575901187956
-0.001466723973862827
-0.001465872512198985
-0.001465021749027073
-0.001464171684347093
-0.001463322201743722
-0.00146247330121696
-0.001461625099182129
-0.001460777828469872
-0.001459931605495512
-0.001459086546674371
-0.001458242419175804
-0.001457399106584489
-0.001456556841731071
-0.001455715508200228
-0.001454874989576638
-0.001454034820199013
-0.001453195349313319
-0.001452356111258268
-0.001451517338864505
-0.001450679148547351
-0.001449841307476163
-0.00144900381565094
-0.001448167022317648
-0.001447330811060965
-0.001446495181880891
-0.001445660251192749
-0.001444825902581215
-0.001443992019630969
-0.001443158835172653
-0.001442326349206269
-0.001441494561731815
-0.001440663472749293
-0.001439832965843379
-0.001439003157429397
-0.001438173931092024
-0.00143734528683126
-0.001436517108231783
-0.001435689628124237
-0.0014348627300933
-0.001434036530554295
-0.001433210913091898
-0.001432386110536754
-0.001431562355719507
-0.00143073929939419
-0.001429916708730161
-0.001429094816558063
-0.001428273622877896
-0.001427453244104981
-0.001426633447408676
-0.00142581423278898
-0.001424995716661215
-0.001424177782610059
-0.00142336031422019
-0.00142254342790693
-0.001421727007254958
-0.001420910935848951
-0.001420095562934875
-0.001419280772097409
-0.001418466679751873
-0.001417653169482946
-0.001416840241290629
-0.001416028011590242
-0.001415216480381787
-0.00141440553124994
-0.001413594814948738
-0.001412784797139466
-0.001411975244991481
-0.001411166391335428
-0.001410357770510018
-0.001409549615345895
-0.001408742042258382
-0.001407935051247478
-0.001407128409482539
-0.001406322349794209
-0.001405516639351845
-0.001404711860232055
-0.001403907663188875
-0.001403104048222303
-0.001402301131747663
-0.001401498797349632
-0.001400697510689497
-0.001399896922521293
-0.001399097382090986
-0.001398298656567931
-0.001397500629536808
-0.001396703417412937
-0.001395906670950353
-0.001395110622979701
-0.001394314807839692
-0.001393519574776292
-0.001392724574543536
-0.001391929923556745
-0.001391135854646564
-0.001390342251397669
-0.001389548880979419
-0.001388756441883743
-0.001387964468449354
-0.001387173077091575
-0.001386382500641048
-0.001385592739097774
-0.001384803908877075
-0.001384015777148306
-0.001383228111080825
-0.001382441143505275
-0.001381654758006334
-0.001380868838168681
-0.001380083383992314
-0.001379298395477235
-0.001378513989038765
-0.001377729931846261
-0.001376946223899722
-0.00137616298161447
-0.001375380204990506
-0.001374597894027829
-0.001373816281557083
-0.00137303548399359
-0.001372255384922028
-0.001371475635096431
-0.001370696816593409
-0.001369918696582317
-0.001369141158647835
-0.001368364202789962
-0.001367587829008698
-0.001366811920888722
-0.001366036594845355
-0.001365261850878596
-0.001364487805403769
-0.001363714109174907
-0.001362940762192011
-0.001362167648039758
-0.001361395232379436
-0.001360623515211046
-0.001359852612949908
-0.001359082176350057
-0.001358312321826816
-0.001357543282210827
-0.001356775173917413
-0.001356007647700608
-0.001355240703560412
-0.001354474574327469
-0.001353708910755813
-0.001352944178506732
-0.001352179795503616
-0.001351416343823075
-0.001350653474219143
-0.001349891186691821
-0.001349129481241107
-0.001348368357867002
-0.001347607583738863
-0.001346847391687334
-0.001346087548881769
-0.00134532805532217
-0.001344568794593215
-0.001343809999525547
-0.001343051553703845
-0.001342293224297464
-0.001341535127721727
-0.001340777613222599
-0.001340020564384758
-0.001339263981208205
-0.001338507980108261
-0.001337752444669604
-0.001336997374892235
-0.001336243003606796
-0.001335489097982645
-0.001334735774435103
-0.001333983265794814
-0.001333231455646455
-0.001332480343990028
-0.00133172981441021
-0.001330979866907001
-0.001330230385065079
-0.00132948171813041
-0.00132873363327235
-0.001327986479736865
-0.001327239675447345
-0.001326493686065078
-0.001325748395174742
-0.001325003686361015
-0.001324259676039219
-0.001323516247794032
-0.001322773401625454
-0.001322031137533486
-0.00132128968834877
-0.001320548821240664
-0.001319808536209166
-0.0013190689496696
-0.001318329712375998
-0.001317590940743685
-0.001316852867603302
-0.001316115143708885
-0.001315377885475755
-0.001314641092903912
-0.001313904649578035
-0.001313168671913445
-0.001312433159910142
-0.001311697997152805
-0.001310963532887399
-0.001310229301452637
-0.001309495535679162
-0.001308762235566974
-0.001308029401116073
-0.001307297265157104
-0.001306565711274743
-0.00130583462305367
-0.001305103884078562
-0.001304373377934098
-0.001303643337450922
