0
0
0
0
0
0
0
0
0
0
0
0
0
0
0
0
0
0
0
0
0
0
0
0
0
0
0
0
0
0
0
0
0
0
0
0
0
0
0
0
0
0
0
0
0
0
0
0
0
0
0
0
0
0
0
0
0
0
0
0
0
0
0
0
0
0
0
0
0
0
0
0
0
0
0
0
0
0
0
0
0
0
0
0
0
0
0
0
0
0
0
0
0
0
0
0
0
0
0
0
0
0
0
0
0
0
0
0
0
0
0
0
0
0
0
0
0
0
0
0
0
0
0
0
0
0
0
0
0
0
0
0
0
0
0
0
0
0
0
0
0
0
0
0
0
0
0
0
0
0
0
0
0
0
0
0
0
0
0
0
0
0
0
0
0
0
0
0
0
0
0
0
0
0
0
0
0
0
0
0
0
0
0
0
0
0
0
0
0
0
0
0
0
0
0
0
0
0
0
0
0
0
0
0
0
0
0
0
0
0
0
0
0
0
0
0
0
0
0
0
0
0
0
0
0
0
0
0
0
0
0
0
0
0
0
0
0
0
0
0
0
0
0
0
0
0
0
0
0
0
0
0
0
0
0
0
0
0
0
0
0
0
0
0
0
0
0
0
0
0
0
0
0
0
0
0
0
0
0
0
0
0
0
0
0
0
0
0
0
0
0
0
0
0
0
0
0
0
0
0
0
0
0
0
0
0
0
0
0
0
0
0
0
0
0
0
0
0
0
0
0
0
0
0
0
0
0
0
0
0
0
0
0
0
0
0
0
0
0
0
0
0
0
0
0
0
0
0
0
0
0
0
0
0
0
0
0
0
0
0
0
0
0
0
0
0
0
0
0
0
0
0
0
0
0
0
0
0
0
0
0
0
0
0
0
0
0
0
0
0
0
0
0
0
0
0
0
0
0
0
0
0
0
0
0
0
0
0
0
0
0
0
0
0
0
0
0
0
0
0
0
0
0
0
0
0
0
0
0
0
0
0
0
0
0
0
0
0
0
0
0
0
0
0
0
0
0
0
0
0
0
0
0
0
0
0
0
0
0
0
0
0
0
0
0
0
0
0
0
0
0
0
0
0
0
0
0
0
0
0
0
0
0
0
0
0
0
0
0
0
0
0
0
0
0
0
0
0
0
0
0
0
0
0
0
0
0
0
0
0
0
0
0
0
0
0
0
0
0
0
0
0
0
0
0
0
0
0
0
0
0
0
0
0
0
0
0
0
0
0
0
0
0
0
0
0
0
0
0
0
0
0
0
0
0
0
0
0
0
0
0
0
0
0
0
0
0
0
0
0
0
0
0
0
0
0
0
0
0
0
0
0
0
0
0
0
0
0
0
0
0
0
0
0
0
0
0
0
0
0
0
0
0
0
0
0
0
0
0
0
0
0
0
0
0
0
0
0
0
0
0
0
0
0
0
0
0
0
0
0
0
0
0
0
0
0
0
0
0
0
0
0
0
0
0
0
0
0
0
0
0
0
0
0
0
0
0
0
0
0
0
0
0
0
0
0
0
0
0
0
0
0
0
0
0
0
0
0
0
0
0
0
0
0
0
0
0
0
0
0
0
0
0
0
0
0
0
0
0
0
0
0
0
0
0
0
0
0
0
0
0
0
0
0
0
0
0
0
0
0
0
0
0
0
0
0
0
0
0
0
0
0
0
0
0
0
0
0
0
0
0
0
0
0
0
0
0
0
0
0
0
0
0
0
0
0
0
0
0
0
0
0
0
0
0
0
0
0
0
0
0
0
0
0
0
0
0
0
0
0
0
0
0
0
0
0
0
0
0
0
0
0
0
0
0
0
0
0
0
0
0
0
0
0
0
0
0
0
0
0
0
0
0
0
0
0
0
0
0
0
0
0
0
0
0
0
0
0
0
0
0
0
0
0
0
0
0
0
0
0
0
0
0
0
0
0
0
0
0
0
0
0
0
0
0
0
0
0
0
0
0
0
0
0
0
0
0
0
0
0
0
0
0
0
0
0
0
0
0
0
0
0
0
0
0
0
0
0
0
0
0
0
0
0
0
0
0
0
0
0
0
0
0
0
0
0
0
0
0
0
0
0
0
0
0
0
0
0
0
0
0
0
0
0
0
0
0
0
0
0
0
0
0
0
0
0
0
0
0
0
0
0
0
0
0
0
0
0
0
0
0
0
0
0
0
0
0
0
0
0
0
0
0
0
0
0
0
0
0
0
0
0
0
0
0
0
0
0
0
0
0
0
0
0
0
0
0
0
0
0
0
0
0
0
0
0
0
0
0
0
0
0
0
0
0
0
0
0
0
0
0
0
0
0
0
0
0
0
0
0
0
0
0
0
0
0
0
0
0
0
0
0
0
0
0
0
0
0
0
0
0
0
0
0
0
0
0
0
0
0
0
0
0
0
0
0
0
0
0
0
0
0
0
0
0
0
0
0
0
0
0
0
0
0
0
0
0
0
0
0
0
0
0
0
0
0
0
0
0
0
0
0
0
0
0
0
0
0
0
0
0
0
0
0
0
0
0
0
0
0
0
0
0
0
0
0
0
0
0
0
0
0
0
0
0
0
0
0
0
0
0
0
0
0
0
0
0
0
0
0
0
0
0
0
0
0
0
0
0
0
0
0
0
0
0
0
0
0
0
0
0
0
0
0
0
0
0
0
0
0
0
0
0
0
0
0
0
0
0
0
0
0
0
0
0
0
0
0
0
0
0
0
0
0
0
0
0
0
0
0
0
0
0
0
0
0
0
0
0
0
0
0
0
0
0
0
0
0
0
0
0
0
0
0
0
0
0
0
0
0
0
0
0
0
0
0
0
0
0
0
0
0
0
0
0
0
0
0
0
0
0
0
0
0
0
0
0
0
0
0
0
0
0
0
0
0
0
0
0
0
0
0
0
0
0
0
0
0
0
0
0
0
0
0
0
0
0
0
0
0
0
0
0
0
0
0
0
0
0
0
0
0
0
0
0
0
0
0
0
0
0
0
0
0
0
0
0
0
0
0
0
0
0
0
0
0
0
0
0
0
0
0
0
0
0
0
0
0
0
0
0
0
0
0
0
0
0
0
0
0
0
0
0
0
0
0
0
0
0
0
0
0
0
0
0
0
0
0
0
0
0
0
0
0
0
0
0
0
0
0
0
0
0
0
0
0
0
0
0
0
0
0
0
0
0
0
0
0
0
0
0
0
0
0
0
0
0
0
0
0
0
0
0
0
0
0
0
0
0
0
0
0
0
0
0
0
0
0
0
0
0
0
0
0
0
0
0
0
0
0
0
0
0
0
0
0
0
0
0
0
0
0
0
0
0
0
0
0
0
0
0
0
0
0
0
0
0
0
0
0
0
0
0
0
0
0
0
0
0
0
0
0
0
0
0
0
0
0
0
0
0
0
0
0
0
0
0
0
0
0
0
0
0
0
0
0
0
0
0
0
0
0
0
0
0
0
0
0
0
0
0
0
0
0
0
0
0
0
0
0
0
0
0
0
0
0
0
0
0
0
0
0
0
0
0
0
0
0
0
0
0
0
0
0
0
0
0
0
0
0
0
0
0
0
0
0
0
0
0
0
0
0
0
0
0
0
0
0
0
0
0
0
0
0
0
0
0
0
0
0
0
0
0
0
0
0
0
0
0
0
0
0
0
0
0
0
0
0
0
0
0
0
0
0
0
0
0
0
0
0
0
0
0
0
0
0
0
0
0
0
0
0
0
0
0
0
0
0
0
0
0
0
0
0
0
0
0
0
0
0
0
0
0
0
0
0
0
0
0
0
0
0
0
0
0
0
0
0
0
0
0
0
0
0
0
0
0
0
0
0
0
0
0
0
0
0
0
0
0
0
0
0
0
0
0
0
0
0
0
0
0
0
0
0
0
0
0
0
0
0
0
0
0
0
0
0
0
0
0
0
0
0
0
0
0
0
0
0
0
0
0
0
0
0
0
0
0
0
0
0
0
0
0
0
0
0
0
0
0
0
0
0
0
0
0
0
0
0
0
0
0
0
0
0
0
0
0
0
0
0
0
0
0
0
0
0
0
0
0
0
0
0
0
0
0
0
0
0
0
0
0
0
0
0
0
0
0
0
0
0
0
0
0
0
0
0
0
0
0
0
0
0
0
0
0
0
0
0
0
0
0
0
0
0
0
0
0
0
0
0
0
0
0
0
0
0
0
0
0
0
0
0
0
0
0
0
0
0
0
0
0
0
0
0
0
0
0
0
0
0
0
0
0
0
0
0
0
0
0
0
0
0
0
0
0
0
0
0
0
0
0
0
0
0
0
0
0
0
0
0
0
0
0
0
0
0
0
0
0
0
0
0
0
0
0
0
0
0
0
0
0
0
0
0
0
0
0
0
0
0
0
0
0
0
0
0
0
0
0
0
0
0
0
0
0
0
0
0
0
0
0
0
0
0
0
0
0
0
0
0
0
0
0
0
0
0
0
0
0
0
0
0
0
2.802596928649634e-45
1.401298464324817e-44
3.082856621514598e-44
5.605193857299268e-44
9.528829557408756e-44
1.583467264687043e-43
2.60641514364416e-43
4.175869423687955e-43
6.670180690186129e-43
1.052375146707938e-42
1.654933486367609e-42
2.60080994978686e-42
4.06096294961332e-42
6.314250880247626e-42
9.782464579451548e-42
1.514523380242262e-41
2.341009214501039e-41
3.613107960415108e-41
5.569320616612553e-41
8.575105822589286e-41
1.319028231484307e-40
2.026824085814772e-40
3.111246928401818e-40
4.771112985363851e-40
7.309284893795392e-40
1.118664971861287e-39
1.710405287376371e-39
2.612572449096403e-39
3.986646486856318e-39
6.077437044970589e-39
9.255677250354848e-39
1.408222560296739e-38
2.140473595166908e-38
3.250302819691242e-38
4.930755632652363e-38
7.472728983557924e-38
1.131413088458697e-37
1.711353574073149e-37
2.586038918726351e-37
3.903977612628676e-37
5.887853469966173e-37
8.871238079211595e-37
1.33533187949083e-36
2.008039444482356e-36
3.016709953012363e-36
4.527655694960939e-36
6.78878336361492e-36
1.016926447888129e-35
1.521830831116628e-35
2.275215520750542e-35
3.398274386139946e-35
5.070773258619666e-35
7.559100222852964e-35
1.125761182261038e-34
1.674954438852615e-34
2.489662596730546e-34
3.697081032316015e-34
5.484772152280328e-34
8.129045776100102e-34
1.203655154706159e-33
1.780517987112657e-33
2.631313798601958e-33
3.884911116499748e-33
5.73022712767553e-33
8.443940325205246e-33
1.243086010678538e-32
1.828269285973745e-32
2.686347542105779e-32
3.94336918525011e-32
5.78303959093248e-32
8.472831037612581e-32
1.240179924157077e-31
1.813530232506524e-31
2.649409101499128e-31
3.866851203329379e-31
5.638329183380151e-31
8.213493121285863e-31
1.195336319305975e-30
1.737950154018427e-30
2.524465900989775e-30
3.663421561569294e-30
5.311163338710139e-30
7.692683296187943e-30
1.113144926748458e-29
1.609204896964956e-29
2.324110694174605e-29
3.353422598782871e-29
4.833991775959942e-29
6.961612627287255e-29
1.001613330611366e-28
1.439716291011418e-28
2.067475443426247e-28
2.966131929588073e-28
4.251355537138716e-28
6.087673405661072e-28
8.708880911859113e-28
1.244688078528638e-27
1.777239293402797e-27
2.535237749043987e-27
3.613091183175109e-27
5.144304096576114e-27
7.317487623525705e-27
1.039884303056511e-26
1.476372135271776e-26
2.094086123393992e-26
2.967434647861756e-26
4.201030371394295e-26
5.941806957606382e-26
8.395940907797306e-26
1.185245760724203e-25
1.67161302145756e-25
2.35532813573586e-25
3.315548611536408e-25
4.662811857570066e-25
6.551319719727815e-25
9.195984286128375e-25
1.289603479622598e-24
1.806769546425207e-24
2.528936600844761e-24
3.536403090246547e-24
4.940538819507855e-24
6.895655631312137e-24
9.61536009828378e-24
1.339504907499184e-23
1.864282949556065e-23
2.59219772341715e-23
3.600917160594698e-23
4.997433203486386e-23
6.928985635646448e-23
9.598008156040357e-23
1.328254457258848e-22
1.836412651546788e-22
2.536576560939646e-22
3.500373998325021e-22
4.825804207325433e-22
6.646815264776431e-22
9.146315363170689e-22
1.257382385740226e-21
1.726939861509048e-21
2.369603257758239e-21
3.248347959018543e-21
4.448749394339942e-21
6.08697898191408e-21
8.320588779038165e-21
1.136304308253916e-20
1.550327753441027e-20
2.113199603358927e-20
2.877700928113176e-20
3.91506393378938e-20
5.321329136266347e-20
7.225854981767726e-20
9.802712582917353e-20
1.328590099524882e-19
1.798967647322869e-19
2.433566913094656e-19
3.288899325326219e-19
4.440636917417557e-19
5.990005658335905e-19
8.072281372988478e-19
1.086806860836857e-18
1.461824907969411e-18
1.964378178933273e-18
2.637190552366808e-18
3.537075998065031e-18
4.739512472176721e-18
6.344671340086897e-18
8.48536844325983e-18
1.133752276410901e-17
1.513391947061911e-17
2.018228050400782e-17
2.688899308177753e-17
3.579019928103819e-17
4.759252475750809e-17
6.322638391854812e-17
8.391558717170804e-17
1.112683125941338e-16
1.473956706928486e-16
1.950662349780674e-16
2.579071858183903e-16
3.406657723062633e-16
4.495490783489454e-16
5.926646121499793e-16
7.80591682871673e-16
1.027121363323866e-15
1.350212763691599e-15
1.773229911396343e-15
2.326537137652151e-15
3.049557473406607e-15
3.993422380158072e-15
5.224383598667224e-15
6.828195591547037e-15
8.915746830054361e-15
1.163027736183347e-14
1.515662968124953e-14
1.97330910970241e-14
2.566653825781563e-14
3.335176644407578e-14
4.329616702593471e-14
5.615117271433497e-14
7.275228325592104e-14
9.41699788894329e-14
1.217744302747445e-13
1.573175590447937e-13
2.030370771684276e-13
2.617883123820497e-13
3.372108094059495e-13
4.339390175314706e-13
5.578681505462313e-13
7.164892594155314e-13
9.193113935032637e-13
1.178392886741486e-12
1.509008304596826e-12
1.930486803400355e-12
2.46726185489099e-12
3.150188009753974e-12
4.01818682493893e-12
5.120303486760847e-12
6.518277237410608e-12
8.289742156608604e-12
1.053221659191861e-11
1.33680696720595e-11
1.695068564677715e-11
2.147212095626738e-11
2.71726079137391e-11
3.435230225279362e-11
4.338585046781418e-11
5.474034420194229e-11
6.899752297284678e-11
8.688115504806859e-11
1.092907084276895e-10
1.373427899187263e-10
1.724220904941731e-10
2.162438839103942e-10
2.709305557679897e-10
3.391055214407857e-10
4.240077455808233e-10
5.296319494085822e-10
6.608995573031962e-10
8.238666970861175e-10
1.025977858226668e-09
1.276374117509249e-09
1.586266784592283e-09
1.969391538736431e-09
2.442557711646032e-09
3.026312977993939e-09
3.745746379735237e-09
4.631457439785436e-09
5.720724782776188e-09
7.058910789226047e-09
8.701157128143677e-09
1.071440536293267e-08
1.317984210658096e-08
1.619580558553935e-08
1.988128062180294e-08
2.438006241334278e-08
2.986572411600719e-08
3.654754721083009e-08
4.46775700879698e-08
5.455896356920675e-08
6.655596962445998e-08
8.110569638120069e-08
9.873208028920999e-08
1.200623529484801e-07
1.458465277437426e-07
1.769803645856882e-07
2.145323350077888e-07
2.597755326405604e-07
3.142247919640795e-07
3.796806140599074e-07
4.582802262120822e-07
5.525574806597433e-07
6.655127435806207e-07
8.006944653971004e-07
9.622937113817898e-07
1.155254608420364e-06
1.385402356390841e-06
1.659591134739458e-06
1.985875769605627e-06
2.373709776293254e-06
2.834173528754036e-06
3.380238695172011e-06
4.027069735457189e-06
4.792372237716336e-06
5.696789230569266e-06
6.764360477973241e-06
8.023039299587253e-06
9.505287380306982e-06
1.124875325331232e-05
1.329703900410095e-05
1.570056883792859e-05
1.851758315751795e-05
2.181524905608967e-05
2.567092633398715e-05
3.017357630596962e-05
3.542536433087662e-05
4.154344787821174e-05
4.866198287345469e-05
5.693435741704889e-05
6.653571472270414e-05
7.7665681601502e-05
9.055150439962745e-05
0.0001054514723364264
0.0001226586755365133
0.0001425051596015692
0.0001653665967751294
0.0001916672481456771
0.0002218855079263449
0.0002565599570516497
0.0002962959697470069
0.0003417727712076157
0.0003937511064577848
0.0004530818841885775
0.0005207147914916277
0.0005977081600576639
0.0006852391525171697
0.0007846149965189397
0.0008972841897048056
0.001024849130772054
0.001169079099781811
0.001331923762336373
0.001515527139417827
0.001722242217510939
0.001954646315425634
0.002215556334704161
0.002508044010028243
0.002835452556610107
0.00320141133852303
0.003609851468354464
0.004065021872520447
0.004571500699967146
0.005134211853146553
0.005758434999734163
0.006449815817177296
0.007214377634227276
0.008058520965278149
0.008989034220576286
0.01001308858394623
0.01113823521882296
0.01237240061163902
0.01372386794537306
0.01520126592367887
0.01681354083120823
0.01856992393732071
0.02047990448772907
0.02255317568778992
0.02479958347976208
0.02722906321287155
0.02985158376395702
0.03267704695463181
0.03571521490812302
0.03897560760378838
0.0424673892557621
0.0461992584168911
0.05017930641770363
0.05441489070653915
0.0589124970138073
0.06367756426334381
0.06871432811021805
0.07402567565441132
0.07961297780275345
0.08547584712505341
0.09161204844713211
0.09801728278398514
0.104685015976429
0.1116063520312309
0.1187698245048523
0.1261612921953201
0.13376384973526
0.1415576189756393
0.1495198160409927
0.1576245874166489
0.1658430248498917
0.1741431802511215
0.1824901252985001
0.1908460557460785
0.199170395731926
0.2074199914932251
0.2155493646860123
0.2235109955072403
0.2312557101249695
0.2387329041957855
0.2458911389112473
0.2526784837245941
0.2590431869029999
0.2649341523647308
0.2703015506267548
0.2750973105430603
0.2792759835720062
0.282795250415802
0.2856165766716003
0.2877058982849121
0.2890342473983765
0.2895781993865967
0.2893206179141998
0.2882509529590607
0.2863659262657166
0.2836696207523346
0.2801738381385803
0.2758982479572296
0.2708706259727478
0.2651265561580658
0.2587094306945801
0.2516700923442841
0.2440665513277054
0.2359634041786194
0.2274313122034073
0.218546062707901
0.2093879282474518
0.2000407427549362
0.1905907839536667
0.181125745177269
0.171733632683754
0.162501648068428
0.1535148471593857
0.1448550671339035
0.1365997642278671
0.1288208216428757
0.1215834841132164
0.1149453446269035
0.1089555025100708
0.1036536917090416
0.09906968474388123
0.09522279351949692
0.09212147444486618
0.08976321667432785
0.08813449740409851
0.08721104264259338
0.08695823699235916
0.08733166754245758
0.08827789127826691
0.08973543345928192
0.09163589775562286
0.09390519559383392
0.09646494686603546
0.09923398494720459
0.1021298542618752
0.1050704568624496
0.1079756170511246
0.1107686460018158
0.1133778765797615
0.1157380342483521
0.117791511118412
0.1194894537329674
0.1207927241921425
0.1216725260019302
0.1221108734607697
0.1221008151769638
0.1216463670134544
0.1207622066140175
0.1194730699062347
0.1178129911422729
0.1158242598176003
0.1135561689734459
0.1110636219382286
0.1084056571125984
0.1056438013911247
0.1028404086828232
0.1000570133328438
0.09735269844532013
0.09478257596492767
0.09239635616540909
0.09023711830377579
0.08834026753902435
0.0867326557636261
0.08543211221694946
0.08444709330797195
0.08377665281295776
0.08341068029403687
0.083330437541008
0.08350930362939835
0.08391378819942474
0.08450468629598618
0.08523844927549362
0.08606863021850586
0.08694739639759064
0.08782713115215302
0.08866193145513535
0.08940904587507248
0.09003020823001862
0.09049281477928162
0.09077083319425583
0.09084557741880417
0.09070615470409393
0.09034965187311172
0.08978105336427689
0.08901291340589523
0.08806471526622772
0.08696208149194717
0.08573567867279053
0.08442004770040512
0.08305225521326065
0.08167048543691635
0.08031266182661057
0.07901505380868912
0.07781095057725906
0.07672946900129318
0.07579460740089417
0.07502435147762299
0.07443022727966309
0.07401687651872635
0.07378204166889191
0.07371682673692703
0.07380606979131699
0.0740291103720665
0.07436066120862961
0.07477188855409622
0.07523155957460403
0.07570736855268478
0.07616719603538513
0.07658037543296814
0.07691887766122818
0.07715841382741928
0.07727934420108795
0.0772673487663269
0.07711391896009445
0.076816625893116
0.07637906819581985
0.07581064850091934
0.07512605935335159
0.07434456795454025
0.07348915934562683
0.07258548587560654
0.07166077196598053
0.07074261456727982
0.06985782086849213
0.06903131306171417
0.06828509271144867
0.0676373615860939
0.06710181385278702
0.06668717414140701
0.06639687716960907
0.06622905284166336
0.06617671251296997
0.06622812896966934
0.06636748462915421
0.06657562404870987
0.06683097034692764
0.06711051613092422
0.06739088147878647
0.06764934211969376
0.06786483526229858
0.068018838763237
0.06809616833925247
0.06808553636074066
0.06797999888658524
0.06777718663215637
0.06747924536466599
0.067092664539814
0.06662785261869431
0.06609857827425003
0.06552121788263321
0.06491398066282272
0.06429596990346909
0.06368629634380341
0.06310319155454636
0.06256314367055893
0.06208021938800812
0.06166542693972588
0.0613262802362442
0.06106658652424812
0.06088632717728615
0.06078178435564041
0.06074583157896996
0.06076835840940475
0.06083685532212257
0.06093709543347359
0.06105386465787888
0.0611717626452446
0.0612759068608284
0.0613526962697506
0.06139041855931282
0.06137976795434952
0.06131422892212868
0.06119030341506004
0.06100759282708168
0.06076870486140251
0.06047903746366501
0.06014639139175415
0.05978049710392952
0.05939246341586113
0.05899415165185928
0.05859754979610443
0.05821415036916733
0.05785438045859337
0.05752707272768021
0.0572391152381897
0.05699512362480164
0.05679731443524361
0.05664545670151711
0.05653698742389679
0.05646722018718719
0.05642968788743019
0.05641655623912811
0.05641907081007957
0.05642807856202126
0.05643453449010849
0.05642997100949287
0.05640693008899689
0.05635933578014374
0.05628275498747826
0.05617457255721092
0.05603406205773354
0.05586235225200653
0.05566227808594704
0.05543814599514008
0.05519545078277588
0.05494051799178123
0.05468009412288666
0.05442096665501595
0.05416958779096603
0.05393173918128014
0.05371219292283058
0.05351453274488449
0.05334098264575005
0.05319233611226082
0.05306797847151756
0.05296600982546806
0.05288337916135788
0.05281612277030945
0.05275966599583626
0.05270905420184135
0.05265931412577629
0.05260572209954262
0.05254406854510307
0.05247088149189949
0.05238359048962593
0.05228065326809883
0.0521615743637085
0.0520269013941288
0.05187813192605972
0.05171757936477661
0.05154820531606674
0.05137340724468231
0.05119678005576134
0.05102190747857094
0.05085213854908943
0.05069040507078171
0.05053906515240669
0.0503997839987278
0.05027346312999725
0.0501602441072464
0.05005953833460808
0.04997007921338081
0.04989006370306015
0.04981726780533791
0.0497492328286171
0.04968339577317238
0.04961730167269707
0.04954871162772179
0.04947574436664581
0.04939696937799454
0.04931147024035454
0.04921887442469597
0.04911934584379196
0.04901352897286415
0.0489024855196476
0.04878759011626244
0.04867043346166611
0.04855267331004143
0.04843594878911972
0.04832173511385918
0.04821128025650978
0.04810549318790436
0.04800491780042648
0.04790971055626869
0.04781961813569069
0.04773402586579323
0.04765200987458229
0.04757238924503326
0.0474938340485096
0.04741493985056877
0.04733430221676826
0.04725062102079391
0.04716279357671738
0.04706993326544762
0.04697144031524658
0.0468670055270195
0.04675664380192757
0.04664065688848495
0.04651958495378494
0.0463942177593708
0.04626547172665596
0.04613438248634338
0.04600201547145844
0.04586943238973618
0.0457376092672348
0.04560742527246475
0.04547961056232452
0.04535473883152008
0.04523323103785515
0.04511533305048943
0.04500117525458336
0.04489075019955635
0.04478397592902184
0.04468070715665817
0.04458078369498253
0.04448403790593147
0.04439032450318336
0.04429953172802925
0.04421157762408257
0.04412642121315002
0.04404401779174805
0.04396431520581245
0.04388724267482758
0.04381264373660088
0.04374026507139206
0.04366971924901009
0.04360046982765198
0.04353180527687073
0.04346280544996262
0.0433923527598381
0.04331913217902184
0.04324161633849144
0.04315813258290291
0.0430668480694294
0.04296579957008362
0.04285293817520142
0.04272617399692535
0.04258336871862411
0.04242238029837608
0.04224109649658203
0.04203742742538452
0.0418093353509903
0.04155481606721878
0.0412718802690506
0.04095854610204697
0.04061281681060791
0.04023263603448868
0.03981585055589676
0.0393601767718792
0.03886314854025841
0.03832207247614861
0.03773398697376251
0.03709562867879868
0.03640338778495789
0.03565329313278198
0.03484097495675087
0.03396164625883102
0.03301011398434639
0.03198074549436569
0.03086750768125057
0.02966395393013954
0.02836326137185097
0.02695825882256031
0.02544146031141281
0.02380510978400707
0.02204122953116894
0.02014167048037052
0.01809819228947163
0.01590252481400967
0.01354643981903791
0.01102183014154434
0.008320795372128487
0.005435726139694452
0.002359394915401936
-0.0009149520192295313
-0.004393501207232475
-0.008081777021288872
-0.01198455039411783
-0.01610574312508106
-0.02044833637773991
-0.02501428686082363
-0.02980444207787514
-0.03481844440102577
-0.04005464911460876
-0.04551005735993385
-0.05118023604154587
-0.05705924332141876
-0.06313955038785934
-0.06941197067499161
-0.07586560398340225
-0.0824877917766571
-0.08926402777433395
-0.09617792069911957
-0.1032111421227455
-0.1103434190154076
-0.1175525039434433
-0.1248141378164291
-0.1321021169424057
-0.1393882185220718
-0.1466424018144608
-0.1538327485322952
-0.1609256267547607
-0.167885810136795
-0.1746766716241837
-0.181260347366333
-0.1875979602336884
-0.1936499178409576
-0.199376180768013
-0.2047366499900818
-0.2096914350986481
-0.214201346039772
-0.2182282209396362
-0.2217353880405426
-0.2246881574392319
-0.227054163813591
-0.2288039773702621
-0.2299114465713501
-0.2303541898727417
-0.2301140278577805
-0.2291773706674576
-0.2275356352329254
-0.2251855731010437
-0.2221295833587646
-0.2183759659528732
-0.2139391303062439
-0.2088396996259689
-0.203104630112648
-0.1967671811580658
-0.1898668855428696
-0.1824493259191513
-0.1745659559965134
-0.1662736982107162
-0.1576345860958099
-0.1487153023481369
-0.1395865231752396
-0.1303222179412842
-0.1209990009665489
-0.1116952374577522
-0.1024901941418648
-0.09346307069063187
-0.08469202369451523
-0.07625319063663483
-0.06821959465742111
-0.06066014617681503
-0.05363862961530685
-0.04721276089549065
-0.04143324866890907
-0.03634294867515564
-0.03197613731026649
-0.02835786715149879
-0.02550345286726952
-0.023418128490448
-0.02209682390093803
-0.02152414247393608
-0.02167447283864021
-0.02251230366528034
-0.02399269305169582
-0.02606192417442799
-0.0286583062261343
-0.03171315044164658
-0.03515185788273811
-0.0388951413333416
-0.04286034032702446
-0.04696280136704445
-0.05111731961369514
-0.05523961037397385
-0.05924773216247559
-0.06306355446577072
-0.06661407649517059
-0.0698326975107193
-0.07266040146350861
-0.07504674792289734
-0.07695074379444122
-0.07834149152040482
-0.07919872552156448
-0.07951302081346512
-0.07928591221570969
-0.07852970808744431
-0.07726710289716721
-0.07553064078092575
-0.07336187362670898
-0.07081044465303421
-0.06793287396430969
-0.06479133665561676
-0.0614522211253643
-0.05798464640974998
-0.05445891246199608
-0.05094493925571442
-0.04751068726181984
-0.04422067850828171
-0.04113458096981049
-0.03830588981509209
-0.03578081354498863
-0.03359729796648026
-0.03178428113460541
-0.03036116249859333
-0.02933751977980137
-0.0287130493670702
-0.02847778238356113
-0.0286125224083662
-0.02908951975405216
-0.02987335994839668
-0.03092203475534916
-0.03218816965818405
-0.03362038359045982
-0.03516471385955811
-0.03676613420248032
-0.03837002068758011
-0.03992360830307007
-0.04137739166617393
-0.04268639162182808
-0.04381127655506134
-0.04471930488944054
-0.04538506641983986
-0.04579101130366325
-0.0459277406334877
-0.0457940399646759
-0.04539670050144196
-0.04475009068846703
-0.04387552291154861
-0.0428004302084446
-0.04155736044049263
-0.04018284752964973
-0.03871619328856468
-0.03719818219542503
-0.03566978126764297
-0.03417085111141205
-0.03273894637823105
-0.03140819445252419
-0.03020830824971199
-0.02916378155350685
-0.02829327061772346
-0.02760914526879787
-0.02711730450391769
-0.02681717835366726
-0.02670194767415524
-0.02675898186862469
-0.02697043865919113
-0.02731405198574066
-0.02776401676237583
-0.02829199656844139
-0.0288681797683239
-0.02946235239505768
-0.03004498593509197
-0.03058822453022003
-0.03106682561337948
-0.03145896270871162
-0.03174689039587975
-0.03191744536161423
-0.03196235001087189
-0.03187835216522217
-0.03166718780994415
-0.03133531659841537
-0.03089351765811443
-0.03035634756088257
-0.02974144741892815
-0.02906876988708973
-0.02835973910987377
-0.02763636410236359
-0.02692037634551525
-0.02623238414525986
-0.02559112384915352
-0.0250127762556076
-0.02451042272150517
-0.02409363724291325
-0.023768225684762
-0.02353612706065178
-0.0233954731374979
-0.02334080450236797
-0.02336342073976994
-0.02345185726881027
-0.02359245531260967
-0.02377001196146011
-0.02396847307682037
-0.02417163550853729
-0.02436383999884129
-0.02453060448169708
-0.02465921454131603
-0.02473918721079826
-0.02476264163851738
-0.02472455613315105
-0.02462286874651909
-0.02445845864713192
-0.02423499710857868
-0.02395869605243206
-0.0236379150301218
-0.02328271977603436
-0.02290437556803226
-0.02251477725803852
-0.02212589979171753
-0.02174923941493034
-0.02139531821012497
-0.0210732351988554
-0.02079029008746147
-0.02055172249674797
-0.02036054246127605
-0.02021746709942818
-0.02012098021805286
-0.0200674794614315
-0.02005153149366379
-0.02006619423627853
-0.02010340616106987
-0.02015441283583641
-0.02021020278334618
-0.0202619731426239
-0.02030152641236782
-0.02032165974378586
-0.0203164629638195
-0.02028157562017441
-0.02021432481706142
-0.02011379599571228
-0.01998081244528294
-0.01981782168149948
-0.01962871477007866
-0.01941856928169727
-0.01919335313141346
-0.01895958371460438
-0.0187239795923233
-0.01849311031401157
-0.01827306300401688
-0.01806915923953056
-0.01788570173084736
-0.01772580482065678
-0.01759127527475357
-0.01748257130384445
-0.01739882677793503
-0.01733795739710331
-0.0172968115657568
-0.01727137342095375
-0.01725701056420803
-0.01724873296916485
-0.01724147237837315
-0.01723033748567104
-0.01721087470650673
-0.01717926003038883
-0.01713248901069164
-0.01706848479807377
-0.01698615960776806
-0.01688543148338795
-0.01676716655492783
-0.01663309708237648
-0.01648567058146
-0.01632789522409439
-0.01616312935948372
-0.01599489524960518
-0.01582666672766209
-0.01566166989505291
-0.01550272665917873
-0.01535211689770222
-0.01521146576851606
-0.01508169062435627
-0.01496297772973776
-0.0148547999560833
-0.01475598569959402
-0.01466480735689402
-0.01457910798490047
-0.01449643913656473
-0.01441421452909708
-0.01432985998690128
-0.01424096897244453
-0.01414542458951473
-0.01404152344912291
-0.0139280604198575
-0.01380437798798084
-0.01367040164768696
-0.01352662872523069
-0.01337409112602472
-0.01321429666131735
-0.01304914150387049
-0.01288080867379904
-0.01271165907382965
-0.0125441113486886
-0.01238053478300571
-0.01222313567996025
-0.01207387074828148
-0.01193437073379755
-0.0118058891966939
-0.0116892671212554
-0.01158492546528578
-0.01149288006126881
-0.01141277421265841
-0.01134392432868481
-0.01128539070487022
-0.0112360417842865
-0.01119463611394167
-0.01115989778190851
-0.01113058347254992
-0.01110554859042168
-0.01108379568904638
-0.0110645079985261
-0.01104707363992929
-0.01103108562529087
-0.01101633626967669
-0.01100278273224831
-0.01099051628261805
-0.01097971759736538
-0.01097060367465019
-0.0109633756801486
-0.01095817051827908
-0.01095502264797688
-0.0109538221731782
-0.0109542990103364
-0.01095600705593824
-0.01095833443105221
-0.01096051558852196
-0.01096166390925646
-0.01096081454306841
-0.01095697563141584
-0.01094917580485344
-0.01093652751296759
-0.010918278247118
-0.01089386362582445
-0.01086294371634722
-0.0108254374936223
-0.01078153681010008
-0.01073170825839043
-0.01067668478935957
-0.01061743963509798
-0.01055514439940453
-0.01049112714827061
-0.01042680721729994
-0.01036364119499922
-0.01030305773019791
-0.01024639792740345
-0.01019485574215651
-0.01014943700283766
-0.01011091750115156
-0.01007981784641743
-0.01005639042705297
-0.01004061847925186
-0.01003222726285458
-0.0100307073444128
-0.01003534439951181
-0.01004525925964117
-0.01005944795906544
-0.01007682923227549
-0.01009629108011723
-0.01011673081666231
-0.01013709791004658
-0.01015642564743757
-0.0101738590747118
-0.01018867734819651
-0.01020030677318573
-0.01020832546055317
-0.01021246332675219
-0.01021259836852551
-0.01020874828100204
-0.01020106021314859
-0.01018978841602802
-0.01017528586089611
-0.01015798281878233
-0.01013837289065123
-0.01011699251830578
-0.01009441539645195
-0.01007122360169888
-0.01004800759255886
-0.01002534385770559
-0.01000378746539354
-0.009983859024941921
-0.009966030716896057
-0.009950718842446804
-0.00993826799094677
-0.009928948245942593
-0.009922940284013748
-0.009920328855514526
-0.009921103715896606
-0.009925154037773609
-0.009932269342243671
-0.009942143224179745
-0.009954385459423065
-0.009968532249331474
-0.009984061121940613
-0.01000041142106056
-0.01001699920743704
-0.01003324519842863
-0.01004859246313572
-0.01006253249943256
-0.01007462479174137
-0.01008451636880636
-0.01009195484220982
-0.01009680051356554
-0.01009902823716402
-0.01009873487055302
-0.01009613182395697
-0.01009153295308352
-0.01008533965796232
-0.01007802411913872
-0.01007010228931904
-0.01006211526691914
-0.01005460042506456
-0.01004806719720364
-0.01004296727478504
-0.01003968250006437
-0.01003850530833006
-0.01003961637616158
-0.01004308741539717
-0.01004887279123068
-0.01005681976675987
-0.01006666850298643
-0.01007807068526745
-0.01009060442447662
-0.01010380033403635
-0.01011715643107891
-0.01013016980141401
-0.01014235336333513
-0.01015326380729675
-0.01016251649707556
-0.01016980223357677
-0.01017489843070507
-0.01017767284065485
-0.01017808821052313
-0.01017620135098696
-0.01017214916646481
-0.01016614120453596
-0.01015844475477934
-0.01014936808496714
-0.01013923715800047
-0.01012838259339333
-0.01011711824685335
-0.0101057281717658
-0.01009444985538721
-0.0100834658369422
-0.01007289811968803
-0.01006280537694693
-0.01005318015813828
-0.01004395913332701
-0.01003503240644932
-0.01002624444663525
-0.01001742202788591
-0.0100083788856864
-0.009998934343457222
-0.009988928213715553
-0.009978232905268669
-0.009966768324375153
-0.009954506531357765
-0.009941478259861469
-0.009927784092724323
-0.009913585148751736
-0.009899101220071316
-0.00988460611552
-0.009870416484773159
-0.009856882505118847
-0.009844372048974037
-0.009833255782723427
-0.009823895059525967
-0.009816626086831093
-0.009811748750507832
-0.009809514507651329
-0.009810113348066807
-0.009813671000301838
-0.009820242412388325
-0.009829812683165073
-0.009842293336987495
-0.009857527911663055
-0.009875297546386719
-0.009895328432321548
-0.009917298331856728
-0.009940844029188156
-0.009965576231479645
-0.009991084225475788
-0.01001694705337286
-0.01004274468868971
-0.01006806176155806
-0.01009249687194824
-0.01011566910892725
-0.01013721898198128
-0.01015681587159634
-0.01017415802925825
-0.01018897909671068
-0.01020104624330997
-0.01021016109734774
-0.01021616533398628
-0.01021893881261349
-0.01021840423345566
-0.01021452713757753
-0.01020732056349516
-0.01019684690982103
-0.01018322166055441
-0.01016661338508129
-0.01014724653214216
-0.01012540142983198
-0.01010141242295504
-0.01007566507905722
-0.01004859153181314
-0.0100206658244133
-0.009992393665015697
-0.009964302182197571
-0.009936921298503876
-0.009910781867802143
-0.009886395186185837
-0.009864233434200287
-0.009844721294939518
-0.009828217327594757
-0.009815004654228687
-0.009805274195969105
-0.009799119085073471
-0.009796526283025742
-0.009797378443181515
-0.009801449254155159
-0.009808413684368134
-0.009817853569984436
-0.009829267859458923
-0.009842093102633953
-0.009855717420578003
-0.009869503788650036
-0.009882808662950993
-0.009895004332065582
-0.009905502200126648
-0.009913771413266659
-0.009919356554746628
-0.009921898134052753
-0.009921138174831867
-0.009916936978697777
-0.009909271262586117
-0.009898236952722073
-0.009884045459330082
-0.009867015294730663
-0.009847559966146946
-0.009826171211898327
-0.009803398512303829
-0.009779836051166058
-0.009756089188158512
-0.009732763282954693
-0.009710434824228287
-0.009689630940556526
-0.009670811705291271
-0.009654350578784943
-0.009640528820455074
-0.009629516862332821
-0.009621374309062958
-0.009616049937903881
-0.009613380767405033
-0.009613105095922947
-0.009614869952201843
-0.009618246927857399
-0.009622754529118538
-0.009627871215343475
-0.009633063338696957
-0.009637804701924324
-0.009641597047448158
-0.00964399054646492
-0.009644605219364166
-0.009643140248954296
-0.00963938981294632
-0.009633248671889305
-0.009624717757105827
-0.00961389672011137
-0.009600984863936901
-0.009586267173290253
-0.009570103138685226
-0.009552908129990101
-0.00953513290733099
-0.009517244063317776
-0.009499702602624893
-0.009482941590249538
-0.009467345662415028
-0.009453238919377327
-0.00944086629897356
-0.009430383332073689
-0.009421849623322487
-0.009415231645107269
-0.009410405531525612
-0.009407159872353077
-0.009405212476849556
-0.009404224343597889
-0.009403819218277931
-0.009403601288795471
-0.009403174743056297
-0.009402165189385414
-0.009400240145623684
-0.009397121146321297
-0.009392596781253815
-0.009386536665260792
-0.009378893300890923
-0.009369705803692341
-0.009359089657664299
-0.009347233921289444
-0.009334387257695198
-0.00932084396481514
-0.009306927211582661
-0.009292966686189175
-0.009279287420213223
-0.009266187436878681
-0.009253920055925846
-0.00924268551170826
-0.009232622571289539
-0.009223794564604759
-0.009216196835041046
-0.009209753014147282
-0.009204327128827572
-0.009199725463986397
-0.009195719845592976
-0.009192049503326416
-0.009188448078930378
-0.009184655733406544
-0.009180433116853237
-0.009175571613013744
-0.009169912897050381
-0.009163348004221916
-0.009155828505754471
-0.009147366508841515
-0.009138026274740696
-0.009127924218773842
-0.009117219597101212
-0.009106099605560303
-0.009094771929085255
-0.009083446115255356
-0.009072324261069298
-0.009061587043106556
-0.009051385335624218
-0.009041829966008663
-0.00903298519551754
-0.009024870581924915
-0.009017456322908401
-0.009010673500597477
-0.009004411287605762
-0.008998535573482513
-0.008992888033390045
-0.0089873056858778
-0.008981630206108093
-0.00897571537643671
-0.008969436399638653
-0.008962699212133884
-0.00895544420927763
-0.008947649039328098
-0.008939329534769058
-0.00893053412437439
-0.008921341970562935
-0.008911854587495327
-0.008902188390493393
-0.008892470970749855
-0.008882820606231689
-0.008873352780938148
-0.008864161558449268
-0.008855318650603294
-0.008846867829561234
-0.008838824927806854
-0.008831176906824112
-0.008823882788419724
-0.00881688017398119
-0.008810089901089668
-0.008803423494100571
-0.008796787820756435
-0.00879009161144495
-0.008783252909779549
-0.008776205591857433
-0.008768902160227299
-0.00876131746917963
-0.008753446862101555
-0.008745306171476841
-0.008736932650208473
-0.008728377521038055
-0.008719703182578087
-0.00871097669005394
-0.00870226975530386
-0.008693644776940346
-0.008685157634317875
-0.008676851168274879
-0.008668752387166023
-0.008660872466862202
-0.008653204888105392
-0.008645731024444103
-0.008638415485620499
-0.008631213568150997
-0.008624076843261719
-0.008616956882178783
-0.008609802462160587
-0.008602571673691273
-0.00859522819519043
-0.008587751537561417
-0.008580128662288189
-0.00857236236333847
-0.008564463816583157
-0.008556457236409187
-0.008548375219106674
-0.008540251292288303
-0.008532122708857059
-0.008524027653038502
-0.008515995927155018
-0.008508053608238697
-0.008500217460095882
-0.008492494933307171
-0.008484886959195137
-0.008477384224534035
-0.008469969034194946
-0.008462619967758656
-0.008455311879515648
-0.008448018692433834
-0.008440714329481125
-0.00843337643891573
-0.008425988256931305
-0.008418537676334381
-0.008411018177866936
-0.008403431624174118
-0.008395787328481674
-0.0083880964666605
-0.008380373008549213
-0.008372636511921883
-0.00836490374058485
-0.008357195183634758
-0.0083495257422328
-0.008341907523572445
-0.008334346115589142
-0.008326846174895763
-0.008319403976202011
-0.008312014862895012
-0.008304668590426445
-0.008297352120280266
-0.008290053345263004
-0.008282759226858616
-0.008275457657873631
-0.008268140256404877
-0.008260797709226608
-0.008253427222371101
-0.008246027864515781
-0.008238601498305798
-0.008231152780354023
-0.008223690092563629
-0.008216221816837788
-0.008208760060369968
-0.008201313205063343
-0.008193887770175934
-0.008186490274965763
-0.008179126307368279
-0.008171796798706055
-0.008164498955011368
-0.008157231844961643
-0.008149990811944008
-0.00814276747405529
-0.008135554380714893
-0.008128346875309944
-0.00812113843858242
-0.008113923482596874
-0.008106698282063007
-0.008099463768303394
-0.00809222087264061
-0.008084972389042377
-0.008077718317508698
-0.008070464245975018
-0.008063214831054211
-0.00805597472935915
-0.008048747666180134
-0.008041538298130035
-0.008034348487854004
-0.008027178235352039
-0.008020028471946716
-0.00801289826631546
-0.008005782961845398
-0.00799868255853653
-0.007991591468453407
-0.007984509691596031
-0.007977431640028954
-0.007970355451107025
-0.007963280193507671
-0.007956204935908318
-0.007949127815663815
-0.007942052558064461
-0.007934978231787682
-0.007927907630801201
-0.007920842617750168
-0.007913785055279732
-0.007906737737357616
-0.007899701595306396
-0.007892677560448647
-0.007885669358074665
-0.007878675125539303
-0.007871693931519985
-0.007864723913371563
-0.007857765071094036
-0.007850815542042255
-0.007843875326216221
-0.007836938835680485
-0.007830006070435047
-0.007823078893125057
-0.007816155441105366
-0.007809235714375973
-0.007802322041243315
-0.007795414887368679
-0.00778851518407464
-0.007781623397022486
-0.00777474045753479
-0.007767867296934128
-0.007761002983897924
-0.007754147984087467
-0.007747303228825331
-0.007740468718111515
-0.00773364445194602
-0.007726829499006271
-0.007720024324953556
-0.00771322613582015
-0.007706434465944767
-0.007699649780988693
-0.007692871615290642
-0.0076861004345119
-0.00767933577299118
-0.007672577165067196
-0.007665825076401234
-0.007659080438315868
-0.0076523432508111
-0.007645613979548216
-0.007638893090188503
-0.00763218104839325
-0.007625477388501167
-0.007618781644850969
-0.007612093817442656
-0.007605413906276226
-0.007598741911351681
-0.007592077367007732
-0.007585420273244381
-0.007578770164400339
-0.007572127040475607
-0.007565491832792759
-0.007558865007013083
-0.007552247494459152
-0.007545638829469681
-0.007539038546383381
-0.007532446645200253
-0.007525863591581583
-0.007519288919866085
-0.007512723095715046
-0.007506164722144604
-0.007499613333493471
-0.007493069395422935
-0.007486531045287848
-0.007479998748749495
-0.007473472040146589
-0.007466952316462994
-0.007460440043359995
-0.007453934755176306
-0.007447437383234501
-0.007440948393195868
-0.007434467785060406
-0.007427996024489403
-0.007421532645821571
-0.007415077649056911
-0.00740863149985671
-0.007402193266898394
-0.007395762018859386
-0.007389339152723551
-0.007382923271507025
-0.007376514375209808
-0.007370112929493189
-0.007363718468695879
-0.007357332389801741
-0.007350953761488199
-0.007344582583755255
-0.007338219322264194
-0.007331863977015018
-0.007325515616685152
-0.00731917517259717
-0.007312841713428497
-0.007306515239179134
-0.007300195749849081
-0.007293883711099625
-0.007287579122930765
-0.007281281519681215
-0.007274990901350975
-0.007268706802278757
-0.007262430153787136
-0.007256160955876112
-0.007249899208545685
-0.007243645377457142
-0.007237398065626621
-0.007231158670037985
-0.007224926259368658
-0.007218701764941216
-0.007212484255433083
-0.007206274196505547
-0.007200072053819895
-0.007193877827376127
-0.007187690585851669
-0.007181510329246521
-0.007175337057560682
-0.007169171702116728
-0.007163013331592083
-0.00715686148032546
-0.007150717079639435
-0.007144579198211432
-0.007138448301702738
-0.007132323924452066
-0.007126207463443279
-0.007120097987353802
-0.007113995961844921
-0.00710790092125535
-0.007101811934262514
-0.007095729932188988
-0.007089653983712196
-0.00708358408883214
-0.007077520713210106
-0.007071463856846094
-0.007065413985401392
-0.007059371098875999
-0.007053335662931204
-0.007047307677567005
-0.007041286677122116
-0.007035273127257824
-0.007029267959296703
-0.00702327024191618
-0.007017281837761402
-0.007011302746832371
-0.007005331572145224
-0.006999368779361248
-0.006993413437157869
-0.0069874650798738
-0.006981523241847754
-0.006975588388741016
-0.00696965865790844
-0.006963735446333885
-0.006957817822694778
-0.006951906252652407
-0.006946001201868057
-0.006940101739019156
-0.006934208795428276
-0.006928321905434132
-0.006922442466020584
-0.006916569545865059
-0.006910704076290131
-0.006904846057295799
-0.006898995488882065
-0.006893152371048927
-0.006887316703796387
-0.006881488021463156
-0.006875666324049234
-0.006869851145893335
-0.006864043418318033
-0.006858242210000753
-0.006852448452264071
-0.00684666121378541
-0.006840880028903484
-0.006835106760263443
-0.006829340476542711
-0.006823580712080002
-0.006817827466875315
-0.00681208074092865
-0.006806340534240007
-0.006800606846809387
-0.006794878747314215
-0.006789156701415777
-0.006783441640436649
-0.006777733564376831
-0.006772032007575035
-0.006766337435692549
-0.006760650314390659
-0.006754969712346792
-0.006749297957867384
-0.006743633653968573
-0.006737976800650358
-0.006732326932251453
-0.00672668544575572
-0.006721050944179296
-0.006715424824506044
-0.006709806621074677
-0.006704197265207767
-0.006698596756905317
-0.006693005096167326
-0.006687422748655081
-0.006681849714368582
-0.006676285527646542
-0.00667073018848896
-0.0066651850938797
-0.006659650709480047
-0.00665412750095129
-0.006648615933954716
-0.006643115077167749
-0.006637626327574253
-0.006632150616496801
-0.006626689340919256
-0.006621241569519043
-0.006615808233618736
-0.006610389333218336
-0.006604986730962992
-0.006599601358175278
-0.006594233680516481
-0.006588886491954327
-0.006583559792488813
-0.006578255444765091
-0.006572975311428308
-0.006567720323801041
-0.006562492810189724
-0.00655729416757822
-0.006552125327289104
-0.006546989548951387
-0.006541888695210218
-0.006536824163049459
-0.006531799212098122
-0.00652681477367878
-0.006521873641759157
-0.006516978610306978
-0.006512132007628679
-0.006507337093353271
-0.006502597127109766
-0.006497914902865887
-0.006493293214589357
-0.006488734856247902
-0.006484244950115681
-0.006479825358837843
-0.006475480739027262
-0.006471214815974236
-0.00646703178063035
-0.006462935358285904
-0.00645893020555377
-0.00645501958206296
-0.006451208144426346
-0.00644749915227294
-0.006443897262215614
-0.00644040759652853
-0.006437032949179411
-0.006433775648474693
-0.006430640816688538
-0.006427631713449955
-0.006424752529710531
-0.006422005128115416
-0.006419392768293619
-0.006416918709874153
-0.006414583884179592
-0.006412390619516373
-0.006410340312868357
-0.006408434361219406
-0.006406673230230808
-0.006405056919902563
-0.006403584033250809
-0.006402253638952971
-0.006401064340025187
-0.006400013342499733
-0.006399099715054035
-0.006398318335413933
-0.006397664546966553
-0.006397132761776447
-0.006396718323230743
-0.006396414712071419
-0.006396213546395302
-0.006396106444299221
-0.006396084558218718
-0.006396138574928045
-0.006396257784217596
-0.006396432407200336
-0.006396650802344084
-0.006396900396794081
-0.006397168152034283
-0.006397441495209932
-0.006397705990821123
-0.006397949066013098
-0.00639815628528595
-0.00639831181615591
-0.00639840355142951
-0.00639841565862298
-0.006398335564881563
-0.006398148834705353
-0.006397841032594442
-0.006397400517016649
-0.006396815646439791
-0.006396073382347822
-0.006395164411514997
-0.006394078489392996
-0.006392807234078646
-0.00639134319499135
-0.006389680784195662
-0.006387814413756132
-0.006385742221027613
-0.006383462809026241
-0.006380977109074593
-0.006378286983817816
-0.006375395227223635
-0.00637230696156621
-0.006369030568748713
-0.006365573033690453
-0.006361945066601038
-0.006358158309012651
-0.006354224868118763
-0.006350158713757992
-0.006345975212752819
-0.006341692060232162
-0.006337323226034641
-0.006332888267934322
-0.006328405346721411
-0.006323892157524824
-0.006319368258118629
-0.006314851809293032
-0.006310360506176949
-0.006305912975221872
-0.006301526445895433
-0.006297216285020113
-0.006292998325079679
-0.006288886070251465
-0.006284891162067652
-0.00628102570772171
-0.006277298089116812
-0.006273713894188404
-0.006270279176533222
-0.006266995333135128
-0.006263864226639271
-0.006260883063077927
-0.006258046720176935
-0.006255350075662136
-0.006252784747630358
-0.006250340957194567
-0.00624800706282258
-0.006245768629014492
-0.006243611685931683
-0.006241519935429096
-0.006239478010684252
-0.006237468216568232
-0.006235473323613405
-0.006233475636690855
-0.006231458391994238
-0.006229403894394636
-0.006227295380085707
-0.006225118413567543
-0.006222859025001526
-0.006220504175871611
-0.006218043621629477
-0.006215468514710665
-0.006212770938873291
-0.006209945771843195
-0.00620699068531394
-0.006203906610608101
-0.006200693547725677
-0.006197355687618256
-0.006193900480866432
-0.00619033444672823
-0.00618666922673583
-0.006182917859405279
-0.006179093383252621
-0.006175210233777761
-0.006171282846480608
-0.006167327519506216
-0.006163359619677067
-0.006159395445138216
-0.006155449897050858
-0.006151537410914898
-0.006147671956568956
-0.006143867503851652
-0.006140135228633881
-0.006136483978480101
-0.006132922135293484
-0.00612945482134819
-0.006126085296273232
-0.006122815888375044
-0.006119647063314915
-0.006116576958447695
-0.006113599985837936
-0.006110709626227617
-0.006107897963374853
-0.006105154287070036
-0.00610246928408742
-0.006099830381572247
-0.006097224541008472
-0.006094638723880053
-0.006092059891670942
-0.006089475005865097
-0.006086871959269047
-0.006084239576011896
-0.006081567145884037
-0.006078846752643585
-0.006076071411371231
-0.006073234602808952
-0.006070332136005163
-0.006067362148314714
-0.006064324639737606
-0.0060612210072577
-0.006058055907487869
-0.006054834462702274
-0.006051564589142799
-0.006048254668712616
-0.006044915411621332
-0.006041557993739843
-0.006038195919245481
-0.006034840364009142
-0.006031503900885582
-0.006028199102729559
-0.00602493854239583
-0.006021733395755291
-0.006018594838678837
-0.006015531253069639
-0.006012551952153444
-0.0060096625238657
-0.006006868090480566
-0.006004173308610916
-0.006001578643918037
-0.005999085493385792
-0.005996692925691605
-0.005994398612529039
-0.005992198828607798
-0.005990087520331144
-0.005988060031086206
-0.005986108910292387
-0.005984227638691664
-0.005982409697026014
-0.005980647169053555
-0.005978932604193687
-0.005977260414510965
-0.005975624080747366
-0.005974018946290016
-0.005972441285848618
-0.005970887839794159
-0.005969357211142778
-0.005967848002910614
-0.00596636114642024
-0.005964898504316807
-0.005963461473584175
-0.005962054245173931
-0.005960680078715086
-0.005959343630820513
-0.00595804862678051
-0.005956799723207951
-0.00595560111105442
-0.005954455584287643
-0.005953365936875343
-0.005952334031462669
-0.005951362196356058
-0.00595044856891036
-0.005949593149125576
-0.005948793143033981
-0.00594804622232914
-0.005947345867753029
-0.005946686491370201
-0.00594606064260006
-0.005945461802184582
-0.005944880656898022
-0.005944308824837208
-0.005943736527115107
-0.005943154916167259
-0.005942555144429207
-0.005941927433013916
-0.005941263400018215
-0.005940556060522795
-0.00593979936093092
-0.00593898817896843
-0.005938118789345026
-0.00593718932941556
-0.005936201196163893
-0.005935155786573887
-0.005934055894613266
-0.00593290664255619
-0.005931714083999395
-0.005930486600846052
-0.005929231643676758
-0.00592795992270112
-0.005926683079451323
-0.005925412755459547
-0.005924161057919264
-0.00592294055968523
-0.005921762902289629
-0.00592064019292593
-0.005919584538787603
-0.005918606650084257
-0.005917716305702925
-0.00591692328453064
-0.005916235037147999
-0.005915658082813025
-0.005915198475122452
-0.005914859473705292
-0.005914643406867981
-0.005914552137255669
-0.00591458473354578
-0.005914740730077028
-0.00591501547023654
-0.005915405228734016
-0.005915905348956585
-0.005916509311646223
-0.005917209200561047
-0.005917997099459171
-0.005918863695114851
-0.005919798742979765
-0.005920791067183018
-0.005921829026192427
-0.005922901444137096
-0.005923996213823557
-0.005925102159380913
-0.005926203913986683
-0.005927290301769972
-0.005928348284214735
-0.005929365288466215
-0.005930329207330942
-0.005931228399276733
-0.005932051688432693
-0.005932789761573076
-0.005933431908488274
-0.005933972075581551
-0.005934402346611023
-0.005934717133641243
-0.005934912245720625
-0.005934984888881445
-0.00593493552878499
-0.005934764631092548
-0.00593447545543313
-0.005934072658419609
-0.005933561827987432
-0.005932951811701059
-0.005932252388447523
-0.005931474268436432
-0.005930630024522543
-0.005929732229560614
-0.00592879531905055
-0.005927834194153547
-0.005926862824708223
-0.005925897043198347
-0.005924948956817389
-0.005924034398049116
-0.005923165008425713
-0.005922353360801935
-0.005921608302742243
-0.005920938681811094
-0.005920352414250374
-0.005919852759689093
-0.005919443443417549
-0.005919123534113169
-0.005918891634792089
-0.005918742623180151
-0.005918670911341906
-0.005918668583035469
-0.005918726325035095
-0.005918833427131176
-0.005918977316468954
-0.005919144488871098
-0.005919322837144136
-0.005919498857110739
-0.005919658113270998
-0.005919788498431444
-0.005919877905398607
-0.005919915158301592
-0.005919888615608215
-0.005919790361076593
-0.005919613875448704
-0.00591935170814395
-0.005919001065194607
-0.005918559618294239
-0.005918025970458984
-0.005917400121688843
-0.005916683934628963
-0.005915880668908358
-0.005914995912462473
-0.00591403478756547
-0.005913004279136658
-0.005911911372095346
-0.005910763051360846
-0.005909565836191177
-0.005908327642828226
-0.005907055921852589
-0.005905757658183575
-0.005904438439756632
-0.005903103388845921
-0.005901757162064314
-0.00590040348470211
-0.005899045616388321
-0.005897686816751957
-0.005896327551454306
-0.005894968751817942
-0.005893609020859003
-0.005892248824238777
-0.005890886299312115
-0.005889520980417728
-0.005888151004910469
-0.005886774510145187
-0.005885390099138021
-0.005883997771888971
-0.005882596597075462
-0.005881186574697495
-0.00587976910173893
-0.00587834557518363
-0.00587691692635417
-0.005875486880540848
-0.0058740577660501
-0.005872634705156088
-0.005871222354471684
-0.005869824904948473
-0.005868447478860617
-0.005867096595466137
-0.005865776911377907
-0.005864493548870087
-0.005863250233232975
-0.005862052086740732
-0.005860902834683657
-0.005859805271029472
-0.005858760327100754
-0.00585776986554265
-0.005856834352016449
-0.005855951923877001
-0.005855119787156582
-0.005854335613548756
-0.005853593815118074
-0.005852890200912952
-0.00585221778601408
-0.00585156911984086
-0.005850936286151409
-0.005850311368703842
-0.005849684122949839
-0.005849044770002365
-0.005848383530974388
-0.005847690161317587
-0.005846953485161066
-0.005846164189279079
-0.005845310632139444
-0.005844383966177702
-0.005843374412506819
-0.005842273123562336
-0.005841072183102369
-0.005839765071868896
-0.005838344804942608
-0.005836807191371918
-0.00583514804020524
-0.005833364557474852
-0.005831453949213028
-0.005829415749758482
-0.005827249959111214
-0.00582495704293251
-0.005822538398206234
-0.005819997284561396
-0.005817335098981857
-0.005814556032419205
-0.005811664275825024
-0.005808665417134762
-0.00580556271597743
-0.005802360828965902
-0.005799065344035625
-0.00579568138346076
-0.005792215000838041
-0.005788670387119055
-0.005785050336271524
-0.005781360901892185
-0.005777605343610048
-0.005773786455392838
-0.005769906099885702
-0.005765967536717653
-0.005761970765888691
-0.00575791671872139
-0.005753805860877037
-0.005749637261033058
-0.005745409987866879
-0.005741122178733349
-0.00573677197098732
-0.005732359364628792
-0.005727881100028753
-0.00572333624586463
-0.005718722939491272
-0.005714040715247393
-0.005709290038794279
-0.005704470910131931
-0.005699586123228073
-0.005694638937711716
-0.005689634475857019
-0.005684578325599432
-0.005679477471858263
-0.005674342159181833
-0.005669182632118464
-0.005664011463522911
-0.005658842623233795
-0.00565369101241231
-0.005648572463542223
-0.005643503740429878
-0.005638502072542906
-0.005633584223687649
-0.005628769285976887
-0.005624073091894388
-0.005619511939585209
-0.005615103058516979
-0.005610859487205744
-0.005606793332844973
-0.005602916702628136
-0.005599237978458405
-0.005595762748271227
-0.00559249660000205
-0.005589440930634737
-0.005586595740169287
-0.005583957768976688
-0.005581522826105356
-0.005579282995313406
-0.005577228963375092
-0.005575350485742092
-0.005573634058237076
-0.005572065711021423
-0.005570629611611366
-0.005569310393184423
-0.005568092688918114
-0.005566958803683519
-0.005565892439335585
-0.005564878229051828
-0.005563899409025908
-0.005562941078096628
-0.005561988800764084
-0.00556102953851223
-0.005560050718486309
-0.005559041630476713
-0.005557990167289972
-0.00555688701570034
-0.005555723793804646
-0.005554492585361004
-0.005553186871111393
-0.005551800597459078
-0.005550330504775047
-0.005548771005123854
-0.005547119304537773
-0.005545372143387794
-0.005543527659028769
-0.005541585851460695
-0.005539544392377138
-0.005537404678761959
-0.00553516810759902
-0.00553283654153347
-0.005530412308871746
-0.005527898203581572
-0.005525299813598394
-0.005522622261196375
-0.005519871599972248
-0.005517054814845324
-0.00551418075338006
-0.005511257331818342
-0.005508295260369778
-0.005505305714905262
-0.005502299405634403
-0.005499288439750671
-0.005496283993124962
-0.005493298638612032
-0.005490344483405352
-0.005487433169037104
-0.005484574940055609
-0.0054817795753479
-0.00547905545681715
-0.00547640910372138
-0.005473847035318613
-0.005471371579915285
-0.005468984600156546
-0.005466687027364969
-0.00546447467058897
-0.005462342407554388
-0.005460283253341913
-0.005458287429064512
-0.005456344224512577
-0.005454441532492638
-0.005452563054859638
-0.00545069482177496
-0.005448819603770971
-0.005446918774396181
-0.005444976035505533
-0.005442973226308823
-0.005440893117338419
-0.005438719410449266
-0.005436436738818884
-0.005434030666947365
-0.005431488621979952
-0.005428798496723175
-0.005425950977951288
-0.005422939546406269
-0.005419759545475245
-0.005416407715529203
-0.005412883125245571
-0.005409185774624348
-0.005405319388955832
-0.00540128955617547
-0.005397100932896137
-0.005392761435359716
-0.005388279445469379
-0.005383663345128298
-0.005378924775868654
-0.00537407398223877
-0.005369120743125677
-0.005364074371755123
-0.005358945112675428
-0.005353742279112339
-0.005348473787307739
-0.005343147087842226
-0.005337769165635109
-0.005332344211637974
-0.005326875951141119
-0.005321367178112268
-0.005315819755196571
-0.005310233682394028
-0.005304607097059488
-0.005298939999192953
-0.005293228197842836
-0.005287467502057552
-0.005281654186546803
-0.005275782663375139
-0.005269847344607115
-0.00526384124532342
-0.005257760174572468
-0.00525159714743495
-0.005245347041636705
-0.005239004269242287
-0.005232563707977533
-0.005226019769906998
-0.005219369661062956
-0.005212609190493822
-0.00520573602989316
-0.005198750179260969
-0.00519165163859725
-0.005184441339224577
-0.005177120212465525
-0.005169691052287817
-0.005162159912288189
-0.005154532380402088
-0.005146814044564962
-0.005139012821018696
-0.005131135229021311
-0.005123191047459841
-0.005115189589560032
-0.00510714016854763
-0.005099052097648382
-0.005090935155749321
-0.00508279912173748
-0.005074652843177319
-0.005066504701972008
-0.005058362148702145
-0.005050232168287039
-0.005042122211307287
-0.005034038331359625
-0.00502598425373435
-0.005017965100705624
-0.005009984597563744
-0.005002045538276434
-0.004994150251150131
-0.004986301064491272
-0.004978497978299856
-0.00497074332088232
-0.004963037557899952
-0.004955382086336613
-0.004947778768837452
-0.004940229002386332
-0.004932734183967113
-0.004925298504531384
-0.004917923361063004
-0.004910612478852272
-0.004903369583189487
-0.004896197933703661
-0.004889101721346378
-0.004882085602730513
-0.004875153303146362
-0.004868309013545513
-0.004861556459218264
-0.004854899831116199
-0.004848342388868332
-0.004841885063797235
-0.004835528787225485
-0.00482927355915308
-0.004823117982596159
-0.004817057400941849
-0.004811087157577276
-0.004805202130228281
-0.004799393471330404
-0.004793652798980474
-0.004787968471646309
-0.004782328382134438
-0.004776719957590103
-0.004771129228174686
-0.004765542689710855
-0.004759945441037416
-0.004754323977977037
-0.004748663399368525
-0.004742951132357121
-0.004737175535410643
-0.004731324966996908
-0.004725390579551458
-0.004719363991171122
-0.004713240545243025
-0.00470701651647687
-0.004700689110904932
-0.004694260656833649
-0.004687733948230743
-0.004681113176047802
-0.004674406256526709
-0.004667621571570635
-0.004660769831389189
-0.004653864540159702
-0.00464691873639822
-0.004639947321265936
-0.004632965661585331
-0.004625989124178886
-0.004619033541530371
-0.004612113814800978
-0.004605243913829327
-0.004598437342792749
-0.004591706208884716
-0.004585062153637409
-0.004578513093292713
-0.004572067409753799
-0.004565730225294828
-0.004559503868222237
-0.004553388804197311
-0.004547384101897478
-0.004541486036032438
-0.004535689949989319
-0.004529988393187523
-0.004524372983723879
-0.004518834874033928
-0.004513362422585487
-0.004507945384830236
-0.00450257258489728
-0.00449723144993186
-0.004491910804063082
-0.004486599005758762
-0.004481286276131868
-0.004475961904972792
-0.004470618907362223
-0.004465249832719564
-0.004459850024431944
-0.004454415757209063
-0.004448945168405771
-0.004443438723683357
-0.004437896888703108
-0.004432324320077896
-0.004426724277436733
-0.004421104677021503
-0.004415472038090229
-0.004409834276884794
-0.004404202103614807
-0.004398585762828588
-0.004392995964735746
-0.004387442953884602
-0.004381936974823475
-0.004376488272100687
-0.004371105693280697
-0.004365799017250538
-0.004360574763268232
-0.004355438053607941
-0.004350394010543823
-0.004345446359366179
-0.004340596962720156
-0.004335844423621893
-0.004331187810748816
-0.004326624795794487
-0.004322149325162172
-0.004317755810916424
-0.004313437268137932
-0.004309184849262238
-0.004304990638047457
-0.004300843924283981
-0.004296733997762203
-0.004292651545256376
-0.004288585856556892
-0.004284526221454144
-0.004280460998415947
-0.004276380408555269
-0.004272275604307652
-0.004268137272447348
-0.004263957496732473
-0.004259728360921144
-0.004255445208400488
-0.004251102451235056
-0.004246695898473263
-0.004242224153131247
-0.004237683955579996
-0.004233075771480799
-0.004228399135172367
-0.004223655443638563
-0.004218847490847111
-0.004213977139443159
-0.004209047649055719
-0.00420406274497509
-0.004199025686830282
-0.004193940199911594
-0.0041888109408319
-0.004183641169220209
-0.004178434610366821
-0.004173194989562035
-0.004167924635112286
-0.00416262773796916
-0.004157306160777807
-0.004151962697505951
-0.004146600142121315
-0.004141222219914198
-0.004135831724852324
-0.004130430519580841
-0.004125021863728762
-0.004119609016925097
-0.004114193376153708
-0.004108779598027468
-0.004103371407836676
-0.00409797253087163
-0.004092587623745203
-0.004087221343070269
-0.004081879276782274
-0.004076566081494093
-0.004071287345141172
-0.004066047724336386
-0.004060852807015181
-0.004055709112435579
-0.00405062036588788
-0.004045591689646244
-0.004040627740323544
-0.00403573177754879
-0.004030906595289707
-0.004026154521852732
-0.004021476022899151
-0.004016871098428965
-0.004012339282780886
-0.004007877316325903
-0.004003483336418867
-0.003999152220785618
-0.003994879778474569
-0.003990659490227699
-0.003986484371125698
-0.003982348367571831
-0.003978244960308075
-0.003974166233092546
-0.003970105666667223
-0.003966057207435369
-0.003962014801800251
-0.00395797286182642
-0.00395392719656229
-0.003949875012040138
-0.00394581351429224
-0.003941742703318596
-0.003937662113457918
-0.003933572676032782
-0.003929478581994772
-0.003925383556634188
-0.003921293187886477
-0.003917215391993523
-0.003913157153874636
-0.0039091263897717
-0.003905132180079818
-0.003901184070855379
-0.003897290211170912
-0.003893460845574737
-0.00388970342464745
-0.003886026097461581
-0.003882436081767082
-0.003878939896821976
-0.003875541500747204
-0.003872244386002421
-0.003869050415232778
-0.003865959588438272
-0.003862970974296331
-0.003860081546008587
-0.003857287811115384
-0.003854583483189344
-0.003851962275803089
-0.003849415574222803
-0.003846934530884027
-0.003844509599730372
-0.003842131001874804
-0.003839787794277072
-0.003837468568235636
-0.003835162613540888
-0.003832858987152576
-0.003830547211691737
-0.003828218206763268
-0.003825862426310778
-0.00382347172126174
-0.003821039572358131
-0.003818560158833861
-0.0038160290569067
-0.003813442541286349
-0.003810798050835729
-0.003808095119893551
-0.003805333748459816
-0.003802515333518386
-0.003799641970545053
-0.003796716453507543
-0.003793742973357439
-0.003790725488215685
-0.00378766842186451
-0.00378457666374743
-0.003781455103307962
-0.003778309561312199
-0.003775144228711724
-0.003771963762119412
-0.003768772585317492
-0.00376557488925755
-0.003762374399229884
-0.003759174142032862
-0.00375597714446485
-0.003752785502001643
-0.003749600844457746
-0.003746425034478307
-0.003743259469047189
-0.003740104380995035
-0.00373696000315249
-0.003733827034011483
-0.003730705939233303
-0.003727596020326018
-0.003724497510120273
-0.003721409710124135
-0.003718333085998893
-0.003715268103405833
-0.0037122149951756
-0.003709174226969481
-0.003706146730110049
-0.003703133203089237
-0.003700135042890906
-0.003697153646498919
-0.003694189945235848
-0.003691245801746845
-0.003688322147354484
-0.003685419913381338
-0.003682540263980627
-0.003679684363305569
-0.003676851978525519
-0.003674043342471123
-0.003671257989481091
-0.003668495221063495
-0.003665753407403827
-0.003663030453026295
-0.003660323563963175
-0.0036576297134161
-0.003654945874586701
-0.003652268322184682
-0.003649593330919743
-0.003646916477009654
-0.003644234035164118
-0.003641541814431548
-0.003638835623860359
-0.003636111738160253
-0.003633367130532861
-0.003630598541349173
-0.003627804573625326
-0.003624983597546816
-0.003622134914621711
-0.003619258292019367
-0.003616355592384934
-0.003613427747040987
-0.003610478481277823
-0.003607510589063168
-0.003604528261348605
-0.003601535689085722
-0.003598537296056747
-0.003595538670197129
-0.00359254446811974
-0.003589559579268098
-0.003586589125916362
-0.003583637299016118
-0.00358070875518024
-0.003577806055545807
-0.003574931994080544
-0.003572088899090886
-0.003569277003407478
-0.003566496772691607
-0.003563747508451343
-0.003561027580872178
-0.003558334661647677
-0.003555665491148829
-0.003553016344085336
-0.003550383960828185
-0.003547763684764504
-0.003545151324942708
-0.003542542457580566
-0.003539933124557137
-0.003537318436428905
-0.003534695133566856
-0.003532059490680695
-0.003529408946633339
-0.003526741405948997
-0.003524055937305093
-0.00352135207504034
-0.003518629819154739
-0.003515889635309577
-0.003513133618980646
-0.003510363399982452
-0.00350758177228272
-0.003504790831357241
-0.00350199406966567
-0.003499194514006376
-0.0034963961225003
-0.00349360192194581
-0.003490814473479986
-0.003488036571070552
-0.003485270775854588
-0.003482518717646599
-0.00347978132776916
-0.003477060236036777
-0.003474355209618807
-0.003471666481345892
-0.003468993818387389
-0.003466336755082011
-0.003463693894445896
-0.003461063373833895
-0.003458444029092789
-0.003455833764746785
-0.003453230485320091
-0.003450632328167558
-0.003448037896305323
-0.003445444628596306
-0.003442851360887289
-0.003440255997702479
-0.003437657840549946
-0.003435055958107114
-0.003432449884712696
-0.003429838921874762
-0.003427222836762667
-0.003424602095037699
-0.003421976696699858
-0.003419347107410431
-0.003416714025661349
-0.003414078382775187
-0.003411441575735807
-0.003408804535865784
-0.003406167961657047
-0.003403533715754747
-0.003400902263820171
-0.003398274770006537
-0.003395651932805777
-0.003393034916371107
-0.003390423953533173
-0.003387819277122617
-0.003385221119970083
-0.003382629249244928
-0.003380044596269727
-0.003377466695383191
-0.003374896012246609
-0.003372332081198692
-0.003369774203747511
-0.003367221914231777
-0.003364675678312778
-0.003362134099006653
-0.003359596244990826
-0.003357061883434653
-0.003354530083015561
-0.003352000843733549
-0.003349473467096686
-0.003346947021782398
-0.003344421973451972
-0.003341898089274764
-0.003339374205097556
-0.003336850320920348
-0.003334326669573784
-0.003331802552565932
-0.003329278668388724
-0.003326754551380873
-0.003324229968711734
-0.003321705851703882
-0.003319182666018605
-0.00331666087731719
-0.003314140718430281
-0.003311622655019164
-0.003309107385575771
-0.00330659537576139
-0.003304087091237307
-0.003301582764834166
-0.003299083095043898
-0.003296588081866503
-0.003294098190963268
-0.003291612956672907
-0.003289132844656706
-0.003286657622084022
-0.003284186823293567
-0.003281720215454698
-0.003279258497059345
-0.003276800271123648
-0.003274346003308892
-0.003271895227953792
-0.003269447246566415
-0.003267001360654831
-0.003264557104557753
-0.00326211447827518
-0.003259673248976469
-0.003257232252508402
-0.003254791256040335
-0.003252350259572268
-0.003249909728765488
-0.003247469663619995
-0.00324503006413579
-0.003242591395974159
-0.00324015342630446
-0.003237717319279909
-0.003235283540561795
-0.003232852555811405
-0.003230424830690026
-0.003228000830858946
-0.00322558032348752
-0.003223164239898324
-0.003220753045752645
-0.003218345576897264
-0.003215942531824112
-0.003213544143363833
-0.003211149945855141
-0.003208759473636746
-0.003206372493878007
-0.003203989006578922
-0.003201608080416918
-0.003199229249730706
-0.003196851816028357
-0.003194476244971156
-0.003192102303728461
-0.003189729759469628
-0.00318735814653337
-0.00318498769775033
-0.003182617947459221
-0.003180249128490686
-0.00317788147367537
-0.003175516147166491
-0.003173152916133404
-0.003170792246237397
-0.003168434137478471
-0.003166079055517912
-0.003163726767525077
-0.003161377739161253
-0.00315903197042644
-0.003156689694151282
-0.003154350910335779
-0.003152015851810575
-0.003149684285745025
-0.003147355746477842
-0.003145030699670315
-0.003142708679661155
-0.003140388987958431
-0.003138071391731501
-0.003135756589472294
-0.00313344388268888
-0.003131133038550615
-0.003128823591396213
-0.003126515774056315
-0.003124208888038993
-0.003121903631836176
-0.003119600005447865
-0.003117297776043415
-0.003114997176453471
-0.003112698439508677
-0.003110401798039675
-0.003108107019215822
-0.003105814568698406
-0.003103524446487427
-0.003101237351074815
-0.00309895328246057
-0.003096672240644693
-0.003094394458457828
-0.003092119935899973
-0.003089849138632417
-0.003087581135332584
-0.00308531615883112
-0.003083054441958666
-0.003080795286223292
-0.003078538691624999
-0.003076284425333142
-0.003074032720178366
-0.003071782644838095
-0.003069534432142973
-0.003067288082093
-0.003065043361857533
-0.003062800038605928
-0.003060558345168829
-0.003058318281546235
-0.003056079847738147
-0.003053843742236495
-0.003051609033718705
-0.003049376187846065
-0.00304714567027986
-0.003044917015358806
-0.003042690455913544
-0.003040466690436006
-0.00303824502043426
-0.003036026377230883
-0.003033810527995229
-0.003031597239896655
-0.003029386978596449
-0.003027179278433323
-0.003024973906576633
-0.003022771561518312
-0.003020571544766426
-0.003018373623490334
-0.003016177797690034
-0.003013984067365527
-0.003011792432516813
-0.003009602893143892
-0.003007415449246764
-0.003005230100825429
-0.00300304708071053
-0.003000865690410137
-0.002998686162754893
-0.002996508497744799
-0.002994332695379853
-0.002992158988490701
-0.002989987144246697
-0.002987817861139774
-0.002985650906339288
-0.002983486745506525
-0.002981325145810843
-0.00297916610725224
-0.002977009629830718
-0.002974855247884989
-0.00297270342707634
-0.002970553934574127
-0.002968407236039639
-0.002966262400150299
-0.002964119659736753
-0.002961978781968355
-0.002959840232506394
-0.002957703312858939
-0.00295556802302599
-0.002953434363007545
-0.002951302332803607
-0.002949172630906105
-0.002947044558823109
-0.002944918815046549
-0.002942795166745782
-0.002940673613920808
-0.002938553923740983
-0.002936436329036951
-0.002934321295469999
-0.002932208590209484
-0.002930098446086049
-0.002927990397438407
-0.002925884909927845
-0.002923781285062432
-0.002921679755672812
-0.002919580554589629
-0.00291748414747417
-0.00291538960300386
-0.00291329761967063
-0.002911207498982549
-0.002909119706600904
-0.002907034242525697
-0.002904950873926282
-0.002902869135141373
-0.002900789957493544
-0.00289871240966022
-0.002896636491641402
-0.00289456220343709
-0.002892489777877927
-0.002890418982133269
-0.002888350049033761
-0.002886282280087471
-0.002884215908125043
-0.002882152097299695
-0.002880089450627565
-0.002878028899431229
-0.002875969978049397
-0.002873912919312716
-0.002871857956051826
-0.002869805553928018
-0.002867756178602576
-0.002865709131583571
-0.002863664645701647
-0.002861622953787446
-0.002859583124518394
-0.00285754632204771
-0.002855511615052819
-0.002853478770703077
-0.002851448254659772
-0.002849419368430972
-0.002847392344847322
-0.002845367416739464
-0.002843344584107399
-0.002841323614120483
-0.002839304273948073
-0.002837287029251456
-0.002835271414369345
-0.002833257662132382
-0.002831245772540569
-0.002829235978424549
-0.002827227814123034
-0.002825221279636025
-0.002823216374963522
-0.002821213565766811
-0.00281921261921525
-0.002817213768139482
-0.002815216779708862
-0.002813221886754036
-0.002811228856444359
-0.002809237921610475
-0.002807249547913671
-0.002805263036862016
-0.00280327838845551
-0.002801296534016728
-0.002799316076561809
-0.002797337714582682
-0.002795361215248704
-0.002793387044221163
-0.002791414503008127
-0.002789443824440241
-0.002787475008517504
-0.002785508520901203
-0.002783543430268764
-0.002781579969450831
-0.00277961790561676
-0.002777657704427838
-0.002775699133053422
-0.002773742657154799
-0.002771787811070681
-0.002769834594801068
-0.002767883474007249
-0.002765933983027935
-0.00276398635469377
-0.002762040821835399
-0.002760097151622176
-0.002758155576884747
-0.00275621609762311
-0.002754278713837266
-0.002752343425527215
-0.002750410232692957
-0.002748478669673204
-0.002746549202129245
-0.002744621597230434
-0.002742696087807417
-0.002740771742537618
-0.002738849027082324
-0.002736927708610892
-0.00273500825278461
-0.002733090193942189
-0.002731174230575562
-0.002729260129854083
-0.002727347891777754
-0.00272543728351593
-0.002723528537899256
-0.002721621422097087
-0.002719716867431998
-0.002717814175412059
-0.002715913811698556
-0.002714015310630202
-0.002712119370698929
-0.002710225060582161
-0.002708333311602473
-0.002706443658098578
-0.002704556100070477
-0.00270267017185688
-0.002700786339119077
-0.002698903670534492
-0.002697022631764412
-0.002695142757147551
-0.002693264046683908
-0.002691387198865414
-0.002689511748030782
-0.002687638159841299
-0.002685766667127609
-0.002683896571397781
-0.002682028338313103
-0.002680161967873573
-0.002678297227248549
-0.002676434814929962
-0.002674574265256524
-0.002672715112566948
-0.002670858055353165
-0.002669002627953887
-0.002667149528861046
-0.002665298292413354
-0.002663448452949524
-0.002661600010469556
-0.00265975296497345
-0.002657907549291849
-0.002656064229086041
-0.002654222305864096
-0.002652382012456656
-0.002650543581694365
-0.002648707013577223
-0.002646872075274587
-0.002645038766786456
-0.002643207320943475
-0.002641377504914999
-0.002639549318701029
-0.002637723460793495
-0.002635899465531111
-0.002634076867252588
-0.002632255665957928
-0.00263043656013906
-0.002628619084134698
-0.002626803237944841
-0.00262498902156949
-0.002623176900669932
-0.00262136640958488
-0.00261955801397562
-0.00261775148101151
-0.002615947043523192
-0.002614144701510668
-0.002612343989312649
-0.002610544906929135
-0.002608747454360127
-0.002606951398774981
-0.002605156507343054
-0.002603363245725632
-0.002601571381092072
-0.002599780447781086
-0.002597990911453962
-0.002596202772110701
-0.002594416262581944
-0.002592631615698338
-0.00259084883145988
-0.002589067909866571
-0.002587288850918412
-0.002585511654615402
-0.002583736786618829
-0.002581964014098048
-0.00258019263856113
-0.00257842312566936
-0.00257665547542274
-0.002574889687821269
-0.002573125530034304
-0.002571362536400557
-0.002569601172581315
-0.002567841438576579
-0.002566083101555705
-0.00256432662717998
-0.002562571549788117
-0.002560818335041404
-0.002559066750109196
-0.002557317027822137
-0.00255556870251894
-0.002553821774199605
-0.002552076475694776
-0.002550333039835095
-0.002548591233789921
-0.002546850591897964
-0.00254511134698987
-0.002543373964726925
-0.002541637979447842
-0.002539903158321977
-0.002538169967010617
-0.002536438638344407
-0.002534709172323346
-0.002532981336116791
-0.002531254896894097
-0.002529529621824622
-0.002527805976569653
-0.002526084193959832
-0.002524363808333874
-0.002522645052522421
-0.002520928159356117
-0.002519213128834963
-0.002517499728128314
-0.002515787724405527
-0.002514077350497246
-0.00251236860640347
-0.002510661026462913
-0.002508954843506217
-0.002507250523194671
-0.002505547367036343
-0.002503846073523164
-0.002502146176993847
-0.002500448143109679
-0.002498751739040017
-0.002497056964784861
-0.002495364286005497
-0.002493673237040639
-0.002491983817890286
-0.00249029602855444
-0.002488609170541167
-0.002486923942342401
-0.002485239878296852
-0.002483557444065809
-0.002481876639649272
-0.002480197232216597
-0.002478519221767783
-0.002476842608302832
-0.002475167391821742
-0.002473493805155158
-0.002471822081133723
-0.002470152219757438
-0.002468483988195658
-0.002466816920787096
-0.002465151017531753
-0.002463486511260271
-0.002461823401972651
-0.002460161689668894
-0.002458501607179642
-0.002456843154504895
-0.002455186331644654
-0.002453531138598919
-0.002451877808198333
-0.002450225641950965
-0.00244857557117939
-0.002446927130222321
-0.0024452805519104
-0.002443635603412986
-0.00244199251756072
-0.002440351061522961
-0.00243871146813035
-0.002437073038890958
-0.002435436006635427
-0.002433800837025046
-0.002432166831567883
-0.002430533757433295
-0.002428902080282569
-0.002427271334454417
-0.002425641752779484
-0.002424013102427125
-0.002422385616227984
-0.002420759294182062
-0.002419133903458714
-0.002417509909719229
-0.002415887545794249
-0.002414266811683774
-0.002412647707387805
-0.002411030465736985
-0.002409414853900671
-0.002407800871878862
-0.002406188519671559
-0.002404577797278762
-0.002402969170361757
-0.002401362173259258
-0.002399756805971265
-0.002398153068497777
-0.002396551193669438
-0.002394950482994318
-0.002393351867794991
-0.002391754649579525
-0.002390158595517278
-0.002388563705608249
-0.002386969979852438
-0.002385377651080489
-0.002383786719292402
-0.002382197184488177
-0.002380608813837171
-0.002379021374508739
-0.002377434866502881
-0.002375849522650242
-0.002374265808612108
-0.002372683258727193
-0.002371102571487427
-0.002369523281231523
-0.00236794538795948
-0.0023663688916713
-0.002364794025197625
-0.002363220322877169
-0.002361648017540574
-0.002360077574849129
-0.002358508994802833
-0.002356942044571042
-0.00235537625849247
-0.002353812102228403
-0.002352249808609486
-0.00235068891197443
-0.002349129412323236
-0.002347571076825261
-0.002346013905480504
-0.002344458131119609
-0.002342903753742576
-0.002341350540518761
-0.002339798025786877
-0.002338247373700142
-0.002336697652935982
-0.002335148863494396
-0.002333601238206029
-0.002332055009901524
-0.002330509945750237
-0.002328966278582811
-0.002327424008399248
-0.00232588266953826
-0.002324342494830489
-0.002322803949937224
-0.002321267267689109
-0.002319731982424855
-0.002318198559805751
-0.002316666534170508
-0.002315135905519128
-0.002313606673851609
-0.002312079537659883
-0.00231055379845202
-0.002309029689058661
-0.002307506743818521
-0.002305985661223531
-0.002304465742781758
-0.002302947686985135
-0.002301431028172374
-0.002299915533512831
-0.002298401668667793
-0.002296888967975974
-0.002295377431437373
-0.002293867059051991
-0.002292357850819826
-0.002290850039571524
-0.002289342926815152
-0.002287836745381355
-0.002286331262439489
-0.002284826943650842
-0.002283323323354125
-0.002281821332871914
-0.002280320506542921
-0.00227882107719779
-0.002277323044836521
-0.002275826409459114
-0.002274331403896213
-0.00227283826097846
-0.00227134651504457
-0.002269856631755829
-0.002268368843942881
-0.002266881987452507
-0.002265397226437926
-0.002263913629576564
-0.002262431662529707
-0.002260950626805425
-0.002259470755234361
-0.002257992280647159
-0.002256514737382531
-0.002255038125440478
-0.002253562677651644
-0.002252088394016027
-0.002250615041702986
-0.002249142387881875
-0.002247670665383339
-0.002246200107038021
-0.002244730712845922
-0.00224326248280704
-0.002241795882582664
-0.002240330679342151
-0.002238866640254855
-0.002237404230982065
-0.002235942985862494
-0.00223448290489614
-0.002233023988083005
-0.002231566235423088
-0.002230109879747033
-0.00222865492105484
-0.002227201592177153
-0.002225749893113971
-0.002224299358204007
-0.002222850453108549
-0.002221402944996953
-0.002219957299530506
-0.002218513051047921
-0.002217070199549198
-0.002215628977864981
-0.002214188687503338
-0.002212750026956201
-0.002211312996223569
-0.002209876896813512
-0.002208441961556673
-0.002207007957622409
-0.00220557558350265
-0.002204143907874823
-0.002202713396400213
-0.002201283583417535
-0.002199854236096144
-0.002198425121605396
-0.002196996938437223
-0.002195569453760982
-0.002194142900407314
-0.002192717278376222
-0.002191293518990278
-0.002189871156588197
-0.002188450191169977
-0.002187031321227551
-0.002185613848268986
-0.002184197772294283
-0.002182783326134086
-0.002181370509788394
-0.002179959323257208
-0.00217854930087924
-0.002177140908315778
-0.002175733679905534
-0.002174328081309795
-0.002172923646867275
-0.00217152014374733
-0.002170117804780602
-0.002168716862797737
-0.002167316852137446
-0.002165918005630374
-0.002164520556107163
-0.002163124270737171
-0.00216172868385911
-0.002160334726795554
-0.002158941933885217
-0.002157550305128098
-0.00215616007335484
-0.002154771238565445
-0.002153383800759912
-0.002151997294276953
-0.002150611719116569
-0.002149227540940046
-0.002147844061255455
-0.002146461280062795
-0.002145079197362065
-0.002143697813153267
-0.002142317360267043
-0.00214093760587275
-0.002139559015631676
-0.002138181356713176
-0.002136804861947894
-0.002135429764166474
-0.00213405629619956
-0.002132684225216508
-0.002131313318386674
-0.002129943808540702
-0.002128575695678592
-0.0021272087469697
-0.002125843428075314
-0.002124479506164789
-0.002123116748407483
-0.002121755387634039
-0.002120395191013813
-0.002119035925716162
-0.002117677824571729
-0.002116321120411158
-0.002114965813234448
-0.002113611670210958
-0.002112259389832616
-0.002110907807946205
-0.002109557623043656
-0.002108208835124969
-0.00210686051286757
-0.002105513587594032
-0.002104167127981782
-0.002102822065353394
-0.002101477468386292
-0.002100134268403053
-0.002098791534081101
-0.002097450196743011
-0.002096109557896852
-0.002094769850373268
-0.002093431074172258
-0.002092093694955111
-0.002090757479891181
-0.002089422196149826
-0.002088088076561689
-0.002086754888296127
-0.002085423097014427
-0.002084092702716589
-0.002082763472571969
-0.002081435872241855
-0.002080109901726246
-0.002078784862533212
-0.002077461220324039
-0.002076139207929373
-0.002074818126857281
-0.002073498442769051
-0.002072180155664682
-0.002070862799882889
-0.00206954637542367
-0.002068230882287025
-0.002066916320472956
-0.002065603155642748
-0.002064290922135115
-0.0020629798527807
-0.002061669714748859
-0.002060360740870237
-0.00205905269831419
-0.002057745587080717
-0.002056439640000463
-0.002055134857073426
-0.002053831005468965
-0.002052527852356434
-0.002051225630566478
-0.002049924805760384
-0.002048624912276864
-0.002047325484454632
-0.002046027453616261
-0.002044730354100466
-0.002043434418737888
-0.002042139414697886
-0.002040845574811101
-0.002039552899077535
-0.00203826162032783
-0.002036971971392632
-0.002035683020949364
-0.002034395467489958
-0.002033109543845057
-0.002031824784353375
-0.002030541189014912
-0.002029258757829666
-0.002027977257966995
-0.002026696922257543
-0.002025417517870665
-0.002024139510467649
-0.002022862434387207
-0.002021585823968053
-0.002020310144871473
-0.002019035629928112
-0.002017762046307325
-0.002016489394009113
-0.002015217440202832
-0.002013946650549769
-0.002012676559388638
-0.002011407865211368
-0.002010140102356672
-0.002008873270824552
-0.002007607603445649
-0.002006342867389321
-0.002005079761147499
-0.002003817586228251
-0.002002556342631578
