0
0
0
0
0
0
0
0
0
0
0
0
0
0
0
0
0
0
0
0
0
0
0
0
0
0
0
0
0
0
0
0
0
0
0
0
0
0
0
0
0
0
0
0
0
0
0
0
0
0
0
0
0
0
0
0
0
0
0
0
0
0
0
0
0
0
0
0
0
0
0
0
0
0
0
0
0
0
0
0
0
0
0
0
0
0
0
0
0
0
0
0
0
0
0
0
0
0
0
0
0
0
0
0
0
0
0
0
0
0
0
0
0
0
0
0
0
0
0
0
0
0
0
0
0
0
0
0
0
0
0
0
0
0
0
0
0
0
0
0
0
0
0
0
0
0
0
0
0
0
0
0
0
0
0
0
0
0
0
0
0
0
0
0
0
0
0
0
0
0
0
0
0
0
0
0
0
0
0
0
0
0
0
0
0
0
0
0
0
0
0
0
0
0
0
0
0
0
0
0
0
0
0
0
0
0
0
0
0
0
0
0
0
0
0
0
0
0
0
0
0
0
0
0
0
0
0
0
0
0
0
0
0
0
0
0
0
0
0
0
0
0
0
0
0
0
0
0
0
0
0
0
0
0
0
0
0
0
0
0
0
0
0
0
0
0
0
0
0
0
0
0
0
0
0
0
0
0
0
0
0
0
0
0
0
0
0
0
0
0
0
0
0
0
0
0
0
0
0
0
0
0
0
0
0
0
0
0
0
0
0
0
0
0
0
0
0
0
0
0
0
0
0
0
0
0
0
0
0
0
0
0
0
0
0
0
0
0
0
0
0
0
0
0
0
0
0
0
0
0
0
0
0
0
0
0
0
0
0
0
0
0
0
0
0
0
0
0
0
0
0
0
0
0
0
0
0
0
0
0
0
0
0
0
0
0
0
0
0
0
0
0
0
0
0
0
0
0
0
0
0
0
0
0
0
0
0
0
0
0
0
0
0
0
0
0
0
0
0
0
0
0
0
0
0
0
0
0
0
0
0
0
0
0
0
0
0
0
0
0
0
0
0
0
0
0
0
0
0
0
0
0
0
0
0
0
0
0
0
0
0
0
0
0
0
0
0
0
0
0
0
0
0
0
0
0
0
0
0
0
0
0
0
0
0
0
0
0
0
0
0
0
0
0
0
0
0
0
0
0
0
0
0
0
0
0
0
0
0
0
0
0
0
0
0
0
0
0
0
0
0
0
0
0
0
0
0
0
0
0
0
0
0
0
0
0
0
0
0
0
0
0
0
0
0
0
0
0
0
0
0
0
0
0
0
0
0
0
0
0
0
0
0
0
0
0
0
0
0
0
0
0
0
0
0
0
0
0
0
0
0
0
0
0
0
0
0
0
0
0
0
0
0
0
0
0
0
0
0
0
0
0
0
0
0
0
0
0
0
0
0
0
0
0
0
0
0
0
0
0
0
0
0
0
0
0
0
0
0
0
0
0
0
0
0
0
0
0
0
0
0
0
0
0
0
0
0
0
0
0
0
0
0
0
0
0
0
0
0
0
0
0
0
0
0
0
0
0
0
0
0
0
0
0
0
0
0
0
0
0
0
0
0
0
0
0
0
0
0
0
0
0
0
0
0
0
0
0
0
0
0
0
0
0
0
0
0
0
0
0
0
0
0
0
0
0
0
0
0
0
0
0
0
0
0
0
0
0
0
0
0
0
0
0
0
0
0
0
0
0
0
0
0
0
0
0
0
0
0
0
0
0
0
0
0
0
0
0
0
0
0
0
0
0
0
0
0
0
0
0
0
0
0
0
0
0
0
0
0
0
0
0
0
0
0
0
0
0
0
0
0
0
0
0
0
0
0
0
0
0
0
0
0
0
0
0
0
0
0
0
0
0
0
0
0
0
0
0
0
0
0
0
0
0
0
0
0
0
0
0
0
0
0
0
0
0
0
0
0
0
0
0
0
0
0
0
0
0
0
0
0
0
0
0
0
0
0
0
0
0
0
0
0
0
0
0
0
0
0
0
0
0
0
0
0
0
0
0
0
0
0
0
0
0
0
0
0
0
0
0
0
0
0
0
0
0
0
0
0
0
0
0
0
0
0
0
0
0
0
0
0
0
0
0
0
0
0
0
0
0
0
0
0
0
0
0
0
0
0
0
0
0
0
0
0
0
0
0
0
0
0
0
0
0
0
0
0
0
0
0
0
0
0
0
0
0
0
0
0
0
0
0
0
0
0
0
0
0
0
0
0
0
0
0
0
0
0
0
0
0
0
0
0
0
0
0
0
0
0
0
0
0
0
0
0
0
0
0
0
0
0
0
0
0
0
0
0
0
0
0
0
0
0
0
0
0
0
0
0
0
0
0
0
0
0
0
0
0
0
0
0
0
0
0
0
0
0
0
0
0
0
0
0
0
0
0
0
0
0
0
0
0
0
0
0
0
0
0
0
0
0
0
0
0
0
0
0
0
0
0
0
0
0
0
0
0
0
0
0
0
0
0
0
0
0
0
0
0
0
0
0
0
0
0
0
0
0
0
0
0
0
0
0
0
0
0
0
0
0
0
0
0
0
0
0
0
0
0
0
0
0
0
0
0
0
0
0
0
0
0
0
0
0
0
0
0
0
0
0
0
0
0
0
0
0
0
0
0
0
0
0
0
0
0
0
0
0
0
0
0
0
0
0
0
0
0
0
0
0
0
0
0
0
0
0
0
0
0
0
0
0
0
0
0
0
0
0
0
0
0
0
0
0
0
0
0
0
0
0
0
0
0
0
0
0
0
0
0
0
0
0
0
0
0
0
0
0
0
0
0
0
0
0
0
0
0
0
0
0
0
0
0
0
0
0
0
0
0
0
0
0
0
0
0
0
0
0
0
0
0
0
0
0
0
0
0
0
0
0
0
0
0
0
0
0
0
0
0
0
0
0
0
0
0
0
0
0
0
0
0
0
0
0
0
0
0
0
0
0
0
0
0
0
0
0
0
0
0
0
0
0
0
0
0
0
0
0
0
0
0
0
0
0
0
0
0
0
0
0
0
0
0
0
0
0
0
0
0
0
0
0
0
0
0
0
0
0
0
0
0
0
0
0
0
0
0
0
0
0
0
0
0
0
0
0
0
0
0
0
0
0
0
0
0
0
0
0
0
0
0
0
0
0
0
0
0
0
0
0
0
0
0
0
0
0
0
0
0
0
0
0
0
0
0
0
0
0
0
0
0
0
0
0
0
0
0
0
0
0
0
0
0
0
0
0
0
0
0
0
0
0
0
0
0
0
0
0
0
0
0
0
0
0
0
0
0
0
0
0
0
0
0
0
0
0
0
0
0
0
0
0
0
0
0
0
0
0
0
0
0
0
0
0
0
0
0
0
0
0
0
0
0
0
0
0
0
0
0
0
0
0
0
0
0
0
0
0
0
0
0
0
0
0
0
0
0
0
0
0
0
0
0
0
0
0
0
0
0
0
0
0
0
0
0
0
0
0
0
0
0
0
0
0
0
0
0
0
0
0
0
0
0
0
0
0
0
0
0
0
0
0
0
0
0
0
0
0
0
0
0
0
0
0
0
0
0
0
0
0
0
0
0
0
0
0
0
0
0
0
0
0
0
0
0
0
0
0
0
0
0
0
0
0
0
0
0
0
0
0
0
0
0
0
0
0
0
0
0
0
0
0
0
0
0
0
0
0
0
0
0
0
0
0
0
0
0
0
0
0
0
0
0
0
0
0
0
0
0
0
0
0
0
0
0
0
0
0
0
0
0
0
0
0
0
0
0
0
0
0
0
0
0
0
0
0
0
0
0
0
0
0
0
0
0
0
0
0
0
0
0
0
0
0
0
0
0
0
0
0
0
0
0
0
0
0
0
0
0
0
0
0
0
0
0
0
0
0
0
0
0
0
0
0
0
0
0
0
0
0
0
0
0
0
0
0
0
0
0
0
0
0
0
0
0
0
0
0
0
0
0
0
0
0
0
0
0
0
0
0
0
0
0
0
0
0
0
0
0
0
0
0
0
0
0
0
0
0
0
0
0
0
0
0
0
0
0
0
0
0
0
0
0
0
0
0
0
0
0
0
0
0
0
0
0
0
0
0
0
0
0
0
0
0
0
0
0
0
0
0
0
0
0
0
0
0
0
0
0
0
0
0
0
0
0
0
0
0
0
0
0
0
0
0
0
0
0
0
0
0
0
0
0
0
0
0
0
0
0
0
0
0
0
0
0
0
0
0
0
0
0
0
0
0
0
0
0
0
0
0
0
0
0
0
0
0
0
0
0
0
0
0
0
0
0
0
0
0
0
0
0
0
0
0
0
0
0
0
0
0
0
0
0
0
0
0
0
0
0
0
0
0
0
0
0
0
0
0
0
0
0
0
0
0
0
0
0
0
0
0
0
0
0
0
0
0
0
0
0
0
0
0
0
0
0
0
0
0
0
0
0
0
0
0
0
0
0
0
0
0
0
0
0
0
0
0
0
0
0
0
0
0
0
0
0
0
0
0
0
0
0
0
0
0
0
0
0
0
0
0
0
0
0
0
0
0
0
0
0
0
0
0
0
0
0
0
0
0
0
0
0
0
0
0
0
0
0
0
0
0
0
0
0
0
0
0
0
0
0
0
0
0
0
0
0
0
0
0
0
0
0
0
0
0
0
0
0
0
0
0
0
0
0
0
0
0
0
0
0
0
0
0
0
0
0
0
0
0
0
0
0
0
0
0
0
0
0
0
0
0
0
0
0
0
0
0
0
0
0
0
0
0
0
0
0
0
0
0
0
0
0
0
0
0
0
0
0
0
0
0
0
0
0
0
0
0
0
0
0
0
0
0
0
0
0
0
0
0
0
0
0
0
0
0
0
0
0
0
0
0
0
0
0
0
0
0
0
0
0
0
0
0
0
0
0
0
0
0
0
0
0
0
0
0
0
0
0
0
0
0
0
0
0
0
0
0
0
0
0
0
0
0
0
0
0
0
0
0
0
0
0
0
0
0
0
0
0
0
0
0
0
0
0
0
0
0
0
0
0
0
0
0
0
0
0
0
0
0
0
0
0
0
0
0
0
0
0
0
0
0
0
0
0
0
0
0
0
0
0
0
0
0
0
0
0
0
0
0
0
0
0
0
0
0
0
0
0
0
0
0
0
0
0
0
0
0
0
0
0
0
0
0
0
0
0
0
0
0
0
0
0
0
0
0
0
0
0
0
0
0
0
0
0
0
0
0
0
0
0
0
0
0
0
0
0
0
0
0
0
0
0
0
0
0
0
0
0
0
0
0
0
0
0
0
0
0
0
0
0
0
0
0
0
0
0
0
0
0
0
0
0
0
0
0
0
0
0
0
0
0
0
0
0
0
0
0
0
0
0
0
0
0
0
0
0
0
0
0
0
0
0
0
0
2.802596928649634e-45
1.68155815718978e-44
5.184804318001823e-44
1.14906474074635e-43
2.410233358638685e-43
4.792440747990874e-43
8.744102417386859e-43
1.540027012292974e-42
2.654059291431204e-42
4.514983652054561e-42
7.611853258212406e-42
1.276582900999908e-41
2.133056522395237e-41
3.553692905527736e-41
5.905071728664779e-41
9.790872370237497e-41
1.620433518175932e-40
2.677292819969709e-40
4.416514408966456e-40
7.27442058800299e-40
1.196365570409634e-39
1.964634459968037e-39
3.221508098067217e-39
5.274700417085189e-39
8.62380654941843e-39
1.407876019186511e-38
2.295067504218304e-38
3.735882164847541e-38
6.072373312839905e-38
9.855807420035537e-38
1.597332160108582e-37
2.585046799413609e-37
4.177462643989954e-37
6.74106262645901e-37
1.086217244506971e-36
1.747745900552601e-36
2.808108493348741e-36
4.505305589815895e-36
7.217889024202016e-36
1.154708462464147e-35
1.844639487774179e-35
2.942580914485484e-35
4.687310413594942e-35
7.455868515593617e-35
1.184275086993064e-34
1.878397728285783e-34
2.975115131326265e-34
4.705458886948499e-34
7.431609824900373e-34
1.172052815603767e-33
1.845846085659606e-33
2.902876136186939e-33
4.558762151082671e-33
7.149100971679849e-33
1.119547725752458e-32
1.750738086697322e-32
2.733932141174241e-32
4.263271156618764e-32
6.638767152236458e-32
1.032337946801746e-31
1.603049270333598e-31
2.485781933556756e-31
3.849204211937094e-31
5.952114234795432e-31
9.191037985011599e-31
1.417266361357041e-30
2.182391214448509e-30
3.355895688433724e-30
5.153231817055694e-30
7.902179335154203e-30
1.210070210002007e-29
1.850424161844088e-29
2.825723511625291e-29
4.309095819651107e-29
6.562078460324123e-29
9.97920420128314e-29
1.515480087981803e-28
2.298290443541279e-28
3.480650614244686e-28
5.264017205617302e-28
7.950163699162678e-28
1.199049894415477e-27
1.805931605121284e-27
2.716243771158293e-27
4.079811031062201e-27
6.119497568358624e-27
9.166348014514386e-27
1.371141172003204e-26
2.048206466184404e-26
3.055424378119383e-26
4.551725574232492e-26
6.771545032562233e-26
1.006020938770823e-25
1.492568589806491e-25
2.211413775606062e-25
3.272009406024997e-25
4.834687392485423e-25
7.133980765971172e-25
1.05124886128723e-24
1.546997748943541e-24
2.273446247318569e-24
3.336498637115395e-24
4.890000051184418e-24
7.157128311513072e-24
1.046119096035804e-23
1.52699016562726e-23
2.225893633065756e-23
3.240305806079741e-23
4.710656074256494e-23
6.83897345091711e-23
9.915505737730089e-23
1.435666641637955e-22
2.07590489013788e-22
2.997620195435442e-22
4.322763385284098e-22
6.225329281253996e-22
8.953224427895676e-22
1.285917592518408e-21
1.844436061150482e-21
2.641990036842187e-21
3.779341366727901e-21
5.399065615373648e-21
7.702628315911367e-21
1.097431343107899e-20
1.561471427255765e-20
2.218754634986656e-20
3.148496919325736e-20
4.461862630429609e-20
6.314635403918725e-20
8.924824506345118e-20
1.259710123682738e-19
1.77566609871422e-19
2.499607462237241e-19
3.51400463831122e-19
4.933476296255479e-19
6.917101934067095e-19
9.68535956468566e-19
1.354340955776694e-18
1.891301941693042e-18
2.637634748355749e-18
3.673578997109757e-18
5.109579429752839e-18
7.097445402179555e-18
9.845555291220589e-18
1.363953911188387e-17
1.887037536122116e-17
2.607250626018359e-17
3.597547450336026e-17
4.95737546734706e-17
6.822108574560052e-17
9.375771958955388e-17
1.286817615075755e-16
1.763796823100127e-16
2.414358360656424e-16
3.300474996283814e-16
4.505808703578196e-16
6.143141390070887e-16
8.36430318216163e-16
1.137340466794148e-15
1.544445465310009e-15
2.094478697466443e-15
2.836616143323954e-15
3.836598041622201e-15
5.182186958333857e-15
6.99037953105666e-15
9.416927754615258e-15
1.266888375076828e-14
1.70211169106798e-14
2.283800047946788e-14
3.060189769773722e-14
4.095045496818085e-14
5.472539942367148e-14
7.303630356753077e-14
9.73437706852133e-14
1.295677161481518e-13
1.722282662623351e-13
2.286287478781013e-13
3.030929457067955e-13
4.012721687048082e-13
5.305425695122101e-13
7.005178772126475e-13
9.237098932968202e-13
1.216379427737557e-12
1.599629391620117e-12
2.100806724761317e-12
2.755300545012607e-12
3.608839355823124e-12
4.72042934254735e-12
6.166098881488224e-12
8.043665560009128e-12
1.047880358873154e-11
1.363274076959797e-11
1.771201414701995e-11
2.298082384111222e-11
2.977663254855045e-11
3.852986332764097e-11
4.978869747040982e-11
6.425026483070084e-11
8.279982255388063e-11
1.065598859151251e-10
1.369516861027265e-10
1.757719803041624e-10
2.252890235476812e-10
2.883619176774488e-10
3.685892147053949e-10
4.704934220001178e-10
5.997496943521696e-10
7.634690657454257e-10
9.705479753208124e-10
1.232100421688642e-09
1.561988982601292e-09
1.977478625292406e-09
2.500039508745999e-09
3.156330086184767e-09
3.979400808873379e-09
5.010162063001644e-09
6.299178068047695e-09
7.908846910709144e-09
9.916049314995234e-09
1.241536740081983e-08
1.552297490547971e-08
1.938133920020846e-08
2.416491007295463e-08
3.008694804407241e-08
3.740775156302334e-08
4.644452999968962e-08
5.758322529914039e-08
7.129266066385753e-08
8.814139107471419e-08
1.088178436248199e-07
1.341542201771517e-07
1.651548728887064e-07
2.030299128819024e-07
2.492350290594914e-07
3.055183412925544e-07
3.739756095910707e-07
4.571153908727865e-07
5.579349817708135e-07
6.800098049097869e-07
8.27597602892638e-07
1.005759713734733e-06
1.220503008880769e-06
1.478943318033998e-06
1.789495968296251e-06
2.162095597668667e-06
2.608450131447171e-06
3.142331252092845e-06
3.779910684897914e-06
4.540143436315702e-06
5.445206625154242e-06
6.520999249914894e-06
7.797711077728309e-06
9.31046815821901e-06
1.110006087401416e-05
1.321377112617483e-05
1.570629865454976e-05
1.864080149971414e-05
2.209006379416678e-05
2.613779906823765e-05
3.088008452323265e-05
3.642698356998153e-05
4.290431388653815e-05
5.045562647865154e-05
5.924432844039984e-05
6.945606583030894e-05
8.130128844641149e-05
9.50180328800343e-05
0.0001108749784179963
0.0001291746884817258
0.0001502571103628725
0.0001745033514453098
0.0002023396082222462
0.0002342414227314293
0.0002707380917854607
0.0003124172217212617
0.0003599296032916754
0.0004139941302128136
0.0004754028050228953
0.0005450258613564074
0.000623817031737417
0.0007128181168809533
0.0008131642825901508
0.0009260884835384786
0.001052926178090274
0.001195118646137416
0.001354216830804944
0.001531883724965155
0.001729896059259772
0.00195014534983784
0.002194637665525079
0.002465492114424706
0.002764936536550522
0.003095304127782583
0.003459026571363211
0.003858624491840601
0.004296698607504368
0.004775913432240486
0.005298984237015247
0.005868657492101192
0.006487690377980471
0.007158827036619186
0.007884771563112736
0.008668158203363419
0.009511522017419338
0.0104172620922327
0.01138760149478912
0.01242455560714006
0.01352988462895155
0.01470505353063345
0.01595118455588818
0.01726902090013027
0.01865887455642223
0.02012059278786182
0.02165350876748562
0.02325640246272087
0.02492747083306313
0.02666429616510868
0.02846381068229675
0.03032228909432888
0.03223532810807228
0.0341978557407856
0.03620410710573196
0.03824767097830772
0.04032149538397789
0.04241793230175972
0.0445287823677063
0.04664535820484161
0.04875856265425682
0.05085894092917442
0.05293681100010872
0.05498236417770386
0.0569857694208622
0.05893731489777565
0.06082750856876373
0.06264723092317581
0.06438788771629333
0.06604150682687759
0.06760092079639435
0.06905989348888397
0.07041320949792862
0.07165681570768356
0.07278791069984436
0.07380502671003342
0.07470811903476715
0.07549856603145599
0.07617922872304916
0.07675440609455109
0.07722985744476318
0.07761266082525253
0.07791122794151306
0.07813508808612823
0.0782947838306427
0.07840176671743393
0.07846809923648834
0.07850632816553116
0.07852921634912491
0.07854953408241272
0.07857981324195862
0.07863208651542664
0.0787176638841629
0.07884688675403595
0.07902896404266357
0.07927171140909195
0.07958140969276428
0.07996266335248947
0.08041834086179733
0.08094946295022964
0.08155518025159836
0.08223284035921097
0.08297799527645111
0.0837845653295517
0.08464495837688446
0.08555026352405548
0.08649048954248428
0.08745482563972473
0.08843190222978592
0.08941009640693665
0.09037783741950989
0.09132389724254608
0.09223772585391998
0.09310968965291977
0.09393138438463211
0.0946957916021347
0.09539752453565598
0.09603290259838104
0.09660010039806366
0.09709914773702621
0.09753192216157913
0.0979020819067955
0.09821492433547974
0.09847722202539444
0.09869696199893951
0.09888311475515366
0.09904535114765167
0.09919373691082001
0.09933836758136749
0.09948907047510147
0.09965512901544571
0.09984494745731354
0.100065790116787
0.1003235876560211
0.1006227806210518
0.1009661331772804
0.1013547778129578
0.1017880886793137
0.1022638231515884
0.1027782037854195
0.1033261269330978
0.103901281952858
0.1044965460896492
0.105104111135006
0.1057158857584
0.1063238009810448
0.1069200113415718
0.1074972897768021
0.1080492734909058
0.1085706278681755
0.109057255089283
0.1095064654946327
0.109916977584362
0.1102889776229858
0.1106240525841713
0.1109251230955124
0.1111962124705315
0.1114423498511314
0.1116692721843719
0.111883208155632
0.1120906099677086
0.1122978255152702
0.1125109270215034
0.1127353757619858
0.1129758730530739
0.113236166536808
0.1135188862681389
0.1138255372643471
0.1141564026474953
0.1145106330513954
0.1148862540721893
0.115280345082283
0.1156891733407974
0.1161084100604057
0.1165333539247513
0.1169591024518013
0.1173808500170708
0.1177940517663956
0.1181946620345116
0.1185792908072472
0.1189453303813934
0.1192910373210907
0.1196156144142151
0.1199191957712173
0.1202027872204781
0.1204682067036629
0.1207179427146912
0.1209549829363823
0.1211826801300049
0.1214045733213425
0.1216241419315338
0.1218446716666222
0.1220690533518791
0.1222996786236763
0.122538298368454
0.1227859482169151
0.1230428740382195
0.1233085915446281
0.1235818788409233
0.1238608285784721
0.124142974615097
0.124425396323204
0.1247048676013947
0.1249779686331749
0.1252412348985672
0.1254913210868835
0.1257250756025314
0.1259396523237228
0.1261325925588608
0.1263018697500229
0.1264458894729614
0.1265634596347809
0.1266537606716156
0.1267162561416626
0.126750648021698
0.1267566978931427
0.1267342120409012
0.1266828775405884
0.1266021430492401
0.1264911890029907
0.1263487786054611
0.1261733025312424
0.1259626746177673
0.1257143914699554
0.1254255920648575
0.125093087553978
0.1247133836150169
0.1242828667163849
0.1237978860735893
0.1232549250125885
0.1226506382226944
0.12198206782341
0.1212467104196548
0.1204426065087318
0.1195684820413589
0.1186237782239914
0.1176087260246277
0.1165243610739708
0.11537254601717
0.1141559407114983
0.1128780394792557
0.1115430444478989
0.1101558804512024
0.1087221056222916
0.1072478741407394
0.1057398542761803
0.1042051687836647
0.102651372551918
0.1010863333940506
0.09951818734407425
0.09795528650283813
0.09640613198280334
0.09487931430339813
0.09338341653347015
0.09192696958780289
0.09051833301782608
0.08916561305522919
0.08787654340267181
0.08665837347507477
0.08551774919033051
0.0844605565071106
0.08349180221557617
0.08261550962924957
0.08183454722166061
0.08115053921937943
0.08056378364562988
0.08007314056158066
0.07967603206634521
0.07936837524175644
0.07914464920759201
0.07899791747331619
0.07891995459794998
0.07890138030052185
0.0789317861199379
0.07900000363588333
0.07909427583217621
0.0792025551199913
0.07931273430585861
0.07941295951604843
0.07949188351631165
0.0795389786362648
0.07954475283622742
0.07950102537870407
0.07940109819173813
0.07923993468284607
0.07901426404714584
0.07872264832258224
0.07836554944515228
0.077945277094841
0.07746589928865433
0.07693313807249069
0.07635415345430374
0.0757373571395874
0.07509215921163559
0.07442867755889893
0.07375741750001907
0.07308899611234665
0.07243379950523376
0.07180166244506836
0.07120160013437271
0.07064153254032135
0.07012803107500076
0.06966615468263626
0.06925931572914124
0.06890914589166641
0.06861551851034164
0.06837655603885651
0.06818869709968567
0.06804686784744263
0.06794466823339462
0.06787461042404175
0.06782840937376022
0.06779725849628448
0.06777217239141464
0.06774431467056274
0.06770530343055725
0.0676475390791893
0.06756443530321121
0.06745065003633499
0.06730229407548904
0.06711702793836594
0.06689411401748657
0.0666344091296196
0.06634032726287842
0.06601566076278687
0.06566539406776428
0.06529548764228821
0.0649125874042511
0.06452374905347824
0.06413612514734268
0.06375663727521896
0.06339168548583984
0.063046894967556
0.06272690743207932
0.06243514642119408
0.06217376515269279
0.06194353476166725
0.06174388155341148
0.06157293915748596
0.06142767891287804
0.06130408495664597
0.06119737401604652
0.061102245002985
0.06101314350962639
0.06092452630400658
0.06083116307854652
0.06072831153869629
0.06061199307441711
0.06047911942005157
0.06032763049006462
0.06015653535723686
0.05996593460440636
0.05975697934627533
0.05953174084424973
0.05929308384656906
0.0590444803237915
0.05878979712724686
0.05853307619690895
0.05827831104397774
0.05802922323346138
0.05778907984495163
0.05756052583456039
0.05734546110033989
0.05714495480060577
0.05695923417806625
0.05678766220808029
0.05662883445620537
0.05648063868284225
0.05634043738245964
0.05620518326759338
0.05607160925865173
0.05593639984726906
0.05579636618494987
0.05564858019351959
0.05549051612615585
0.05532015860080719
0.05513603985309601
0.05493728071451187
0.05472355708479881
0.05449506640434265
0.05425243824720383
0.05399661883711815
0.05372874811291695
0.05345001444220543
0.05316152423620224
0.05286416411399841
0.05255848541855812
0.05224462226033211
0.05192219093441963
0.05159027129411697
0.05124740675091743
0.05089160799980164
0.05052041634917259
0.05013097450137138
0.04972010105848312
0.04928440973162651
0.04882040992379189
0.04832462593913078
0.0477936640381813
0.04722432792186737
0.0466136634349823
0.04595901072025299
0.04525803029537201
0.04450869560241699
0.04370929300785065
0.04285836964845657
0.04195471480488777
0.04099727421998978
0.03998513519763947
0.03891745209693909
0.03779341652989388
0.03661222755908966
0.03537309914827347
0.03407523781061172
0.03271789848804474
0.03130039572715759
0.02982217445969582
0.0282828863710165
0.02668245695531368
0.02502115815877914
0.0232996866106987
0.02151925303041935
0.01968163065612316
0.017789201810956
0.01584499701857567
0.01385270897299051
0.01181668881326914
0.009741932153701782
0.007634034845978022
0.005499153863638639
0.003343940246850252
0.001175465644337237
-0.000998849980533123
-0.003171321237459779
-0.005334077402949333
-0.007479141466319561
-0.009598509408533573
-0.01168422400951385
-0.01372844632714987
-0.01572352088987827
-0.01766205206513405
-0.01953696459531784
-0.02134156227111816
-0.02306961454451084
-0.02471539936959743
-0.02627379260957241
-0.02774033509194851
-0.02911130338907242
-0.03038377687335014
-0.03155572339892387
-0.03262604027986526
-0.03359463810920715
-0.03446246683597565
-0.03523155674338341
-0.03590503334999084
-0.03648711740970612
-0.03698311001062393
-0.03739934414625168
-0.03774311766028404
-0.03802262246608734
-0.03824682161211967
-0.03842532262206078
-0.03856825456023216
-0.03868608176708221
-0.03878946602344513
-0.0388890877366066
-0.03899544104933739
-0.0391186885535717
-0.03926845267415047
-0.03945367783308029
-0.03968245908617973
-0.03996191173791885
-0.04029803723096848
-0.04069560766220093
-0.04115810990333557
-0.04168765246868134
-0.04228495806455612
-0.04294933006167412
-0.04367868602275848
-0.04446958377957344
-0.04531731456518173
-0.04621598869562149
-0.04715863987803459
-0.04813738912343979
-0.04914360493421555
-0.05016808956861496
-0.05120125785470009
-0.05223338678479195
-0.05325477942824364
-0.05425601825118065
-0.05522816628217697
-0.05616296827793121
-0.05705303326249123
-0.05789203941822052
-0.05867484211921692
-0.0593976117670536
-0.06005791574716568
-0.06065477058291435
-0.06118868291378021
-0.06166157498955727
-0.06207677349448204
-0.06243890151381493
-0.06275373697280884
-0.06302806735038757
-0.06326946616172791
-0.06348614394664764
-0.06368666887283325
-0.06387975811958313
-0.06407406181097031
-0.06427785009145737
-0.06449887156486511
-0.06474411487579346
-0.06501962244510651
-0.06533032655715942
-0.06567994505167007
-0.06607089936733246
-0.06650424003601074
-0.06697963923215866
-0.06749545782804489
-0.06804879754781723
-0.06863559782505035
-0.06925079226493835
-0.06988850235939026
-0.07054219394922256
-0.07120490819215775
-0.07186949998140335
-0.07252883911132812
-0.0731760635972023
-0.07380477339029312
-0.07440925389528275
-0.07498461753129959
-0.07552693784236908
-0.07603339105844498
-0.07650230824947357
-0.07693318277597427
-0.077326700091362
-0.0776846706867218
-0.07800990343093872
-0.07830613106489182
-0.07857782393693924
-0.07883002609014511
-0.0790681391954422
-0.07929772883653641
-0.07952430844306946
-0.07975313812494278
-0.079988993704319
-0.08023606240749359
-0.08049771934747696
-0.08077641576528549
-0.08107363432645798
-0.08138982206583023
-0.08172433823347092
-0.08207552880048752
-0.08244077861309052
-0.08281660079956055
-0.08319874852895737
-0.08358238637447357
-0.08396224677562714
-0.08433281630277634
-0.0846884697675705
-0.0850236788392067
-0.0853331983089447
-0.08561219274997711
-0.08585632592439651
-0.08606190234422684
-0.08622590452432632
-0.08634604513645172
-0.08642076700925827
-0.08644919097423553
-0.08643105626106262
-0.08636665344238281
-0.0862567201256752
-0.08610229194164276
-0.08590459823608398
-0.08566489070653915
-0.08538433909416199
-0.08506391197443008
-0.08470424264669418
-0.08430557698011398
-0.08386769145727158
-0.08338986337184906
-0.08287090063095093
-0.08230915665626526
-0.0817025750875473
-0.08104880899190903
-0.08034531027078629
-0.07958947867155075
-0.07877877354621887
-0.07791092246770859
-0.07698402553796768
-0.07599671930074692
-0.07494833320379257
-0.0738389864563942
-0.07266971468925476
-0.07144248485565186
-0.07016033679246902
-0.06882728636264801
-0.06744837760925293
-0.0660296157002449
-0.06457789987325668
-0.0631008967757225
-0.06160695105791092
-0.06010489910840988
-0.05860397219657898
-0.05711357295513153
-0.05564317479729652
-0.05420210212469101
-0.05279940366744995
-0.05144370719790459
-0.05014307796955109
-0.04890492185950279
-0.04773585498332977
-0.04664166644215584
-0.04562722519040108
-0.04469644650816917
-0.04385225474834442
-0.04309659078717232
-0.04243039339780807
-0.04185359179973602
-0.04136515408754349
-0.04096308350563049
-0.04064446687698364
-0.0404055118560791
-0.04024156555533409
-0.04014718905091286
-0.04011617228388786
-0.04014163091778755
-0.04021603986620903
-0.04033133760094643
-0.04047898948192596
-0.04065010696649551
-0.04083556681871414
-0.04102610796689987
-0.04121249914169312
-0.04138566553592682
-0.04153687134385109
-0.04165785759687424
-0.0417410135269165
-0.04177954792976379
-0.04176764935255051
-0.04170061275362968
-0.04157497733831406
-0.0413886234164238
-0.0411408469080925
-0.04083240777254105
-0.04046551510691643
-0.04004382342100143
-0.0395723395049572
-0.03905732557177544
-0.03850613161921501
-0.03792703524231911
-0.03732901439070702
-0.03672152012586594
-0.03611421585083008
-0.03551671281456947
-0.03493830561637878
-0.03438771143555641
-0.03387283533811569
-0.0334005244076252
-0.03297639265656471
-0.03260467574000359
-0.03228810429573059
-0.03202784806489944
-0.03182348981499672
-0.03167306631803513
-0.03157313168048859
-0.03151889890432358
-0.03150441497564316
-0.03152273967862129
-0.03156619518995285
-0.03162660077214241
-0.03169555962085724
-0.03176471963524818
-0.03182603791356087
-0.03187202289700508
-0.0318959653377533
-0.03189214691519737
-0.0318559966981411
-0.03178420662879944
-0.0316748134791851
-0.03152723237872124
-0.03134223446249962
-0.03112189657986164
-0.03086948208510876
-0.03058931231498718
-0.03028658032417297
-0.02996714785695076
-0.02963732741773129
-0.02930364012718201
-0.02897258102893829
-0.02865039370954037
-0.02834284864366055
-0.02805504761636257
-0.02779125794768333
-0.02755476534366608
-0.02734779380261898
-0.02717144228518009
-0.02702567726373672
-0.0269093606621027
-0.02682032808661461
-0.02675549872219563
-0.02671101316809654
-0.02668240666389465
-0.02666479535400867
-0.02665309235453606
-0.02664220705628395
-0.02662724815309048
-0.02660371176898479
-0.02656765468418598
-0.02651583775877953
-0.02644583769142628
-0.02635612525045872
-0.02624609880149364
-0.02611608430743217
-0.02596728876233101
-0.02580172754824162
-0.02562210150063038
-0.0254316758364439
-0.02523410320281982
-0.0250332523137331
-0.02483304589986801
-0.02463726326823235
-0.02444938570261002
-0.02427245117723942
-0.02410891838371754
-0.02396058291196823
-0.02382851578295231
-0.02371303550899029
-0.02361371740698814
-0.02352943830192089
-0.023458456620574
-0.02339851856231689
-0.02334697544574738
-0.02330093085765839
-0.02325738221406937
-0.02321337908506393
-0.02316616661846638
-0.02311329916119576
-0.02305275201797485
-0.02298302017152309
-0.02290315739810467
-0.02281280234456062
-0.02271218411624432
-0.02260207198560238
-0.02248373068869114
-0.02235881611704826
-0.02222929336130619
-0.02209730446338654
-0.02196506224572659
-0.0218347255140543
-0.02170828729867935
-0.02158747985959053
-0.02147368155419827
-0.0213678777217865
-0.02127060852944851
-0.02118196710944176
-0.02110160887241364
-0.02102879621088505
-0.02096244506537914
-0.02090121246874332
-0.02084356918931007
-0.02078790962696075
-0.02073262073099613
-0.02067618817090988
-0.0206172801554203
-0.02055479772388935
-0.02048793993890285
-0.02041622623801231
-0.02033950388431549
-0.02025795355439186
-0.02017205767333508
-0.02008254639804363
-0.0199903566390276
-0.01989656500518322
-0.01980230584740639
-0.01970871724188328
-0.0196168664842844
-0.01952768862247467
-0.01944193989038467
-0.01936015859246254
-0.01928264833986759
-0.01920946873724461
-0.01914044469594955
-0.01907519437372684
-0.01901314780116081
-0.01895360834896564
-0.01889579929411411
-0.01883889734745026
-0.0187821090221405
-0.01872470788657665
-0.01866606995463371
-0.01860571466386318
-0.01854332536458969
-0.01847875863313675
-0.01841204427182674
-0.0183433759957552
-0.01827308349311352
-0.01820160634815693
-0.01812945865094662
-0.0180571973323822
-0.01798537559807301
-0.01791451312601566
-0.01784506626427174
-0.01777739077806473
-0.01771173626184464
-0.01764822565019131
-0.01758686639368534
-0.01752753928303719
-0.01747003197669983
-0.01741404645144939
-0.01735922321677208
-0.01730517670512199
-0.0172515194863081
-0.01719788089394569
-0.01714394241571426
-0.01708943955600262
-0.01703419722616673
-0.01697812043130398
-0.01692119799554348
-0.0168635081499815
-0.01680519245564938
-0.01674645394086838
-0.01668753102421761
-0.01662867702543736
-0.01657015271484852
-0.01651219464838505
-0.01645501330494881
-0.01639875769615173
-0.01634353399276733
-0.01628938131034374
-0.01623628102242947
-0.01618416234850883
-0.01613290049135685
-0.01608233712613583
-0.01603229157626629
-0.01598257012665272
-0.01593298837542534
-0.01588336564600468
-0.01583355665206909
-0.01578344777226448
-0.01573295891284943
-0.01568205095827579
-0.01563072204589844
-0.01557900104671717
-0.01552694570273161
-0.01547462865710258
-0.01542213466018438
-0.0153695372864604
-0.01531690824776888
-0.01526429504156113
-0.01521172188222408
-0.01515918597579002
-0.01510664727538824
-0.01505403779447079
-0.01500126253813505
-0.01494819764047861
-0.014894706197083
-0.0148406345397234
-0.01478582620620728
-0.01473012566566467
-0.01467338763177395
-0.01461547706276178
-0.01455628126859665
-0.01449570339173079
-0.01443367078900337
-0.01437013130635023
-0.0143050504848361
-0.01423841342329979
-0.01417021919041872
-0.01410048082470894
-0.01402921695262194
-0.0139564536511898
-0.01388222351670265
-0.01380656007677317
-0.01372950430959463
-0.01365109905600548
-0.01357140019536018
-0.01349047012627125
-0.01340838707983494
-0.01332524698227644
-0.01324116438627243
-0.01315627805888653
-0.01307075377553701
-0.01298478245735168
-0.0128985783085227
-0.01281238347291946
-0.01272645965218544
-0.01264108624309301
-0.01255655195564032
-0.01247315760701895
-0.01239120308309793
-0.01231098175048828
-0.01223277393728495
-0.01215684041380882
-0.01208341307938099
-0.01201269589364529
-0.01194485276937485
-0.0118800038471818
-0.01181822456419468
-0.01175954192876816
-0.01170393172651529
-0.01165132038295269
-0.01160158403217793
-0.01155455317348242
-0.01151000708341599
-0.01146768964827061
-0.01142730098217726
-0.01138850953429937
-0.01135096047073603
-0.0113142766058445
-0.0112780723720789
-0.01124195475131273
-0.01120554003864527
-0.01116845663636923
-0.01113035902380943
-0.01109093055129051
-0.01104989927262068
-0.01100703980773687
-0.01096218544989824
-0.01091522909700871
-0.01086612977087498
-0.0108149154111743
-0.01076168473809958
-0.01070659980177879
-0.01064988598227501
-0.01059182640165091
-0.01053275167942047
-0.01047302968800068
-0.01041305717080832
-0.01035323832184076
-0.01029398199170828
-0.01023567654192448
-0.01017868611961603
-0.01012332923710346
-0.01006987504661083
-0.01001852657645941
-0.009969417005777359
-0.009922599419951439
-0.009878057986497879
-0.009835691191256046
-0.009795327670872211
-0.009756733663380146
-0.009719615802168846
-0.009683636017143726
-0.009648426435887814
-0.009613603353500366
-0.009578783996403217
-0.009543599560856819
-0.009507711976766586
-0.009470829740166664
-0.009432717226445675
-0.009393204934895039
-0.00935219693928957
-0.009309669025242329
-0.009265675209462643
-0.009220341220498085
-0.009173857979476452
-0.009126474149525166
-0.009078481234610081
-0.009030196815729141
-0.00898195244371891
-0.008934078738093376
-0.008886884897947311
-0.008840649388730526
-0.008795603178441525
-0.008751921355724335
-0.008709712885320187
-0.008669017814099789
-0.008629806339740753
-0.008591982536017895
-0.008555391803383827
-0.008519825525581837
-0.008485040627419949
-0.008450765162706375
-0.008416715078055859
-0.008382617495954037
-0.008348215371370316
-0.008313285186886787
-0.008277649059891701
-0.008241182193160057
-0.008203820325434208
-0.008165556937456131
-0.008126447908580303
-0.008086600340902805
-0.008046172559261322
-0.008005356416106224
-0.007964368909597397
-0.007923435419797897
-0.007882778532803059
-0.00784260593354702
-0.007803094107657671
-0.00776437995955348
-0.007726555224508047
-0.007689661346375942
-0.00765368714928627
-0.007618573494255543
-0.007584217470139265
-0.007550480309873819
-0.007517197635024786
-0.007484192028641701
-0.007451283745467663
-0.00741830188781023
-0.00738509651273489
-0.007351547479629517
-0.007317570503801107
-0.007283123675733805
-0.007248205132782459
-0.007212853990495205
-0.007177145686000586
-0.007141185458749533
-0.00710509717464447
-0.007069015875458717
-0.007033079862594604
-0.006997415330260992
-0.006962134502828121
-0.006927324458956718
-0.006893041078001261
-0.006859308574348688
-0.006826118100434542
-0.006793430540710688
-0.006761178839951754
-0.006729275919497013
-0.006697622127830982
-0.006666111759841442
-0.006634642835706472
-0.006603123620152473
-0.006571478676050901
-0.006539654918015003
-0.006507623475044966
-0.006475381553173065
-0.006442951038479805
-0.006410374771803617
-0.006377713289111853
-0.006345038302242756
-0.006312427576631308
-0.006279955618083477
-0.006247690878808498
-0.006215688772499561
-0.006183989346027374
-0.006152612157166004
-0.0061215590685606
-0.006090812385082245
-0.006060339510440826
-0.006030094809830189
-0.00600002333521843
-0.00597006781026721
-0.005940173752605915
-0.005910291336476803
-0.005880382843315601
-0.005850421730428934
-0.005820395424962044
-0.005790306255221367
-0.005760170985013247
-0.005730014760047197
-0.005699873901903629
-0.005669786129146814
-0.005639792419970036
-0.00560992956161499
-0.005580228287726641
-0.005550710950046778
-0.005521390121430159
-0.00549226813018322
-0.00546333659440279
-0.005434578750282526
-0.005405971314758062
-0.005377486813813448
-0.005349095445126295
-0.005320769269019365
-0.005292484071105719
-0.00526422169059515
-0.005235970951616764
-0.005207728128880262
-0.005179495550692081
-0.005151283461600542
-0.005123107228428125
-0.005094985943287611
-0.005066938698291779
-0.005038985516875982
-0.005011143162846565
-0.004983424209058285
-0.00495583564043045
-0.004928379319608212
-0.004901052918285131
-0.004873848520219326
-0.004846753552556038
-0.00481975544244051
-0.004792839288711548
-0.00476599158719182
-0.004739200230687857
-0.004712456371635199
-0.004685754422098398
-0.004659093916416168
-0.004632477182894945
-0.004605908412486315
-0.004579395987093449
-0.00455294968560338
-0.004526578355580568
-0.004500289913266897
-0.004474090877920389
-0.004447986837476492
-0.004421979188919067
-0.004396067932248116
-0.004370250273495913
-0.004344520624727011
-0.004318873398005962
-0.004293302539736032
-0.004267803393304348
-0.004242369439452887
-0.004216998349875212
-0.004191688261926174
-0.004166439641267061
-0.004141254816204309
-0.004116138909012079
-0.004091095644980669
-0.004066132009029388
-0.004041254986077547
-0.00401647062972188
-0.003991785924881697
-0.003967205062508583
-0.003942735027521849
-0.003918379545211792
-0.003894143970683217
-0.00387003249488771
-0.00384605024009943
-0.003822203259915113
-0.003798500401899219
-0.00377495214343071
-0.003751571290194988
-0.00372837414033711
-0.003705377923324704
-0.003682605223730206
-0.003660080255940557
-0.003637830028310418
-0.003615884575992823
-0.003594277193769813
-0.003573044668883085
-0.003552226116880774
-0.003531863912940025
-0.003512004390358925
-0.003492696676403284
-0.003473994322121143
-0.003455954836681485
-0.003438639454543591
-0.00342211383394897
-0.003406448988243937
-0.003391720121726394
-0.00337800825946033
-0.003365397453308105
-0.00335397757589817
-0.003343840828165412
-0.003335083834826946
-0.003327805083245039
-0.003322105156257749
-0.00331808440387249
-0.003315843641757965
-0.003315482288599014
-0.00331709673628211
-0.00332077918574214
-0.003326616249978542
-0.003334688488394022
-0.003345067845657468
-0.003357816254720092
-0.003372984239831567
-0.003390609286725521
-0.003410712815821171
-0.003433301113545895
-0.003458360675722361
-0.003485857741907239
-0.00351573689840734
-0.003547919215634465
-0.003582301549613476
-0.003618754679337144
-0.00365712377242744
-0.003697227220982313
-0.003738858038559556
-0.003781783860176802
-0.003825749736279249
-0.003870476968586445
-0.003915667999535799
-0.003961007110774517
-0.00400616368278861
-0.004050800111144781
-0.004094569012522697
-0.004137123003602028
-0.00417811656370759
-0.004217213951051235
-0.004254092462360859
-0.004288448486477137
-0.004320002626627684
-0.004348508547991514
-0.004373753443360329
-0.004395566415041685
-0.004413822200149298
-0.004428441636264324
-0.004439400508999825
-0.004446728620678186
-0.004450508859008551
-0.00445088092237711
-0.004448039457201958
-0.004442230332642794
-0.004433747846633196
-0.004422931000590324
-0.004410156048834324
-0.004395829979330301
-0.004380385857075453
-0.004364270251244307
-0.004347937181591988
-0.004331836942583323
-0.004316407721489668
-0.004302067216485739
-0.004289200063794851
-0.00427815318107605
-0.004269225988537073
-0.004262662958353758
-0.004258650355041027
-0.004257310181856155
-0.004258697852492332
-0.004262803588062525
-0.004269552882760763
-0.004278806503862143
-0.004290369339287281
-0.004303992260247469
-0.004319383297115564
-0.004336215555667877
-0.004354136064648628
-0.004372776951640844
-0.004391766618937254
-0.004410738125443459
-0.004429343156516552
-0.004447256680577993
-0.004464189987629652
-0.004479896277189255
-0.004494174383580685
-0.004506876226514578
-0.004517907742410898
-0.004527227487415075
-0.004534847103059292
-0.004540827125310898
-0.004545272793620825
-0.004548326134681702
-0.004550161305814981
-0.004550972022116184
-0.004550968296825886
-0.004550364334136248
-0.004549372009932995
-0.00454818969592452
-0.004546999931335449
-0.004545960109680891
-0.004545201081782579
-0.004544823430478573
-0.004544897004961967
-0.004545459523797035
-0.004546519834548235
-0.004548061173409224
-0.004550045356154442
-0.004552417900413275
-0.004555114544928074
-0.004558066371828318
-0.004561205394566059
-0.004564468748867512
-0.00456780381500721
-0.004571171011775732
-0.00457454752177
-0.004577925894409418
-0.004581315442919731
-0.004584739916026592
-0.004588235635310411
-0.004591846372932196
-0.004595622420310974
-0.004599613603204489
-0.00460386648774147
-0.00460842065513134
-0.004613303113728762
-0.004618529230356216
-0.004624097608029842
-0.004629992414265871
-0.004636180587112904
-0.004642616957426071
-0.004649246577173471
-0.004656004719436169
-0.004662823863327503
-0.004669637884944677
-0.004676385782659054
-0.004683014936745167
-0.00468948669731617
-0.00469577731564641
-0.004701880738139153
-0.00470780860632658
-0.004713592585176229
-0.004719280172139406
-0.004724931437522173
-0.004730619490146637
-0.004736423958092928
-0.004742427263408899
-0.004748711362481117
-0.004755353089421988
-0.004762421362102032
-0.004769974388182163
-0.004778058733791113
-0.00478670746088028
-0.004795941058546305
-0.004805769305676222
-0.004816193133592606
-0.004827206488698721
-0.004838799592107534
-0.004850963596254587
-0.004863692913204432
-0.004876986611634493
-0.004890847951173782
-0.004905292298644781
-0.004920339211821556
-0.004936016164720058
-0.00495235389098525
-0.004969383589923382
-0.004987137392163277
-0.005005639046430588
-0.005024902988225222
-0.005044931545853615
-0.00506571214646101
-0.005087212659418583
-0.005109382793307304
-0.005132155492901802
-0.005155443679541349
-0.005179147701710463
-0.005203157663345337
-0.005227356683462858
-0.005251627881079912
-0.005275856703519821
-0.005299938376992941
-0.005323780234903097
-0.005347306840121746
-0.005370459984987974
-0.005393200553953648
-0.005415508057922125
-0.005437379237264395
-0.005458823870867491
-0.005479860585182905
-0.005500512663275003
-0.005520802456885576
-0.005540746264159679
-0.005560352932661772
-0.005579615943133831
-0.005598513409495354
-0.005617008078843355
-0.005635045934468508
-0.005652559921145439
-0.005669471807777882
-0.005685698240995407
-0.005701153539121151
-0.005715755745768547
-0.005729434080421925
-0.005742131732404232
-0.005753811448812485
-0.005764458328485489
-0.005774081684648991
-0.005782715976238251
-0.005790419410914183
-0.005797273479402065
-0.005803377367556095
-0.00580884562805295
-0.005813803523778915
-0.005818379577249289
-0.005822704639285803
-0.005826903041452169
-0.00583109213039279
-0.005835379008203745
-0.005839856807142496
-0.00584460748359561
-0.005849698558449745
-0.005855185445398092
-0.005861112847924232
-0.005867518484592438
-0.005874431226402521
-0.005881874822080135
-0.005889869295060635
-0.005898430943489075
-0.005907573737204075
-0.005917304661124945
-0.005927628837525845
-0.005938542541116476
-0.005950032733380795
-0.005962078459560871
-0.005974644795060158
-0.005987683776766062
-0.006001132540404797
-0.006014916114509106
-0.006028948351740837
-0.006043130997568369
-0.006057357415556908
-0.006071518175303936
-0.006085502449423075
-0.006099202670156956
-0.006112519185990095
-0.006125363055616617
-0.006137658376246691
-0.006149347871541977
-0.006160389631986618
-0.006170761305838823
-0.006180458702147007
-0.006189495325088501
-0.006197897717356682
-0.00620570732280612
-0.006212973967194557
-0.006219753529876471
-0.006226105615496635
-0.006232093553990126
-0.006237778812646866
-0.006243219133466482
-0.006248468067497015
-0.006253574974834919
-0.006258582696318626
-0.006263528484851122
-0.006268443074077368
-0.006273350212723017
-0.006278268992900848
-0.006283211056143045
-0.006288180593401194
-0.006293174345046282
-0.006298179738223553
-0.006303173955529928
-0.006308124400675297
-0.006312987301498652
-0.006317705847322941
-0.006322212051600218
-0.006326424423605204
-0.006330250296741724
-0.006333586294203997
-0.006336322519928217
-0.006338338833302259
-0.00633951323106885
-0.006339718587696552
-0.006338832434266806
-0.006336733233183622
-0.006333306897431612
-0.006328446324914694
-0.006322057452052832
-0.006314055994153023
-0.006304372567683458
-0.006292953155934811
-0.00627975957468152
-0.006264769472181797
-0.00624797772616148
-0.006229392718523741
-0.006209040991961956
-0.006186965387314558
-0.006163222249597311
-0.006137882824987173
-0.006111034192144871
-0.006082776933908463
-0.006053226068615913
-0.006022508256137371
-0.005990765057504177
-0.005958148278295994
-0.005924822296947241
-0.005890960339456797
-0.005856746342033148
-0.005822369363158941
-0.005788025446236134
-0.005753915291279554
-0.005720240063965321
-0.00568720418959856
-0.005655008368194103
-0.005623848643153906
-0.005593916401267052
-0.005565394181758165
-0.005538453813642263
-0.00551325362175703
-0.005489937495440245
-0.005468630697578192
-0.005449437536299229
-0.005432440899312496
-0.005417698994278908
-0.005405242089182138
-0.005395072977989912
-0.005387161858379841
-0.005381448194384575
-0.005377837922424078
-0.005376203916966915
-0.005376385990530252
-0.005378192756325006
-0.005381403025239706
-0.005385767202824354
-0.005391014274209738
-0.00539685320109129
-0.005402979906648397
-0.005409083794802427
-0.005414852872490883
-0.005419982131570578
-0.005424180068075657
-0.00542717706412077
-0.005428730510175228
-0.005428635515272617
-0.005426725838333368
-0.005422883667051792
-0.005417040549218655
-0.005409182980656624
-0.005399353336542845
-0.005387648940086365
-0.00537421926856041
-0.005359265487641096
-0.005343032535165548
-0.005325805395841599
-0.005307899322360754
-0.0052896523848176
-0.005271414760500193
-0.005253534764051437
-0.005236354190856218
-0.005220192018896341
-0.005205336026847363
-0.00519203394651413
-0.005180483218282461
-0.005170825403183699
-0.005163141060620546
-0.00515744648873806
-0.005153690930455923
-0.00515176123008132
-0.005151484161615372
-0.005152631551027298
-0.005154930520802736
-0.005158072337508202
-0.005161723122000694
-0.005165537819266319
-0.005169172771275043
-0.005172299221158028
-0.005174616351723671
-0.005175862926989794
-0.005175827536731958
-0.005174355581402779
-0.005171357654035091
-0.005166811402887106
-0.005160762462764978
-0.005153323989361525
-0.005144668277353048
-0.005135021172463894
-0.0051246527582407
-0.005113866645842791
-0.005102982744574547
-0.005092326086014509
-0.005082214251160622
-0.005072941537946463
-0.005064765922725201
-0.00505790114402771
-0.005052504595369101
-0.005048672202974558
-0.005046436563134193
-0.005045765079557896
-0.00504656508564949
-0.005048686172813177
-0.005051931831985712
-0.005056066904217005
-0.005060834344476461
-0.005065964534878731
-0.005071189720183611
-0.005076260771602392
-0.005080956034362316
-0.005085093434900045
-0.005088541656732559
-0.005091223865747452
-0.005093121435493231
-0.00509427348151803
-0.005094775930047035
-0.005094771739095449
-0.005094444844871759
-0.005094009917229414
-0.005093698389828205
-0.005093748215585947
-0.005094386637210846
-0.005095820408314466
-0.005098222754895687
-0.005101726856082678
-0.005106415599584579
-0.005112320650368929
-0.005119418259710073
-0.005127633456140757
-0.005136844702064991
-0.005146889947354794
-0.005157575942575932
-0.005168691277503967
-0.005180017091333866
-0.005191338714212179
-0.005202456843107939
-0.005213198252022266
-0.005223424173891544
-0.005233034491539001
-0.005241971462965012
-0.00525022204965353
-0.005257813725620508
-0.005264809355139732
-0.00527130113914609
-0.005277401767671108
-0.00528323370963335
-0.005288920365273952
-0.005294575355947018
-0.005300291813910007
-0.005306139122694731
-0.005312155000865459
-0.00531834177672863
-0.005324666853994131
-0.005331065971404314
-0.005337444599717855
-0.00534368772059679
-0.005349664017558098
-0.005355236120522022
-0.005360270850360394
-0.005364646669477224
-0.005368261598050594
-0.005371039267629385
-0.005372936837375164
-0.005373944994062185
-0.005374086555093527
-0.00537341833114624
-0.005372025538235903
-0.005370017141103745
-0.005367518402636051
-0.005364662501960993
-0.005361583083868027
-0.005358406808227301
-0.00535524869337678
-0.005352205596864223
-0.005349352024495602
-0.005346739199012518
-0.005344393197447062
-0.005342321004718542
-0.00534050865098834
-0.005338930059224367
-0.005337551701813936
-0.005336335860192776
-0.005335248075425625
-0.005334260407835245
-0.005333357490599155
-0.005332536064088345
-0.005331807304173708
-0.00533119635656476
-0.005330739077180624
-0.00533048203215003
-0.005330474581569433
-0.005330767016857862
-0.005331403110176325
-0.005332418717443943
-0.005333835259079933
-0.005335657391697168
-0.005337872076779604
-0.005340447649359703
-0.005343332421034575
-0.005346461664885283
-0.005349756684154272
-0.00535312807187438
-0.005356484558433294
-0.005359734408557415
-0.005362791009247303
-0.005365574732422829
-0.005368018988519907
-0.005370070226490498
-0.005371690262109041
-0.005372853018343449
-0.005373547784984112
-0.005373775027692318
-0.005373543594032526
-0.005372868850827217
-0.005371768493205309
-0.005370261613279581
-0.005368367303162813
-0.005366099532693624
-0.005363468546420336
-0.005360481329262257
-0.005357139743864536
-0.0053534428589046
-0.005349389277398586
-0.005344978999346495
-0.005340211559087038
-0.005335092078894377
-0.00532962940633297
-0.005323836579918861
-0.005317734554409981
-0.005311345215886831
-0.005304694641381502
-0.005297810304909945
-0.005290719214826822
-0.005283445585519075
-0.005276008043438196
-0.005268419627100229
-0.00526068452745676
-0.005252798087894917
-0.005244746338576078
-0.00523650785908103
-0.005228051450103521
-0.005219340324401855
-0.005210333038121462
-0.005200983490794897
-0.005191249307245016
-0.005181086249649525
-0.005170455668121576
-0.005159323569387197
-0.005147662479430437
-0.005135452374815941
-0.005122681148350239
-0.005109344609081745
-0.005095447413623333
-0.00508100027218461
-0.005066019482910633
-0.005050529725849628
-0.005034561268985271
-0.005018148105591536
-0.005001329351216555
-0.004984150175005198
-0.004966660402715206
-0.004948913119733334
-0.004930968396365643
-0.00491288909688592
-0.00489474181085825
-0.004876599181443453
-0.00485853711143136
-0.004840633366256952
-0.004822967574000359
-0.004805619362741709
-0.004788668360561132
-0.004772189073264599
-0.004756254609674215
-0.00474092923104763
-0.004726272542029619
-0.004712335299700499
-0.004699158482253551
-0.004686774685978889
-0.004675205796957016
-0.004664464388042688
-0.004654553718864918
-0.004645468201488256
-0.004637193866074085
-0.004629708360880613
-0.00462298421189189
-0.004616986494511366
-0.004611675627529621
-0.004607007838785648
-0.004602933302521706
-0.004599400795996189
-0.004596356302499771
-0.004593741614371538
-0.004591498058289289
-0.004589564632624388
-0.004587880335748196
-0.004586382769048214
-0.004585010465234518
-0.004583702422678471
-0.004582398571074009
-0.004581040237098932
-0.004579572938382626
-0.00457794452086091
-0.004576107021421194
-0.00457401666790247
-0.004571632947772741
-0.004568921402096748
-0.004565851762890816
-0.004562399350106716
-0.004558543208986521
-0.004554270301014185
-0.004549570381641388
-0.004544439259916544
-0.00453887740150094
-0.004532891325652599
-0.004526492208242416
-0.004519696813076735
-0.004512526094913483
-0.004505007527768612
-0.004497171845287085
-0.004489056300371885
-0.004480703268200159
-0.0044721569865942
-0.004463466815650463
-0.004454684909433126
-0.00444586668163538
-0.004437067545950413
-0.004428344313055277
-0.004419751930981874
-0.004411345347762108
-0.004403175320476294
-0.004395289346575737
-0.004387731198221445
-0.004380537662655115
-0.004373739007860422
-0.004367359448224306
-0.004361413419246674
-0.004355908837169409
-0.00435084430500865
-0.004346210975199938
-0.004341989289969206
-0.004338152706623077
-0.004334665834903717
-0.004331487230956554
-0.004328568931668997
-0.004325858782976866
-0.004323298577219248
-0.004320828709751368
-0.004318387247622013
-0.004315913189202547
-0.004313346464186907
-0.004310629330575466
-0.004307708702981472
-0.004304537083953619
-0.004301075357943773
-0.004297289997339249
-0.004293158650398254
-0.004288666415959597
-0.004283810500055552
-0.004278595559298992
-0.004273038823157549
-0.004267164971679449
-0.004261008463799953
-0.004254611674696207
-0.004248024430125952
-0.004241300746798515
-0.004234499763697386
-0.004227683413773775
-0.004220915026962757
-0.004214256536215544
-0.004207768011838198
-0.004201507661491632
-0.004195525776594877
-0.004189868923276663
-0.004184577148407698
-0.004179679788649082
-0.004175199195742607
-0.004171148873865604
-0.00416753301396966
-0.0041643469594419
-0.004161576274782419
-0.004159200470894575
-0.004157190676778555
-0.004155512899160385
-0.004154125228524208
-0.004152985289692879
-0.004152046982198954
-0.004151262808591127
-0.004150585737079382
-0.004149971064180136
-0.004149375949054956
-0.00414876127615571
-0.004148093517869711
-0.004147343803197145
-0.00414649024605751
-0.004145518876612186
-0.00414441991597414
-0.004143190570175648
-0.004141835030168295
-0.004140363540500402
-0.004138791467994452
-0.004137136973440647
-0.004135423339903355
-0.004133675713092089
-0.004131921101361513
-0.004130186047405005
-0.004128497093915939
-0.004126877058297396
-0.004125349223613739
-0.0041239308193326
-0.004122637212276459
-0.004121477715671062
-0.004120457451790571
-0.00411957548931241
-0.004118828102946281
-0.004118205979466438
-0.004117695149034262
-0.004117276519536972
-0.004116929601877928
-0.004116631112992764
-0.004116354510188103
-0.004116073716431856
-0.004115762654691935
-0.004115395247936249
-0.004114947747439146
-0.004114397335797548
-0.004113724455237389
-0.004112915601581335
-0.004111958667635918
-0.004110847134143114
-0.004109578207135201
-0.004108154680579901
-0.004106583073735237
-0.004104874562472105
-0.004103044047951698
-0.004101107828319073
-0.004099087323993444
-0.00409700395539403
-0.004094881936907768
-0.0040927454829216
-0.004090617410838604
-0.004088521003723145
-0.004086477681994438
-0.004084505140781403
-0.004082620143890381
-0.00408083526417613
-0.004079161677509546
-0.004077605903148651
-0.004076171200722456
-0.004074856638908386
-0.004073658492416143
-0.004072569310665131
-0.004071579780429602
-0.004070676863193512
-0.004069847520440817
-0.004069075454026461
-0.004068343434482813
-0.004067636094987392
-0.004066935740411282
-0.004066227003931999
-0.004065494984388351
-0.004064727108925581
-0.004063910804688931
-0.004063037689775229
-0.004062100313603878
-0.004061093553900719
-0.004060016013681889
-0.004058866761624813
-0.004057648126035929
-0.004056365229189396
-0.004055023659020662
-0.004053630866110325
-0.004052195698022842
-0.004050727002322674
-0.004049235954880714
-0.004047733265906572
-0.004046228714287281
-0.004044730681926012
-0.004043248482048512
-0.004041789565235376
-0.004040361382067204
-0.004038969520479441
-0.004037617705762386
-0.004036308731883764
-0.004035042598843575
-0.00403381884098053
-0.004032636061310768
-0.004031490534543991
-0.004030378069728613
-0.004029294941574335
-0.00402823556214571
-0.004027195740491152
-0.004026169423013926
-0.004025150556117296
-0.004024133551865816
-0.004023112822324038
-0.004022084642201662
-0.004021043889224529
-0.004019986838102341
-0.004018910229206085
-0.004017812199890614
-0.004016691818833351
-0.004015549086034298
-0.004014383535832167
-0.004013196565210819
-0.004011990502476692
-0.00401076627895236
-0.004009527619928122
-0.004008278716355562
-0.004007023759186268
-0.004005765076726675
-0.004004508256912231
-0.004003256093710661
-0.004002013243734837
-0.004000781569629908
-0.003999562934041023
-0.003998360596597195
-0.003997175022959709
-0.003996005747467279
-0.003994853235781193
-0.003993716556578875
-0.003992594312876463
-0.003991485107690096
-0.003990387078374624
-0.00398929649963975
-0.00398821197450161
-0.003987129777669907
-0.003986048046499491
-0.003984963987022638
-0.003983875270932913
-0.00398278096690774
-0.003981678280979395
-0.003980567213147879
-0.003979447297751904
-0.00397831853479147
-0.003977180458605289
-0.003976034931838512
-0.003974883351475
-0.003973727114498615
-0.003972567617893219
-0.003971405792981386
-0.003970243502408266
-0.00396908400580287
-0.003967927768826485
-0.00396677665412426
-0.003965632058680058
-0.003964494913816452
-0.003963365685194731
-0.003962244372814894
-0.003961131907999516
-0.003960026893764734
-0.003958930727094412
-0.003957840614020824
-0.003956756554543972
-0.003955678548663855
-0.003954604268074036
-0.003953533712774515
-0.003952464554458857
-0.003951397258788347
-0.0039503313601017
-0.003949266392737627
-0.003948203288018703
-0.003947141580283642
-0.003946082200855017
-0.00394502654671669
-0.003943975083529949
-0.003942929673939943
-0.003941891249269247
-0.003940861206501722
-0.003939841873943806
-0.003938834648579359
-0.003937839064747095
-0.003936858382076025
-0.003935893997550011
-0.003934946842491627
-0.003934018313884735
-0.003933108877390623
-0.003932219929993153
-0.003931352868676186
-0.003930508624762297
-0.003929687198251486
-0.003928889520466328
-0.003928117454051971
-0.003927372395992279
-0.003926654346287251
-0.003925964701920748
-0.003925304859876633
-0.00392467575147748
-0.003924077842384577
-0.003923512995243073
-0.003922981210052967
-0.003922483418136835
-0.003922019153833389
-0.003921588882803917
-0.003921192139387131
-0.003920829389244318
-0.003920500632375479
-0.003920204471796751
-0.00391993997618556
-0.003919705748558044
-0.003919500857591629
-0.00391932250931859
-0.003919167909771204
-0.003919034730643034
-0.003918921109288931
-0.003918823320418596
-0.003918737173080444
-0.003918658941984177
-0.003918584901839495
-0.003918509930372238
-0.003918429370969534
-0.003918338101357222
-0.003918231930583715
-0.003918106202036142
-0.003917955793440342
-0.003917775116860867
-0.003917560447007418
-0.003917307127267122
-0.003917010966688395
-0.003916668705642223
-0.00391627661883831
-0.003915832377970219
-0.003915333654731512
-0.003914779517799616
-0.003914167638868093
-0.003913500346243382
-0.003912778105586767
-0.003912002313882113
-0.003911175765097141
-0.003910303115844727
-0.003909388091415167
-0.003908435348421335
-0.003907450474798679
-0.003906440455466509
-0.003905411576852202
-0.003904370591044426
-0.003903324482962489
-0.003902280936017632
-0.003901246935129166
-0.003900229465216398
-0.003899235278367996
-0.003898271126672626
-0.003897343063727021
-0.003896455746144056
-0.00389561359770596
-0.003894819645211101
-0.003894075751304626
-0.003893384011462331
-0.003892743727192283
-0.003892154200002551
-0.003891612868756056
-0.003891116473823786
-0.003890660358592868
-0.003890238236635923
-0.003889843355864286
-0.003889468032866716
-0.003889104118570685
-0.003888743231073022
-0.003888376289978623
-0.003887994447723031
-0.003887588856741786
-0.00388715136796236
-0.003886674530804157
-0.003886151127517223
-0.003885575104504824
-0.003884941572323442
-0.003884247038513422
-0.003883489407598972
-0.003882667282596231
-0.003881781361997128
-0.003880832809954882
-0.003879824187606573
-0.003878759685903788
-0.003877643262967467
-0.003876481205224991
-0.003875279100611806
-0.003874043002724648
-0.003872778732329607
-0.003871491877362132
-0.00387018802575767
-0.003868870669975877
-0.00386754353530705
-0.003866208950057626
-0.003864866681396961
-0.003863516263663769
-0.003862154437229037
-0.003860777476802468
-0.003859379794448614
-0.003857953706756234
-0.003856490831822157
-0.003854981856420636
-0.003853417234495282
-0.003851786721497774
-0.003850078908726573
-0.003848283551633358
-0.003846391104161739
-0.003844391321763396
-0.003842275822535157
-0.003840037621557713
-0.003837670665234327
-0.003835170529782772
-0.003832534654065967
-0.003829761175438762
-0.003826851258054376
-0.003823807230219245
-0.003820633748546243
-0.003817335469648242
-0.003813919378444552
-0.003810392925515771
-0.003806764027103782
-0.0038030412979424
-0.003799233818426728
-0.003795349737629294
-0.003791396738961339
-0.003787382273003459
-0.003783312626183033
-0.003779193386435509
-0.003775028511881828
-0.003770821494981647
-0.003766574198380113
-0.003762288019061089
-0.003757963888347149
-0.003753601806238294
-0.003749201074242592
-0.003744761226698756
-0.003740281099453568
-0.003735759761184454
-0.003731196979060769
-0.003726592985913157
-0.003721948247402906
-0.003717263694852591
-0.003712540958076715
-0.00370778189972043
-0.003702988149598241
-0.003698162501677871
-0.003693307284265757
-0.003688425291329622
-0.003683518152683973
-0.003678587498143315
-0.003673634491860867
-0.003668659366667271
-0.003663660725578666
-0.003658636705949903
-0.003653584746643901
-0.003648500656709075
-0.003643379779532552
-0.003638215595856309
-0.003633001586422324
-0.003627730533480644
-0.003622394753620028
-0.003616987029090524
-0.003611501073464751
-0.003605930600315332
-0.003600271418690681
-0.003594520036131144
-0.003588675055652857
-0.003582736244425178
-0.003576706862077117
-0.003570591332390904
-0.003564396873116493
-0.003558131866157055
-0.003551807720214128
-0.003545437008142471
-0.00353903416544199
-0.003532613627612591
-0.003526191925629973
-0.003519785590469837
-0.003513410687446594
-0.003507082816213369
-0.003500817576423287
-0.003494628937914968
-0.003488530172035098
-0.003482532454654574
-0.00347664556466043
-0.003470876952633262
-0.003465232439339161
-0.003459715750068426
-0.003454328514635563
-0.003449070500209928
-0.003443938912823796
-0.00343892932869494
-0.003434035694226623
-0.003429250326007605
-0.003424564376473427
-0.003419967135414481
-0.003415447426959872
-0.003410992911085486
-0.003406590782105923
-0.003402227768674493
-0.003397889900952578
-0.003393563674762845
-0.00338923535309732
-0.0033848921302706
-0.003380520734935999
-0.003376109292730689
-0.003371647093445063
-0.003367124823853374
-0.003362533869221807
-0.003357868175953627
-0.003353123087435961
-0.003348296042531729
-0.003343385644257069
-0.003338394220918417
-0.003333324566483498
-0.003328182967379689
-0.003322976408526301
-0.00331771420314908
-0.003312407527118921
-0.003307067789137363
-0.003301708260551095
-0.003296341747045517
-0.003290981519967318
-0.003285641083493829
-0.003280332544818521
-0.00327506847679615
-0.003269858891144395
-0.00326471240259707
-0.003259635996073484
-0.003254634561017156
-0.003249711124226451
-0.003244867082685232
-0.003240101272240281
-0.003235410433262587
-0.003230789676308632
-0.003226233180612326
-0.003221732564270496
-0.00321727991104126
-0.003212865674868226
-0.003208480076864362
-0.003204113803803921
-0.003199756611138582
-0.0031953991856426
-0.003191033145412803
-0.003186651738360524
-0.003182248678058386
-0.003177819307893515
-0.003173359436914325
-0.003168867202475667
-0.00316434190608561
-0.003159784013405442
-0.003155194222927094
-0.003150575561448932
-0.003145931754261255
-0.00314126699231565
-0.003136585000902414
-0.003131891833618283
-0.003127192845568061
-0.003122493391856551
-0.003117799293249846
-0.003113116137683392
-0.003108448581770062
-0.003103801514953375
-0.003099178429692984
-0.003094583284109831
-0.003090017475187778
-0.003085482865571976
-0.003080980852246284
-0.003076511668041348
-0.003072074614465237
-0.0030676678288728
-0.003063289215788245
-0.003058936446905136
-0.003054606262594461
-0.003050294937565923
-0.003045999212190509
-0.003041715594008565
-0.003037440357729793
-0.00303316954523325
-0.003028900362551212
-0.003024629782885313
-0.003020355943590403
-0.003016076283529401
-0.003011789172887802
-0.003007494611665606
-0.003003191435709596
-0.002998879877850413
-0.002994559705257416
-0.002990231849253178
-0.002985897473990917
-0.002981557277962565
-0.002977213123813272
-0.002972866874188185
-0.002968520158901811
-0.002964174374938011
-0.002959831152111292
-0.002955492120236158
-0.002951158210635185
-0.002946830587461591
-0.002942509949207306
-0.002938196528702974
-0.002933891257271171
-0.002929592970758677
-0.002925301436334848
-0.002921015722677112
-0.002916734898462892
-0.002912457101047039
-0.002908181166276336
-0.002903904765844345
-0.002899625804275274
-0.002895342418923974
-0.002891051815822721
-0.002886751433834434
-0.002882439410313964
-0.002878112951293588
-0.002873770426958799
-0.002869409509003162
-0.002865029033273458
-0.002860627602785826
-0.002856203587725759
-0.002851756988093257
-0.002847287803888321
-0.002842795802280307
-0.002838281914591789
-0.00283374753780663
-0.002829193137586117
-0.002824621275067329
-0.002820034045726061
-0.002815433545038104
-0.002810822566971183
-0.002806203439831734
-0.002801579190418124
-0.002796952612698078
-0.002792326500639319
-0.002787703648209572
-0.002783087082207203
-0.002778480295091867
-0.00277388677932322
-0.002769308630377054
-0.002764750039204955
-0.002760214731097221
-0.002755705965682864
-0.002751227235421538
-0.002746782265603542
-0.002742374548688531
-0.002738008974120021
-0.002733689500018954
-0.002729420317336917
-0.002725206315517426
-0.002721052384003997
-0.002716963877901435
-0.002712945686653256
-0.002709002466872334
-0.002705139340832829
-0.002701361430808902
-0.002697673160582781
-0.00269407918676734
-0.002690583234652877
-0.00268718833103776
-0.002683897269889712
-0.002680711913853884
-0.002677632961422205
-0.002674661111086607
-0.002671795431524515
-0.002669034991413355
-0.002666377229616046
-0.002663818886503577
-0.002661356702446938
-0.002658986486494541
-0.002656703116372228
-0.00265450170263648
-0.002652376191690564
-0.002650321228429675
-0.002648330293595791
-0.002646398497745395
-0.002644520020112395
-0.002642689039930701
-0.00264090090058744
-0.00263915047980845
-0.00263743381947279
-0.002635746728628874
-0.002634086413308978
-0.002632449148222804
-0.002630832605063915
-0.002629234455525875
-0.002627653535455465
-0.002626087982207537
-0.002624536864459515
-0.002622999250888824
-0.002621475141495466
-0.002619963604956865
-0.002618464175611734
-0.002616976853460073
-0.002615500474348664
-0.002614034339785576
-0.002612577751278877
-0.002611129311844707
-0.002609687624499202
-0.002608250826597214
-0.002606816589832306
-0.002605382353067398
-0.002603944856673479
-0.002602501306682825
-0.00260104751214385
-0.0025995799805969
-0.002598094521090388
-0.002596586942672729
-0.002595053054392338
-0.002593487966805696
-0.00259188748896122
-0.002590247662737966
-0.00258856569416821
-0.002586837625131011
-0.002585061360150576
-0.002583235502243042
-0.002581358421593904
-0.002579430816695094
-0.002577453851699829
-0.002575429854914546
-0.002573362551629543
-0.002571256598457694
-0.00256911781616509
-0.002566952956840396
-0.002564770169556141
-0.002562577836215496
-0.00256038480438292
-0.00255820038728416
-0.002556033432483673
-0.002553893718868494
-0.002551790094003081
-0.002549730474129319
-0.002547722076997161
-0.002545771189033985
-0.002543882466852665
-0.002542058937251568
-0.002540302695706487
-0.002538613043725491
-0.002536987653002143
-0.002535423263907433
-0.002533914754167199
-0.002532455371692777
-0.002531036967411637
-0.002529650228098035
-0.00252828560769558
-0.002526932861655951
-0.002525581046938896
-0.002524219453334808
-0.002522837836295366
-0.002521427581086755
-0.002519979374483228
-0.002518486464396119
-0.002516943030059338
-0.002515345113351941
-0.00251369085162878
-0.002511979313567281
-0.002510212594643235
-0.002508394187316298
-0.002506529446691275
-0.00250462512485683
-0.002502688439562917
-0.002500728936865926
-0.002498755697160959
-0.002496778732165694
-0.002494807820767164
-0.002492852276191115
-0.002490920247510076
-0.002489019883796573
-0.002487157704308629
-0.002485338132828474
-0.00248356512747705
-0.002481840318068862
-0.00248016370460391
-0.00247853365726769
-0.002476946916431189
-0.002475399058312178
-0.002473884494975209
-0.002472396241500974
-0.002470926847308874
-0.002469468861818314
-0.002468014834448695
-0.002466557314619422
-0.002465089317411184
-0.002463604090735316
-0.002462096512317657
-0.002460562624037266
-0.002458999399095774
-0.002457404974848032
-0.002455779816955328
-0.002454124623909593
-0.002452441956847906
-0.002450734609737992
-0.002449007937684655
-0.002447266597300768
-0.002445515478029847
-0.002443760400637984
-0.002442007651552558
-0.002440261887386441
-0.002438528463244438
-0.002436811570078135
-0.002435114700347185
-0.002433440182358027
-0.002431789180263877
-0.002430162159726024
-0.002428558655083179
-0.002426976803690195
-0.002425414742901921
-0.002423869445919991
-0.002422337420284748
-0.002420815406367183
-0.002419298747554421
-0.002417784417048097
-0.00241626868955791
-0.00241474830545485
-0.00241322023794055
-0.002411682857200503
-0.002410134766250849
-0.002408575499430299
-0.00240700482390821
-0.002405423205345869
-0.002403831575065851
-0.002402232261374593
-0.002400626894086599
-0.002399017568677664
-0.002397406380623579
-0.002395795658230782
-0.002394187496975064
-0.00239258399233222
-0.002390986541286111
-0.002389396540820599
-0.002387814922258258
-0.002386241685599089
-0.002384677296504378
-0.00238312128931284
-0.002381573198363185
-0.002380032325163484
-0.002378497738391161
-0.002376968506723642
-0.00237544346600771
-0.002373921219259501
-0.002372401300817728
-0.00237088231369853
-0.002369363559409976
-0.002367844805121422
-0.002366325818002224
-0.002364805666729808
-0.002363284816965461
-0.002361762803047895
-0.002360239857807755
-0.002358715981245041
-0.002357191406190395
-0.002355666598305106
-0.002354142023250461
-0.002352617681026459
-0.002351093804463744
-0.002349571092054248
-0.002348049776628613
-0.002346530789509416
-0.002345013897866011
-0.00234349980019033
-0.002341988729313016
-0.00234048068523407
-0.002338975667953491
-0.00233747367747128
-0.002335974713787436
-0.002334478544071317
-0.002332985168322921
-0.002331494353711605
-0.002330005634576082
-0.002328519243746996
-0.002327034715563059
-0.002325552050024271
-0.002324070781469345
-0.002322591142728925
-0.002321112202480435
-0.002319634892046452
-0.00231815897859633
-0.00231668446213007
-0.002315211342647672
-0.002313738921657205
-0.002312267664819956
-0.002310797106474638
-0.002309327013790607
-0.002307857619598508
-0.002306389389559627
-0.002304922323673964
-0.002303456421941519
-0.00230199215002358
-0.002300530206412077
-0.002299070125445724
-0.002297612372785807
-0.002296156715601683
-0.002294703386723995
-0.002293252386152744
-0.002291804179549217
-0.00229035853408277
-0.002288915449753404
-0.00228747446089983
-0.002286035334691405
-0.00228459807112813
-0.002283162204548717
-0.002281727502122521
-0.002280293731018901
-0.002278860658407211
-0.002277428284287453
-0.002275997074320912
-0.002274566795676947
-0.002273137215524912
-0.002271708799526095
-0.002270281314849854
-0.002268854761496186
-0.002267429837957025
-0.002266006311401725
-0.002264584414660931
-0.002263164380565286
-0.00226174620911479
-0.002260329900309443
-0.00225891568697989
-0.002257503569126129
-0.002256093779578805
-0.002254686085507274
-0.002253280254080892
-0.002251876285299659
-0.002250473480671644
-0.002249072305858135
-0.002247672295197845
-0.002246273914352059
-0.002244876464828849
-0.002243479946628213
-0.002242084359750152
-0.002240689937025309
-0.002239296911284328
-0.002237905282527208
-0.002236514585092664
-0.002235125051811337
-0.002233737148344517
-0.002232350641861558
-0.002230965998023748
-0.002229583216831088
-0.002228202298283577
-0.002226823475211859
-0.002225446747615933
-0.002224071649834514
-0.002222698414698243
-0.002221327042207122
-0.002219957066699862
-0.002218588953837752
-0.002217222470790148
-0.002215857151895761
-0.002214493229985237
-0.002213130472227931
-0.0022117686457932
-0.002210407750681043
-0.002209047321230173
-0.002207688055932522
-0.002206329721957445
-0.002204972319304943
-0.002203615847975016
-0.00220226077362895
-0.00220090732909739
-0.002199555048719049
-0.002198204165324569
-0.002196854678913951
-0.002195507055148482
-0.002194161061197519
-0.002192816697061062
-0.00219147396273911
-0.00219013262540102
-0.002188792917877436
-0.002187455072999001
-0.002186118857935071
-0.002184784039855003
-0.002183450618758798
-0.00218211836181581
-0.002180787036195397
-0.002179457573220134
-0.002178129041567445
-0.002176801674067974
-0.002175475936383009
-0.002174151362851262
-0.002172828186303377
-0.002171506406739354
-0.002170185791328549
-0.00216886680573225
-0.002167549449950457
-0.002166233491152525
-0.002164918929338455
-0.002163605997338891
-0.002162294695153832
-0.002160984557121992
-0.002159676281735301
-0.002158369170501828
-0.002157063456252217
-0.002155758906155825
-0.002154455287382007
-0.002153152599930763
-0.002151851076632738
-0.002150550484657288
-0.002149250824004412
-0.002147951861843467
-0.002146653831005096
-0.002145357197150588
-0.002144061727449298
-0.002142767421901226
-0.00214147474616766
-0.002140183467417955
-0.002138893818482757
-0.002137606032192707
-0.002136320108547807
-0.002135035581886768
-0.002133752917870879
-0.002132471185177565
-0.002131191082298756
-0.002129911910742521
-0.002128633903339505
-0.002127357292920351
-0.002126081846654415
-0.002124807331711054
-0.002123533515259624
-0.002122260862961411
-0.002120989141985774
-0.002119718817993999
-0.002118449425324798
-0.002117180963978171
-0.002115914365276694
-0.002114648697897792
-0.002113384660333395
-0.002112121786922216
-0.002110860543325543
-0.002109600463882089
-0.002108341548591852
-0.002107084263116121
-0.002105828607454896
-0.002104574115946889
-0.002103320322930813
-0.002102067461237311
-0.002100815996527672
-0.002099565695971251
-0.002098316326737404
-0.002097068354487419
-0.002095821779221296
-0.002094576135277748
-0.002093331888318062
-0.002092089038342237
-0.002090847119688988
-0.002089606365188956
-0.002088367007672787
-0.002087128814309835
-0.002085891785100102
-0.002084656152874231
-0.002083422150462866
-0.002082189777866006
-0.002080958802253008
-0.002079728990793228
-0.002078500809147954
-0.002077273791655898
-0.002076047705486417
-0.002074822317808867
-0.002073597861453891
-0.002072374103590846
-0.002071151277050376
-0.00206992938183248
-0.002068708650767803
-0.002067489083856344
-0.00206627044826746
-0.002065053209662437
-0.002063837135210633
-0.002062622457742691
-0.002061409177258611
-0.002060197293758392
-0.002058986574411392
-0.002057777484878898
-0.002056569559499621
-0.002055362798273563
-0.00205415696837008
-0.002052952302619815
-0.002051748335361481
-0.002050545765087008
-0.002049343660473824
-0.002048142487183213
-0.00204694177955389
-0.002045742236077785
-0.002044544089585543
-0.002043347107246518
-0.002042151289060712
-0.002040956867858768
-0.002039763843640685
-0.002038571983575821
-0.002037381753325462
-0.002036192920058966
-0.002035005018115044
-0.002033818047493696
-0.002032632008194923
-0.002031446900218725
-0.002030262723565102
-0.002029079478234053
-0.002027896931394935
-0.002026715548709035
-0.002025535563006997
-0.002024356508627534
-0.002023178618401289
-0.00202200235798955
-0.002020827727392316
-0.002019654493778944
-0.002018482657149434
-0.002017311751842499
-0.002016142243519425
-0.00201497389934957
-0.002013806719332933
-0.002012640470638871
-0.002011475386098027
-0.002010310767218471
-0.002009147079661489
-0.002007984090596437
-0.002006822265684605
-0.002005660673603415
-0.002004500245675445
-0.002003340283408761
-0.002002180786803365
-0.002001022454351187
-0.001999864587560296
-0.001998708117753267
-0.001997552579268813
-0.001996398204937577
-0.001995245460420847
-0.001994093880057335
-0.001992943696677685
-0.001991795375943184
-0.001990648452192545
-0.001989502925425768
-0.001988358795642853
-0.001987215597182512
-0.00198607356287539
-0.001984932692721486
-0.001983792753890157
-0.001982653979212046
-0.001981516368687153
-0.001980379689484835
-0.001979243941605091
-0.001978108892217278
