0
0
0
0
0
0
0
0
0
0
0
0
0
0
0
0
0
0
0
0
0
0
0
0
0
0
0
0
0
0
0
0
0
0
0
0
0
0
0
0
0
0
0
0
0
0
0
0
0
0
0
0
0
0
0
0
0
0
0
0
0
0
0
0
0
0
0
0
0
0
0
0
0
0
0
0
0
0
0
0
0
0
0
0
0
0
0
0
0
0
0
0
0
0
0
0
0
0
0
0
0
0
0
0
0
0
0
0
0
0
0
0
0
0
0
0
0
0
0
0
0
0
0
0
0
0
0
0
0
0
0
0
0
0
0
0
0
0
0
0
0
0
0
0
0
0
0
0
0
0
0
0
0
0
0
0
0
0
0
0
0
0
0
0
0
0
0
0
0
0
0
0
0
0
0
0
0
0
0
0
0
0
0
0
0
0
0
0
0
0
0
0
0
0
0
0
0
0
0
0
0
0
0
0
0
0
0
0
0
0
0
0
0
0
0
0
0
0
0
0
0
0
0
0
0
0
0
0
0
0
0
0
0
0
0
0
0
0
0
0
0
0
0
0
0
0
0
0
0
0
0
0
0
0
0
0
0
0
0
0
0
0
0
0
0
0
0
0
0
0
0
0
0
0
0
0
0
0
0
0
0
0
0
0
0
0
0
0
0
0
0
0
0
0
0
0
0
0
0
0
0
0
0
0
0
0
0
0
0
0
0
0
0
0
0
0
0
0
0
0
0
0
0
0
0
0
0
0
0
0
0
0
0
0
0
0
0
0
0
0
0
0
0
0
0
0
0
0
0
0
0
0
0
0
0
0
0
0
0
0
0
0
0
0
0
0
0
0
0
0
0
0
0
0
0
0
0
0
0
0
0
0
0
0
0
0
0
0
0
0
0
0
0
0
0
0
0
0
0
0
0
0
0
0
0
0
0
0
0
0
0
0
0
0
0
0
0
0
0
0
0
0
0
0
0
0
0
0
0
0
0
0
0
0
0
0
0
0
0
0
0
0
0
0
0
0
0
0
0
0
0
0
0
0
0
0
0
0
0
0
0
0
0
0
0
0
0
0
0
0
0
0
0
0
0
0
0
0
0
0
0
0
0
0
0
0
0
0
0
0
0
0
0
0
0
0
0
0
0
0
0
0
0
0
0
0
0
0
0
0
0
0
0
0
0
0
0
0
0
0
0
0
0
0
0
0
0
0
0
0
0
0
0
0
0
0
0
0
0
0
0
0
0
0
0
0
0
0
0
0
0
0
0
0
0
0
0
0
0
0
0
0
0
0
0
0
0
0
0
0
0
0
0
0
0
0
0
0
0
0
0
0
0
0
0
0
0
0
0
0
0
0
0
0
0
0
0
0
0
0
0
0
0
0
0
0
0
0
0
0
0
0
0
0
0
0
0
0
0
0
0
0
0
0
0
0
0
0
0
0
0
0
0
0
0
0
0
0
0
0
0
0
0
0
0
0
0
0
0
0
0
0
0
0
0
0
0
0
0
0
0
0
0
0
0
0
0
0
0
0
0
0
0
0
0
0
0
0
0
0
0
0
0
0
0
0
0
0
0
0
0
0
0
0
0
0
0
0
0
0
0
0
0
0
0
0
0
0
0
0
0
0
0
0
0
0
0
0
0
0
0
0
0
0
0
0
0
0
0
0
0
0
0
0
0
0
0
0
0
0
0
0
0
0
0
0
0
0
0
0
0
0
0
0
0
0
0
0
0
0
0
0
0
0
0
0
0
0
0
0
0
0
0
0
0
0
0
0
0
0
0
0
0
0
0
0
0
0
0
0
0
0
0
0
0
0
0
0
0
0
0
0
0
0
0
0
0
0
0
0
0
0
0
0
0
0
0
0
0
0
0
0
0
0
0
0
0
0
0
0
0
0
0
0
0
0
0
0
0
0
0
0
0
0
0
0
0
0
0
0
0
0
0
0
0
0
0
0
0
0
0
0
0
0
0
0
0
0
0
0
0
0
0
0
0
0
0
0
0
0
0
0
0
0
0
0
0
0
0
0
0
0
0
0
0
0
0
0
0
0
0
0
0
0
0
0
0
0
0
0
0
0
0
0
0
0
0
0
0
0
0
0
0
0
0
0
0
0
0
0
0
0
0
0
0
0
0
0
0
0
0
0
0
0
0
0
0
0
0
0
0
0
0
0
0
0
0
0
0
0
0
0
0
0
0
0
0
0
0
0
0
0
0
0
0
0
0
0
0
0
0
0
0
0
0
0
0
0
0
0
0
0
0
0
0
0
0
0
0
0
0
0
0
0
0
0
0
0
0
0
0
0
0
0
0
0
0
0
0
0
0
0
0
0
0
0
0
0
0
0
0
0
0
0
0
0
0
0
0
0
0
0
0
0
0
0
0
0
0
0
0
0
0
0
0
0
0
0
0
0
0
0
0
0
0
0
0
0
0
0
0
0
0
0
0
0
0
0
0
0
0
0
0
0
0
0
0
0
0
0
0
0
0
0
0
0
0
0
0
0
0
0
0
0
0
0
0
0
0
0
0
0
0
0
0
0
0
0
0
0
0
0
0
0
0
0
0
0
0
0
0
0
0
0
0
0
0
0
0
0
0
0
0
0
0
0
0
0
0
0
0
0
0
0
0
0
0
0
0
0
0
0
0
0
0
0
0
0
0
0
0
0
0
0
0
0
0
0
0
0
0
0
0
0
0
0
0
0
0
0
0
0
0
0
0
0
0
0
0
0
0
0
0
0
0
0
0
0
0
0
0
0
0
0
0
0
0
0
0
0
0
0
0
0
0
0
0
0
0
0
0
0
0
0
0
0
0
0
0
0
0
0
0
0
0
0
0
0
0
0
0
0
0
0
0
0
0
0
0
0
0
0
0
0
0
0
0
0
0
0
0
0
0
0
0
0
0
0
0
0
0
0
0
0
0
0
0
0
0
0
0
0
0
0
0
0
0
0
0
0
0
0
0
0
0
0
0
0
0
0
0
0
0
0
0
0
0
0
0
0
0
0
0
0
0
0
0
0
0
0
0
0
0
0
0
0
0
0
0
0
0
0
0
0
0
0
0
0
0
0
0
0
0
0
0
0
0
0
0
0
0
0
0
0
0
0
0
0
0
0
0
0
0
0
0
0
0
0
0
0
0
0
0
0
0
0
0
0
0
0
0
0
0
0
0
0
0
0
0
2.802596928649634e-45
1.401298464324817e-44
3.503246160812043e-44
6.726232628759122e-44
1.163077725389598e-43
2.003856803984488e-43
3.363116314379561e-43
5.675258780515509e-43
9.528829557408756e-43
1.583467264687043e-42
2.634441112930656e-42
4.372051208693429e-42
7.247515657487954e-42
1.200492394387071e-41
1.987041222412591e-41
3.284643600377371e-41
5.421343498779852e-41
8.936080306999358e-41
1.470802868155328e-40
2.417351954837455e-40
3.967580419950714e-40
6.502781575637887e-40
1.064294591445485e-39
1.739471020123397e-39
2.839013873140507e-39
4.627147785034512e-39
7.531009547208579e-39
1.224018514044927e-38
1.986638489233944e-38
3.219929114957615e-38
5.211604431391728e-38
8.423544743804228e-38
1.359619363840711e-37
2.191490444149827e-37
3.52746239193761e-37
5.670044604981695e-37
9.101492268221311e-37
1.458953847073404e-36
2.335467964695264e-36
3.733451203482018e-36
5.960079576567585e-36
9.501653425194128e-36
1.512699225953343e-35
2.404988977836213e-35
3.818399109174642e-35
6.054216628101554e-35
9.586136915912821e-35
1.515790093069503e-34
2.393563178485939e-34
3.7745210848625e-34
5.944160395533967e-34
9.348276781967633e-34
1.468201352220164e-33
2.302784984395215e-33
3.606911110634093e-33
5.641991215624947e-33
8.813428321711431e-33
1.374907563484482e-32
2.141997120201499e-32
3.332588491908191e-32
5.178003832356617e-32
8.034552083138719e-32
1.245030836694615e-31
1.926718465997767e-31
2.977670600943655e-31
4.595744687421158e-31
7.083640865117303e-31
1.09038338764761e-30
1.676194570882724e-30
2.573313615757969e-30
3.945341218082936e-30
6.040884652943541e-30
9.23721817395936e-30
1.410610223337035e-29
2.151287972468124e-29
3.27654639671367e-29
4.983801741316872e-29
7.57063681468557e-29
1.148501961169214e-28
1.740040149119952e-28
2.632785474799968e-28
3.978330652656277e-28
6.003655674802151e-28
9.048170064231868e-28
1.36187196007036e-27
2.047117352800853e-27
3.073127449130992e-27
4.607340191013375e-27
6.898462275153396e-27
1.031542176020996e-26
1.540475557912739e-26
2.297503306343358e-26
3.42209000835402e-26
5.090507403588336e-26
7.562500116967574e-26
1.122031131641416e-25
1.662569840514849e-25
2.460315414940429e-25
3.636117524553005e-25
5.366876624974674e-25
7.911199070307253e-25
1.164663196415629e-24
1.712363998099467e-24
2.514373439673476e-24
3.687243550516572e-24
5.400232918098653e-24
7.898818490045488e-24
1.153854618722743e-23
1.683370164945929e-23
2.452720962259014e-23
3.569084098714133e-23
5.186876887697763e-23
7.528282003165403e-23
1.091256407523448e-22
1.579788878449192e-22
2.284088312251581e-22
3.2981358106463e-22
4.756267317598777e-22
6.850247472321294e-22
9.85346088090137e-22
1.415513832973327e-21
2.030871585227424e-21
2.910006652728955e-21
4.164366072993275e-21
5.951787458343511e-21
8.495515668166823e-21
1.211089190446953e-20
1.724275435207832e-20
2.451780137713367e-20
3.481776389176447e-20
4.938156781429337e-20
6.994773676597942e-20
9.895265046174087e-20
1.398061638751973e-19
1.972742396642862e-19
2.780096136147847e-19
3.912864150347871e-19
5.500159122351776e-19
7.721494754720053e-19
1.082612951733637e-18
1.515971116891366e-18
2.120091206933624e-18
2.961175484812749e-18
4.130663700765227e-18
5.754685595364063e-18
8.006993351408163e-18
1.112662810385494e-17
1.544200950720938e-17
2.140377149711997e-17
2.962941101830244e-17
4.096396585837361e-17
5.656232573624531e-17
7.800073624869656e-17
1.074277262449399e-16
1.477679416731669e-16
2.029972823958953e-16
2.785135121916173e-16
3.816351677781777e-16
5.222717273101738e-16
7.138229343758135e-16
9.743843508739844e-16
1.328360266564504e-15
1.808618842053509e-15
2.459369267957044e-15
3.33999554189945e-15
4.530157512679968e-15
6.136572437806694e-15
8.302013861528207e-15
1.121723614466502e-14
1.513675998237284e-14
2.039973313156754e-14
2.745746067577687e-14
3.690969106956779e-14
4.955235915061855e-14
6.644036313957144e-14
8.896988777217646e-14
1.189864179407252e-13
1.589259187575673e-13
2.119995124545346e-13
2.824342864617135e-13
3.757873461192329e-13
4.993542471881662e-13
6.626999838645065e-13
8.783477959718733e-13
1.16267141313936e-12
1.537050218006208e-12
2.029361704722343e-12
2.675905287283231e-12
3.523884092512808e-12
4.634593056551672e-12
6.087519811154296e-12
7.985599161097756e-12
1.046194988280069e-11
1.368847916960458e-11
1.78868898859097e-11
2.334269930126531e-11
3.042309806855492e-11
3.959966035638196e-11
5.147716974907013e-11
6.683014558417355e-11
8.664915313039145e-11
1.121992013186635e-10
1.450935899205419e-10
1.873868560320346e-10
2.416917777026129e-10
3.113263258303078e-10
4.004981346561465e-10
5.145352477420317e-10
6.601750257573258e-10
8.459247191616726e-10
1.082511080774395e-09
1.383440029201211e-09
1.765691814981096e-09
2.250584607565997e-09
2.864844139693901e-09
3.641924539721231e-09
4.623644134227334e-09
5.862200946893381e-09
7.422650050159518e-09
9.38595423605193e-09
1.185272324732978e-08
1.494779766630927e-08
1.882585820567328e-08
2.367826823501673e-08
2.974142176981331e-08
3.730691133796427e-08
4.673384879083642e-08
5.846386130770043e-08
7.303921734092e-08
9.112477528105956e-08
1.135343907776587e-07
1.412628307662089e-07
1.755240930378932e-07
2.177974636197177e-07
2.698826904179441e-07
3.339659713219589e-07
4.126987107611058e-07
5.092915102977713e-07
6.276261501625413e-07
7.72388091263565e-07
9.492241019870562e-07
1.164928335128934e-06
1.427662596142909e-06
1.747215492287069e-06
2.135307568096323e-06
2.605949703138322e-06
3.17586295750516e-06
3.864969585265499e-06
4.696967152995057e-06
5.699994289898314e-06
6.907409442646895e-06
8.358690138265956e-06
1.010047344607301e-05
1.218776469613658e-05
1.46853199112229e-05
1.766924469848163e-05
2.122882870025933e-05
2.546863288444001e-05
3.051088606298435e-05
3.649821883300319e-05
4.359675949672237e-05
5.199963561608456e-05
6.193098670337349e-05
7.365040073636919e-05
8.745800005272031e-05
0.0001037000401993282
0.0001227753236889839
0.0001451421849196777
0.000171326391864568
0.0002019298408413306
0.0002376402117079124
0.0002792415034491569
0.0003276257775723934
0.0003838057746179402
0.0004489289713092148
0.0005242924671620131
0.0006113594281487167
0.0007117767818272114
0.0008273936691693962
0.0009602818172425032
0.001112756552174687
0.001287400024011731
0.001487083733081818
0.001714993384666741
0.001974654849618673
0.002269960008561611
0.00260519259609282
0.002985054859891534
0.003414694918319583
0.003899730974808335
0.004446277860552073
0.005060968454927206
0.005750973708927631
0.006524024996906519
0.007388423662632704
0.008353055454790592
0.009427390992641449
0.01062148995697498
0.01194598898291588
0.01341208443045616
0.01503151096403599
0.01681650057435036
0.01877974346280098
0.0209343209862709
0.0232936330139637
0.02587131410837173
0.02868112549185753
0.0317368395626545
0.0350521095097065
0.03864030167460442
0.04251434281468391
0.04668650403618813
0.05116823688149452
0.05596991628408432
0.06110062450170517
0.06656789779663086
0.07237745821475983
0.07853295654058456
0.08503568917512894
0.09188434481620789
0.09907468408346176
0.106599286198616
0.1144473627209663
0.1226044371724129
0.1310521513223648
0.1397681087255478
0.1487257331609726
0.1578941345214844
0.1672381162643433
0.1767181307077408
0.186290442943573
0.1959071904420853
0.2055166065692902
0.2150634378194809
0.2244891822338104
0.233732670545578
0.242730587720871
0.2514180839061737
0.2597295045852661
0.2675992846488953
0.2749625444412231
0.2817563116550446
0.287920206785202
0.2933974862098694
0.2981361448764801
0.3020898401737213
0.3052186667919159
0.307490199804306
0.3088803291320801
0.3093739449977875
0.3089655935764313
0.307659924030304
0.3054721653461456
0.3024280965328217
0.298564076423645
0.2939269542694092
0.2885737419128418
0.2825707793235779
0.2759931683540344
0.2689235508441925
0.2614513039588928
0.2536709010601044
0.2456805258989334
0.2375805079936981
0.2294715791940689
0.2214532196521759
0.2136217057704926
0.2060684263706207
0.1988781243562698
0.1921272724866867
0.1858824789524078
0.1801992356777191
0.1751206368207932
0.17067651450634
0.1668828427791595
0.1637412756681442
0.1612391620874405
0.1593498140573502
0.1580331027507782
0.1572364568710327
0.1568961143493652
0.1569386124610901
0.157282754778862
0.1578415632247925
0.1585246473550797
0.1592405140399933
0.1598990708589554
0.1604140400886536
0.1607054620981216
0.1607018262147903
0.160342201590538
0.1595780551433563
0.158374696969986
0.1567123085260391
0.1545866727828979
0.1520093977451324
0.1490076035261154
0.1456232219934464
0.1419118046760559
0.1379408240318298
0.1337877511978149
0.1295375972986221
0.125280350446701
0.1211081445217133
0.1171123459935188
0.1133805811405182
0.1099939048290253
0.1070241183042526
0.1045313104987144
0.1025618761777878
0.1011467799544334
0.1003004163503647
0.1000200212001801
0.100285567343235
0.1010603085160255
0.1022918224334717
0.1039136797189713
0.1058474853634834
0.1080054640769958
0.1102933213114738
0.1126134023070335
0.1148679479956627
0.1169623732566833
0.1188085228204727
0.1203276515007019
0.121453121304512
0.1221326068043709
0.1223299354314804
0.1220261603593826
0.1212202236056328
0.1199287474155426
0.118185393512249
0.1160394176840782
0.1135537326335907
0.1108025163412094
0.1078683361411095
0.1048390194773674
0.101804293692112
0.0988524928689003
0.09606723487377167
0.09352435171604156
0.09128913283348083
0.0894140750169754
0.08793704211711884
0.08688014000654221
0.08624910563230515
0.08603346347808838
0.08620719611644745
0.08673018962144852
0.0875500962138176
0.08860467374324799
0.08982452750205994
0.0911361500620842
0.09246493130922318
0.09373826533555984
0.09488849341869354
0.09585555642843246
0.09658930450677872
0.09705127030611038
0.09721600264310837
0.09707173705101013
0.09662044048309326
0.09587732702493668
0.09486975520849228
0.09363561868667603
0.09222135692834854
0.09067962318658829
0.08906670659780502
0.08743990957736969
0.0858549177646637
0.08436339348554611
0.08301074802875519
0.08183428645133972
0.080861896276474
0.08011101186275482
0.07958830147981644
0.07928971201181412
0.07920114696025848
0.07929952442646027
0.07955421507358551
0.07992884516716003
0.08038325607776642
0.08087561279535294
0.08136449754238129
0.08181088417768478
0.082179956138134
0.08244263380765915
0.08257672935724258
0.08256771415472031
0.08240910619497299
0.08210241794586182
0.08165667951107025
0.08108759671449661
0.08041645586490631
0.07966871559619904
0.07887249439954758
0.07805699110031128
0.07725086063146591
0.07648076862096786
0.07577008754014969
0.07513776421546936
0.07459759712219238
0.0741577073931694
0.07382045686244965
0.07358256727457047
0.07343558222055435
0.07336664199829102
0.07335936278104782
0.07339493185281754
0.07345330715179443
0.07351433485746384
0.07355891168117523
0.07356996089220047
0.07353325188159943
0.07343808561563492
0.07327768951654434
0.07304932922124863
0.07275434583425522
0.07239774614572525
0.07198777794837952
0.07153526693582535
0.07105285674333572
0.0705542266368866
0.07005321234464645
0.06956307590007782
0.06909576058387756
0.06866130232810974
0.06826745718717575
0.06791936606168747
0.06761945784091949
0.06736758351325989
0.06716114282608032
0.06699547171592712
0.06686431914567947
0.06676031649112701
0.06667550653219223
0.06660193204879761
0.06653207540512085
0.06645935028791428
0.06637836247682571
0.06628520041704178
0.06617752462625504
0.06605454534292221
0.06591697782278061
0.06576675921678543
0.06560684740543365
0.06544084846973419
0.06527270376682281
0.0651063397526741
0.06494532525539398
0.06479264795780182
0.06465044617652893
0.06451991945505142
0.06440121680498123
0.0642935112118721
0.06419506669044495
0.06410343199968338
0.06401561200618744
0.06392830610275269
0.06383821368217468
0.06374222785234451
0.06363768875598907
0.0635225847363472
0.063395656645298
0.06325651705265045
0.06310563534498215
0.06294434517621994
0.06277470290660858
0.06259936094284058
0.06242142245173454
0.06224420666694641
0.06207102537155151
0.06190501525998116
0.0617489404976368
0.06160501390695572
0.06147480756044388
0.06135914847254753
0.06125811487436295
0.0611710399389267
0.06109657138586044
0.06103278696537018
0.06097731739282608
0.06092748418450356
0.06088048592209816
0.06083354726433754
0.06078406050801277
0.0607297457754612
0.06066873297095299
0.0605996660888195
0.06052171438932419
0.06043461710214615
0.06033866479992867
0.06023463234305382
0.06012371927499771
0.06000745669007301
0.0598875917494297
0.0597660094499588
0.05964460223913193
0.05952518060803413
0.05940936505794525
0.05929852277040482
0.05919371917843819
0.05909567698836327
0.0590047724545002
0.05892102047801018
0.05884411185979843
0.05877344682812691
0.05870817601680756
0.0586472861468792
0.0585896298289299
0.05853401124477386
0.05847923830151558
0.05842418223619461
0.05836783722043037
0.05830936133861542
0.05824810266494751
0.05818360671401024
0.05811566114425659
0.05804426223039627
0.05796961113810539
0.0578920990228653
0.05781226232647896
0.0577307753264904
0.05764836817979813
0.05756582319736481
0.05748391523957253
0.05740338191390038
0.05732487514615059
0.05724892765283585
0.05717594549059868
0.05710617825388908
0.05703971907496452
0.05697648599743843
0.0569162555038929
0.05685866996645927
0.05680325999855995
0.05674947798252106
0.05669673159718513
0.05664440989494324
0.0565919317305088
0.05653876811265945
0.05648447573184967
0.05642872303724289
0.05637130886316299
0.05631214380264282
0.05625128000974655
0.05618887767195702
0.0561252161860466
0.05606063827872276
0.05599555000662804
0.05593037232756615
0.05586551502346992
0.05580135062336922
0.0557381734251976
0.05567619949579239
0.05561552569270134
0.05555614829063416
0.0554979182779789
0.05544058978557587
0.05538380146026611
0.05532709881663322
0.05526997521519661
0.0552118644118309
0.05515218526124954
0.05509034544229507
0.05502577871084213
0.05495792999863625
0.05488628894090652
0.05481036752462387
0.05472969636321068
0.05464382842183113
0.05455231666564941
0.05445466190576553
0.05435030534863472
0.05423860624432564
0.05411878228187561
0.05398992076516151
0.0538509264588356
0.05370049551129341
0.05353710800409317
0.053359005600214
0.05316419899463654
0.0529504306614399
0.05271519720554352
0.05245573446154594
0.05216903239488602
0.05185180529952049
0.05150054022669792
0.05111142247915268
0.05068039521574974
0.0502031072974205
0.04967493191361427
0.0490909181535244
0.04844578728079796
0.04773392528295517
0.0469493642449379
0.04608574509620667
0.04513631761074066
0.04409393668174744
0.04295105487108231
0.04169973358511925
0.0403316430747509
0.03883809968829155
0.03721006214618683
0.03543821722269058
0.03351298347115517
0.03142458945512772
0.02916313521564007
0.02671865373849869
0.02408119291067123
0.02124090120196342
0.0181881133466959
0.01491345372051001
0.01140793599188328
0.007663072552531958
0.003670981619507074
-0.0005754812154918909
-0.005082603078335524
-0.009855680167675018
-0.01489887852221727
-0.02021508850157261
-0.02580578066408634
-0.03167085722088814
-0.03780848532915115
-0.04421496391296387
-0.05088456347584724
-0.05780938267707825
-0.06497920304536819
-0.07238136231899261
-0.08000064641237259
-0.0878191813826561
-0.09581637382507324
-0.1039687916636467
-0.1122501865029335
-0.1206314712762833
-0.12908074259758
-0.1375633180141449
-0.1460418552160263
-0.1544765084981918
-0.1628250479698181
-0.1710430979728699
-0.1790844202041626
-0.1869012266397476
-0.1944444626569748
-0.2016642987728119
-0.2085105180740356
-0.2149329483509064
-0.2208821028470993
-0.2263097614049911
-0.2311693727970123
-0.2354167997837067
-0.2390110045671463
-0.2419146150350571
-0.2440945655107498
-0.2455227077007294
-0.246176540851593
-0.2460396736860275
-0.2451024055480957
-0.243362158536911
-0.2408238649368286
-0.2375003397464752
-0.2334123998880386
-0.2285890728235245
-0.2230674177408218
-0.2168925106525421
-0.2101171016693115
-0.2028012424707413
-0.1950116604566574
-0.1868210583925247
-0.1783073991537094
-0.1695528626441956
-0.1606427729129791
-0.1516645401716232
-0.1427063643932343
-0.1338559836149216
-0.1251993626356125
-0.1168193370103836
-0.1087943017482758
-0.1011969745159149
-0.0940932035446167
-0.08754079043865204
-0.08158859610557556
-0.07627567648887634
-0.07163061201572418
-0.0676710307598114
-0.06440334022045135
-0.06182260811328888
-0.05991275981068611
-0.05864692106842995
-0.05798797681927681
-0.05788936838507652
-0.05829605832695961
-0.05914568528532982
-0.06036987900733948
-0.0618956983089447
-0.06364716589450836
-0.06554689258337021
-0.06751770526170731
-0.06948432326316833
-0.07137493044137955
-0.07312275469303131
-0.07466746121644974
-0.07595644891262054
-0.07694593071937561
-0.0776018425822258
-0.07790049165487289
-0.07782895117998123
-0.07738520950078964
-0.07657797634601593
-0.07542628049850464
-0.07395875453948975
-0.07221267372369766
-0.07023271173238754
-0.06806956976652145
-0.06577835977077484
-0.06341693550348282
-0.06104405596852303
-0.05871762707829475
-0.0564928874373436
-0.05442073568701744
-0.05254614353179932
-0.05090684816241264
-0.049532201141119
-0.04844230785965919
-0.04764753207564354
-0.04714825749397278
-0.04693500697612762
-0.04698889330029488
-0.0472823940217495
-0.04778040945529938
-0.04844154790043831
-0.04921965673565865
-0.05006549134850502
-0.05092845857143402
-0.05175843834877014
-0.05250753462314606
-0.05313174054026604
-0.05359246209263802
-0.05385784804821014
-0.05390385165810585
-0.05371498316526413
-0.05328481271862984
-0.05261606350541115
-0.05172045156359673
-0.05061814188957214
-0.04933693259954453
-0.04791112989187241
-0.04638024792075157
-0.04478748515248299
-0.04317807033658028
-0.04159757867455482
-0.04009019210934639
-0.03869707137346268
-0.03745479881763458
-0.03639405965805054
-0.03553849831223488
-0.0349038690328598
-0.03449749201536179
-0.03431802988052368
-0.03435559570789337
-0.03459219262003899
-0.03500247746706009
-0.03555478155612946
-0.03621240332722664
-0.03693507984280586
-0.03768058866262436
-0.03840644657611847
-0.03907157480716705
-0.03963791951537132
-0.04007193818688393
-0.04034589603543282
-0.0404389277100563
-0.04033777862787247
-0.04003726691007614
-0.03954038023948669
-0.03885804116725922
-0.03800854831933975
-0.03701670467853546
-0.03591267764568329
-0.03473063930869102
-0.03350728005170822
-0.03228019922971725
-0.03108628280460835
-0.02996015176177025
-0.02893271669745445
-0.02802992425858974
-0.02727173641324043
-0.02667139656841755
-0.02623499743640423
-0.02596139349043369
-0.02584241516888142
-0.025863416492939
-0.02600410021841526
-0.02623957395553589
-0.02654159441590309
-0.02687995508313179
-0.02722391858696938
-0.02754365094006062
-0.02781157940626144
-0.0280036199837923
-0.02810022234916687
-0.02808717824518681
-0.0279561523348093
-0.02770494483411312
-0.02733745984733105
-0.02686336264014244
-0.02629750780761242
-0.02565911412239075
-0.02497074566781521
-0.02425716072320938
-0.02354409545660019
-0.02285699918866158
-0.02221982926130295
-0.02165393531322479
-0.02117710188031197
-0.02080276608467102
-0.02053948491811752
-0.02039062231779099
-0.02035432122647762
-0.02042370289564133
-0.02058733068406582
-0.02082986943423748
-0.02113291621208191
-0.02147596515715122
-0.02183744870126247
-0.02219580300152302
-0.02253049239516258
-0.02282297052443027
-0.02305748872458935
-0.02322177030146122
-0.02330746501684189
-0.02331040240824223
-0.02323062717914581
-0.02307221852242947
-0.02284291759133339
-0.022553576156497
-0.02221747674047947
-0.02184954285621643
-0.02146551571786404
-0.0210811123251915
-0.02071121707558632
-0.02036917395889759
-0.02006617188453674
-0.01981077529489994
-0.0196086373180151
-0.01946235634386539
-0.0193715151399374
-0.01933288015425205
-0.019340755417943
-0.01938742958009243
-0.01946373097598553
-0.01955962181091309
-0.0196648146957159
-0.01976936496794224
-0.01986421272158623
-0.01994163170456886
-0.01999560371041298
-0.02002204395830631
-0.02001891657710075
-0.01998621411621571
-0.01992582529783249
-0.01984129101037979
-0.0197374764829874
-0.01962017640471458
-0.01949569769203663
-0.01937041617929935
-0.01925037428736687
-0.01914089918136597
-0.01904630474746227
-0.01896966435015202
-0.01891268230974674
-0.01887564733624458
-0.01885750330984592
-0.01885597035288811
-0.01886777766048908
-0.0188889242708683
-0.01891498640179634
-0.01894143410027027
-0.01896395161747932
-0.01897872611880302
-0.01898268610239029
-0.01897368021309376
-0.01895059831440449
-0.01891340501606464
-0.01886310800909996
-0.01880166120827198
-0.01873179711401463
-0.01865681447088718
-0.01858034916222095
-0.01850610785186291
-0.01843761838972569
-0.0183779988437891
-0.01832975819706917
-0.01829463802278042
-0.01827352494001389
-0.01826641149818897
-0.0182724092155695
-0.01828984543681145
-0.01831637136638165
-0.01834914833307266
-0.01838504150509834
-0.01842082478106022
-0.01845340058207512
-0.01847998052835464
-0.01849826984107494
-0.01850659027695656
-0.01850396394729614
-0.01849016733467579
-0.01846569776535034
-0.01843173988163471
-0.01839004456996918
-0.01834281161427498
-0.01829252205789089
-0.01824177801609039
-0.01819312013685703
-0.01814887300133705
-0.01811100170016289
-0.01808100193738937
-0.01805981621146202
-0.01804780215024948
-0.01804472133517265
-0.01804978400468826
-0.01806171238422394
-0.01807885058224201
-0.01809927821159363
-0.01812093891203403
-0.01814177818596363
-0.01815986633300781
-0.01817352138459682
-0.01818138547241688
-0.01818250492215157
-0.0181763656437397
-0.01816289685666561
-0.01814244873821735
-0.01811574958264828
-0.0180838331580162
-0.01804795674979687
-0.01800950989127159
-0.01796990819275379
-0.01793051138520241
-0.01789253205060959
-0.01785697415471077
-0.0178245734423399
-0.01779577694833279
-0.01777073554694653
-0.01774932071566582
-0.01773115433752537
-0.01771565526723862
-0.01770210452377796
-0.01768970489501953
-0.0176776610314846
-0.01766522414982319
-0.01765177398920059
-0.01763684675097466
-0.01762017793953419
-0.01760171726346016
-0.01758163049817085
-0.01756028272211552
-0.01753822527825832
-0.01751614362001419
-0.01749482937157154
-0.01747510768473148
-0.01745780929923058
-0.0174437016248703
-0.01743345893919468
-0.01742761768400669
-0.01742654666304588
-0.01743043027818203
-0.01743926294147968
-0.01745284907519817
-0.0174708180129528
-0.01749264262616634
-0.01751766726374626
-0.01754512824118137
-0.01757420413196087
-0.01760403253138065
-0.01763375103473663
-0.01766251772642136
-0.01768953911960125
-0.01771408878266811
-0.01773551665246487
-0.01775326766073704
-0.01776687242090702
-0.01777596399188042
-0.01778026297688484
-0.01777957938611507
-0.0177738144993782
-0.01776294410228729
-0.01774702221155167
-0.01772618107497692
-0.01770062372088432
-0.01767061837017536
-0.01763651147484779
-0.01759871281683445
-0.01755771227180958
-0.0175140555948019
-0.01746835373342037
-0.01742127351462841
-0.01737352833151817
-0.01732585951685905
-0.01727902889251709
-0.01723379641771317
-0.01719089597463608
-0.01715102046728134
-0.0171147957444191
-0.01708274893462658
-0.01705529727041721
-0.01703272201120853
-0.01701515913009644
-0.01700258068740368
-0.01699480228126049
-0.01699147000908852
-0.01699208281934261
-0.01699599623680115
-0.01700244285166264
-0.01701056212186813
-0.01701943017542362
-0.01702808402478695
-0.01703557185828686
-0.01704097911715508
-0.0170434657484293
-0.01704230159521103
-0.01703689992427826
-0.01702683232724667
-0.01701185293495655
-0.01699190586805344
-0.01696712709963322
-0.01693784445524216
-0.0169045589864254
-0.01686793006956577
-0.01682874001562595
-0.01678786426782608
-0.01674623787403107
-0.01670481264591217
-0.01666451431810856
-0.01662621088325977
-0.01659066788852215
-0.01655852049589157
-0.0165302362293005
-0.01650611124932766
-0.01648625172674656
-0.01647057011723518
-0.01645879447460175
-0.01645048148930073
-0.01644503511488438
-0.01644174382090569
-0.01643981225788593
-0.01643839478492737
-0.01643663831055164
-0.01643373072147369
-0.01642893254756927
-0.01642161048948765
-0.01641127467155457
-0.01639758236706257
-0.01638037152588367
-0.01635965891182423
-0.0163356326520443
-0.01630864106118679
-0.01627917401492596
-0.01624783501029015
-0.01621530391275883
-0.0161823071539402
-0.01614957302808762
-0.01611779816448689
-0.0160876102745533
-0.01605953276157379
-0.01603395864367485
-0.01601114310324192
-0.01599117740988731
-0.0159740038216114
-0.01595941185951233
-0.01594705134630203
-0.0159364677965641
-0.01592712104320526
-0.01591841503977776
-0.01590973883867264
-0.01590050756931305
-0.01589018292725086
-0.01587830297648907
-0.01586452312767506
-0.01584861241281033
-0.01583047769963741
-0.0158101599663496
-0.01578782871365547
-0.01576376520097256
-0.0157383494079113
-0.01571202836930752
-0.01568529009819031
-0.01565862819552422
-0.01563251577317715
-0.01560737751424313
-0.01558355987071991
-0.01556131616234779
-0.01554079353809357
-0.01552202738821507
-0.01550494041293859
-0.01548935659229755
-0.01547500863671303
-0.01546156220138073
-0.01544864010065794
-0.01543585024774075
-0.01542280428111553
-0.01540915202349424
-0.01539459731429815
-0.01537891756743193
-0.01536197774112225
-0.01534373313188553
-0.01532423030585051
-0.01530359871685505
-0.01528204046189785
-0.01525981444865465
-0.01523721497505903
-0.01521455030888319
-0.01519212033599615
-0.01517019793391228
-0.0151490094140172
-0.0151287205517292
-0.01510942727327347
-0.01509115472435951
-0.01507385354489088
-0.01505741290748119
-0.01504166517406702
-0.01502640265971422
-0.01501139346510172
-0.01499640103429556
-0.01498120091855526
-0.014965595677495
-0.01494943164288998
-0.01493260264396667
-0.01491506118327379
-0.01489681471139193
-0.01487792935222387
-0.01485851220786572
-0.01483870763331652
-0.01481868606060743
-0.01479862630367279
-0.01477870251983404
-0.01475907023996115
-0.01473985984921455
-0.014721161685884
-0.01470302417874336
-0.01468544919043779
-0.01466840226203203
-0.01465180702507496
-0.01463555824011564
-0.01461953297257423
-0.01460359990596771
-0.01458762679249048
-0.01457149628549814
-0.01455511059612036
-0.01453840080648661
-0.01452132873237133
-0.01450389437377453
-0.01448612660169601
-0.01446807850152254
-0.01444982923567295
-0.01443147007375956
-0.01441309787333012
-0.01439480669796467
-0.01437668222934008
-0.01435879152268171
-0.01434118207544088
-0.0143238753080368
-0.0143068702891469
-0.01429014094173908
-0.01427364069968462
-0.01425731461495161
-0.01424109190702438
-0.01422490179538727
-0.01420868001878262
-0.0141923688352108
-0.01417592354118824
-0.01415931526571512
-0.01414253748953342
-0.01412559580057859
-0.014108513481915
-0.01409132964909077
-0.01407408900558949
-0.01405684277415276
-0.01403963845223188
-0.0140225226059556
-0.01400553155690432
-0.01398869045078754
-0.01397200953215361
-0.01395549159497023
-0.01393912266939878
-0.01392287854105234
-0.01390673033893108
-0.01389064360409975
-0.01387458294630051
-0.01385851483792067
-0.01384241133928299
-0.01382625382393599
-0.01381003018468618
-0.01379373762756586
-0.01377738267183304
-0.01376097928732634
-0.01374454516917467
-0.01372810546308756
-0.01371168624609709
-0.01369531080126762
-0.01367899868637323
-0.01366276293992996
-0.01364661660045385
-0.01363055873662233
-0.01361458748579025
-0.01359869353473186
-0.0135828647762537
-0.01356708351522684
-0.01355133205652237
-0.01353559456765652
-0.01351985707879066
-0.01350410934537649
-0.0134883439168334
-0.01347256079316139
-0.01345676090568304
-0.01344095263630152
-0.01342514250427485
-0.01340934261679649
-0.01339356601238251
-0.01337782293558121
-0.01336212083697319
-0.0133464690297842
-0.01333087030798197
-0.01331532467156649
-0.01329983025789261
-0.01328438334167004
-0.0132689792662859
-0.01325360592454672
-0.01323825679719448
-0.01322292536497116
-0.01320760324597359
-0.01319228764623404
-0.01317697577178478
-0.01316166948527098
-0.01314637251198292
-0.0131310848519206
-0.01311581302434206
-0.01310055982321501
-0.01308533363044262
-0.01307013444602489
-0.01305496972054243
-0.01303983945399523
-0.01302474457770586
-0.01300968416035175
-0.01299465727061033
-0.0129796639084816
-0.0129646984860301
-0.01294975820928812
-0.01293483749032021
-0.01291993446648121
-0.01290504634380341
-0.01289017498493195
-0.01287531852722168
-0.01286047790199518
-0.0128456549718976
-0.01283085253089666
-0.01281607057899237
-0.01280131470412016
-0.01278658770024776
-0.01277188770473003
-0.01275721658021212
-0.01274257525801659
-0.01272796280682087
-0.01271337643265724
-0.0126988161355257
-0.01268427912145853
-0.01266976539045572
-0.01265527214854956
-0.01264079660177231
-0.0126263415440917
-0.01261190418154001
-0.01259748730808496
-0.01258309185504913
-0.01256871689110994
-0.0125543624162674
-0.01254003122448921
-0.01252572331577539
-0.01251143962144852
-0.01249718200415373
-0.01248294860124588
-0.01246873941272497
-0.012454554438591
-0.0124403927475214
-0.01242625433951616
-0.01241213548928499
-0.01239803619682789
-0.01238395646214485
-0.01236989628523588
-0.01235585659742355
-0.01234183739870787
-0.01232783868908882
-0.01231386139988899
-0.01229990553110838
-0.01228597294539213
-0.01227206084877253
-0.01225817110389471
-0.01224430557340384
-0.01223046332597733
-0.01221664249897003
-0.01220284402370453
-0.01218906790018082
-0.01217531226575375
-0.01216157991439104
-0.01214786805212498
-0.01213417947292328
-0.01212050952017307
-0.01210686098784208
-0.01209323108196259
-0.01207962073385715
-0.01206603366881609
-0.01205246895551682
-0.01203892286866903
-0.01202539913356304
-0.01201189681887627
-0.01199841499328613
-0.01198495272547007
-0.01197151001542807
-0.01195808686316013
-0.01194468606263399
-0.01193130575120449
-0.01191794779151678
-0.01190460938960314
-0.01189129240810871
-0.01187799591571093
-0.01186472084373236
-0.01185146532952785
-0.01183823123574257
-0.0118250185623765
-0.01181182637810707
-0.01179865468293428
-0.01178550254553556
-0.01177236996591091
-0.01175925880670547
-0.01174616906791925
-0.01173309981822968
-0.01172005012631416
-0.01170701906085014
-0.01169400662183762
-0.01168101187795401
-0.01166803576052189
-0.01165507826954126
-0.01164213940501213
-0.01162921730428934
-0.01161631476134062
-0.01160343177616596
-0.01159056928008795
-0.01157772727310658
-0.01156490482389927
-0.01155210565775633
-0.01153932604938745
-0.0115265678614378
-0.01151383109390736
-0.01150111388415098
-0.0114884190261364
-0.01147574465721846
-0.01146308798342943
-0.01145045086741447
-0.01143783237785101
-0.01142523251473904
-0.01141265034675598
-0.01140008401125669
-0.01138753537088633
-0.01137500535696745
-0.01136249303817749
-0.0113500002771616
-0.0113375261425972
-0.01132507156580687
-0.01131263747811317
-0.0113002210855484
-0.01128782425075769
-0.0112754488363862
-0.01126309204846621
-0.01125075481832027
-0.01123843621462584
-0.01122613530606031
-0.01121385116130114
-0.0112015837803483
-0.01118933595716953
-0.01117710489779711
-0.01116489060223103
-0.01115269493311644
-0.01114052068442106
-0.01112836319953203
-0.01111622434109449
-0.01110410410910845
-0.01109200529754162
-0.01107992418110371
-0.01106786169111729
-0.01105581689625978
-0.01104379072785378
-0.01103178225457668
-0.01101979054510593
-0.01100781559944153
-0.01099585928022861
-0.01098392158746719
-0.01097200065851212
-0.01096009649336338
-0.01094821002334356
-0.01093633938580751
-0.01092448737472296
-0.01091265305876732
-0.01090083736926317
-0.01088904030621052
-0.01087725907564163
-0.01086549367755651
-0.01085374411195517
-0.01084201224148273
-0.01083029806613922
-0.01081860158592463
-0.01080692186951637
-0.01079525984823704
-0.01078361645340919
-0.01077199075371027
-0.01076038274914026
-0.01074878871440887
-0.01073721330612898
-0.010725655592978
-0.01071411464363337
-0.01070259232074022
-0.01069108583033085
-0.01067959517240524
-0.01066812220960855
-0.01065666507929564
-0.01064522564411163
-0.01063380297273397
-0.01062239799648523
-0.01061101164668798
-0.01059964206069708
-0.01058829016983509
-0.01057695504277945
-0.01056563388556242
-0.01055432949215174
-0.01054304093122482
-0.01053176820278168
-0.0105205113068223
-0.01050927024334669
-0.01049804501235485
-0.0104868346825242
-0.01047564018517733
-0.01046446431428194
-0.01045330241322517
-0.01044215634465218
-0.01043102610856295
-0.01041991170495749
-0.01040881499648094
-0.01039773505181074
-0.01038667093962431
-0.0103756245225668
-0.01036459393799305
-0.01035358011722565
-0.01034258306026459
-0.0103316018357873
-0.01032063644379377
-0.01030968595296144
-0.01029875036329031
-0.01028783060610294
-0.01027692668139935
-0.01026603858917952
-0.01025516726076603
-0.01024431362748146
-0.01023347396403551
-0.0102226510643959
-0.01021184213459492
-0.0102010490372777
-0.0101902699097991
-0.01017950661480427
-0.01016875822097063
-0.01015802752226591
-0.01014731172472239
-0.01013661082834005
-0.01012592390179634
-0.0101152528077364
-0.0101045984774828
-0.01009395904839039
-0.01008333452045918
-0.01007272489368916
-0.01006213016808033
-0.0100515503436327
-0.01004098728299141
-0.01003043912351131
-0.01001990400254726
-0.01000938471406698
-0.009998881258070469
-0.009988392703235149
-0.009977919049561024
-0.009967460297048092
-0.009957015514373779
-0.009946584701538086
-0.009936168789863586
-0.009925767779350281
-0.009915381669998169
-0.009905011393129826
-0.009894656017422676
-0.009884314611554146
-0.009873988106846809
-0.009863676503300667
-0.009853378869593143
-0.009843094274401665
-0.009832825511693954
-0.009822570718824863
-0.009812330827116966
-0.009802105836570263
-0.009791895747184753
-0.009781699627637863
-0.009771517477929592
-0.00976135116070509
-0.009751196019351482
-0.009741055779159069
-0.009730929508805275
-0.009720815345644951
-0.009710716083645821
-0.00970063079148531
-0.009690560400485992
-0.009680505841970444
-0.009670465253293514
-0.009660440497100353
-0.009650429710745811
-0.009640433825552464
-0.009630452841520309
-0.0096204848960042
-0.00961053092032671
-0.00960058905184269
-0.009590662084519863
-0.009580750018358231
-0.009570850059390068
-0.009560964070260525
-0.009551091119647026
-0.009541230276226997
-0.009531382471323013
-0.009521547704935074
-0.009511725977063179
-0.009501920081675053
-0.009492127224802971
-0.009482350200414658
-0.009472588077187538
-0.009462838992476463
-0.009453102946281433
-0.009443381801247597
-0.009433673694729805
-0.009423978626728058
-0.009414298459887505
-0.009404630400240421
-0.009394977241754532
-0.009385335259139538
-0.009375708177685738
-0.009366095066070557
-0.009356494061648846
-0.009346906095743179
-0.009337331168353558
-0.009327768348157406
-0.009318218566477299
-0.009308682754635811
-0.009299159049987793
-0.009289647452533245
-0.009280147962272167
-0.009270659647881985
-0.009261185303330421
-0.009251723997294903
-0.009242275729775429
-0.009232839569449425
-0.00922341737896204
-0.009214009158313274
-0.009204613976180553
-0.009195232763886452
-0.009185867384076118
-0.00917651504278183
-0.009167173877358437
-0.009157847613096237
-0.009148534387350082
-0.009139233268797398
-0.009129945188760757
-0.009120669215917587
-0.009111404418945312
-0.009102151729166508
-0.009092911146581173
-0.009083681739866734
-0.00907446350902319
-0.009065260179340839
-0.009056069888174534
-0.009046893566846848
-0.009037729352712631
-0.00902857817709446
-0.009019440039992332
-0.009010315872728825
-0.009001204743981361
-0.008992106653749943
-0.008983020670711994
-0.008973948657512665
-0.008964888751506805
-0.008955840952694416
-0.008946808055043221
-0.00893778819590807
-0.008928782306611538
-0.008919787593185902
-0.008910806849598885
-0.008901839144527912
-0.008892884477972984
-0.008883943781256676
-0.008875017054378986
-0.008866106159985065
-0.008857209235429764
-0.008848327212035656
-0.008839461952447891
-0.00883061345666647
-0.008821780793368816
-0.008812965825200081
-0.008804166689515114
-0.00879538431763649
-0.008786622434854507
-0.008777880109846592
-0.008769157342612743
-0.008760454133152962
-0.008751773275434971
-0.008743115700781345
-0.008734481409192085
-0.008725874125957489
-0.00871729664504528
-0.008708748035132885
-0.008700231090188026
-0.008691746741533279
-0.008683296851813793
-0.008674883283674717
-0.008666508831083775
-0.008658175356686115
-0.008649887517094612
-0.00864164624363184
-0.008633454330265522
-0.008625314570963383
-0.008617228828370571
-0.008609202690422535
-0.008601238951086998
-0.008593341335654259
-0.008585515432059765
-0.008577765896916389
-0.00857009831815958
-0.008562515489757061
-0.008555023930966854
-0.008547629229724407
-0.008540336042642593
-0.00853314995765686
-0.008526076562702656
-0.008519122377038002
-0.008512293919920921
-0.008505595847964287
-0.008499033749103546
-0.008492616005241871
-0.008486348204314709
-0.008480235934257507
-0.008474285714328289
-0.008468503132462502
-0.008462892845273018
-0.008457462303340435
-0.008452217094600201
-0.008447161875665188
-0.00844230130314827
-0.008437640964984894
-0.008433183655142784
-0.008428932167589664
-0.008424888364970684
-0.008421053178608418
-0.008417429402470589
-0.008414016105234623
-0.008410812355577946
-0.008407816290855408
-0.00840502604842186
-0.008402437902987003
-0.008400047197937965
-0.008397847414016724
-0.008395831100642681
-0.008393990807235241
-0.008392316289246082
-0.008390798233449459
-0.008389423601329327
-0.00838817935436964
-0.008387050591409206
-0.008386023342609406
-0.008385078981518745
-0.008384201675653458
-0.008383370935916901
-0.008382569067180157
-0.008381776511669159
-0.008380970917642117
-0.008380132727324963
-0.008379238657653332
-0.008378268219530582
-0.008377199992537498
-0.008376013487577438
-0.008374686352908611
-0.00837319903075695
-0.008371531963348389
-0.008369666524231434
-0.008367585949599743
-0.008365272544324398
-0.008362714201211929
-0.008359898813068867
-0.008356816135346889
-0.008353456854820251
-0.008349815383553505
-0.008345888927578926
-0.008341675624251366
-0.008337179198861122
-0.008332404308021069
-0.008327360264956951
-0.008322054520249367
-0.008316501975059509
-0.008310717530548573
-0.008304718881845474
-0.008298527449369431
-0.008292164653539658
-0.00828565564006567
-0.008279027417302132
-0.008272307924926281
-0.008265526033937931
-0.00825871154665947
-0.008251894265413284
-0.008245103992521763
-0.008238372392952442
-0.008231728337705135
-0.008225199766457081
-0.008218816481530666
-0.008212601765990257
-0.008206580765545368
-0.008200773037970066
-0.008195198141038418
-0.008189872838556767
-0.008184810169041157
-0.008180019445717335
-0.008175507187843323
-0.008171274326741695
-0.008167321793735027
-0.008163644000887871
-0.008160237222909927
-0.008157088421285152
-0.008154185488820076
-0.008151511661708355
-0.008149048313498497
-0.008146775886416435
-0.008144667372107506
-0.008142701350152493
-0.008140852674841881
-0.008139094337821007
-0.008137401193380356
-0.008135748095810413
-0.008134109899401665
-0.00813246238976717
-0.008130784146487713
-0.008129057474434376
-0.008127263747155666
-0.008125387132167816
-0.008123414590954781
-0.008121336810290813
-0.008119146339595318
-0.00811684038490057
-0.008114416152238846
-0.008111877366900444
-0.008109227754175663
-0.00810647290199995
-0.008103622123599052
-0.00810068566352129
-0.008097675628960133
-0.0080946059897542
-0.008091487921774387
-0.008088338188827038
-0.008085167966783047
-0.008081991225481033
-0.008078818209469318
-0.008075660094618797
-0.008072522468864918
-0.008069410920143127
-0.008066332899034023
-0.008063287474215031
-0.008060275577008724
-0.008057290688157082
-0.008054330013692379
-0.008051385171711445
-0.008048448711633682
-0.008045506663620472
-0.008042546920478344
-0.008039556443691254
-0.008036520332098007
-0.008033426478505135
-0.008030260913074017
-0.008027009665966034
-0.008023663423955441
-0.008020209148526192
-0.008016643114387989
-0.008012959733605385
-0.008009156212210655
-0.008005235344171524
-0.008001202717423439
-0.007997064851224422
-0.007992834784090519
-0.007988526485860348
-0.007984158582985401
-0.007979751564562321
-0.007975326851010323
-0.007970908656716347
-0.007966523058712482
-0.007962197996675968
-0.007957956753671169
-0.007953828200697899
-0.007949835620820522
-0.007946002297103405
-0.007942349649965763
-0.007938896305859089
-0.007935657165944576
-0.007932641543447971
-0.00792985875159502
-0.007927310653030872
-0.007924999110400677
-0.007922916673123837
-0.007921054027974606
-0.007919398136436939
-0.007917932234704494
-0.007916636765003204
-0.007915489375591278
-0.007914465852081776
-0.007913541048765182
-0.007912689819931984
-0.007911884225904942
-0.007911096327006817
-0.00791030190885067
-0.007909476757049561
-0.007908600382506847
-0.007907655090093613
-0.007906622253358364
-0.007905491627752781
-0.007904252037405968
-0.007902899757027626
-0.007901430130004883
-0.007899845018982887
-0.007898150011897087
-0.007896353490650654
-0.007894463837146759
-0.007892494089901447
-0.007890457287430763
-0.007888367399573326
-0.00788623932749033
-0.007884087972342968
-0.00788192730396986
-0.007879770360887051
-0.007877628318965435
-0.007875511422753334
-0.00787342619150877
-0.007871377281844616
-0.007869367487728596
-0.007867395877838135
-0.007865456864237785
-0.007863545790314674
-0.007861652411520481
-0.007859769277274609
-0.007857880555093288
-0.007855973206460476
-0.007854032330214977
-0.007852043956518173
-0.007849991321563721
-0.007847861386835575
-0.007845642045140266
-0.00784332025796175
-0.007840887643396854
-0.007838336750864983
-0.007835661061108112
-0.007832858711481094
-0.007829928770661354
-0.00782687496393919
-0.00782370287925005
-0.007820419035851955
-0.007817031815648079
-0.007813551463186741
-0.007809990551322699
-0.007806362584233284
-0.007802681997418404
-0.007798962760716677
-0.007795219775289297
-0.007791467010974884
-0.007787717971950769
-0.007783984765410423
-0.007780278101563454
-0.007776607759296894
-0.007772981189191341
-0.007769403979182243
-0.00776588311418891
-0.007762419991195202
-0.007759015075862408
-0.007755668833851814
-0.007752380333840847
-0.007749145850539207
-0.007745963055640459
-0.007742828223854303
-0.007739735767245293
-0.007736682891845703
-0.007733665872365236
-0.007730680983513594
-0.007727727759629488
-0.007724802941083908
-0.007721906527876854
-0.007719038054347038
-0.00771619938313961
-0.007713391911238432
-0.007710619363933802
-0.007707885466516018
-0.007705194409936666
-0.007702551782131195
-0.007699962239712477
-0.007697430904954672
-0.007694961968809366
-0.007692559622228146
-0.007690226659178734
-0.007687965873628855
-0.007685776334255934
-0.007683658972382545
-0.007681612391024828
-0.00767963333055377
-0.007677716668695211
-0.007675856817513704
-0.007674046326428652
-0.007672276347875595
-0.007670536171644926
-0.007668816484510899
-0.007667105179280043
-0.007665390614420176
-0.007663659751415253
-0.007661901880055666
-0.007660103030502796
-0.007658255286514759
-0.007656347006559372
-0.007654369808733463
-0.00765231903642416
-0.007650187704712152
-0.007647973019629717
-0.007645673584192991
-0.007643291726708412
-0.007640829309821129
-0.007638292387127876
-0.007635687943547964
-0.007633025757968426
-0.007630316074937582
-0.007627570070326328
-0.007624800782650709
-0.007622022647410631
-0.007619250100106001
-0.00761649664491415
-0.007613776251673698
-0.00761110195890069
-0.007608484942466021
-0.007605935446918011
-0.007603462785482407
-0.007601072546094656
-0.007598770782351494
-0.00759655749425292
-0.007594433147460222
-0.007592394948005676
-0.007590439636260271
-0.007588559295982122
-0.007586746942251921
-0.007584991399198771
-0.007583281956613064
-0.007581605110317469
-0.007579948753118515
-0.007578298449516296
-0.007576641626656055
-0.007574965711683035
-0.007573259528726339
-0.007571513298898935
-0.007569718174636364
-0.007567867636680603
-0.007565956097096205
-0.007563980761915445
-0.00756194069981575
-0.007559838239103556
-0.007557676173746586
-0.007555460091680288
-0.007553196046501398
-0.007550892420113087
-0.007548558991402388
-0.007546206936240196
-0.007543846033513546
-0.007541486993432045
-0.007539140991866589
-0.00753681780770421
-0.00753452442586422
-0.00753227062523365
-0.007530062459409237
-0.007527904119342566
-0.007525799330323935
-0.007523749954998493
-0.00752175459638238
-0.007519811857491732
-0.007517918013036251
-0.007516067940741777
-0.007514256052672863
-0.007512474898248911
-0.00751071609556675
-0.007508972194045782
-0.007507233880460262
-0.007505493238568306
-0.007503741886466742
-0.007501972839236259
-0.007500180508941412
-0.007498357910662889
-0.007496501784771681
-0.0074946079403162
-0.007492676377296448
-0.007490706164389849
-0.007488699164241552
-0.007486658170819283
-0.00748458644375205
-0.007482487708330154
-0.007480365689843893
-0.007478227838873863
-0.007476078346371651
-0.007473924197256565
-0.007471770048141479
-0.007469620555639267
-0.007467479910701513
-0.007465352769941092
-0.007463239599019289
-0.007461142260581255
-0.007459059357643127
-0.007456991355866194
-0.007454934529960155
-0.007452885620296001
-0.007450839038938284
-0.00744879012927413
-0.00744673190638423
-0.007444657385349274
-0.00744256004691124
-0.007440431509166956
-0.007438264787197113
-0.007436052430421114
-0.007433788385242224
-0.007431465666741133
-0.007429078686982393
-0.00742662325501442
-0.007424094714224339
-0.007421489804983139
-0.007418805733323097
-0.007416041102260351
-0.007413194049149752
-0.007410263642668724
-0.007407250814139843
-0.007404154632240534
-0.007400974631309509
-0.007397710345685482
-0.00739436037838459
-0.007390922401100397
-0.007387396413832903
-0.007383778691291809
-0.007380066439509392
-0.007376255001872778
-0.007372340187430382
-0.007368316873908043
-0.007364179007709026
-0.007359920535236597
-0.007355534471571445
-0.007351014763116837
-0.007346353959292173
-0.007341546472162008
-0.007336587179452181
-0.007331471890211105
-0.007326194550842047
-0.00732075423002243
-0.00731514859944582
-0.00730937672778964
-0.007303439546376467
-0.007297339849174023
-0.00729107903316617
-0.007284660823643208
-0.007278091739863157
-0.007271377369761467
-0.007264525629580021
-0.007257543969899416
-0.007250441703945398
-0.007243228144943714
-0.007235913071781397
-0.007228506729006767
-0.007221019826829433
-0.007213462144136429
-0.007205844856798649
-0.007198180072009563
-0.007190479431301355
-0.007182754576206207
-0.007175017613917589
-0.007167279254645109
-0.007159551605582237
-0.007151846773922443
-0.007144176866859198
-0.007136556319892406
-0.007128996308892965
-0.007121510338038206
-0.007114112377166748
-0.007106812205165625
-0.00709962286055088
-0.007092555053532124
-0.007085620425641537
-0.007078828755766153
-0.007072188891470432
-0.007065709214657545
-0.007059396244585514
-0.007053254172205925
-0.007047286257147789
-0.007041493430733681
-0.007035875227302313
-0.007030427921563387
-0.00702514685690403
-0.007020022720098495
-0.0070150475949049
-0.007010207045823336
-0.007005488034337759
-0.007000874262303114
-0.006996347103267908
-0.006991887930780649
-0.006987474858760834
-0.006983086001127958
-0.006978698540478945
-0.006974287796765566
-0.006969829555600882
-0.006965300068259239
-0.006960673723369837
-0.006955927237868309
-0.00695103732869029
-0.006945980247110128
-0.006940734572708607
-0.006935279816389084
-0.006929596420377493
-0.006923667620867491
-0.006917476188391447
-0.006911010481417179
-0.006904258392751217
-0.006897210143506527
-0.006889861542731524
-0.006882207468152046
-0.006874247454106808
-0.006865983363240957
-0.006857419852167368
-0.006848566234111786
-0.006839433219283819
-0.006830036174505949
-0.006820389535278082
-0.006810512859374285
-0.006800425704568624
-0.006790152285248041
-0.006779716815799475
-0.006769145373255014
-0.006758465431630611
-0.00674770399928093
-0.006736889947205782
-0.006726050283759832
-0.006715212948620319
-0.006704405415803194
-0.006693651899695396
-0.006682977080345154
-0.006672401912510395
-0.0066619454883039
-0.006651624105870724
-0.006641453132033348
-0.006631443742662668
-0.006621603388339281
-0.006611937191337347
-0.006602447014302015
-0.006593132391571999
-0.006583989132195711
-0.006575009785592556
-0.006566186435520649
-0.006557507440447807
-0.006548960227519274
-0.006540529429912567
-0.006532198749482632
-0.006523950956761837
-0.006515767425298691
-0.006507629528641701
-0.006499520502984524
-0.006491421721875668
-0.006483317818492651
-0.006475192960351706
-0.006467033643275499
-0.0064588263630867
-0.006450561806559563
-0.006442231126129627
-0.006433828733861446
-0.006425350438803434
-0.006416794843971729
-0.006408162415027618
-0.0063994568772614
-0.006390682887285948
-0.006381848827004433
-0.006372961681336164
-0.006364031229168177
-0.006355067249387503
-0.006346081849187613
-0.006337087601423264
-0.006328097078949213
-0.006319121457636356
-0.006310171913355589
-0.006301259156316519
-0.006292392965406179
-0.006283581722527742
-0.006274833343923092
-0.006266152020543814
-0.006257541012018919
-0.006249003577977419
-0.006240538787096739
-0.006232145708054304
-0.006223821081221104
-0.006215560249984264
-0.006207357626408339
-0.006199207622557878
-0.006191101390868425
-0.006183031480759382
-0.00617498904466629
-0.006166966166347265
-0.006158953998237848
-0.006150946021080017
-0.006142937112599611
-0.006134921219199896
-0.006126894615590572
-0.00611885404214263
-0.006110798567533493
-0.00610272865742445
-0.006094647105783224
-0.006086556240916252
-0.006078461185097694
-0.006070368457585573
-0.006062283646315336
-0.00605421606451273
-0.006046173628419638
-0.006038165651261806
-0.006030201446264982
-0.006022289395332336
-0.006014439277350903
-0.006006657611578703
-0.005998952314257622
-0.005991328507661819
-0.005983789917081594
-0.005976340733468533
-0.005968982819467783
-0.005961716640740633
-0.005954540334641933
-0.005947452038526535
-0.005940447561442852
-0.005933522712439299
-0.005926673300564289
-0.005919892806559801
-0.005913174245506525
-0.005906511098146439
-0.005899899173527956
-0.005893330555409193
-0.005886798724532127
-0.005880299489945173
-0.005873829126358032
-0.005867382977157831
-0.005860959645360708
-0.005854558199644089
-0.005848179571330547
-0.005841822829097509
-0.005835489369928837
-0.005829182453453541
-0.005822903942316771
-0.005816657561808825
-0.005810447037220001
-0.005804275162518024
-0.005798144731670618
-0.005792057607322931
-0.005786015186458826
-0.00578001793473959
-0.005774063989520073
-0.005768151022493839
-0.005762273445725441
-0.00575642567127943
-0.005750599317252636
-0.005744785070419312
-0.005738973151892424
-0.005733151454478502
-0.005727306474000216
-0.005721425637602806
-0.005715495441108942
-0.005709501449018717
-0.005703431088477373
-0.005697270855307579
-0.005691009107977152
-0.005684635601937771
-0.005678143352270126
-0.005671524908393621
-0.00566477607935667
-0.005657895468175411
-0.005650884471833706
-0.005643744952976704
-0.005636481568217278
-0.005629102233797312
-0.005621617194265127
-0.005614038556814194
-0.005606379359960556
-0.005598654504865408
-0.005590878892689943
-0.005583069752901793
-0.005575241986662149
-0.00556741189211607
-0.005559597164392471
-0.005551811307668686
-0.005544070154428482
-0.00553638581186533
-0.00552876852452755
-0.005521227139979601
-0.00551376910880208
-0.005506399553269148
-0.005499121733009815
-0.005491937510669231
-0.005484845489263535
-0.005477843340486288
-0.005470927339047194
-0.005464092362672091
-0.005457332823425531
-0.00545063940808177
-0.005444004200398922
-0.005437419749796391
-0.005430876743048429
-0.005424366798251867
-0.005417881067842245
-0.005411411169916391
-0.005404949653893709
-0.005398488137871027
-0.005392021033912897
-0.005385541822761297
-0.005379045382142067
-0.005372527521103621
-0.005365983117371798
-0.005359410773962736
-0.005352805834263563
-0.005346167366951704
-0.00533949350938201
-0.00533278239890933
-0.005326034035533667
-0.005319248419255018
-0.005312426015734673
-0.005305567290633917
-0.005298673175275326
-0.00529174692928791
-0.00528479041531682
-0.005277806427329779
-0.005270798690617085
-0.005263770464807749
-0.005256727337837219
-0.005249673034995794
-0.005242614075541496
-0.005235556978732347
-0.005228507798165083
-0.005221473518759012
-0.00521446019411087
-0.005207476206123829
-0.00520052807405591
-0.005193622317165136
-0.00518676545470953
-0.005179964005947113
-0.005173223558813334
-0.00516654783859849
-0.005159941967576742
-0.005153407342731953
-0.00514694582670927
-0.005140556022524834
-0.005134237930178642
-0.005127987824380398
-0.005121803376823664
-0.00511567946523428
-0.005109610501676798
-0.005103590432554483
-0.005097612738609314
-0.00509167043492198
-0.005085757002234459
-0.005079865921288729
-0.005073991138488054
-0.00506812846288085
-0.005062273237854242
-0.005056424532085657
-0.005050578620284796
-0.005044736433774233
-0.005038899835199118
-0.005033071618527174
-0.005027255043387413
-0.005021455232053995
-0.005015678703784943
-0.00500993337482214
-0.005004227627068758
-0.004998568445444107
-0.004992965143173933
-0.004987424705177546
-0.004981955047696829
-0.004976562689989805
-0.004971254616975784
-0.004966034088283777
-0.004960904829204082
-0.0049558668397367
-0.004950921051204205
-0.004946065135300159
-0.004941296763718128
-0.004936609882861376
-0.004931997507810593
-0.004927452653646469
-0.004922964610159397
-0.004918524995446205
-0.004914123099297285
-0.004909747745841742
-0.004905387759208679
-0.004901034757494926
-0.004896678496152163
-0.004892309661954641
-0.004887921269983053
-0.004883505869656801
-0.0048790592700243
-0.004874576814472675
-0.004870055243372917
-0.004865493159741163
-0.004860889632254839
-0.004856246057897806
-0.004851564299315214
-0.004846848081797361
-0.004842098336666822
-0.004837319254875183
-0.004832515958696604
-0.004827691242098808
-0.00482284976169467
-0.004817994311451912
-0.004813129082322121
-0.004808255936950445
-0.004803378134965897
-0.004798497073352337
-0.004793613683432341
-0.004788728896528482
-0.00478384317830205
-0.004778956063091755
-0.004774067085236311
-0.004769176244735718
-0.004764282144606113
-0.004759384784847498
-0.004754483699798584
-0.004749579355120659
-0.004744671285152435
-0.004739762283861637
-0.004734853282570839
-0.004729946609586477
-0.004725045990198851
-0.004720152355730534
-0.004715270362794399
-0.004710404668003321
-0.004705558996647596
-0.004700735677033663
-0.00469593983143568
-0.004691175185143948
-0.004686444066464901
-0.00468174833804369
-0.004677090793848038
-0.004672471899539232
-0.004667891189455986
-0.004663349129259586
-0.004658843856304884
-0.004654372576624155
-0.004649932961910963
-0.004645520821213722
-0.004641132429242134
-0.004636762198060751
-0.004632405005395412
-0.004628054797649384
-0.004623706918209791
-0.0046193553134799
-0.004614996258169413
-0.004610625095665455
-0.004606235772371292
-0.00460182735696435
-0.004597396124154329
-0.004592940676957369
-0.004588460549712181
-0.004583957139402628
-0.004579431377351284
-0.004574884660542011
-0.004570318851619959
-0.004565737675875425
-0.004561145789921284
-0.00455654738470912
-0.004551945719867945
-0.004547346383333206
-0.004542752634733915
-0.004538167733699083
-0.004533595871180296
-0.004529041238129139
-0.004524506628513336
-0.004519995301961899
-0.004515507258474827
-0.004511045292019844
-0.004506608936935663
-0.004502198193222284
-0.00449781259521842
-0.004493451211601496
-0.00448911264538765
-0.004484794102609158
-0.004480493720620871
-0.004476208705455065
-0.004471937660127878
-0.0044676773250103
-0.004463425371795893
-0.004459179006516933
-0.004454936366528273
-0.004450695589184761
-0.004446454346179962
-0.004442212171852589
-0.004437966737896204
-0.004433718044310808
-0.004429465159773827
-0.004425208549946547
-0.004420947283506393
-0.004416681826114655
-0.004412413109093904
-0.004408141132444143
-0.004403866361826658
-0.004399589728564024
-0.004395312163978815
-0.004391035065054893
-0.004386759828776121
-0.004382488317787647
-0.004378221929073334
-0.004373962059617043
-0.004369708243757486
-0.004365462344139814
-0.004361225292086601
-0.004356998950242996
-0.004352784249931574
-0.004348581191152334
-0.004344389773905277
-0.004340209998190403
-0.004336042329668999
-0.004331887699663639
-0.004327744711190462
-0.004323613829910755
-0.004319494590163231
-0.004315386060625315
-0.004311287775635719
-0.004307197872549295
-0.004303115420043468
-0.004299040418118238
-0.004294970538467169
-0.004290905315428972
-0.0042868428863585
-0.004282781854271889
-0.00427872221916914
-0.004274662118405104
-0.004270602017641068
-0.004266541916877031
-0.004262482281774282
-0.004258421715348959
-0.004254361148923635
-0.004250301979482174
-0.004246243275702
-0.004242187365889549
-0.004238133784383535
-0.004234082996845245
-0.004230036865919828
-0.004225996788591146
-0.004221963696181774
-0.004217938520014286
-0.004213921725749969
-0.004209914710372686
-0.004205917939543724
-0.004201931413263083
-0.004197954200208187
-0.004193986766040325
-0.004190030042082071
-0.004186082631349564
-0.004182143602520227
-0.004178212489932775
-0.004174288362264633
-0.004170370753854513
-0.004166459199041128
-0.004162550903856754
-0.004158646799623966
-0.004154745489358902
-0.004150846507400274
-0.004146949853748083
-0.004143054597079754
-0.004139160737395287
-0.004135268274694681
-0.004131377208977938
-0.004127488471567631
-0.00412360206246376
-0.004119719378650188
-0.004115839954465628
-0.004111963789910078
-0.004108092747628689
-0.00410422682762146
-0.004100366495549679
-0.004096513148397207
-0.004092666786164045
-0.00408882787451148
-0.0040849968791008
-0.004081173799932003
-0.004077359102666378
-0.004073552787303925
-0.004069754853844643
-0.00406596390530467
-0.004062179941684008
-0.004058401565998793
-0.004054628312587738
-0.004050859250128269
-0.004047095309942961
-0.004043335095047951
-0.004039578139781952
-0.00403582351282239
-0.004032071679830551
-0.004028321243822575
-0.004024574067443609
-0.004020828753709793
-0.004017087165266275
-0.004013349302113056
-0.004009615629911423
-0.004005886148661375
-0.004002162255346775
-0.003998443018645048
-0.003994728904217482
-0.003991020377725363
-0.003987317904829979
-0.003983621019870043
-0.003979929722845554
-0.003976244479417801
-0.003972564358264208
-0.003968890756368637
-0.003965223673731089
-0.003961561713367701
-0.003957904875278473
-0.00395425409078598
-0.003950607962906361
-0.003946967422962189
-0.003943330608308315
-0.003939698915928602
-0.003936071880161762
-0.003932448104023933
-0.00392882851883769
-0.003925213124603033
-0.003921600989997387
-0.003917993046343327
-0.003914389293640852
-0.003910789731889963
-0.00390719436109066
-0.003903603879734874
-0.003900018054991961
-0.003896436421200633
-0.003892858978360891
-0.003889286192134023
-0.003885718062520027
-0.003882154822349548
-0.003878596238791943
-0.003875042544677854
-0.00387149304151535
-0.00386794819496572
-0.003864408005028963
-0.003860872704535723
-0.003857341827824712
-0.003853816073387861
-0.00385029474273324
-0.003846778301522136
-0.003843267215415835
-0.003839760553091764
-0.00383625878021121
-0.003832760732620955
-0.003829267341643572
-0.003825778374448419
-0.003822293598204851
-0.003818813012912869
-0.003815336152911186
-0.003811863483861089
-0.00380839454010129
-0.003804930252954364
-0.003801470389589667
-0.003798015182837844
-0.003794564632698894
-0.003791118739172816
-0.003787677735090256
-0.003784241387620568
-0.00378080946393311
-0.003777381964027882
-0.003773959120735526
-0.003770540934056044
-0.003767126938328147
-0.003763716900721192
-0.003760311054065824
-0.00375690869987011
-0.003753510070964694
-0.003750115167349577
-0.003746723756194115
-0.003743336070328951
-0.003739951876923442
-0.003736571641638875
-0.00373319536447525
-0.003729823278263211
-0.003726454917341471
-0.00372309098020196
-0.003719731234014034
-0.003716376377269626
-0.00371302617713809
-0.003709680633619428
-0.003706340212374926
-0.003703004214912653
-0.003699672408401966
-0.003696345258504152
-0.003693022532388568
-0.003689703764393926
-0.003686388954520226
-0.003683078102767467
-0.003679771441966295
-0.003676468972116709
-0.003673171158879995
-0.003669877303764224
-0.003666588105261326
-0.00366330286487937
-0.003660022281110287
-0.003656745888292789
-0.003653473453596234
-0.003650205209851265
-0.00364694045856595
-0.003643679898232222
-0.003640423296019435
-0.003637169953435659
-0.00363392080180347
-0.003630675608292222
-0.003627434140071273
-0.003624196629971266
-0.003620963310822845
-0.003617733949795365
-0.003614508314058185
-0.003611285937950015
-0.003608067752793431
-0.003604852827265859
-0.003601641859859228
-0.00359843485057354
-0.003595231799408793
-0.003592032473534346
-0.00358883710578084
-0.00358564592897892
-0.003582458710297942
-0.003579275449737906
-0.0035760966129601
-0.00357292196713388
-0.003569750813767314
-0.003566583385691047
-0.003563419682905078
-0.003560259938240051
-0.003557104151695967
-0.003553952090442181
-0.003550803754478693
-0.003547659609466791
-0.003544519189745188
-0.00354138296097517
-0.003538250923156738
-0.003535122843459249
-0.003531998954713345
-0.003528878791257739
-0.003525762585923076
-0.003522649873048067
-0.003519541583955288
-0.003516436787322164
-0.003513335483148694
-0.00351023836992681
-0.003507145214825869
-0.003504055086523294
-0.003500967985019088
-0.00349788460880518
-0.003494804725050926
-0.003491728100925684
-0.003488654736429453
-0.003485585330054164
-0.00348251941613853
-0.003479457460343838
-0.003476398997008801
-0.003473343793302774
-0.003470292082056403
-0.00346724409610033
-0.003464199369773269
-0.003461158135905862
-0.003458119928836823
-0.003455086145550013
-0.003452056320384145
-0.003449030686169863
-0.003446008777245879
-0.003442990593612194
-0.003439976600930095
-0.003436967264860868
-0.003433962352573872
-0.003430961631238461
-0.003427965100854635
-0.003424972295761108
-0.003421982983127236
-0.003418997395783663
-0.003416015300899744
-0.00341303669847548
-0.00341006089001894
-0.003407088108360767
-0.00340411881916225
-0.003401152556762099
-0.003398189088329673
-0.00339522841386497
-0.003392270999029279
-0.003389317076653242
-0.003386366181075573
-0.003383418777957559
-0.003380474634468555
-0.003377533750608563
-0.003374595893546939
-0.003371661296114326
-0.003368730423972011
-0.003365803277119994
-0.003362879855558276
-0.003359960159286857
-0.003357044421136379
-0.003354132873937488
-0.003351225517690182
-0.003348322119563818
-0.003345422446727753
-0.00334252673201263
-0.003339634975418448
-0.003336746478453279
-0.00333386124111712
-0.003330979263409972
-0.003328099846839905
-0.003325223689898849
-0.003322350326925516
-0.003319479990750551
-0.003316612215712667
-0.003313747234642506
-0.003310885513201356
-0.003308027051389217
-0.003305172082036734
-0.003302321070805192
-0.003299473552033305
-0.003296629525721073
-0.003293788991868496
-0.003290952648967505
-0.003288120031356812
-0.003285291139036417
-0.003282466204836965
-0.003279644995927811
-0.003276827279478312
-0.003274012356996536
-0.003271200694143772
-0.003268391825258732
-0.003265585750341415
-0.003262782469391823
-0.003259981982409954
-0.003257184056565166
-0.003254389157518744
-0.003251597750931978
-0.003248809371143579
-0.003246024018153548
-0.003243241924792528
-0.003240463323891163
-0.003237688448280096
-0.00323491683229804
-0.00323214870877564
-0.003229384077712893
-0.003226622939109802
-0.003223865060135722
-0.003221110440790653
-0.003218359081074595
-0.003215611213818192
-0.003212867071852088
-0.003210125956684351
-0.003207387868314981
-0.003204652806743979
-0.003201921004801989
-0.003199191996827722
-0.003196465782821178
-0.003193742129951715
-0.00319102150388062
-0.003188303904607892
-0.003185589332133532
-0.003182878019288182
-0.003180169966071844
-0.00317746470682323
-0.00317476294003427
-0.003172064898535609
-0.003169370349496603
-0.003166678827255964
-0.00316399079747498
-0.00316130556166172
-0.003158624051138759
-0.003155945800244808
-0.003153270343318582
-0.003150598146021366
-0.003147929208353162
-0.003145263064652681
-0.003142599714919925
-0.003139938460662961
-0.003137279534712434
-0.003134623169898987
-0.003131969599053264
-0.003129318589344621
-0.003126670373603702
-0.003124024951830506
-0.003121383022516966
-0.003118744352832437
-0.003116108942776918
-0.003113477025181055
-0.003110848600044847
-0.003108223667368293
-0.003105602227151394
-0.003102983813732862
-0.003100368427112699
-0.003097756765782833
-0.003095148131251335
-0.003092542523518205
-0.003089939942583442
-0.003087340155616403
-0.003084743162617087
-0.003082149662077427
-0.003079558257013559
-0.003076969180256128
-0.003074383130297065
-0.003071800107136369
-0.003069219877943397
-0.003066642209887505
-0.003064067335799336
-0.003061495255678892
-0.003058925969526172
-0.003056359710171819
-0.00305379624478519
-0.003051235806196928
-0.003048678394407034
-0.00304612354375422
-0.003043571719899774
-0.003041022922843695
-0.00303847691975534
-0.003035934176295996
-0.003033394226804376
-0.003030857536941767
-0.003028323175385594
-0.003025792073458433
-0.003023263765498996
-0.00302073871716857
-0.003018216229975224
-0.003015696071088314
-0.003013178706169128
-0.003010664135217667
-0.003008151659741998
-0.00300564244389534
-0.003003136022016406
-0.003000632394105196
-0.00299813156016171
-0.002995633985847235
-0.002993139205500484
-0.0029906474519521
-0.002988158725202084
-0.002985673258081079
-0.002983190817758441
-0.002980711171403527
-0.002978234551846981
-0.002975760493427515
-0.002973289228975773
-0.002970820991322398
-0.002968355314806104
-0.002965892665088177
-0.002963432343676686
-0.002960975049063563
-0.002958520548418164
-0.002956068376079202
-0.002953618764877319
-0.002951171481981874
-0.002948726993054152
-0.00294628506526351
-0.002943845931440592
-0.002941409358754754
-0.002938974881544709
-0.002936543198302388
-0.002934114309027791
-0.002931687980890274
-0.002929264213889837
-0.002926843008026481
-0.002924424596130848
-0.002922008745372295
-0.00291959592141211
-0.002917185891419649
-0.002914778888225555
-0.002912375144660473
-0.002909974427893758
-0.00290757673792541
-0.00290518207475543
-0.00290278997272253
-0.002900400897487998
-0.002898014616221189
-0.002895630663260818
-0.002893249271437526
-0.002890870440751314
-0.00288849463686347
-0.002886121161282063
-0.002883750014007092
-0.002881381195038557
-0.002879014471545815
-0.002876650309190154
-0.002874288242310286
-0.002871928503736854
-0.002869570627808571
-0.002867215080186725
-0.002864861628040671
-0.002862510271370411
-0.002860161475837231
-0.002857815241441131
-0.002855471801012754
-0.002853131154552102
-0.002850793534889817
-0.002848459174856544
-0.002846127608790994
-0.002843799302354455
-0.00284147378988564
-0.002839151304215193
-0.002836831612512469
-0.002834514249116182
-0.002832199446856976
-0.002829887205734849
-0.002827577525749803
-0.00282527063973248
-0.00282296584919095
-0.002820663852617145
-0.002818364417180419
-0.002816067077219486
-0.00281377206556499
-0.002811479615047574
-0.002809189492836595
-0.002806901698932052
-0.002804616466164589
-0.002802333794534206
-0.002800053684040904
-0.002797776134684682
-0.00279550114646554
-0.002793228719383478
-0.002790958853438497
-0.002788691548630595
-0.002786426339298487
-0.002784163225442171
-0.002781902905553579
-0.002779644913971424
-0.002777389483526349
-0.002775136148557067
-0.002772885141894221
-0.002770635997876525
-0.002768389182165265
-0.002766144461929798
-0.00276390160433948
-0.002761661075055599
-0.002759422641247511
-0.002757186070084572
-0.002754951594397426
-0.00275271967984736
-0.002750490326434374
-0.002748263534158468
-0.002746039535850286
-0.002743818564340472
-0.002741600153967738
-0.002739384770393372
-0.002737172646448016
-0.002734963316470385
-0.002732757246121764
-0.002730553736910224
-0.00272835255600512
-0.00272615416906774
-0.002723958110436797
-0.00272176438011229
-0.00271957297809422
-0.002717383671551943
-0.002715196460485458
-0.002713010646402836
-0.002710826927796006
-0.002708645071834326
-0.002706465777009726
-0.002704288344830275
-0.00270211324095726
-0.002699940465390682
-0.002697769785299897
-0.002695601899176836
-0.002693436108529568
-0.002691272413358092
-0.002689111744984984
-0.002686953404918313
-0.002684797858819366
-0.002682644873857498
-0.002680494450032711
-0.002678346820175648
-0.002676201751455665
-0.002674059243872762
-0.002671918831765652
-0.002669780747964978
-0.002667644526809454
-0.002665510401129723
-0.002663378370925784
-0.002661248203366995
-0.002659120364114642
-0.002656994853168726
-0.002654871204867959
-0.002652749186381698
-0.002650629263371229
-0.00264851120300591
-0.002646395470947027
-0.002644281834363937
-0.00264217029325664
-0.002640061313286424
-0.002637954661622643
-0.0026358503382653
-0.002633748576045036
-0.002631649374961853
-0.002629552036523819
-0.002627457259222865
-0.002625364577397704
-0.00262327422387898
-0.002621186431497335
-0.002619100734591484
-0.002617017365992069
-0.002614936325699091
-0.002612856915220618
-0.002610779134556651
-0.002608703216537833
-0.002606629626825452
-0.002604558365419507
-0.002602489432319999
-0.002600422827526927
-0.002598358783870935
-0.002596296835690737
-0.002594237448647618
-0.002592180389910936
-0.002590125426650047
-0.002588073024526238
-0.002586022950708866
-0.002583974972367287
-0.002581928856670856
-0.002579885069280863
-0.002577843377366662
-0.002575803082436323
-0.002573764882981777
-0.00257172854617238
-0.002569693839177489
-0.002567661227658391
-0.002565630711615086
-0.002563602291047573
-0.002561576198786497
-0.002559552202001214
-0.002557530999183655
-0.002555511891841888
-0.002553495578467846
-0.00255148159340024
-0.002549469936639071
-0.002547461073845625
-0.002545454073697329
-0.0025434501003474
-0.002541448455303907
-0.002539448905736208
-0.002537451218813658
-0.002535456093028188
-0.002533462131395936
-0.002531470265239477
-0.00252947979606688
-0.002527490491047502
-0.002525502815842628
-0.002523516770452261
-0.002521532354876399
-0.002519549801945686
-0.00251756957732141
-0.002515591681003571
-0.002513615880161524
-0.00251164217479527
-0.002509670332074165
-0.002507701050490141
-0.002505733864381909
-0.002503769006580114
-0.002501806477084756
-0.002499846275895834
-0.002497887937352061
-0.00249593099579215
-0.002493976149708033
-0.002492023399099708
-0.002490073209628463
-0.002488125115633011
-0.002486179349943995
-0.002484235446900129
-0.0024822938721627
-0.002480354625731707
-0.002478417241945863
-0.002476481953635812
-0.00247454852797091
-0.002472617197781801
-0.002470688195899129
-0.002468760823830962
-0.002466835081577301
-0.002464910503476858
-0.002462987322360277
-0.002461066003888845
-0.002459146315231919
-0.002457228489220142
-0.002455312293022871
-0.002453397959470749
-0.002451485954225063
-0.002449576044455171
-0.002447668230161071
-0.002445762977004051
-0.002443860052153468
-0.002441959455609322
-0.002440061187371612
-0.002438165014609694
-0.00243627093732357
-0.002434378722682595
-0.002432488836348057
-0.002430601045489311
-0.002428714884445071
-0.002426830353215337
-0.002424947917461395
-0.002423066878691316
-0.002421187702566385
-0.002419309923425317
-0.002417433774098754
-0.002415559254586697
-0.002413686830550432
-0.002411816269159317
-0.00240994687192142
-0.002408079104498029
-0.00240621343255043
-0.002404349856078625
-0.002402488375082612
-0.002400629688054323
-0.002398773096501827
-0.002396918367594481
-0.00239506596699357
-0.00239321612752974
-0.002391367917880416
-0.002389521803706884
-0.002387677785009146
-0.0023858358617872
-0.002383996266871691
-0.002382158301770687
-0.002380322432145476
-0.002378488657996058
-0.002376656979322433
-0.002374826930463314
-0.002372998744249344
-0.002371172187849879
-0.00236934726126492
-0.002367524430155754
-0.002365703228861094
-0.002363883191719651
-0.002362065017223358
-0.002360248239710927
-0.002358433092013001
-0.002356619806960225
-0.002354807918891311
-0.002352997660636902
-0.002351189265027642
-0.002349382732063532
-0.002347577596083283
-0.002345773857086897
-0.002343972446396947
-0.002342172665521502
-0.002340375445783138
-0.002338579623028636
-0.002336786361411214
-0.002334994962438941
-0.002333205193281174
-0.002331417752429843
-0.002329631941393018
-0.002327847993001342
-0.002326065907254815
-0.002324285684153438
-0.002322507323697209
-0.002320730593055487
-0.002318955957889557
-0.002317182719707489
-0.002315410878509283
-0.002313640899956226
-0.002311873016878963
-0.002310107229277492
-0.002308343071490526
-0.002306580543518066
-0.002304820111021399
-0.002303061075508595
-0.002301303669810295
-0.002299548126757145
-0.002297793980687857
-0.002296041697263718
-0.002294290810823441
-0.002292541321367025
-0.002290793694555759
-0.002289047930389643
-0.002287303097546101
-0.002285559894517064
-0.002283817855641246
-0.002282077446579933
-0.002280339365825057
-0.002278603380545974
-0.002276869723573327
-0.002275138627737761
-0.002273409394547343
-0.002271682256832719
-0.002269957214593887
-0.002268233569338918
-0.002266512252390385
-0.002264793030917645
-0.00226307543925941
-0.002261359710246325
-0.002259645843878388
-0.002257933607324958
-0.002256223233416677
-0.002254514489322901
-0.002252806909382343
-0.002251100493595004
-0.00224939570762217
-0.002247692318633199
-0.002245990093797445
-0.00224428903311491
-0.002242589602246881
-0.002240891801193357
-0.002239195629954338
-0.002237501554191113
-0.002235808875411749
-0.002234117826446891
-0.002232428407296538
-0.002230741083621979
-0.002229055855423212
-0.002227372024208307
-0.002225690521299839
-0.002224010415375233
-0.002222332172095776
-0.002220655558630824
-0.002218980574980378
-0.002217306988313794
-0.002215635497123003
-0.002213965402916074
-0.002212297404184937
-0.002210631035268307
-0.002208966063335538
-0.002207302721217275
-0.002205641008913517
-0.002203980693593621
-0.002202322240918875
-0.002200665418058634
-0.002199010923504829
-0.002197357825934887
-0.00219570635817945
-0.002194056287407875
-0.002192408079281449
-0.002190761500969529
-0.002189116319641471
-0.002187473000958562
-0.002185831079259515
-0.002184190088883042
-0.002182550728321075
-0.002180913230404258
-0.002179277129471302
-0.002177642891183496
-0.002176010049879551
-0.002174378605559468
-0.00217274809256196
-0.002171119442209601
-0.002169492654502392
-0.002167867263779044
-0.002166243270039558
-0.002164621138945222
-0.002163000404834747
-0.002161381766200066
-0.002159764757379889
-0.002158149611204863
-0.002156536327674985
-0.002154924673959613
-0.00215331488288939
-0.00215170718729496
-0.002150101354345679
-0.00214849691838026
-0.002146894577890635
-0.002145293401554227
-0.002143694087862968
-0.002142096403986216
-0.002140499651432037
-0.002138903830200434
-0.002137309173122048
-0.002135715913027525
-0.00213412381708622
-0.002132533583790064
-0.00213094474747777
-0.002129357540979981
-0.002127771731466055
-0.002126187551766634
-0.002124604769051075
-0.002123024081811309
-0.002121444791555405
-0.00211986736394465
-0.002118292031809688
-0.002116718329489231
-0.002115145791321993
-0.002113574650138617
-0.002112005138769746
-0.002110437257215381
-0.002108871005475521
-0.00210730591788888
-0.002105741994455457
-0.002104179700836539
-0.002102618105709553
-0.002101057907566428
-0.002099499106407166
-0.002097941469401121
-0.002096384996548295
-0.002094829920679331
-0.002093276474624872
-0.002091724891215563
-0.002090175170451403
-0.002088627312332392
-0.002087081549689174
-0.002085537649691105
-0.002083995379507542
-0.002082454739138484
-0.002080915728583932
-0.002079378115013242
-0.00207784166559577
-0.002076306147500873
-0.00207477156072855
-0.002073238603770733
-0.002071707742288709
-0.002070178743451834
-0.002068651840090752
-0.002067126799374819
-0.002065604086965322
-0.002064082538709044
-0.002062563085928559
-0.002061044564470649
-0.002059527672827244
-0.002058011945337057
-0.002056497382000089
-0.002054983982816339
-0.002053471514955163
-0.002051959978416562
-0.002050449373200536
-0.002048939699307084
-0.002047431189566851
-0.002045923843979836
-0.002044418128207326
-0.002042913343757391
-0.002041410654783249
-0.002039909595623612
-0.002038410399109125
-0.002036912832409143
-0.002035417128354311
-0.002033923519775271
-0.002032431773841381
-0.002030941192060709
-0.002029452007263899
-0.002027963986620307
-0.002026477130129933
-0.002024991670623422
-0.002023507375270128
-0.002022024244070053
-0.002020542044192553
-0.002019061241298914
-0.002017581835389137
-0.002016103826463223
-0.002014626981690526
-0.002013151533901691
-0.002011677483096719
-0.002010205294936895
-0.002008734736591578
-0.002007266040891409
-0.00200579920783639
-0.002004334004595876
-0.002002870198339224
-0.002001407789066434
-0.001999946543946862
-0.001998486462980509
-0.001997027546167374
-0.001995569793507457
-0.001994113437831402
-0.001992658479139209
-0.001991204917430878
-0.001989752985537052
-0.001988302683457732
-0.001986853312700987
-0.001985405804589391
-0.001983959693461657
-0.001982515212148428
-0.001981072360649705
-0.001979630906134844
-0.001978190382942557
-0.001976750791072845
-0.001975312596186996
-0.001973875565454364
-0.00197243969887495
-0.001971005462110043
-0.001969572622328997
-0.001968140946701169
-0.001966710668057203
-0.001965282019227743
-0.001963855000212789
-0.001962429145351052
-0.001961004221811891
-0.001959580928087234
-0.001958158565685153
-0.00195673736743629
-0.001955317100510001
-0.001953897532075644
-0.001952478545717895
-0.001951060956344008
-0.001949644763953984
-0.001948229735717177
-0.001946816220879555
-0.001945404335856438
-0.00194399431347847
-0.001942585688084364
-0.001941179274581373
-0.001939774956554174
-0.001938372617587447
-0.001936972141265869
-0.00193557352758944
-0.001934176660142839
-0.001932781306095421
-0.001931387116201222
-0.001929994206875563
-0.0019286023452878
-0.001927211531437933
-0.001925821765325963
-0.001924432697705925
-0.00192304456140846
-0.001921657240018249
-0.001920270384289324
-0.001918884459882975
-0.0019174994667992
-0.001916115637868643
-0.001914733205921948
-0.001913351938128471
-0.001911972183734179
-0.001910593826323748
-0.001909217331558466
-0.001907842350192368
-0.001906468998640776
-0.001905096811242402
-0.001903725904412568
-0.001902356510981917
-0.001900988398119807
-0.001899621682241559
-0.001898256246931851
-0.001896891975775361
-0.001895529218018055
-0.001894167740829289
-0.001892807427793741
-0.001891448278911412
-0.001890090410597622
-0.001888733706437051
-0.001887378050014377
-0.001886023790575564
-0.001884670928120613
-0.001883319346234202
-0.001881969044916332
-0.001880619907751679
-0.001879271934740245
-0.001877925475127995
-0.001876580412499607
-0.00187523674685508
-0.001873894361779094
-0.001872553257271647
-0.001871213200502098
-0.001869874307885766
-0.001868536463007331
-0.001867199782282114
-0.001865864265710115
-0.001864529796876013
-0.001863196492195129
-0.001861864468082786
-0.001860533724538982
-0.001859203912317753
-0.001857875264249742
-0.001856548129580915
-0.001855222042649984
-0.001853897469118237
-0.001852574408985674
-0.001851252745836973
-0.001849932479672134
-0.001848613726906478
-0.001847296371124685
-0.001845980412326753
-0.001844665734097362
-0.001843351870775223
-0.001842039171606302
-0.001840727287344635
-0.00183941621799022
-0.001838106079958379
-0.001836796873249114
-0.001835488481447101
-0.001834181253798306
-0.001832874957472086
-0.001831569825299084
-0.001830265857279301
-0.001828963286243379
-0.001827662228606641
-0.001826362567953765
-0.001825064420700073
-0.001823767554014921
-0.001822472317144275
-0.001821178593672812
-0.001819886500015855
-0.001818596036173403
-0.00181730673648417
-0.00181601895019412
-0.001814732328057289
-0.001813446986488998
-0.001812162692658603
-0.001810879562981427
-0.001809597597457469
-0.001808316679671407
-0.001807037042453885
-0.001805758336558938
-0.001804480678401887
-0.001803204300813377
-0.001801928970962763
-0.00180065433960408
-0.001799380872398615
-0.001798108220100403
-0.001796836382709444
-0.001795565360225737
-0.001794295269064605
-0.001793026342056692
-0.001791758695617318
-0.001790492213331163
-0.001789226895198226
-0.001787962741218507
-0.001786699634976685
-0.001785437809303403
-0.001784177147783339
-0.001782917534001172
-0.001781659433618188
-0.001780402497388422
-0.001779147074557841
-0.001777892583049834
-0.001776639488525689
-0.001775387790985405
-0.001774137490428984
-0.001772888586856425
-0.001771641080267727
-0.00177039485424757
-0.001769149908795953
-0.001767906011082232
-0.001766662811860442
-0.001765420660376549
-0.001764179323799908
-0.001762939034961164
-0.001761699793860316
-0.001760461600497365
-0.001759224338456988
-0.001757988124154508
-0.001756752724759281
-0.001755518489517272
-0.001754285418428481
-0.001753053511492908
-0.001751822885125875
-0.001750593306496739
-0.0017493647756055
-0.001748137408867478
-0.001746911206282675
-0.001745685935020447
-0.00174446206074208
-0.001743239467032254
-0.001742018037475646
-0.001740797888487577
-0.001739578670822084
-0.001738360268063843
-0.001737142913043499
-0.001735926489345729
-0.001734710996970534
-0.001733496785163879
-0.001732283737510443
-0.001731071737594903
-0.001729861018247902
-0.001728651579469442
-0.001727443654090166
-0.001726236892864108
-0.00172503141220659
-0.001723827095702291
-0.001722624059766531
-0.001721422071568668
-0.001720221131108701
-0.001719021238386631
-0.001717822393402457
-0.001716624479740858
-0.001715427613817155
-0.001714231562800705
-0.001713036326691508
-0.001711841905489564
-0.001710648415610194
-0.001709455857053399
-0.001708264229819179
-0.001707073533907533
-0.001705883769318461
-0.001704695052467287
-0.001703507616184652
-0.001702321227639914
-0.001701136119663715
-0.001699952175840735
-0.001698769629001617
-0.001697588479146361
-0.001696408609859645
-0.001695230370387435
-0.001694053411483765
-0.001692877616733313
-0.001691702753305435
-0.001690528821200132
-0.001689355704002082
-0.001688183401711285
-0.001687011914327741
-0.001685841241851449
-0.001684671617113054
-0.001683502807281911
-0.0016823346959427
-0.001681167399510741
-0.001680001034401357
-0.001678835484199226
-0.001677670748904347
-0.001676507061347365
-0.00167534442152828
-0.001674182829447091
-0.00167302240151912
-0.001671863370575011
-0.001670705853030086
-0.001669549848884344
-0.001668395241722465
-0.00166724156588316
-0.001666089287027717
-0.001664938288740814
-0.001663788571022451
-0.001662639784626663
-0.001661491929553449
-0.001660344889387488
-0.001659198780544102
-0.001658053719438612
-0.001656909938901663
-0.001655767089687288
-0.001654625055380166
-0.00165348406881094
-0.001652344013564289
-0.001651204656809568
-0.001650066231377423
-0.00164892862085253
-0.001647791708819568
-0.001646655611693859
-0.001645520213060081
-0.001644385629333556
-0.001643251976929605
-0.001642119255848229
-0.001640987466089427
-0.001639856724068522
-0.001638727262616158
-0.001637598732486367
-0.001636471366509795
-0.001635345164686441
-0.001634220243431628
-0.001633096719160676
-0.001631974591873586
-0.001630853745155036
-0.001629734179005027
-0.001628616009838879
-0.00162749900482595
-0.001626383047550917
-0.001625268254429102
-0.001624154159799218
-0.001623040880076587
-0.001621928298845887
-0.001620816416107118
-0.00161970523186028
-0.001618594862520695
-0.00161748519167304
-0.001616376335732639
-0.00161526829469949
-0.001614161068573594
-0.001613054773770273
-0.001611949526704848
-0.001610845443792641
-0.001609742292203009
-0.001608640188351274
-0.001607539132237434
-0.00160643900744617
-0.00160533981397748
-0.001604241668246686
-0.001603144337423146
-0.001602047705091536
-0.001600951887667179
-0.00159985723439604
-0.001598763628862798
-0.001597671303898096
-0.001596580143086612
-0.001595490262843668
-0.001594401663169265
-0.001593314344063401
-0.001592228072695434
-0.001591142965480685
-0.001590058556757867
-0.00158897484652698
-0.001587891951203346
-0.001586809754371643
-0.001585728023201227
-0.00158464687410742
-0.001583566423505545
-0.001582486787810922
-0.00158140785060823
-0.001580329611897469
-0.001579252537339926
-0.001578176277689636
-0.001577101298607886
-0.001576027483679354
-0.001574954832904041
-0.001573883579112589
-0.001572813605889678
-0.001571744913235307
-0.001570677384734154
-0.001569610787555575
-0.001568545121699572
-0.001567480503581464
-0.00156641670037061
-0.001565353479236364
-0.001564290723763406
-0.001563228666782379
-0.001562167308293283
-0.001561106531880796
-0.001560046570375562
-0.00155898742377758
-0.001557929441332817
-0.00155687250662595
-0.001555816386826336
-0.001554761547595263
-0.001553707639686763
-0.001552655128762126
-0.001551603781990707
-0.001550553599372506
-0.001549504580907524
-0.001548456843011081
-0.001547409920021892
-0.001546363579109311
-0.001545317936688662
-0.001544272876344621
-0.001543228514492512
-0.001542184734717011
-0.001541141653433442
-0.001540099503472447
-0.001539058168418705
-0.001538017531856894
-0.001536977710202336
-0.001535938819870353
-0.001534900744445622
-0.001533863600343466
-0.001532827503979206
-0.001531792571768165
-0.001530758570879698
-0.001529725734144449
-0.001528694061562419
-0.001527663320302963
-0.001526633859612048
-0.001525605446659029
-0.001524577848613262
-0.00152355118189007
-0.00152252521365881
-0.001521500176750124
-0.00152047595474869
-0.001519452431239188
-0.001518429606221616
-0.001517407712526619
-0.001516386400908232
-0.001515366020612419
-0.001514346338808537
-0.001513327355496585
-0.001512309303507209
-0.001511292066425085
-0.001510275760665536
-0.001509260502643883
-0.001508245943114161
-0.001507232547737658
-0.001506220083683729
-0.00150520890019834
-0.001504198764450848
-0.00150318956002593
-0.001502181286923587
-0.001501173828728497
-0.00150016718544066
-0.001499161357060075
-0.001498156227171421
-0.001497152261435986
-0.001496148994192481
-0.001495146541856229
-0.00149414490442723
-0.001493144081905484
-0.001492143725045025
-0.001491144183091819
-0.001490145456045866
-0.001489147776737809
-0.001488151261582971
-0.001487155677750707
-0.001486161025241017
-0.001485167304053903
-0.001484174747020006
-0.001483183004893363
-0.001482192077673972
-0.001481202314607799
-0.001480213250033557
-0.001479225000366569
-0.001478237565606833
-0.001477250829339027
-0.001476264907978475
-0.001475279801525176
-0.001474295160733163
-0.001473311218433082
-0.001472327741794288
-0.001471344963647425
-0.001470362651161849
-0.001469381269998848
-0.001468400587327778
-0.001467420952394605
-0.001466442015953362
-0.001465464010834694
-0.001464487053453922
-0.001463511143811047
-0.001462536165490746
-0.001461562234908342
-0.001460589119233191
-0.001459617051295936
-0.001458645798265934
-0.001457675360143185
-0.001456705504097044
-0.001455736695788801
-0.001454768469557166
-0.001453801058232784
-0.001452834461815655
-0.001451868796721101
-0.001450903946533799
-0.001449939794838428
-0.001448976458050311
-0.001448013819754124
-0.001447052229195833
-0.001446091337129474
-0.001445131259970367
-0.001444171997718513
-0.001443213666789234
-0.001442255917936563
-0.001441299100406468
-0.001440342864952981
-0.001439387444406748
-0.001438432722352445
-0.001437478815205395
-0.001436525606550276
-0.001435573445633054
-0.001434621983207762
-0.001433671452105045
-0.001432721503078938
-0.001431772601790726
-0.001430824515409768
-0.001429877593182027
-0.001428931718692183
-0.001427986775524914
-0.001427042880095541
-0.001426100148819387
-0.001425158465281129
-0.001424218062311411
-0.001423278357833624
-0.001422339351847768
-0.001421401277184486
-0.001420463901013136
-0.001419527223333716
-0.001418591244146228
-0.001417655847035348
-0.0014167211484164
-0.001415787148289382
-0.00141485407948494
-0.001413921709172428
-0.001412989571690559
-0.001412058132700622
-0.001411127392202616
-0.001410197233781219
-0.001409267773851752
-0.001408338895998895
-0.001407410483807325
-0.001406482886523008
-0.001405556104145944
-0.001404629787430167
-0.001403704285621643
-0.001402779365889728
-0.001401855261065066
-0.0014009322039783
-0.001400009728968143
-0.001399088185280561
-0.00139816734008491
-0.001397247542627156
-0.001396328560076654
-0.001395410508848727
-0.001394493272528052
-0.001393576967529953
-0.001392661361023784
-0.001391746802255511
-0.001390833407640457
-0.001389920944347978
-0.001389009179547429
-0.001388098462484777
-0.001387188676744699
-0.00138628005515784
-0.001385372132062912
-0.001384465023875237
-0.001383558730594814
-0.001382653252221644
-0.001381748355925083
-0.001380844158120453
-0.001379940542392433
-0.001379037392325699
-0.001378134707920253
