0
0
0
0
0
0
0
0
0
0
0
0
0
0
0
0
0
0
0
0
0
0
0
0
0
0
0
0
0
0
0
0
0
0
0
0
0
0
0
0
0
0
0
0
0
0
0
0
0
0
0
0
0
0
0
0
0
0
0
0
0
0
0
0
0
0
0
0
0
0
0
0
0
0
0
0
0
0
0
0
0
0
0
0
0
0
0
0
0
0
0
0
0
0
0
0
0
0
0
0
0
0
0
0
0
0
0
0
0
0
0
0
0
0
0
0
0
0
0
0
0
0
0
0
0
0
0
0
0
0
0
0
0
0
0
0
0
0
0
0
0
0
0
0
0
0
0
0
0
0
0
0
0
0
0
0
0
0
0
0
0
0
0
0
0
0
0
0
0
0
0
0
0
0
0
0
0
0
0
0
0
0
0
0
0
0
0
0
0
0
0
0
0
0
0
0
0
0
0
0
0
0
0
0
0
0
0
0
0
0
0
0
0
0
0
0
0
0
0
0
0
0
0
0
0
0
0
0
0
0
0
0
0
0
0
0
0
0
0
0
0
0
0
0
0
0
0
0
0
0
0
0
0
0
0
0
0
0
0
0
0
0
0
0
0
0
0
0
0
0
0
0
0
0
0
0
0
0
0
0
0
0
0
0
0
0
0
0
0
0
0
0
0
0
0
0
0
0
0
0
0
0
0
0
0
0
0
0
0
0
0
0
0
0
0
0
0
0
0
0
0
0
0
0
0
0
0
0
0
0
0
0
0
0
0
0
0
0
0
0
0
0
0
0
0
0
0
0
0
0
0
0
0
0
0
0
0
0
0
0
0
0
0
0
0
0
0
0
0
0
0
0
0
0
0
0
0
0
0
0
0
0
0
0
0
0
0
0
0
0
0
0
0
0
0
0
0
0
0
0
0
0
0
0
0
0
0
0
0
0
0
0
0
0
0
0
0
0
0
0
0
0
0
0
0
0
0
0
0
0
0
0
0
0
0
0
0
0
0
0
0
0
0
0
0
0
0
0
0
0
0
0
0
0
0
0
0
0
0
0
0
0
0
0
0
0
0
0
0
0
0
0
0
0
0
0
0
0
0
0
0
0
0
0
0
0
0
0
0
0
0
0
0
0
0
0
0
0
0
0
0
0
0
0
0
0
0
0
0
0
0
0
0
0
0
0
0
0
0
0
0
0
0
0
0
0
0
0
0
0
0
0
0
0
0
0
0
0
0
0
0
0
0
0
0
0
0
0
0
0
0
0
0
0
0
0
0
0
0
0
0
0
0
0
0
0
0
0
0
0
0
0
0
0
0
0
0
0
0
0
0
0
0
0
0
0
0
0
0
0
0
0
0
0
0
0
0
0
0
0
0
0
0
0
0
0
0
0
0
0
0
0
0
0
0
0
0
0
0
0
0
0
0
0
0
0
0
0
0
0
0
0
0
0
0
0
0
0
0
0
0
0
0
0
0
0
0
0
0
0
0
0
0
0
0
0
0
0
0
0
0
0
0
0
0
0
0
0
0
0
0
0
0
0
0
0
0
0
0
0
0
0
0
0
0
0
0
0
0
0
0
0
0
0
0
0
0
0
0
0
0
0
0
0
0
0
0
0
0
0
0
0
0
0
0
0
0
0
0
0
0
0
0
0
0
0
0
0
0
0
0
0
0
0
0
0
0
0
0
0
0
0
0
0
0
0
0
0
0
0
0
0
0
0
0
0
0
0
0
0
0
0
0
0
0
0
0
0
0
0
0
0
0
0
0
0
0
0
0
0
0
0
0
0
0
0
0
0
0
0
0
0
0
0
0
0
0
0
0
0
0
0
0
0
0
0
0
0
0
0
0
0
0
0
0
0
0
0
0
0
0
0
0
0
0
0
0
0
0
0
0
0
0
0
0
0
0
0
0
0
0
0
0
0
0
0
0
0
0
0
0
0
0
0
0
0
0
0
0
0
0
0
0
0
0
0
0
0
0
0
0
0
0
0
0
0
0
0
0
0
0
0
0
0
0
0
0
0
0
0
0
0
0
0
0
0
0
0
0
0
0
0
0
0
0
0
0
0
0
0
0
0
0
0
0
0
0
0
0
0
0
0
0
0
0
0
0
0
0
0
0
0
0
0
0
0
0
0
0
0
0
0
0
0
0
0
0
0
0
0
0
0
0
0
0
0
0
0
0
0
0
0
0
0
0
0
0
0
0
0
0
0
0
0
0
0
0
0
0
0
0
0
0
0
0
0
0
0
0
0
0
0
0
0
0
0
0
0
0
0
0
0
0
0
0
0
0
0
0
0
0
0
0
0
0
0
0
0
0
0
0
0
0
0
0
0
0
0
0
0
0
0
0
0
0
0
0
0
0
0
0
0
0
0
0
0
0
0
0
0
0
0
0
0
0
0
0
0
0
0
0
0
0
0
0
0
0
0
0
0
0
0
0
0
0
0
0
0
0
0
0
0
0
0
0
0
0
0
0
0
0
0
0
0
0
0
0
0
0
0
0
0
0
0
0
0
0
0
0
0
0
0
0
0
0
0
0
0
0
0
0
0
0
0
0
0
0
0
0
0
0
0
0
0
0
0
0
0
0
0
0
0
0
0
0
0
0
0
0
0
0
0
0
0
0
0
1.401298464324817e-44
6.305843089461677e-44
1.653532187903284e-43
3.783505853677006e-43
8.239634970229924e-43
1.713788021869251e-42
3.52566693624124e-42
7.183055928129012e-42
1.457070143204945e-41
2.945249112317901e-41
5.932537178565546e-41
1.191327902430386e-40
2.385654583574428e-40
4.763630051564356e-40
9.485305227106827e-40
1.883490871092844e-39
3.729760452376292e-39
7.365583460898106e-39
1.450591379884985e-38
2.84902923352473e-38
5.58039199551949e-38
1.090060994984226e-37
2.123523208682742e-37
4.125583211724335e-37
7.993514046864474e-37
1.544600043332615e-36
2.976611382671363e-36
5.720815464426993e-36
1.096541796352672e-35
2.096166293271673e-35
3.996330669966675e-35
7.598605557412728e-35
1.440936816861047e-34
2.725185976475994e-34
5.140310522338646e-34
9.669992137043423e-34
1.814295817283536e-33
3.394977560704496e-33
6.335985815277148e-33
1.179346592746726e-32
2.189375273074597e-32
4.053704023754167e-32
7.485803108310455e-32
1.378735090640194e-31
2.532682042264734e-31
4.640229625435936e-31
8.479271453611301e-31
1.545394211161642e-30
2.809202418126179e-30
5.09320562120892e-30
9.210112966941263e-30
1.661137748378634e-29
2.98823378125924e-29
5.361581927705043e-29
9.594934834688599e-29
1.712627425256516e-28
3.048995787669063e-28
5.414082296506553e-28
9.588885488733279e-28
1.693900067663284e-27
2.984591294029545e-27
5.245179684831251e-27
9.194230857877246e-27
1.607499768870161e-26
2.803288717222401e-26
4.876039542766867e-26
8.459600750253477e-26
1.463917901285962e-25
2.52678730000468e-25
4.350172968803204e-25
7.470181943900855e-25
1.279508919656551e-24
2.185968081032027e-24
3.725059964591057e-24
6.331585768629736e-24
1.073450838705087e-23
1.815277490174107e-23
3.061932364723511e-23
5.151581041987641e-23
8.645268655280008e-23
1.447137815159572e-22
2.416213552416217e-22
4.023975438564546e-22
6.684521553868547e-22
1.107594638260112e-21
1.830573717696508e-21
3.01779620292157e-21
4.962371201392119e-21
8.139272242794962e-21
1.331616675838031e-20
2.173053552377954e-20
3.537198782687207e-20
5.743101422023746e-20
9.301046282214695e-20
1.502503530844449e-19
2.421016256756754e-19
3.891155570653241e-19
6.238183623544424e-19
9.975539693448091e-19
1.59115842245241e-18
2.531565378408074e-18
4.017570326646059e-18
6.359697075913923e-18
1.004171372886203e-17
1.581530288276476e-17
2.484535735168157e-17
3.893237056927397e-17
6.08518924870432e-17
9.487125027783807e-17
1.475340282308267e-16
2.288476029804634e-16
3.540761832156506e-16
5.464404889710952e-16
8.41171055742827e-16
1.291577754950867e-15
1.978112675897936e-15
3.021865848778496e-15
4.604604932480043e-15
6.998450908011046e-15
1.060970006918098e-14
1.604335459241216e-14
2.419788307716445e-14
3.640397513060729e-14
5.462716731871251e-14
8.176284356595925e-14
1.220646305387374e-13
1.817645426532843e-13
2.69968455143127e-13
3.999449155103058e-13
5.909755649256832e-13
8.710035188756737e-13
1.280412733305203e-12
1.877407517641982e-12
2.745644423624016e-12
4.005029814735384e-12
5.826952201998248e-12
8.455706621002257e-12
1.22385409098702e-11
1.766765726773922e-11
2.54387795550759e-11
3.653253047297689e-11
5.232722241621524e-11
7.475463303929786e-11
1.065146304490838e-10
1.513697639454747e-10
2.145486011073672e-10
3.032961104487697e-10
4.276223264376711e-10
6.013179398856039e-10
8.43326630750596e-10
1.179595088274255e-09
1.645558134200087e-09
2.289465284022185e-09
3.176822138684088e-09
4.396297104136693e-09
6.067555347044618e-09
8.351609182000175e-09
1.146445516297945e-08
1.569497065645464e-08
2.142832755680502e-08
2.917653318945668e-08
3.961807948371643e-08
5.364930899531828e-08
7.24506605820352e-08
9.757184216141468e-08
1.310409345478547e-07
1.755036009853939e-07
2.344001046594713e-07
3.121895133517683e-07
4.146326091358787e-07
5.491475576491212e-07
7.252551199599111e-07
9.551339417157578e-07
1.254310177500884e-06
1.642510255805973e-06
2.144711288565304e-06
2.792430223053088e-06
3.625295448728139e-06
4.692960374086397e-06
6.057416158000706e-06
7.795777491992339e-06
1.000362044578651e-05
1.279896696360083e-05
1.632700332265813e-05
2.076566488540266e-05
2.633216172398534e-05
3.329063474666327e-05
4.196098961983807e-05
5.272911585052498e-05
6.605859380215406e-05
8.250397513620555e-05
0.0001027258258545771
0.0001275075192097574
0.0001577739894855767
0.0001946123084053397
0.000239294080529362
0.0002932997304014862
0.0003583443176466972
0.0004364045744296163
0.0005297470488585532
0.0006409562774933875
0.0007729632197879255
0.000929072208236903
0.001112985890358686
0.001328827114775777
0.001581155578605831
0.001874978886917233
0.002215755172073841
0.002609387505799532
0.003062202828004956
0.003580922726541758
0.0041726129129529
0.004844619426876307
0.00560448132455349
0.006459825672209263
0.007418240886181593
0.008487123064696789
0.009673505090177059
0.01098386105149984
0.01242389343678951
0.01399830169975758
0.01571053825318813
0.01756256259977818
0.01955458894371986
0.02168483845889568
0.02394932508468628
0.02634164877235889
0.02885283902287483
0.03147124871611595
0.03418248891830444
0.03696947544813156
0.03981250897049904
0.0426894836127758
0.04557615891098976
0.04844657704234123
0.05127353966236115
0.05402917787432671
0.05668562278151512
0.05921574681997299
0.06159396842122078
0.06379702687263489
0.06580483913421631
0.06760125607252121
0.06917478889226913
0.07051923871040344
0.07163415104150772
0.07252512872219086
0.0732039287686348
0.07368838787078857
0.07400205731391907
0.07417357712984085
0.07423590868711472
0.07422520965337753
0.07417965680360794
0.07413806021213531
0.07413832098245621
0.07421596348285675
0.07440262287855148
0.07472462207078934
0.0752018541097641
0.07584673166275024
0.07666358351707458
0.07764832675457001
0.07878860086202621
0.08006425201892853
0.0814482569694519
0.082908034324646
0.08440699428319931
0.08590647578239441
0.08736772835254669
0.08875393867492676
0.09003235399723053
0.09117598831653595
0.09216523170471191
0.09298895299434662
0.09364516288042068
0.09414109587669373
0.09449285268783569
0.09472434967756271
0.09486588090658188
0.09495223313570023
0.09502050280570984
0.09510771930217743
0.0952484980225563
0.09547282010316849
0.09580408781766891
0.09625765681266785
0.09683988988399506
0.09754783660173416
0.0983695462346077
0.09928502887487411
0.1002677977085114
0.101286806166172
0.1023088395595551
0.103300929069519
0.1042327880859375
0.1050790697336197
0.1058211773633957
0.1064485609531403
0.1069593951106071
0.1073605343699455
0.1076667830348015
0.1078996434807777
0.1080853715538979
0.1082528010010719
0.108430951833725
0.1086466014385223
0.1089221611618996
0.1092739254236221
0.1097108572721481
0.1102340519428253
0.1108367964625359
0.1115054562687874
0.1122208088636398
0.1129599139094353
0.1136982962489128
0.1144121587276459
0.1150804832577705
0.1156868785619736
0.1162209510803223
0.1166790127754211
0.1170642375946045
0.117386132478714
0.1176594197750092
0.117902435362339
0.1181353330612183
0.1183779612183571
0.1186480820178986
0.1189596578478813
0.1193216517567635
0.1197373270988464
0.1202041953802109
0.120714470744133
0.1212561056017876
0.1218141466379166
0.1223724260926247
0.1229152679443359
0.1234290823340416
0.1239036694169044
0.1243331506848335
0.1247164011001587
0.1250569075345993
0.1253622770309448
0.1256431341171265
0.1259118914604187
0.1261813044548035
0.1264630854129791
0.1267666816711426
0.1270983815193176
0.1274607181549072
0.1278524249792099
0.1282688230276108
0.1287024021148682
0.1291439831256866
0.1295837163925171
0.1300122737884521
0.1304219514131546
0.1308074593544006
0.1311663091182709
0.1314990073442459
0.131808802485466
0.1321012079715729
0.1323831528425217
0.1326621323823929
0.1329452395439148
0.1332384198904037
0.1335457563400269
0.1338690966367722
0.1342080235481262
0.1345600485801697
0.1349209845066071
0.1352856457233429
0.1356484889984131
0.1360043436288834
0.1363490521907806
0.1366799026727676
0.1369958817958832
0.137297660112381
0.1375874429941177
0.1378685832023621
0.1381450295448303
0.1384208649396896
0.1386996954679489
0.1389842331409454
0.1392761021852493
0.1395756006240845
0.1398818045854568
0.1401927918195724
0.1405059546232224
0.1408184021711349
0.1411273181438446
0.1414303928613663
0.1417260766029358
0.1420136988162994
0.1422935426235199
0.1425666809082031
0.1428348273038864
0.1430999785661697
0.143364205956459
0.1436293125152588
0.14389668405056
0.1441670507192612
0.1444404870271683
0.1447164416313171
0.1449938863515854
0.1452714800834656
0.1455477625131607
0.1458214372396469
0.1460914760828018
0.1463572829961777
0.146618664264679
0.1468759179115295
0.1471297144889832
0.147380992770195
0.1476307511329651
0.1478799283504486
0.1481293439865112
0.1483794450759888
0.1486303955316544
0.1488820612430573
0.1491340547800064
0.1493857502937317
0.1496364921331406
0.1498856544494629
0.1501327157020569
0.1503773331642151
0.1506194025278091
0.1508590430021286
0.1510965079069138
0.1513322293758392
0.1515666544437408
0.1518002152442932
0.1520332843065262
0.1522661149501801
0.1524987667798996
0.15273118019104
0.1529631912708282
0.1531945168972015
0.153424859046936
0.1536539345979691
0.1538815200328827
0.154107466340065
0.1543317288160324
0.1545543670654297
0.1547754853963852
0.1549952179193497
0.1552137583494186
0.155431255698204
0.155647799372673
0.1558634340763092
0.1560780704021454
0.1562915593385696
0.1565036922693253
0.1567142158746719
0.1569228023290634
0.1571291387081146
0.1573329120874405
0.15753373503685
0.1577312797307968
0.1579250693321228
0.1581146419048309
0.1582994610071182
0.1584788262844086
0.1586519479751587
0.1588178426027298
0.1589753329753876
0.159123033285141
0.1592593342065811
0.1593823730945587
0.1594900190830231
0.159579873085022
0.1596492379903793
0.1596951484680176
0.1597142815589905
0.1597030013799667
0.1596572995185852
0.1595728248357773
0.1594448089599609
0.1592681407928467
0.1590374112129211
0.1587468236684799
0.1583903729915619
0.1579617708921432
0.157454639673233
0.1568625569343567
0.1561791598796844
0.1553982794284821
0.1545141190290451
0.153521403670311
0.1524155586957932
0.1511928737163544
0.1498507112264633
0.1483877897262573
0.1468042433261871
0.1451019197702408
0.1432844996452332
0.1413577347993851
0.1393294930458069
0.1372099220752716
0.1350114494562149
0.1327487230300903
0.1304386258125305
0.1281000524759293
0.125753715634346
0.1234218180179596
0.1211276277899742
0.1188950389623642
0.1167479902505875
0.114709883928299
0.1128029152750969
0.1110473498702049
0.1094609424471855
0.1080581173300743
0.1068494096398354
0.1058408692479134
0.1050336286425591
0.1044235453009605
0.1040010452270508
0.10375115275383
0.103653684258461
0.103683665394783
0.1038120165467262
0.1040063500404358
0.1042320653796196
0.1044535040855408
0.1046352908015251
0.1047436892986298
0.1047480404376984
0.1046221032738686
0.1043452471494675
0.1039034724235535
0.1032902225852013
0.1025067791342735
0.101562425494194
0.1004740595817566
0.09926553815603256
0.09796662628650665
0.09661147743463516
0.09523694962263107
0.09388063848018646
0.0925787165760994
0.09136396646499634
0.09026368707418442
0.08929798007011414
0.08847830444574356
0.08780656009912491
0.08727458119392395
0.08686426281929016
0.0865483433008194
0.08629169315099716
0.08605311810970306
0.08578762412071228
0.08544900268316269
0.08499248325824738
0.08437743037939072
0.08356979489326477
0.08254420757293701
0.08128544688224792
0.07978938519954681
0.07806307077407837
0.07612405717372894
0.0739990621805191
0.07172189652919769
0.06933087855577469
0.06686592847108841
0.06436555832624435
0.06186394765973091
0.05938837304711342
0.05695723369717598
0.05457880347967148
0.05225082114338875
0.04996106401085854
0.04768878594040871
0.04540694504976273
0.04308510199189186
0.04069270566105843
0.03820250183343887
0.03559380024671555
0.03285526484251022
0.02998697198927402
0.02700156904757023
0.02392435818910599
0.02079226449131966
0.01765177026391029
0.01455593667924404
0.0115607799962163
0.008721267804503441
0.006087305024266243
0.003700052155181766
0.001588912098668516
-0.0002305543166585267
-0.001757584395818412
-0.003005948849022388
-0.004002498462796211
-0.004784659948199987
-0.005397113971412182
-0.005887980572879314
-0.006304881535470486
-0.006691258400678635
-0.007083300966769457
-0.007507786154747009
-0.007981018163263798
-0.008508948609232903
-0.009088432416319847
-0.00970944669097662
-0.01035799644887447
-0.01101934630423784
-0.01168120093643665
-0.01233642268925905
-0.01298496965318918
-0.01363479252904654
-0.01430157665163279
-0.0150073142722249
-0.01577788591384888
-0.01663988083600998
-0.01761708222329617
-0.01872697658836842
-0.01997776888310909
-0.02136624604463577
-0.02287681773304939
-0.02448187209665775
-0.02614347636699677
-0.02781626768410206
-0.02945126593112946
-0.03100019879639149
-0.03241987153887749
-0.0336761362850666
-0.03474697843194008
-0.0356244221329689
-0.03631501644849777
-0.03683888167142868
-0.03722741827368736
-0.03751995041966438
-0.03775971010327339
-0.03798960894346237
-0.03824827820062637
-0.03856683522462845
-0.03896667435765266
-0.0394585058093071
-0.04004266858100891
-0.04071065783500671
-0.04144749417901039
-0.0422346368432045
-0.04305306449532509
-0.0438859649002552
-0.04472080245614052
-0.04555046185851097
-0.04637334123253822
-0.04719249159097672
-0.04801394045352936
-0.04884450882673264
-0.04968952760100365
-0.05055082589387894
-0.05142528936266899
-0.05230433866381645
-0.05317431688308716
-0.05401789024472237
-0.05481614917516708
-0.05555122345685959
-0.05620893836021423
-0.05678118392825127
-0.05726760998368263
-0.05767633020877838
-0.05802357196807861
-0.05833220481872559
-0.05862939357757568
-0.05894358083605766
-0.05930127575993538
-0.05972403660416603
-0.06022603437304497
-0.06081254780292511
-0.06147957220673561
-0.06221455708146095
-0.06299815326929092
-0.06380678713321686
-0.06461560726165771
-0.06540141254663467
-0.06614525616168976
-0.06683430075645447
-0.0674627274274826
-0.06803175061941147
-0.06854859739542007
-0.06902486085891724
-0.06947436183691025
-0.06991101801395416
-0.0703468918800354
-0.07079080492258072
-0.07124760746955872
-0.07171822339296341
-0.07220034301280975
-0.07268960028886795
-0.07318101078271866
-0.07367035746574402
-0.07415526360273361
-0.07463575899600983
-0.07511435449123383
-0.07559546083211899
-0.07608439773321152
-0.07658614218235016
-0.07710415124893188
-0.07763927429914474
-0.07818921655416489
-0.07874855399131775
-0.07930926233530045
-0.07986181229352951
-0.08039649575948715
-0.08090496063232422
-0.08138153702020645
-0.08182413130998611
-0.08223474025726318
-0.08261918276548386
-0.08298628777265549
-0.08334676176309586
-0.08371157944202423
-0.08409050107002258
-0.08449073880910873
-0.08491609245538712
-0.08536653220653534
-0.0858384370803833
-0.08632531017065048
-0.08681894838809967
-0.08731068670749664
-0.08779270201921463
-0.08825909346342087
-0.08870648592710495
-0.08913429081439972
-0.08954447507858276
-0.0899408757686615
-0.09032838046550751
-0.09071197360754013
-0.09109588712453842
-0.09148302674293518
-0.0918746292591095
-0.09227035939693451
-0.09266867488622665
-0.09306734055280685
-0.09346408396959305
-0.09385715425014496
-0.09424572438001633
-0.09463003277778625
-0.09501126408576965
-0.09539126604795456
-0.09577199071645737
-0.09615503996610641
-0.09654122591018677
-0.09693025052547455
-0.09732072055339813
-0.09771029651165009
-0.09809607267379761
-0.09847512096166611
-0.09884494543075562
-0.09920398890972137
-0.09955183416604996
-0.09988928586244583
-0.1002181768417358
-0.1005409806966782
-0.1008603274822235
-0.1011784672737122
-0.1014967784285545
-0.1018154472112656
-0.1021333709359169
-0.1024481952190399
-0.1027566194534302
-0.1030547991394997
-0.1033387407660484
-0.1036047339439392
-0.1038495972752571
-0.1040708497166634
-0.1042666584253311
-0.1044356450438499
-0.104576587677002
-0.1046880632638931
-0.1047681346535683
-0.1048141121864319
-0.1048224568367004
-0.1047888100147247
-0.1047080978751183
-0.1045747846364975
-0.1043831780552864
-0.1041276156902313
-0.1038027107715607
-0.1034034267067909
-0.102925144135952
-0.102363608777523
-0.1017148941755295
-0.1009753495454788
-0.1001415699720383
-0.09921042621135712
-0.09817923605442047
-0.09704600274562836
-0.09580961614847183
-0.09447021782398224
-0.09302942454814911
-0.09149052202701569
-0.08985862880945206
-0.08814074099063873
-0.08634568005800247
-0.08448397368192673
-0.0825677216053009
-0.08061040937900543
-0.07862675189971924
-0.07663249969482422
-0.07464431971311569
-0.07267961651086807
-0.07075634598731995
-0.06889275461435318
-0.06710712611675262
-0.06541737914085388
-0.0638405978679657
-0.06239252910017967
-0.06108704209327698
-0.0599355511367321
-0.05894652754068375
-0.05812506005167961
-0.05747250840067863
-0.05698629841208458
-0.05665984377264977
-0.05648260936141014
-0.05644027516245842
-0.05651508644223213
-0.05668622627854347
-0.05693037062883377
-0.05722228437662125
-0.05753552168607712
-0.05784320086240768
-0.05811883881688118
-0.05833722651004791
-0.05847533792257309
-0.05851319432258606
-0.05843467637896538
-0.05822823196649551
-0.05788745731115341
-0.05741143599152565
-0.05680490657687187
-0.05607815459370613
-0.05524668842554092
-0.05433061346411705
-0.05335384979844093
-0.05234310403466225
-0.05132673680782318
-0.05033349245786667
-0.04939122125506401
-0.04852556809782982
-0.04775877669453621
-0.04710856825113297
-0.04658729955554008
-0.04620125517249107
-0.04595028236508369
-0.04582773149013519
-0.04582071304321289
-0.04591071233153343
-0.04607447981834412
-0.04628525301814079
-0.04651416093111038
-0.04673181474208832
-0.04690990597009659
-0.04702283442020416
-0.0470491461455822
-0.04697280004620552
-0.04678409546613693
-0.04648024961352348
-0.0460655502974987
-0.04555108025670052
-0.04495404660701752
-0.04429669678211212
-0.04360491409897804
-0.04290661960840225
-0.04222997277975082
-0.04160157218575478
-0.04104473441839218
-0.04057798534631729
-0.04021385312080383
-0.03995804116129875
-0.03980909660458565
-0.03975852951407433
-0.03979141637682915
-0.03988748788833618
-0.04002257809042931
-0.0401703305542469
-0.04030412063002586
-0.040398970246315
-0.04043332114815712
-0.04039061442017555
-0.0402604267001152
-0.04003921151161194
-0.03973046690225601
-0.03934440016746521
-0.0388970635831356
-0.0384090319275856
-0.03790377825498581
-0.03740578889846802
-0.03693860024213791
-0.03652298822999001
-0.03617530316114426
-0.03590623661875725
-0.03572003170847893
-0.03561423718929291
-0.03557999804615974
-0.03560289740562439
-0.03566423803567886
-0.03574269637465477
-0.03581616282463074
-0.03586364164948463
-0.03586703166365623
-0.03581263497471809
-0.03569227084517479
-0.03550388291478157
-0.03525159507989883
-0.03494521975517273
-0.03459927439689636
-0.03423156216740608
-0.03386149555444717
-0.03350828215479851
-0.03318917751312256
-0.03291792795062065
-0.03270357102155685
-0.03254970535635948
-0.03245429322123528
-0.03240995109081268
-0.0324048213660717
-0.03242379054427147
-0.03245002031326294
-0.03246662765741348
-0.03245831280946732
-0.03241283074021339
-0.03232210129499435
-0.03218287974596024
-0.0319969654083252
-0.03177087381482124
-0.03151503577828407
-0.03124265000224113
-0.03096824511885643
-0.03070617094635963
-0.03046911954879761
-0.03026686236262321
-0.03010533004999161
-0.02998611703515053
-0.02990644052624702
-0.02985957451164722
-0.02983568049967289
-0.02982296608388424
-0.02980899065732956
-0.02978203631937504
-0.02973233722150326
-0.02965307049453259
-0.02954099699854851
-0.02939668670296669
-0.02922432869672775
-0.02903112582862377
-0.0288264025002718
-0.02862047217786312
-0.02842345833778381
-0.02824415825307369
-0.02808910235762596
-0.02796189486980438
-0.02786291390657425
-0.0277893915772438
-0.02773586474359035
-0.02769488841295242
-0.0276579987257719
-0.02761671505868435
-0.0275635439902544
-0.02749281749129295
-0.02740127593278885
-0.02728835307061672
-0.02715613134205341
-0.02700898237526417
-0.02685294114053249
-0.02669491618871689
-0.02654180303215981
-0.02639966644346714
-0.02627302519977093
-0.02616436779499054
-0.02607396245002747
-0.0259998980909586
-0.02593842893838882
-0.02588452026247978
-0.02583253942430019
-0.02577697671949863
-0.02571313828229904
-0.0256376825273037
-0.02554899081587791
-0.02544727921485901
-0.02533447928726673
-0.02521391212940216
-0.02508979104459286
-0.02496663108468056
-0.02484865486621857
-0.02473926730453968
-0.0246406476944685
-0.02455352619290352
-0.02447717264294624
-0.02440956048667431
-0.0243477076292038
-0.0242881178855896
-0.02422725968062878
-0.0241620521992445
-0.02409023977816105
-0.02401064522564411
-0.02392327599227428
-0.0238292533904314
-0.02373059652745724
-0.02362989820539951
-0.02352993935346603
-0.02343330718576908
-0.02334203757345676
-0.02325738221406937
-0.02317967265844345
-0.0231083370745182
-0.02304201945662498
-0.02297881804406643
-0.02291659265756607
-0.02285326458513737
-0.02278710342943668
-0.0227169468998909
-0.0226423442363739
-0.02256355620920658
-0.02248147875070572
-0.022397480905056
-0.02231317199766636
-0.02223016694188118
-0.02214984409511089
-0.0220731645822525
-0.02200056612491608
-0.02193192578852177
-0.02186662517488003
-0.02180365473031998
-0.02174180373549461
-0.02167983539402485
-0.02161668241024017
-0.0215515773743391
-0.02148414961993694
-0.02141445875167847
-0.02134294807910919
-0.02127035520970821
-0.02119758166372776
-0.02112554386258125
-0.02105503529310226
-0.02098662778735161
-0.02092058397829533
-0.02085684984922409
-0.02079508453607559
-0.02073472738265991
-0.02067510224878788
-0.02061552740633488
-0.02055541984736919
-0.02049437165260315
-0.02043220587074757
-0.02036898024380207
-0.0203049648553133
-0.02024057693779469
-0.02017631009221077
-0.02011265605688095
-0.02005001902580261
-0.01998866721987724
-0.0199286937713623
-0.01987002231180668
-0.01981243118643761
-0.01975559256970882
-0.01969913952052593
-0.01964272558689117
-0.01958606950938702
-0.01952900551259518
-0.01947149075567722
-0.01941360719501972
-0.019355533644557
-0.0192975141108036
-0.01923980750143528
-0.01918264478445053
-0.01912620477378368
-0.0190705694258213
-0.01901573874056339
-0.01896162703633308
-0.01890808343887329
-0.01885492354631424
-0.01880196295678616
-0.01874904707074165
-0.01869606785476208
-0.018642982468009
-0.0185898169875145
-0.0185366477817297
-0.01848358660936356
-0.01843076571822166
-0.01837830245494843
-0.01832629181444645
-0.01827478595077991
-0.01822379231452942
-0.01817327179014683
-0.01812315732240677
-0.01807335764169693
-0.01802377961575985
-0.01797434501349926
-0.01792499609291553
-0.01787571236491203
-0.01782649755477905
-0.01777738891541958
-0.01772843860089779
-0.01767971180379391
-0.01763126254081726
-0.01758313179016113
-0.01753534562885761
-0.0174879040569067
-0.0174407921731472
-0.01739397644996643
-0.01734741404652596
-0.01730106025934219
-0.01725487597286701
-0.01720883883535862
-0.01716293953359127
-0.01711717806756496
-0.01707157678902149
-0.0170261561870575
-0.01698094606399536
-0.01693596877157688
-0.0168912410736084
-0.01684677414596081
-0.01680256240069866
-0.01675859652459621
-0.01671486161649227
-0.01667133346199989
-0.01662799715995789
-0.01658483408391476
-0.01654183678328991
-0.01649900153279305
-0.01645633019506931
-0.01641383022069931
-0.01637151092290878
-0.01632938534021378
-0.01628746092319489
-0.01624574698507786
-0.01620424352586269
-0.01616294495761395
-0.01612184569239616
-0.0160809364169836
-0.01604021340608597
-0.01599966548383236
-0.01595928519964218
-0.01591906696557999
-0.01587901078164577
-0.01583911664783955
-0.0157993957400322
-0.01575984805822372
-0.01572047732770443
-0.01568128541111946
-0.01564227417111397
-0.01560343988239765
-0.01556478068232536
-0.0155262928456068
-0.01548797078430653
-0.01544981077313423
-0.01541180908679962
-0.01537396386265755
-0.01533627416938543
-0.01529874093830585
-0.01526136510074139
-0.01522414945065975
-0.01518709491938353
-0.01515020150691271
-0.01511347107589245
-0.01507689990103245
-0.01504048611968756
-0.0150042288005352
-0.01496812608093023
-0.01493217423558235
-0.01489636953920126
-0.01486071106046438
-0.01482519879937172
-0.01478982903063297
-0.01475460361689329
-0.0147195216268301
-0.01468458492308855
-0.01464979257434607
-0.01461514458060265
-0.01458064001053572
-0.01454627886414528
-0.01451205927878618
-0.01447798125445843
-0.01444404292851686
-0.01441024243831635
-0.01437657978385687
-0.01434305310249329
-0.0143096623942256
-0.01427640486508608
-0.01424328424036503
-0.01421029679477215
-0.01417744159698486
-0.01414471678435802
-0.01411212421953678
-0.01407966110855341
-0.01404732745140791
-0.01401512231677771
-0.0139830457046628
-0.01395109761506319
-0.0139192771166563
-0.01388758420944214
-0.01385601423680782
-0.01382456906139851
-0.01379324588924646
-0.01376204378902912
-0.01373096369206905
-0.01370000559836626
-0.01366916764527559
-0.01363844890147448
-0.01360785029828548
-0.01357737090438604
-0.01354701165109873
-0.01351677067577839
-0.01348664984107018
-0.01345664542168379
-0.0134267583489418
-0.01339698676019907
-0.01336732972413301
-0.01333778724074364
-0.01330835744738579
-0.01327903941273689
-0.01324983313679695
-0.01322073489427567
-0.01319174841046333
-0.01316287089139223
-0.01313410140573978
-0.01310543902218342
-0.01307688560336828
-0.01304844114929438
-0.01302010379731655
-0.01299187261611223
-0.01296374574303627
-0.01293572410941124
-0.01290780771523714
-0.01287999376654625
-0.01285228226333857
-0.01282467227429152
-0.0127971637994051
-0.01276975590735674
-0.01274244952946901
-0.01271524280309677
-0.01268813759088516
-0.01266113203018904
-0.01263422705233097
-0.01260742172598839
-0.01258071605116129
-0.01255410816520452
-0.01252759713679552
-0.01250118389725685
-0.01247486844658852
-0.01244864799082279
-0.0124225215986371
-0.01239648927003145
-0.01237055100500584
-0.01234470773488283
-0.01231895759701729
-0.01229330152273178
-0.01226773671805859
-0.01224226504564285
-0.01221688278019428
-0.01219158992171288
-0.01216638460755348
-0.01214126963168383
-0.01211624220013618
-0.01209130324423313
-0.01206645369529724
-0.01204169262200594
-0.0120170209556818
-0.0119924396276474
-0.01196794491261244
-0.01194353587925434
-0.01191921345889568
-0.01189497672021389
-0.01187082193791866
-0.01184675190597773
-0.01182276476174593
-0.01179886050522327
-0.01177503913640976
-0.01175129972398281
-0.011727643199265
-0.01170406863093376
-0.01168057601898909
-0.01165716350078583
-0.01163383293896914
-0.01161058247089386
-0.01158741116523743
-0.01156432088464499
-0.01154130697250366
-0.01151837222278118
-0.01149551570415497
-0.01147273276001215
-0.01145002711564302
-0.01142739877104759
-0.01140484493225813
-0.01138236653059721
-0.01135996542870998
-0.0113376397639513
-0.01131538953632116
-0.01129321660846472
-0.01127111818641424
-0.01124909613281488
-0.01122714951634407
-0.01120527926832438
-0.0111834816634655
-0.01116175670176744
-0.01114010531455278
-0.01111852563917637
-0.0110970176756382
-0.01107557956129313
-0.01105421409010887
-0.01103291753679514
-0.01101169176399708
-0.01099053397774696
-0.01096944510936737
-0.0109484251588583
-0.01092747319489717
-0.010906589217484
-0.01088577415794134
-0.01086502429097891
-0.010844343341887
-0.01082372944802046
-0.01080318354070187
-0.01078270468860865
-0.01076229475438595
-0.01074195001274347
-0.01072167325764894
-0.01070146169513464
-0.01068131439387798
-0.01066123135387897
-0.01064121257513762
-0.01062125619500875
-0.01060136500746012
-0.01058153994381428
-0.01056177914142609
-0.01054208260029554
-0.01052245032042265
-0.01050288043916225
-0.01048337202519178
-0.01046392600983381
-0.01044454053044319
-0.01042521465569735
-0.01040594931691885
-0.01038674172013998
-0.01036759279668331
-0.01034850347787142
-0.01032947283238173
-0.01031050179153681
-0.01029159128665924
-0.0102727422490716
-0.01025395374745131
-0.01023522485047579
-0.01021655555814505
-0.01019794493913651
-0.01017939299345016
-0.01016089878976345
-0.01014246232807636
-0.01012408267706633
-0.01010575983673334
-0.01008749380707741
-0.01006928365677595
-0.01005113031715155
-0.01003303192555904
-0.01001498755067587
-0.009996999986469746
-0.009979067370295525
-0.009961187839508057
-0.009943362325429916
-0.009925591759383678
-0.009907876141369343
-0.009890214540064335
-0.00987260602414608
-0.009855051524937153
-0.009837551042437553
-0.009820103645324707
-0.009802708402276039
-0.009785367175936699
-0.009768077172338963
-0.009750839322805405
-0.009733652696013451
-0.0097165172919631
-0.009699434041976929
-0.009682401083409786
-0.009665420278906822
-0.009648488834500313
-0.009631607681512833
-0.009614778682589531
-0.009597998112440109
-0.009581268765032291
-0.009564588777720928
-0.00954795815050602
-0.009531376883387566
-0.009514844976365566
-0.009498361498117447
-0.009481927379965782
-0.009465540759265423
-0.009449201636016369
-0.009432910941541195
-0.009416667744517326
-0.009400471113622189
-0.009384321048855782
-0.009368217550218105
-0.00935216061770916
-0.009336150251328945
-0.00932018831372261
-0.009304272942245007
-0.009288403205573559
-0.009272579103708267
-0.009256801567971706
-0.009241070598363876
-0.009225387126207352
-0.009209748357534409
-0.009194158017635345
-0.009178613312542439
-0.009163113310933113
-0.009147657081484795
-0.009132244624197483
-0.009116873145103455
-0.009101544506847858
-0.00908625777810812
-0.009071014821529388
-0.009055814705789089
-0.009040657430887222
-0.009025542996823788
-0.00901047233492136
-0.008995445445179939
-0.008980461396276951
-0.008965518325567245
-0.008950616233050823
-0.008935756981372833
-0.008920938707888126
-0.008906161412596703
-0.008891426958143711
-0.008876732550561428
-0.008862078189849854
-0.008847463876008987
-0.00883288960903883
-0.008818354457616806
-0.008803859353065491
-0.008789404295384884
-0.008774987421929836
-0.008760607801377773
-0.00874626450240612
-0.008731957525014877
-0.008717686869204044
-0.008703452534973621
-0.008689253591001034
-0.008675088174641132
-0.008660956285893917
-0.008646856993436813
-0.008632791228592396
-0.008618756197392941
-0.008604749105870724
-0.008590771816670895
-0.008576821535825729
-0.00856289453804493
-0.008548988960683346
-0.008535102941095829
-0.008521232753992081
-0.008507375605404377
-0.008493528701364994
-0.008479688316583633
-0.00846585351973772
-0.008452017791569233
-0.008438177406787872
-0.008424329571425915
-0.008410466834902763
-0.008396581746637821
-0.008382671512663364
-0.008368725888431072
-0.008354738354682922
-0.008340700529515743
-0.008326603099703789
-0.008312435820698738
-0.008298186585307121
-0.008283846080303192
-0.008269400335848331
-0.008254840038716793
-0.008240151219069958
-0.008225317113101482
-0.008210324682295322
-0.008195157162845135
-0.008179795928299427
-0.008164224214851856
-0.008148422464728355
-0.008132372051477432
-0.008116050623357296
-0.008099439553916454
-0.008082515560090542
-0.008065257221460342
-0.008047642186284065
-0.008029647171497345
-0.008011248894035816
-0.007992425933480263
-0.007973156869411469
-0.007953418418765068
-0.007933189161121845
-0.007912448607385159
-0.00789117906242609
-0.007869360968470573
-0.007846977561712265
-0.007824014872312546
-0.007800460793077946
-0.007776306476444006
-0.007751544006168842
-0.007726171053946018
-0.007700186222791672
-0.007673594634979963
-0.007646404206752777
-0.007618626579642296
-0.007590278517454863
-0.007561380509287119
-0.007531959563493729
-0.007502046879380941
-0.007471679244190454
-0.007440897170454264
-0.0074097472243011
-0.007378280162811279
-0.007346552331000566
-0.007314624264836311
-0.007282559759914875
-0.007250426337122917
-0.007218293845653534
-0.007186237256973982
-0.007154332008212805
-0.007122655399143696
-0.00709128612652421
-0.007060302421450615
-0.007029781118035316
-0.006999798584729433
-0.006970428861677647
-0.006941742263734341
-0.006913803517818451
-0.006886671297252178
-0.00686039961874485
-0.006835033651441336
-0.006810611579567194
-0.006787161342799664
-0.006764701567590237
-0.006743242032825947
-0.006722780875861645
-0.006703305058181286
-0.006684791762381792
-0.006667206063866615
-0.006650503724813461
-0.00663462933152914
-0.006619518622756004
-0.006605097558349371
-0.006591283716261387
-0.006577989086508751
-0.006565120071172714
-0.006552577950060368
-0.006540261209011078
-0.006528068333864212
-0.006515896879136562
-0.006503649055957794
-0.006491228472441435
-0.006478544324636459
-0.00646551325917244
-0.006452059838920832
-0.006438120268285275
-0.006423639599233866
-0.006408574990928173
-0.006392898503690958
-0.006376594770699739
-0.006359660997986794
-0.006342111155390739
-0.006323971319943666
-0.006305279210209846
-0.006286086514592171
-0.006266456563025713
-0.006246461998671293
-0.006226182915270329
-0.006205707788467407
-0.006185126956552267
-0.006164535414427519
-0.006144027225673199
-0.006123695056885481
-0.006103626452386379
-0.006083903834223747
-0.006064602173864841
-0.006045784335583448
-0.006027504336088896
-0.006009802222251892
-0.005992705933749676
-0.005976228043437004
-0.005960368551313877
-0.005945112556219101
-0.005930431187152863
-0.005916283465921879
-0.005902616307139397
-0.005889366380870342
-0.005876463837921619
-0.005863831378519535
-0.005851387977600098
-0.005839050281792879
-0.005826736334711313
-0.005814367439597845
-0.005801869556307793
-0.005789175629615784
-0.005776228383183479
-0.005762979853898287
-0.005749394651502371
-0.005735449958592653
-0.005721137393265963
-0.00570646021515131
-0.005691435653716326
-0.00567609304562211
-0.005660473834723234
-0.005644628312438726
-0.00562861654907465
-0.005612506065517664
-0.005596367176622152
-0.005580272991210222
-0.005564296152442694
-0.005548509769141674
-0.005532980896532536
-0.00551777146756649
-0.005502935498952866
-0.005488518625497818
-0.005474557634443045
-0.005461078137159348
-0.005448095500469208
-0.005435614380985498
-0.005423631984740496
-0.005412133876234293
-0.005401100963354111
-0.005390507634729147
-0.005380324553698301
-0.005370520055294037
-0.005361063871532679
-0.005351925734430552
-0.005343080498278141
-0.005334510467946529
-0.005326204467564821
-0.005318159703165293
-0.005310385022312403
-0.005302898585796356
-0.005295730661600828
-0.00528892083093524
-0.00528251938521862
-0.00527658499777317
-0.005271184723824263
-0.005266391206532717
-0.005262281280010939
-0.005258931778371334
-0.005256422329694033
-0.005254828836768866
-0.005254222545772791
-0.005254667717963457
-0.005256219767034054
-0.005258925724774599
-0.005262820515781641
-0.005267926957458258
-0.005274253897368908
-0.005281796678900719
-0.00529053807258606
-0.005300446879118681
-0.005311478395015001
-0.005323577206581831
-0.005336675327271223
-0.005350696388632059
-0.005365554243326187
-0.005381155759096146
-0.005397402215749025
-0.005414189770817757
-0.005431410390883684
-0.005448954179883003
-0.005466708913445473
-0.005484561901539564
-0.005502399988472462
-0.005520108621567488
-0.005537576042115688
-0.005554689560085535
-0.005571338348090649
-0.005587414372712374
-0.005602809600532055
-0.00561742065474391
-0.005631147418171167
-0.005643893498927355
-0.005655568558722734
-0.005666088778525591
-0.005675377324223518
-0.005683368071913719
-0.005690005607903004
-0.005695248022675514
-0.005699065513908863
-0.005701446440070868
-0.005702394526451826
-0.005701932590454817
-0.005700102541595697
-0.005696965847164392
-0.005692602600902319
-0.005687112919986248
-0.005680615548044443
-0.005673245992511511
-0.005665153730660677
-0.005656502675265074
-0.005647464655339718
-0.00563821941614151
-0.0056289485655725
-0.005619832314550877
-0.005611047148704529
-0.005602760706096888
-0.005595127120614052
-0.005588283762335777
-0.00558234890922904
-0.0055774194188416
-0.00557356420904398
-0.005570827517658472
-0.005569224245846272
-0.005568741820752621
-0.005569338798522949
-0.005570948589593172
-0.00557347759604454
-0.005576810333877802
-0.00558081129565835
-0.005585331935435534
-0.005590210203081369
-0.005595277529209852
-0.005600362084805965
-0.005605294369161129
-0.00560991233214736
-0.005614063702523708
-0.005617612507194281
-0.005620439536869526
-0.005622449330985546
-0.005623567383736372
-0.005623748060315847
-0.005622969474643469
-0.005621238145977259
-0.005618586204946041
-0.005615070927888155
-0.005610773339867592
-0.005605794489383698
-0.005600251723080873
-0.005594276823103428
-0.005588009487837553
-0.005581595469266176
-0.005575178191065788
-0.005568900145590305
-0.005562892649322748
-0.005557275842875242
-0.005552151706069708
-0.00554760592058301
-0.00554370041936636
-0.005540474317967892
-0.005537942051887512
-0.00553609523922205
-0.005534900352358818
-0.00553430337458849
-0.005534229334443808
-0.005534587893635035
-0.005535273347049952
-0.005536172073334455
-0.005537163931876421
-0.005538127850741148
-0.005538946948945522
-0.005539513193070889
-0.005539729259908199
-0.005539512261748314
-0.005538798402994871
-0.005537543911486864
-0.005535725969821215
-0.005533344112336636
-0.005530418362468481
-0.005526989698410034
-0.005523116327822208
-0.005518874153494835
-0.005514349788427353
-0.005509639158844948
-0.005504840519279242
-0.005500054452568293
-0.005495377350598574
-0.005490897689014673
-0.005486693233251572
-0.005482824984937906
-0.005479338578879833
-0.005476262886077166
-0.005473606288433075
-0.005471359007060528
-0.005469493567943573
-0.005467965267598629
-0.005466715432703495
-0.00546567514538765
-0.005464768037199974
-0.005463913548737764
-0.005463031586259604
-0.005462045315653086
-0.005460885353386402
-0.005459493026137352
-0.005457821302115917
-0.005455838982015848
-0.005453529767692089
-0.005450893193483353
-0.00544794462621212
-0.005444712936878204
-0.005441239569336176
-0.005437576211988926
-0.005433781538158655
-0.005429918877780437
-0.005426050163805485
-0.005422237329185009
-0.005418535321950912
-0.005414991639554501
-0.005411644000560045
-0.005408518016338348
-0.005405628122389317
-0.005402975250035524
-0.005400546826422215
-0.005398320034146309
-0.005396262276917696
-0.005394333507865667
-0.005392488092184067
-0.005390678066760302
-0.005388855002820492
-0.005386973731219769
-0.005384992808103561
-0.005382880102843046
-0.005380610004067421
-0.005378167610615492
-0.005375547334551811
-0.005372753832489252
-0.005369801539927721
-0.005366712808609009
-0.005363517440855503
-0.005360248032957315
-0.00535694183781743
-0.005353634711354971
-0.005350362975150347
-0.005347157828509808
-0.005344046279788017
-0.005341048818081617
-0.005338179413229227
-0.005335442721843719
-0.005332836415618658
-0.005330352112650871
-0.005327974911779165
-0.005325683392584324
-0.005323454737663269
-0.005321263801306486
-0.005319084972143173
-0.005316893570125103
-0.005314668640494347
-0.005312393419444561
-0.005310057196766138
-0.005307653453201056
-0.005305183120071888
-0.005302653647959232
-0.005300077609717846
-0.005297471303492785
-0.005294856149703264
-0.005292254500091076
-0.005289690103381872
-0.005287189036607742
-0.005284773651510477
-0.005282463505864143
-0.005280277691781521
-0.005278230179101229
-0.005276331212371588
-0.005274586845189333
-0.005272999871522188
-0.005271569825708866
-0.005270293913781643
-0.00526916841045022
-0.005268190056085587
-0.005267354659736156
-0.005266660824418068
-0.005266109481453896
-0.005265703424811363
-0.005265450105071068
-0.005265359301120043
-0.005265445914119482
-0.005265726242214441
-0.005266221240162849
-0.005266953725367785
-0.005267947912216187
-0.005269229412078857
-0.005270822905004025
-0.005272753536701202
-0.005275044590234756
-0.005277718417346478
-0.005280792247503996
-0.00528428191319108
-0.005288200918585062
-0.00529255997389555
-0.005297366995364428
-0.005302627105265856
-0.005308342166244984
-0.005314513109624386
-0.005321139935404062
-0.005328220780938864
-0.005335752386599779
-0.005343732424080372
-0.005352156702429056
-0.005361019633710384
-0.005370316095650196
-0.005380039103329182
-0.005390179343521595
-0.005400725640356541
-0.005411665420979261
-0.005422981455922127
-0.00543465418741107
-0.005446659401059151
-0.005458970554172993
-0.005471554584801197
-0.005484375637024641
-0.005497394129633904
-0.005510566290467978
-0.00552384415641427
-0.005537178833037615
-0.00555051676928997
-0.005563803482800722
-0.005576982628554106
-0.005589998792856932
-0.005602796096354723
-0.005615319591015577
-0.005627516657114029
-0.005639334674924612
-0.005650725215673447
-0.005661642178893089
-0.005672043189406395
-0.005681888200342655
-0.005691143684089184
-0.005699778441339731
-0.00570776779204607
-0.005715092644095421
-0.005721737630665302
-0.005727693904191256
-0.005732959136366844
-0.00573753472417593
-0.005741429980844259
-0.0057446607388556
-0.005747249349951744
-0.005749223753809929
-0.00575061934068799
-0.00575147895142436
-0.00575184915214777
-0.005751782562583685
-0.005751336924731731
-0.005750575102865696
-0.005749562289565802
-0.005748366937041283
-0.00574705982580781
-0.005745710339397192
-0.005744388792663813
-0.005743162706494331
-0.005742098670452833
-0.005741257220506668
-0.005740694236010313
-0.005740460939705372
-0.005740601103752851
-0.005741151515394449
-0.005742141045629978
-0.005743591114878654
-0.005745512899011374
-0.005747909657657146
-0.005750774871557951
-0.005754095036536455
-0.005757845938205719
-0.005761998239904642
-0.005766512360423803
-0.005771344061940908
-0.005776443053036928
-0.005781752988696098
-0.005787214264273643
-0.005792764946818352
-0.005798339378088713
-0.005803873762488365
-0.005809303838759661
-0.005814568605273962
-0.005819609854370356
-0.005824372638016939
-0.005828808527439833
-0.005832874681800604
-0.005836537107825279
-0.00583976972848177
-0.005842553451657295
-0.00584487896412611
-0.005846744868904352
-0.005848159547895193
-0.005849140230566263
-0.005849710665643215
-0.005849902052432299
-0.005849750712513924
-0.005849299021065235
-0.005848592612892389
-0.005847678985446692
-0.005846608430147171
-0.005845427978783846
-0.005844184197485447
-0.005842921324074268
-0.005841676611453295
-0.005840483121573925
-0.005839366000145674
-0.005838342942297459
-0.005837422795593739
-0.005836605560034513
-0.00583588145673275
-0.00583523279055953
-0.005834628827869892
-0.005834033712744713
-0.005833401344716549
-0.005832678638398647
-0.00583180645480752
-0.005830720998346806
-0.005829352419823408
-0.005827629938721657
-0.005825482308864594
-0.005822836887091398
-0.005819624755531549
-0.005815779790282249
-0.005811239127069712
-0.005805948749184608
-0.005799859296530485
-0.005792929790914059
-0.005785127636045218
-0.005776428151875734
-0.005766816902905703
-0.005756286904215813
-0.005744839552789927
-0.005732485558837652
-0.005719244014471769
-0.005705140065401793
-0.005690203979611397
-0.005674472544342279
-0.005657987669110298
-0.005640794057399035
-0.005622938740998507
-0.005604470614343882
-0.005585440900176764
-0.005565898958593607
-0.005545895546674728
-0.005525480955839157
-0.005504704546183348
-0.005483615677803755
-0.005462262313812971
-0.005440692882984877
-0.005418955814093351
-0.005397100001573563
-0.00537517573684454
-0.005353234242647886
-0.005331329070031643
-0.005309517495334148
-0.005287858191877604
-0.005266414489597082
-0.005245251581072807
-0.005224438849836588
-0.005204048939049244
-0.005184155888855457
-0.005164834670722485
-0.005146162118762732
-0.005128214601427317
-0.005111065693199635
-0.005094785243272781
-0.00507943844422698
-0.005065083503723145
-0.005051771644502878
-0.00503954291343689
-0.005028426181524992
-0.005018438212573528
-0.005009580869227648
-0.005001842975616455
-0.004995195660740137
-0.004989595618098974
-0.00498498510569334
-0.004981290083378553
-0.004978424403816462
-0.004976288415491581
-0.00497476989403367
-0.004973748698830605
-0.004973096307367086
-0.004972680006176233
-0.004972363356500864
-0.004972011782228947
-0.004971492569893599
-0.004970678593963385
-0.004969451576471329
-0.004967703018337488
-0.004965336062014103
-0.004962270613759756
-0.004958442412316799
-0.004953803494572639
-0.004948326386511326
-0.00494200037792325
-0.004934835247695446
-0.004926858469843864
-0.0049181142821908
-0.004908663686364889
-0.004898582119494677
-0.004887958988547325
-0.004876893479377031
-0.004865493625402451
-0.004853872116655111
-0.004842144902795553
-0.00483042886480689
-0.004818838089704514
-0.004807482939213514
-0.004796464927494526
-0.004785877652466297
-0.004775803070515394
-0.004766309168189764
-0.004757450427860022
-0.004749264568090439
-0.004741773940622807
-0.004734986461699009
-0.0047288928180933
-0.00472346693277359
-0.004718669224530458
-0.004714445676654577
-0.004710732027888298
-0.00470745237544179
-0.004704521503299475
-0.004701850470155478
-0.004699346609413624
-0.004696913529187441
-0.004694459028542042
-0.004691892303526402
-0.004689129069447517
-0.004686093423515558
-0.004682718776166439
-0.004678950645029545
-0.004674746189266443
-0.004670077003538609
-0.004664930049329996
-0.004659305326640606
-0.004653218202292919
-0.004646696150302887
-0.004639781080186367
-0.004632525611668825
-0.004624993074685335
-0.004617253318428993
-0.004609381314367056
-0.004601455759257078
-0.004593555815517902
-0.004585758782923222
-0.004578137770295143
-0.004570759832859039
-0.004563683643937111
-0.004556956235319376
-0.004550614394247532
-0.004544682335108519
-0.004539168439805508
-0.004534070380032063
-0.004529371857643127
-0.004525043070316315
-0.004521043971180916
-0.004517324734479189
-0.004513826686888933
-0.004510486964136362
-0.004507238510996103
-0.004504012409597635
-0.004500743001699448
-0.004497368354350328
-0.004493831656873226
-0.004490085411816835
-0.004486090503633022
-0.004481819923967123
-0.004477257840335369
-0.004472401458770037
-0.00446725869551301
-0.004461849108338356
-0.00445620296522975
-0.004450359381735325
-0.004444364458322525
-0.004438269417732954
-0.00443212827667594
-0.004425996914505959
-0.004419927485287189
-0.004413972143083811
-0.004408174194395542
-0.004402571823447943
-0.004397193435579538
-0.004392059519886971
-0.004387177526950836
-0.004382546059787273
-0.004378154873847961
-0.004373984877020121
-0.004370007198303938
-0.004366187378764153
-0.004362485371530056
-0.004358857404440641
-0.004355262033641338
-0.004351654555648565
-0.004347995854914188
-0.004344249609857798
-0.004340386018157005
-0.004336381331086159
-0.004332219716161489
-0.004327893722802401
-0.004323404282331467
-0.004318761173635721
-0.00431398069486022
-0.004309084266424179
-0.004304097965359688
-0.00429905392229557
-0.004293983336538076
-0.004288920201361179
-0.004283896647393703
-0.004278942476958036
-0.004274083767086267
-0.004269340541213751
-0.00426472770050168
-0.00426025502383709
-0.00425592390820384
-0.004251730628311634
-0.004247664008289576
-0.004243710078299046
-0.00423984881490469
-0.004236056935042143
-0.004232310689985752
-0.004228584002703428
-0.004224853124469519
-0.004221095237880945
-0.004217289388179779
-0.004213420208543539
-0.00420947652310133
-0.004205450415611267
-0.004201340489089489
-0.004197149537503719
-0.00419288594275713
-0.004188560880720615
-0.004184188321232796
-0.004179785959422588
-0.004175371490418911
-0.004170963540673256
-0.004166580270975828
-0.004162237979471684
-0.004157950170338154
-0.00415372708812356
-0.004149576649069786
-0.004145502112805843
-0.004141503944993019
-0.00413757748901844
-0.004133716691285372
-0.00412991177290678
-0.004126151092350483
-0.004122421145439148
-0.004118708893656731
-0.004115000367164612
-0.004111283924430609
-0.004107547923922539
-0.004103784915059805
-0.004099987912923098
-0.004096153657883406
-0.004092280752956867
-0.004088371526449919
-0.004084431100636721
-0.004080465529114008
-0.004076482262462378
-0.004072490613907576
-0.004068499896675348
-0.004064519889652729
-0.004060559906065464
-0.004056626930832863
-0.004052727017551661
-0.004048863891512156
-0.004045041278004646
-0.00404125964269042
-0.004037518054246902
-0.004033813718706369
-0.004030140582472086
-0.004026494454592466
-0.004022866953164339
-0.004019251558929682
-0.004015641752630472
-0.004012031480669975
-0.004008415155112743
-0.004004788119345903
-0.004001147579401731
-0.003997491206973791
-0.00399381946772337
-0.003990132827311754
-0.003986434079706669
-0.003982727415859699
-0.003979016095399857
-0.003975305240601301
-0.003971600439399481
-0.003967905882745981
-0.003964226227253675
-0.003960564732551575
-0.003956924192607403
-0.003953306470066309
-0.003949711564928293
-0.003946139477193356
-0.003942589275538921
-0.003939058631658554
-0.003935544285923243
-0.003932042978703976
-0.003928551450371742
-0.003925065509974957
-0.003921582363545895
-0.00391809968277812
-0.003914614673703909
-0.003911125939339399
-0.003907633014023304
-0.00390413636341691
-0.003900636686012149
-0.003897134913131595
-0.003893633373081684
-0.003890133695676923
-0.003886638209223747
-0.003883150173351169
-0.003879670985043049
-0.003876202972605824
-0.00387274706736207
-0.003869305131956935
-0.003865876933559775
-0.003862462705001235
-0.003859061514958739
-0.00385567219927907
-0.003852293360978365
-0.003848923603072762
-0.003845561295747757
-0.003842204809188843
-0.003838852513581514
-0.003835503244772553
-0.003832155838608742
-0.003828810062259436
-0.003825464984402061
-0.003822121070697904
-0.003818778786808252
-0.003815438598394394
-0.003812101436778903
-0.003808768233284354
-0.003805440384894609
-0.0038021185901016
-0.003798804245889187
-0.003795498050749302
-0.003792200237512589
-0.00378891103900969
-0.003785630920901895
-0.00378235918469727
-0.003779096296057105
-0.003775841789320111
-0.003772594500333071
-0.00376935419626534
-0.003766120411455631
-0.003762891981750727
-0.003759668208658695
-0.003756448393687606
-0.003753232536837459
-0.003750019939616323
-0.003746810369193554
-0.003743603825569153
-0.003740400541573763
-0.003737200982868671
-0.003734005149453878
-0.003730813739821315
-0.003727627452462912
-0.0037244469858706
-0.003721272805705667
-0.003718105377629399
-0.003714944701641798
-0.003711791476234794
-0.003708645701408386
-0.003705507144331932
-0.003702375572174788
-0.003699250752106309
-0.003696131287142634
-0.003693017410114408
-0.003689908422529697
-0.003686803858727217
-0.003683703253045678
-0.003680606838315725
-0.003677513916045427
-0.003674424719065428
-0.00367133948020637
-0.003668258199468255
-0.003665181342512369
-0.003662109142169356
-0.003659042064100504
-0.003655979642644525
-0.003652922809123993
-0.003649871330708265
-0.003646825440227985
-0.00364378560334444
-0.003640751354396343
-0.003637722693383694
-0.003634699154645205
-0.003631680505350232
-0.00362866697832942
-0.003625658340752125
-0.003622654126957059
-0.003619654104113579
-0.003616658039391041
-0.003613665932789445
-0.003610677551478148
-0.00360769359394908
-0.00360471336171031
-0.003601737320423126
-0.003598765702918172
-0.003595798509195447
-0.003592835972085595
-0.00358987832441926
-0.003586926031857729
-0.003583979094401002
-0.003581037512049079
-0.00357810128480196
-0.003575170179829001
-0.003572244429960847
-0.003569324035197496
-0.003566408297047019
-0.003563496982678771
-0.003560589626431465
-0.003557686693966389
-0.003554788185283542
-0.003551893401890993
-0.003549002343788743
-0.003546115476638079
-0.003543232567608356
-0.003540353383868933
-0.003537477692589164
-0.003534606425091624
-0.003531738882884383
-0.003528875298798084
-0.003526015672832727
-0.0035231604706496
-0.003520309692248702
-0.00351746310479939
-0.003514621173962951
-0.003511784365400672
-0.003508952679112554
-0.003506125649437308
-0.003503303742036223
-0.003500486724078655
-0.003497674595564604
-0.003494867123663425
-0.003492064075544477
-0.00348926498554647
-0.003486469620838761
-0.003483677515760064
-0.003480889135971665
-0.003478104248642921
-0.003475323086604476
-0.003472545417025685
-0.003469771472737193
-0.003467001253738999
-0.003464234760031104
-0.003461472457274795
-0.003458714345470071
-0.00345596089027822
-0.003453211626037955
-0.003450466319918633
-0.003447725437581539
-0.003444988979026675
-0.003442256711423397
-0.003439529100432992
-0.003436805680394173
-0.003434086218476295
-0.003431370481848717
-0.003428658237680793
-0.003425949718803167
-0.003423244226723909
-0.003420541994273663
-0.003417842788621783
-0.003415146842598915
-0.003412454156205058
-0.003409764729440212
-0.003407078795135021
-0.003404396586120129
-0.003401718102395535
-0.003399043576791883
-0.003396373009309173
-0.003393706167116761
-0.003391043050214648
-0.003388383658602834
-0.003385728225111961
-0.003383076284080744
-0.003380428301170468
-0.003377784509211779
-0.003375144675374031
-0.003372508566826582
-0.003369875717908144
-0.003367246827110648
-0.003364622127264738
-0.003362001851201057
-0.003359385533258319
-0.003356773406267166
-0.003354165470227599
-0.003351561725139618
-0.003348961938172579
-0.003346365643665195
-0.003343772608786821
-0.003341183299198747
-0.003338597249239683
-0.003336013993248343
-0.003333433764055371
-0.003330856561660767
-0.003328282618895173
-0.003325711935758591
-0.003323144279420376
-0.003320579882711172
-0.003318018978461623
-0.003315461333841085
-0.003312907181680202
-0.003310356521978974
-0.003307809587568045
-0.00330526614561677
-0.003302725963294506
-0.003300189040601254
-0.003297655843198299
-0.003295126371085644
-0.003292599692940712
-0.003290076274424791
-0.003287556115537882
-0.003285039216279984
-0.003282525576651096
-0.003280014963820577
-0.003277507843449712
-0.003275003982707858
-0.003272503381595016
-0.003270006505772471
-0.003267513122409582
-0.003265023697167635
-0.00326253823004663
-0.003260056488215923
-0.003257578704506159
-0.003255104646086693
-0.003252633847296238
-0.003250166540965438
-0.003247702494263649
-0.003245241940021515
-0.003242784179747105
-0.003240329679101706
-0.003237877739593387
-0.003235429059714079
-0.003232982708141208
-0.003230538917705417
-0.003228098386898637
-0.003225660882890224
-0.00322322640568018
-0.003220794955268502
-0.003218366531655192
-0.00321594113484025
-0.003213518531993032
-0.00321109895594418
-0.003208682639524341
-0.003206269349902868
-0.003203859319910407
-0.003201452316716313
-0.003199048805981874
-0.003196647623553872
-0.003194249467924237
-0.003191854571923614
-0.003189462469890714
-0.003187073627486825
-0.003184687811881304
-0.003182305255904794
-0.003179926192387938
-0.003177550621330738
-0.003175178542733192
-0.003172810189425945
-0.003170445328578353
-0.003168083727359772
-0.003165726317092776
-0.003163371933624148
-0.003161020809784532
-0.003158672479912639
-0.00315632694400847
-0.003153983969241381
-0.003151643322780728
-0.003149305237457156
-0.003146969480440021
-0.003144636051729321
-0.003142304951325059
-0.003139976412057877
-0.003137650433927774
-0.003135327249765396
-0.003133007092401385
-0.003130690427497029
-0.003128377255052328
-0.003126066876575351
-0.003123759292066097
-0.003121454734355211
-0.003119153901934624
-0.003116856096312404
-0.003114561783149838
-0.003112270729616284
-0.003109982470050454
-0.003107696771621704
-0.003105413168668747
-0.003103132359683514
-0.003100853879004717
-0.003098577493801713
-0.003096303669735789
-0.003094031708315015
-0.003091761842370033
-0.003089494537562132
-0.003087229793891311
-0.003084967378526926
-0.003082707757130265
-0.003080451162531972
-0.00307819782756269
-0.003075947752222419
-0.003073700936511159
-0.003071457846090198
-0.003069218248128891
-0.003066982375457883
-0.003064749296754599
-0.003062519244849682
-0.003060292452573776
-0.003058068454265594
-0.003055846784263849
-0.003053627442568541
-0.003051410429179668
-0.003049195744097233
-0.003046983387321234
-0.003044773824512959
-0.00304256659001112
-0.003040361683815718
-0.003038159804418683
-0.003035960951820016
-0.003033765126019716
-0.00303157209418714
-0.003029381623491645
-0.003027193481102586
-0.003025007899850607
-0.003022825345396996
-0.003020645119249821
-0.003018467454239726
-0.003016291884705424
-0.003014118643477559
-0.003011947497725487
-0.003009778680279851
-0.003007612423971295
-0.00300544872879982
-0.003003286896273494
-0.003001128090545535
-0.002998972311615944
-0.00299681955948472
-0.002994669368490577
-0.002992522437125444
-0.002990378066897392
-0.002988236490637064
-0.00298609770834446
-0.002983961254358292
-0.002981827594339848
-0.002979696029797196
-0.002977566793560982
-0.002975439885631204
-0.002973315538838506
-0.002971193753182888
-0.002969074528664351
-0.002966957865282893
-0.002964843297377229
-0.002962731290608644
-0.00296062184497714
-0.002958514727652073
-0.002956410404294729
-0.002954308176413178
-0.002952208276838064
-0.002950110705569386
-0.002948014764115214
-0.002945920685306191
-0.002943828701972961
-0.002941739046946168
-0.002939651487395167
-0.002937566721811891
-0.00293548428453505
-0.002933404874056578
-0.002931328024715185
-0.002929253969341516
-0.002927182707935572
-0.002925114007666707
-0.00292304833419621
-0.002920984989032149
-0.002918924205005169
-0.002916866214945912
-0.002914810786023736
-0.00291275791823864
-0.002910707611590624
-0.002908660098910332
-0.002906614681705832
-0.00290457159280777
-0.002902531297877431
-0.002900493331253529
-0.002898457692936063
-0.002896424382925034
-0.002894393168389797
-0.00289236381649971
-0.002890337025746703
-0.002888312097638845
-0.002886289497837424
-0.002884269459173083
-0.002882251748815179
-0.002880236599594355
-0.002878224477171898
-0.002876214450225234
-0.002874206751585007
-0.002872201148420572
-0.002870198106393218
-0.002868196228519082
-0.002866196213290095
-0.002864197362214327
-0.002862200373783708
-0.00286020478233695
-0.002858210587874055
-0.002856218023225665
-0.002854227554053068
-0.002852239413186908
-0.002850253833457828
-0.002848270814865828
-0.002846290590241551
-0.002844313159584999
-0.002842338522896171
-0.002840367145836353
-0.002838399028405547
-0.002836433937773108
-0.002834471641108394
-0.002832511672750115
-0.002830554498359561
-0.002828599419444799
-0.002826645970344543
-0.002824694151058793
-0.002822744194418192
-0.002820795867592096
-0.002818849170580506
-0.002816903870552778
-0.002814960433170199
-0.00281301885843277
-0.002811079379171133
-0.002809142461046576
-0.002807207871228456
-0.00280527607537806
-0.002803346607834101
-0.002801419701427221
-0.002799495123326778
-0.002797572407871485
-0.002795651787891984
-0.00279373349621892
-0.002791817532852292
-0.002789903664961457
-0.002787991426885128
-0.002786081051453948
-0.002784172538667917
-0.002782265655696392
-0.002780361101031303
-0.002778458409011364
-0.002776557579636574
-0.002774658380076289
-0.00277276081033051
-0.00277086510322988
-0.0027689712587744
-0.002767079509794712
-0.002765190089121461
-0.002763302531093359
-0.00276141706854105
-0.002759534167125821
-0.002757653826847672
-0.002755775349214673
-0.002753899665549397
-0.002752026775851846
-0.002750156214460731
-0.002748288447037339
-0.002746422775089741
-0.002744559664279222
-0.002742698648944497
-0.002740839961916208
-0.002738983603194356
-0.002737129339948297
-0.002735276473686099
-0.002733425004407763
-0.00273157493211329
-0.002729726489633322
-0.002727879676967859
-0.002726034261286259
-0.00272419024258852
-0.002722348086535931
-0.00272050779312849
-0.002718669362366199
-0.002716832561418414
-0.002714998088777065
-0.002713165711611509
-0.002711336128413677
-0.002709508175030351
-0.002707682317122817
-0.00270585878752172
-0.002704036887735128
-0.00270221708342433
-0.002700398908928037
-0.002698582597076893
-0.002696768147870898
-0.002694955794140697
-0.002693145535886288
-0.002691337373107672
-0.002689531538635492
-0.002687727799639106
-0.002685926156118512
-0.002684126608073711
-0.002682329388335347
-0.002680534031242132
-0.002678740536794066
-0.002676949137821794
-0.002675159135833383
-0.002673370996490121
-0.002671584254130721
-0.00266979867592454
-0.002668014960363507
-0.002666232874616981
-0.002664452651515603
-0.002662674523890018
-0.002660898258909583
-0.002659124089404941
-0.002657352248206735
-0.002655582502484322
-0.002653815085068345
-0.002652049763128161
-0.002650286536663771
-0.002648525172844529
-0.002646765438839793
-0.002645007567480206
-0.002643251093104482
-0.002641496481373906
-0.002639743499457836
-0.002637991681694984
-0.002636241726577282
-0.002634493634104729
-0.002632747171446681
-0.002631002571433783
-0.002629259834066033
-0.002627518959343433
-0.002625780645757914
-0.00262404466047883
-0.00262231077067554
-0.002620578743517399
-0.002618848346173763
-0.00261711934581399
-0.002615392440930009
-0.002613667165860534
-0.002611943520605564
-0.0026102215051651
-0.002608500886708498
-0.002606781898066401
-0.002605064772069454
-0.002603349275887012
-0.002601635875180364
-0.002599924802780151
-0.002598215360194445
-0.002596508245915174
-0.002594803459942341
-0.002593100536614656
-0.002591399708762765
-0.002589700743556023
-0.002588003408163786
-0.002586307702586055
-0.002584612928330898
-0.002582919551059604
-0.002581227570772171
-0.002579536754637957
-0.002577846636995673
-0.002576157683506608
-0.002574469894170761
-0.002572783268988132
-0.002571098040789366
-0.002569414442405105
-0.00256773317232728
-0.002566054230555892
-0.002564377384260297
-0.002562702866271138
-0.002561031142249703
-0.002559361746534705
-0.002557694679126143
-0.002556029707193375
-0.002554366597905755
-0.002552705816924572
-0.002551046432927251
-0.002549388445913792
-0.002547732088714838
-0.002546077128499746
-0.002544423565268517
-0.002542771399021149
-0.002541120862588286
-0.002539471490308642
-0.002537823980674148
-0.002536178333684802
-0.002534534549340606
-0.002532892860472202
-0.002531253034248948
-0.002529614372178912
-0.002527977572754025
-0.002526341937482357
-0.002524707466363907
-0.002523074857890606
-0.002521443413570523
-0.002519813366234303
-0.002518184948712587
-0.002516558161005378
-0.002514933235943317
-0.002513310173526406
-0.002511688740924001
-0.002510068938136101
-0.00250845099799335
-0.002506834687665105
-0.002505219774320722
-0.002503606490790844
-0.002501994604244828
-0.002500384114682674
-0.002498775254935026
-0.002497168025001884
-0.00249556265771389
-0.002493958687409759
-0.002492356346920133
-0.002490755636245012
-0.002489156788215041
-0.002487559569999576
-0.002485964214429259
-0.002484370721504092
-0.002482779091224074
-0.002481188857927918
-0.002479599788784981
-0.002478011883795261
-0.002476425375789404
-0.002474840264767408
-0.002473256085067987
-0.002471673535183072
-0.002470092615112662
-0.002468512859195471
-0.002466934965923429
-0.002465358935296535
-0.002463785232976079
-0.002462213160470128
-0.002460643881931901
-0.002459076466038823
-0.002457511145621538
-0.002455947687849402
-0.002454385859891772
-0.002452825894579291
-0.002451267093420029
-0.002449709689244628
-0.002448153682053089
-0.002446598373353481
-0.002445044461637735
-0.002443491714075208
-0.002441939897835255
-0.002440389478579164
-0.002438839990645647
-0.002437292132526636
-0.002435745671391487
-0.002434200374409556
-0.002432656241580844
-0.00243111327290535
-0.002429571701213717
-0.002428031293675303
-0.002426492283120751
-0.002424954669550061
-0.002423418685793877
-0.002421884331852198
-0.002420351840555668
-0.002418821211904287
-0.002417292213067412
-0.002415764611214399
-0.002414238872006536
-0.002412714762613177
-0.002411192515864968
-0.002409671666100621
-0.002408151980489492
-0.002406633459031582
-0.00240511610172689
-0.002403599908575416
-0.002402084646746516
-0.002400570316240191
-0.002399056917056441
-0.002397544449195266
-0.002396032679826021
-0.002394521608948708
-0.002393010538071394
-0.002391500398516655
-0.00238999049179256
-0.002388480817899108
-0.002386971144005656
-0.002385461004450917
-0.002383950632065535
-0.002382439095526934
-0.002380926162004471
-0.002379411365836859
-0.002377894707024097
-0.002376375254243612
-0.002374853240326047
-0.00237332796677947
-0.002371798967942595
-0.002370266010984778
-0.002368727931752801
-0.002367184730246663
-0.002365635242313147
-0.002364079235121608
-0.002362515777349472
-0.002360943937674165
-0.002359362319111824
-0.002357770223170519
-0.002356165554374456
-0.002354547381401062
-0.002352913841605186
-0.002351263538002968
-0.002349594375118613
-0.002347904723137617
-0.002346191788092256
-0.002344453707337379
-0.002342687454074621
-0.002340890932828188
-0.002339061349630356
-0.002337195910513401
-0.002335290890187025
-0.002333342563360929
-0.002331346739083529
-0.002329299924895167
-0.002327197231352329
-0.002325034467503428
-0.002322806511074305
-0.002320507541298866
-0.002318132203072309
-0.002315674209967256
-0.002313127042725682
-0.002310484414920211
-0.002307738875970244
-0.002304883673787117
-0.002301911124959588
-0.002298812847584486
-0.002295580925419927
-0.002292206976562738
-0.00228868261910975
-0.002284998772665858
-0.002281146356835961
-0.002277116291224957
-0.002272898331284523
-0.002268483629450202
-0.002263861475512385
-0.002259022323414683
-0.002253955695778131
-0.002248651580885053
-0.002243099501356483
-0.0022372892126441
-0.00223121140152216
-0.002224855590611696
-0.002218212932348251
-0.002211274579167366
-0.002204031683504581
-0.002196476561948657
-0.002188602229580283
-0.002180402632802725
-0.002171871950849891
-0.002163005759939551
-0.002153800567612052
-0.002144254744052887
-0.002134366659447551
-0.002124136546626687
-0.002113566501066089
-0.002102659782394767
-0.002091421280056238
-0.002079857047647238
-0.002067975699901581
-0.002055786782875657
-0.002043302170932293
-0.002030535833910108
-0.002017503371462226
-0.002004221780225635
-0.001990710850805044
-0.001976991072297096
-0.0019630859605968
-0.001949021243490279
-0.001934823580086231
-0.001920521492138505
-0.001906145364046097
-0.001891727093607187
-0.001877299509942532
-0.001862896839156747
-0.001848554005846381
-0.00183430640026927
-0.001820190460421145
-0.001806242158636451
-0.001792497700080276
-0.001778993057087064
-0.00176576292142272
-0.001752841635607183
-0.001740261912345886
-0.001728054950945079
-0.001716249855235219
-0.001704873982816935
-0.001693951548077166
-0.001683504669927061
-0.001673551858402789
-0.001664108829572797
-0.001655187224969268
-0.001646794960834086
-0.001638935646042228
-0.001631609280593693
-0.001624811673536897
-0.001618533860892057
-0.001612762687727809
-0.001607481273822486
-0.001602667733095586
-0.001598296570591629
-0.001594338798895478
-0.001590761356055737
-0.001587528036907315
-0.001584599842317402
-0.00158193486277014
-0.001579488860443234
-0.001577216200530529
-0.001575070084072649
-0.001573002780787647
-0.001570966560393572
-0.001568913692608476
-0.001566797494888306
-0.001564573147334158
-0.001562197809107602
-0.001559631200507283
-0.001556836767122149
-0.001553780981339514
-0.001550435437820852
-0.001546776155009866
-0.001542783807963133
-0.001538444776087999
-0.001533751608803868
-0.001528701861388981
-0.001523299375548959
-0.001517553813755512
-0.001511480310000479
-0.00150509993545711
-0.001498438767157495
-0.001491528004407883
-0.001484403386712074
-0.001477105193771422
-0.00146967638283968
-0.001462163054384291
-0.001454614219255745
-0.00144708005245775
-0.001439611427485943
-0.001432259450666606
-0.001425074646249413
-0.001418106374330819
-0.001411401433870196
-0.001405004179105163
-0.001398955588229001
-0.001393292332068086
-0.001388046657666564
-0.001383245922625065
-0.001378912595100701
-0.001375063904561102
-0.001371710794046521
-0.001368859433569014
-0.001366510288789868
-0.001364658819511533
-0.001363295363262296
-0.00136240606661886
-0.00136197276879102
-0.001361973932944238
-0.00136238569393754
-0.001363181858323514
-0.001364335184916854
-0.001365817617624998
-0.001367601798847318
-0.001369661302305758
-0.001371971680782735
-0.001374510931782424
-0.001377260079607368
-0.001380204455927014
-0.001383333234116435
-0.001386640476994216
-0.001390124903991818
-0.001393790240399539
-0.001397644868120551
-0.001401702174916863
-0.001405979972332716
-0.001410499680787325
-0.001415286329574883
-0.001420368324033916
-0.001425775815732777
-0.001431540120393038
-0.001437693135812879
-0.001444265944883227
-0.001451287884265184
-0.001458786893635988
-0.001466786139644682
-0.001475305529311299
-0.00148435914888978
-0.001493955380283296
-0.001504095620475709
-0.00151477474719286
-0.001525979838334024
-0.00153768970631063
-0.00154987582936883
-0.001562501187436283
-0.001575521309860051
-0.001588884158991277
-0.001602531294338405
-0.001616397872567177
-0.001630413578823209
-0.001644504140131176
-0.001658591791056097
-0.001672596670687199
-0.001686437870375812
-0.001700034597888589
-0.0017133072251454
-0.001726178685203195
-0.001738575519993901
-0.001750429160892963
-0.001761676627211273
-0.001772261573933065
-0.001782135106623173
-0.001791256363503635
-0.00179959274828434
-0.001807120628654957
-0.001813825452700257
-0.001819701632484794
-0.001824752893298864
-0.001828991458751261
-0.001832437817938626
-0.001835120492614806
-0.001837074989452958
-0.001838343450799584
-0.001838973956182599
-0.001839019125327468
-0.001838535885326564
-0.001837584306485951
-0.001836227136664093
-0.001834528055042028
-0.00183255213778466
-0.001830364111810923
-0.001828028121963143
-0.00182560714893043
-0.001823161961510777
-0.00182075088378042
-0.001818429329432547
-0.001816249452531338
-0.001814259681850672
-0.001812504488043487
-0.00181102380156517
-0.001809853594750166
-0.001809024950489402
-0.001808563945814967
-0.001808492583222687
-0.001808827626518905
-0.001809580950066447
-0.001810759305953979
-0.001812364673241973
-0.001814393210224807
-0.001816836651414633
-0.001819681259803474
-0.001822908408939838
-0.001826494582928717
-0.001830411260016263
-0.001834625494666398
-0.001839099801145494
-0.001843792386353016
-0.001848657964728773
-0.00185364845674485
-0.001858712872490287
-0.001863797893747687
-0.001868850085884333
-0.001873815315775573
-0.001878639799542725
-0.001883271499536932
-0.001887660822831094
-0.001891761785373092
-0.00189553271047771
-0.001898937160149217
-0.001901944633573294
-0.001904531847685575
-0.001906682853586972
-0.001908389618620276
-0.001909652724862099
-0.001910480787046254
-0.001910891383886337
-0.001910909893922508
-0.001910569961182773
-0.001909912098199129
-0.001908983453176916
-0.001907836645841599
-0.001906528836116195
-0.001905120094306767
-0.001903671771287918
-0.001902246032841504
-0.001900904113426805
-0.001899703871458769
-0.00189869967289269
-0.001897940179333091
-0.001897467533126473
-0.001897315960377455
-0.001897511654533446
-0.001898071146570146
-0.001899001654237509
-0.001900300616398454
-0.001901956275105476
-0.001903947442770004
-0.001906244549900293
-0.001908809994347394
-0.001911599538289011
-0.001914563938044012
-0.001917649758979678
-0.00192080088891089
-0.001923960400745273
-0.001927071833051741
-0.001930080237798393
-0.001932934741489589
-0.001935589360073209
-0.001938003930263221
-0.001940145739354193
-0.001941989990882576
-0.001943520037457347
-0.001944728544913232
-0.001945617026649415
-0.001946195610798895
-0.001946482690982521
-0.001946504227817059
-0.00194629339966923
-0.001945888274349272
-0.001945331692695618
-0.001944669289514422
-0.00194394844584167
-0.001943216659128666
-0.001942520379088819
-0.001941903145052493
-0.00194140465464443
-0.0019410599488765
-0.001940897665917873
-0.001940940390340984
-0.001941203139722347
-0.00194169394671917
-0.001942412927746773
-0.001943353447131813
-0.001944501651450992
-0.001945837633684278
-0.001947336131706834
-0.001948967110365629
-0.001950696692802012
-0.001952489838004112
-0.001954309642314911
-0.001956119434908032
-0.001957884058356285
-0.00195957045070827
-0.001961149275302887
-0.001962595153599977
-0.001963887363672256
-0.00196501100435853
-0.001965957228094339
-0.001966722309589386
-0.001967309508472681
-0.001967726508155465
-0.00196798681281507
-0.001968108117580414
-0.001968112541362643
-0.001968023832887411
-0.001967869233340025
-0.001967676682397723
-0.001967474119737744
-0.001967288320884109
-0.001967145362868905
-0.001967067830264568
-0.001967075513675809
-0.001967184478417039
-0.001967406133189797
-0.001967747928574681
-0.001968212425708771
-0.001968797529116273
-0.001969497418031096
-0.001970301847904921
-0.001971196616068482
-0.001972164958715439
-0.001973188715055585
-0.001974247628822923
-0.00197532051242888
-0.001976386876776814
-0.001977426698431373
-0.001978421816602349
-0.001979356165975332
-0.001980216475203633
-0.001980992965400219
-0.001981678884476423
-0.00198227190412581
-0.001982772024348378
-0.001983184134587646
-0.001983515452593565
-0.001983776688575745
-0.001983980648219585
-0.001984141999855638
-0.001984277507290244
-0.001984403701499104
-0.001984538044780493
-0.00198469590395689
-0.001984893111512065
-0.001985142938792706
-0.001985457260161638
-0.001985845388844609
-0.001986314542591572
-0.001986868679523468
-0.001987509429454803
-0.00198823562823236
-0.001989043783396482
-0.001989927841350436
-0.001990881050005555
-0.001991895027458668
-0.001992960460484028
-0.001994068268686533
-0.001995209604501724
-0.00199637608602643
-0.001997560495510697
-0.001998757710680366
-0.001999965170398355
-0.00200118194334209
-0.00200240989215672
-0.002003652974963188
-0.002004918409511447
-0.002006215043365955
-0.002007554285228252
-0.002008948707953095
-0.002010413445532322
-0.002011963399127126
-0.002013614401221275
-0.002015382051467896
-0.002017282415181398
-0.002019330160692334
-0.002021538792178035
-0.002023920882493258
-0.002026487607508898
-0.002029248513281345
-0.002032211050391197
-0.002035381505265832
-0.002038764534518123
-0.002042362932115793
-0.00204617902636528
-0.002050213282927871
-0.002054466865956783
-0.002058939542621374
-0.002063631545752287
-0.002068543806672096
-0.002073676558211446
-0.00207903073169291
-0.002084609121084213
-0.002090414287522435
-0.002096450189128518
-0.002102721482515335
-0.002109233057126403
-0.002115990500897169
-0.002122998936101794
-0.002130263950675726
-0.002137790434062481
-0.002145582810044289
-0.002153643639758229
-0.002161974087357521
-0.002170574152842164
-0.002179441042244434
-0.002188570098951459
-0.002197954105213284
-0.002207584213465452
-0.002217448316514492
-0.002227532211691141
-0.002237819833680987
-0.002248292556032538
-0.002258929423987865
-0.002269708551466465
-0.002280606422573328
-0.002291598124429584
-0.00230265804566443
-0.002313759876415133
-0.002324876608327031
-0.002335981233045459
-0.00234704720787704
-0.002358047524467111
-0.002368955872952938
-0.002379745943471789
-0.002390392823144794
-0.00240087159909308
-0.002411158056929708
-0.002421228680759668
-0.002431060886010528
-0.002440632553771138
-0.002449922729283571
-0.002458910690620542
-0.002467578044161201
-0.002475906629115343
-0.002483879681676626
-0.002491482300683856
-0.00249870028346777
-0.002505522686988115
-0.002511939965188503
-0.002517944667488337
-0.00252353330142796
-0.002528703771531582
-0.002533457474783063
-0.00253779930062592
-0.002541737165302038
-0.002545282011851668
-0.002548448741436005
-0.002551255049183965
-0.002553721889853477
-0.002555873245000839
-0.002557735657319427
-0.002559338696300983
-0.002560713095590472
-0.002561892149969935
-0.002562909852713346
-0.002563802059739828
-0.002564604626968503
-0.002565353643149137
-0.002566084964200854
-0.002566833049058914
-0.002567630959674716
-0.002568511059507728
-0.002569502452388406
-0.002570632845163345
-0.00257192668505013
-0.002573405392467976
-0.0025750866625458
-0.002576985163614154
-0.002579111838713288
-0.002581473672762513
-0.002584073459729552
-0.002586910035461187
-0.002589977579191327
-0.002593267243355513
-0.002596765290945768
-0.00260045425966382
-0.002604312961921096
-0.00260831625200808
-0.002612436190247536
-0.002616641344502568
-0.00262089679017663
-0.002625166205689311
-0.00262941000983119
-0.002633587457239628
-0.00263765687122941
-0.002641575643792748
-0.00264530093409121
-0.002648790134117007
-0.002652001334354281
-0.002654894022271037
-0.002657430013641715
-0.002659573219716549
-0.00266129057854414
-0.002662551822140813
-0.002663330873474479
-0.002663604915142059
-0.002663355553522706
-0.002662568120285869
-0.002661233302205801
-0.002659345977008343
-0.002656905213370919
-0.002653914270922542
-0.00265038013458252
-0.002646314445883036
-0.00264173187315464
-0.002636649878695607
-0.002631089417263865
-0.002625072607770562
-0.002618624130263925
-0.002611769828945398
-0.002604536013677716
-0.002596949227154255
-0.002589036943390965
-0.002580824540928006
-0.002572337165474892
-0.002563598565757275
-0.002554630627855659
-0.002545453608036041
-0.002536085899919271
-0.002526543568819761
-0.002516840351745486
-0.002506988821551204
-0.002496998524293303
-0.002486878074705601
-0.002476634224876761
-0.002466272097080946
-0.002455796347931027
-0.002445211634039879
-0.002434522844851017
-0.002423733938485384
-0.002412850502878428
-0.002401880221441388
-0.002390831476077437
-0.002379715442657471
-0.002368545858189464
-0.002357339486479759
-0.002346116118133068
-0.002334898803383112
-0.002323714084923267
-0.002312591765075922
-0.002301565138623118
-0.00229067075997591
-0.002279946813359857
-0.002269435673952103
-0.002259180182591081
-0.002249225275591016
-0.00223961565643549
-0.002230397425591946
-0.002221614588052034
-0.002213309984654188
-0.002205524127930403
-0.002198294270783663
-0.002191653707996011
-0.002185630146414042
-0.002180245937779546
-0.002175517845898867
-0.002171454951167107
-0.00216806004755199
-0.002165327547118068
-0.00216324464417994
-0.002161789918318391
-0.00216093473136425
-0.002160642296075821
-0.002160868607461452
-0.002161562908440828
-0.002162668388336897
-0.002164122881367803
-0.002165859565138817
-0.002167808124795556
-0.002169895451515913
-0.002172047505155206
-0.00217419071123004
-0.00217625149525702
-0.002178158611059189
-0.002179844304919243
-0.002181245246902108
-0.002182302763685584
-0.002182965632528067
-0.002183189615607262
-0.002182937692850828
-0.002182180993258953
-0.00218089995905757
-0.002179082948714495
-0.002176728332415223
-0.002173842629417777
-0.002170441672205925
-0.002166548278182745
-0.002162194810807705
-0.00215741922147572
-0.002152266213670373
-0.002146786078810692
-0.002141033299267292
-0.002135065849870443
-0.002128943800926208
-0.002122728852555156
-0.00211648247204721
-0.00211026519536972
-0.002104135928675532
-0.002098150551319122
-0.002092361217364669
-0.00208681495860219
-0.0020815534517169
-0.002076613251119852
-0.002072024391964078
-0.002067809691652656
-0.002063984982669353
-0.002060559578239918
-0.002057535806670785
-0.002054909244179726
-0.002052668714895844
-0.002050796756520867
-0.00204927078448236
-0.002048062859103084
-0.002047140384092927
-0.002046467503532767
-0.002046005101874471
-0.002045711502432823
-0.00204554433003068
-0.00204545957967639
-0.002045413944870234
-0.002045364584773779
-0.002045270754024386
-0.002045093802735209
-0.002044797642156482
-0.002044349675998092
-0.002043721498921514
-0.002042888663709164
-0.002041832311078906
-0.002040536841377616
-0.002038993407040834
-0.002037197118625045
-0.002035149140283465
-0.002032855758443475
-0.00203032698482275
-0.002027578419074416
-0.002024630084633827
-0.002021505031734705
-0.002018229337409139
-0.002014832803979516
-0.002011346630752087
-0.002007803646847606
-0.002004237612709403
-0.002000682055950165
-0.001997170504182577
-0.001993734389543533
-0.001990404445677996
-0.001987206982448697
-0.001984166447073221
-0.00198130332864821
-0.001978633459657431
-0.001976168947294354
-0.001973916543647647
-0.001971878577023745
-0.001970052951946855
-0.001968431286513805
-0.001967001706361771
-0.001965748379006982
-0.001964651048183441
-0.001963685732334852
-0.001962826121598482
-0.001962044276297092
-0.001961310161277652
-0.001960593508556485
-0.001959864050149918
-0.001959092216566205
-0.001958250300958753
-0.001957313390448689
-0.001956259133294225
-0.001955068903043866
-0.001953728264197707
-0.001952226972207427
-0.001950559788383543
-0.001948726247064769
-0.001946730655618012
-0.001944581978023052
-0.001942293252795935
-0.001939881825819612
-0.001937368419021368
-0.001934776082634926
-0.001932130078785121
-0.001929457299411297
-0.001926784752868116
-0.001924139098264277
-0.00192154583055526
-0.001919028582051396
-0.001916608307510614
-0.001914302818477154
-0.001912126317620277
-0.001910088700242341
-0.001908195670694113
-0.001906448625959456
-0.001904844306409359
-0.001903375377878547
-0.001902030548080802
-0.001900794915854931
-0.001899650786072016
-0.001898577786050737
-0.001897554378956556
-0.001896557514555752
-0.001895564491860569
-0.001894552842713892
-0.001893501728773117
-0.001892391825094819
-0.001891206833533943
-0.001889933249913156
-0.001888560829684138
-0.001887083170004189
-0.001885497709736228
-0.001883805613033473
-0.001882011769339442
-0.001880124793387949
-0.001878155977465212
-0.001876119524240494
-0.001874031499028206
-0.001871909247711301
-0.001869771163910627
-0.001867635757662356
-0.001865521189756691
-0.001863444573245943
-0.001861420925706625
-0.001859463285654783
-0.00185758201405406
-0.001855784677900374
-0.001854075468145311
-0.001852455665357411
-0.001850923523306847
-0.001849473919719458
-0.001848099287599325
-0.001846789382398129
-0.001845532329753041
-0.001844314741902053
-0.00184312229976058
-0.001841940102167428
-0.001840754062868655
-0.001839550561271608
-0.001838316908106208
-0.00183704262599349
-0.001835718750953674
-0.001834338763728738
-0.001832898473367095
-0.001831396366469562
-0.001829833490774035
-0.001828213105909526
-0.001826540683396161
-0.001824823673814535
-0.001823071273975074
-0.001821293495595455
-0.001819500932469964
-0.00181770499330014
-0.0018159169703722
-0.001814147108234465
-0.001812404952943325
-0.001810698653571308
-0.001809034962207079
-0.00180741841904819
-0.001805851934477687
-0.001804336323402822
-0.001802870654501021
-0.00180145213380456
-0.001800076104700565
-0.001798736630007625
-0.001797426724806428
-0.001796138240024447
-0.00179486267734319
-0.001793591771274805
-0.001792317372746766
-0.001791031914763153
-0.001789728878065944
-0.001788402907550335
-0.001787049579434097
-0.001785666448995471
-0.001784252235665917
-0.001782807521522045
-0.001781334052793682
-0.001779835321940482
-0.001778315752744675
-0.001776780816726387
-0.001775236916728318
-0.001773690339177847
-0.001772148301824927
-0.001770617440342903
-0.001769103924743831
-0.001767613575793803
-0.001766151515766978
-0.0017647217027843
-0.001763327047228813
-0.001761969062499702
-0.001760648679919541
-0.001759365433827043
-0.001758117810823023
-0.001756903249770403
-0.001755718374624848
-0.001754559692926705
-0.001753422897309065
-0.001752304146066308
-0.001751199015416205
-0.001750103896483779
-0.001749015762470663
-0.001747931935824454
-0.001746850553900003
-0.001745771034620702
-0.001744693261571229
-0.001743618049658835
-0.001742546795867383
-0.001741481944918633
-0.001740426407195628
-0.001739383325912058
-0.001738356426358223
-0.001737349317409098
-0.001736365491524339
-0.001735408091917634
-0.00173448002897203
-0.001733583165332675
-0.00173271878156811
-0.001731887576170266
-0.001731088967062533
-0.001730322139337659
-0.001729585113935173
-0.00172887509688735
-0.001728188712149858
-0.001727521885186434
-0.00172687042504549
-0.001726229558698833
-0.001725594629533589
-0.001724960864521563
-0.001724323490634561
-0.001723678084090352
-0.001723020803183317
-0.001722348271869123
-0.001721657579764724
-0.001720946514979005
-0.001720213331282139
-0.001719457213766873
-0.001718677580356598
-0.001717874896712601
-0.001717049744911492
-0.001716203172691166
-0.001715336577035487
-0.001714451587758958
-0.001713550416752696
-0.001712634926661849
-0.001711707445792854
-0.001710769953206182
-0.001709825010038912
-0.001708874828182161
-0.001707921852357686
-0.001706968410871923
-0.001706017064861953
-0.0017050706082955
-0.001704131718724966
-0.00170320353936404
-0.001702289562672377
-0.001701393397524953
-0.001700519118458033
-0.001699671265669167
-0.001698854379355907
-0.001698073581792414
-0.001697333878837526
-0.001696640625596046
-0.001695999526418746
-0.001695415936410427
-0.001694894977845252
-0.001694441772997379
-0.001694060978479683
-0.001693756901659071
-0.001693533384241164
-0.001693393685854971
-0.001693340367637575
-0.001693375525064766
-0.001693500438705087
-0.001693715923465788
-0.001694022328592837
-0.001694419188424945
-0.001694905920885503
-0.00169548112899065
-0.001696143532171845
-0.001696891617029905
-0.001697723637335002
-0.001698638196103275
-0.001699634012766182
-0.001700709806755185
-0.001701864879578352
-0.00170309841632843
-0.001704410649836063
-0.00170580146368593
-0.00170727155636996
-0.001708821742795408
-0.001710453070700169
-0.001712167053483427
-0.001713964622467756
-0.001715847407467663
-0.001717816572636366
-0.001719873282127082
-0.001722018118016422
-0.001724251313135028
-0.001726572867482901
-0.001728981616906822
-0.001731476048007607
-0.001734053716063499
-0.001736711245030165
-0.001739444211125374
-0.001742247841320932
-0.001745116198435426
-0.001748042181134224
-0.001751018222421408
-0.00175403559114784
-0.001757084974087775
-0.001760156592354178
-0.00176324020139873
-0.001766325207427144
-0.001769400667399168
-0.001772455521859229
-0.001775479060597718
-0.001778460806235671
-0.00178139063064009
-0.001784259220585227
-0.001787057961337268
-0.001789779053069651
-0.001792415743693709
-0.001794962328858674
-0.001797414384782314
-0.001799768419004977
-0.001802022685296834
-0.001804176485165954
-0.001806230517104268
-0.001808186760172248
-0.001810048124752939
-0.001811818918213248
-0.001813504612073302
-0.001815111259929836
-0.001816646195948124
-0.001818117219954729
-0.001819532364606857
-0.001820900361053646
-0.001822229940444231
-0.001823530183173716
-0.001824810286052525
-0.001826078747399151
-0.001827344298362732
-0.001828615088015795
-0.001829898916184902
-0.001831202884204686
-0.001832533744163811
-0.00183389731682837
-0.00183529919013381
-0.001836743904277682
-0.001838235766626894
-0.00183977815322578
-0.001841373508796096
-0.001843023695982993
-0.001844729878939688
-0.001846492639742792
-0.001848311396315694
-0.001850185333751142
-0.001852112589403987
-0.001854090369306505
-0.001856115530245006
-0.001858183648437262
-0.001860289718024433
-0.00186242803465575
-0.001864592079073191
-0.001866774749942124
-0.001868968014605343
-0.001871163723990321
-0.00187335314694792
-0.001875526621006429
-0.001877674600109458
-0.00187978777103126
-0.00188185612205416
-0.001883869990706444
-0.001885820413008332
-0.001887698424980044
-0.001889496226795018
-0.001891206717118621
-0.001892823493108153
-0.001894341432489455
-0.001895756926387548
-0.001897067064419389
-0.00189827021677047
-0.001899366383440793
-0.001900356379337609
-0.001901242416352034
-0.001902027637697756
-0.001902716117911041
-0.001903312397189438
-0.001903822529129684
-0.001904251868836582
-0.00190460670273751
-0.001904893317259848
-0.001905117533169687
-0.001905285054817796
-0.001905400888063014
-0.001905469689518213
-0.001905495184473693
-0.001905479934066534
-0.001905426266603172
-0.001905335346236825
-0.001905207522213459
-0.001905041863210499
-0.001904837321490049
-0.001904591685160995
-0.001904302276670933
-0.001903966418467462
-0.001903580967336893
-0.001903142430819571
-0.001902647432871163
-0.001902093295939267
-0.001901477226056159
-0.001900797127746046
-0.001900051720440388
-0.00189924007281661
-0.001898362301290035
-0.001897419686429203
-0.001896414207294583
-0.001895348774269223
-0.001894227461889386
-0.001893054810352623
-0.001891836756840348
-0.001890579820610583
-0.001889290986582637
-0.001887978403829038
-0.001886650337837636
-0.001885315636172891
-0.001883983495645225
-0.001882663113065064
-0.001881363918073475
-0.00188009487465024
-0.001878864597529173
-0.001877681585028768
-0.001876553404144943
-0.001875486923381686
-0.001874488196335733
-0.001873562578111887
-0.001872713910415769
-0.001871945220045745
-0.001871258020401001
-0.001870652893558145
-0.001870128675363958
-0.001869683153927326
-0.001869312953203917
-0.001869013300165534
-0.001868778490461409
-0.001868602121248841
-0.001868476159870625
-0.001868392690084875
-0.001868342515081167
-0.001868316438049078
-0.001868305262178183
-0.001868299092166126
-0.001868288731202483
-0.001868265215307474
-0.001868220162577927
-0.001868145540356636
-0.001868034480139613
-0.001867881044745445
-0.00186767999548465
-0.001867427723482251
-0.001867121434770525
-0.001866759615950286
-0.001866341684944928
-0.001865868573077023
-0.001865341910161078
-0.001864764490164816
-0.001864139689132571
-0.001863472163677216
-0.001862766686826944
-0.001862028730101883
-0.001861263997852802
-0.001860478543676436
-0.001859678304754198
-0.001858869683928788
-0.001858058618381619
-0.001857251161709428
-0.001856452785432339
-0.001855668611824512
-0.001854903646744788
-0.001854161731898785
-0.00185344647616148
-0.001852760789915919
-0.001852106885053217
-0.001851486507803202
-0.001850900589488447
-0.001850349362939596
-0.001849832246080041
-0.001849348307587206
-0.001848895801231265
-0.001848472747951746
-0.001848075888119638
-0.001847702194936574
-0.00184734829235822
-0.001847009989432991
-0.001846683560870588
-0.001846364582888782
-0.001846048864535987
-0.001845732098445296
-0.001845410210080445
-0.001845079241320491
-0.001844735932536423
-0.001844376907683909
-0.001843999489210546
-0.001843600999563932
-0.001843180041760206
-0.001842735218815506
-0.001842266181483865
-0.001841772929765284
-0.001841255696490407
-0.001840715878643095
-0.001840154989622533
-0.001839575008489192
-0.001838978379964828
-0.001838367665186524
-0.001837745658122003
-0.001837115501984954
-0.001836480456404388
-0.001835843431763351
-0.00183520745486021
-0.001834575552493334
-0.00183395016938448
-0.00183333340100944
-0.001832727110013366
-0.001832132809795439
-0.001831551664508879
-0.001830983790569007
-0.001830429420806468
-0.001829887856729329
-0.001829357817769051
-0.001828837674111128
-0.001828325446695089
-0.001827818341553211
-0.001827313797548413
-0.001826808787882328
-0.001826300169341266
-0.001825784449465573
-0.001825258485041559
-0.001824719365686178
-0.001824164064601064
-0.001823589787818491
-0.001822994439862669
-0.001822375925257802
-0.001821732963435352
-0.001821064739488065
-0.001820370322093368
-0.001819650060497224
-0.001818904071114957
-0.001818134100176394
-0.001817340962588787
-0.001816526637412608
-0.001815693452954292
-0.001814844086766243
-0.001813980983570218
-0.001813107053749263
-0.001812224858440459
-0.001811337424442172
-0.001810447312891483
-0.001809556968510151
-0.001808668370358646
-0.001807783613912761
-0.001806904328987002
-0.001806031563319266
-0.001805166597478092
-0.001804309780709445
-0.001803461345843971
-0.001802621409296989
-0.001801789971068501
-0.001800966216251254
-0.001800149562768638
-0.00179933977779001
-0.00179853627923876
-0.001797738717868924
-0.001796946744434536
-0.001796160358935595
-0.001795379444956779
-0.001794604351744056
-0.001793835312128067
-0.001793073257431388
-0.001792318653315306
-0.001791572547517717
-0.001790836453437805
-0.00179011095315218
-0.001789397792890668
-0.001788698020391166
-0.001788012683391571
-0.001787342829629779
-0.001786689041182399
-0.00178605190012604
-0.001785431406460702
-0.001784827443771064
-0.001784239429980516
-0.001783666317351162
-0.001783106592483819
-0.001782558392733335
-0.001782019506208599
-0.001781487371772528
-0.001780959195457399
-0.001780432416126132
-0.001779903774149716
-0.001779370242729783
-0.001778828795067966
-0.001778276637196541
-0.001777711207978427
-0.001777130411937833
-0.00177653250284493
-0.001775916549377143
-0.001775281154550612
-0.001774626318365335
-0.001773952040821314
-0.0017732591368258
-0.001772548304870725
-0.001771821058355272
-0.001771079376339912
-0.001770325121469796
-0.001769560971297324
-0.001768789370544255
-0.001768012880347669
-0.001767234061844647
-0.001766455709002912
-0.001765680382959545
-0.001764910412020981
-0.001764147658832371
-0.00176339375320822
-0.001762650324963033
-0.001761918538250029
-0.001761198742315173
-0.001760490937158465
-0.001759795122779906
-0.00175911036785692
-0.001758435624651611
-0.001757769612595439
-0.001757110701873899
-0.001756456913426518
-0.001755806151777506
-0.00175515643786639
-0.00175450521055609
-0.001753849908709526
-0.001753188436850905
-0.001752517884597182
-0.001751836156472564
-0.001751141040585935
-0.001750429859384894
-0.001749700866639614
-0.001748952316120267
-0.001748181995935738
-0.001747388509102166
-0.001746570225805044
-0.001745725865475833
-0.00174485391471535
-0.001743953209370375
-0.001743022934533656
-0.001742062391713262
-0.001741070649586618
-0.001740047009661794
-0.001738991239108145
-0.001737902406603098
-0.00173678039573133
-0.001735624391585588
-0.001734433579258621
-0.001733207725919783
-0.001731945318169892
-0.001730645773932338
-0.001729307696223259
-0.001727929688058794
-0.001726509886793792
-0.001725046313367784
-0.001723536639474332
-0.001721978303976357
-0.00172036828007549
-0.001718703540973365
-0.001716980943456292
-0.001715196645818651
-0.001713346806354821
-0.001711427932605147
-0.001709435717202723
-0.001707366318441927
-0.001705216360278428
-0.001702981884591281
-0.001700659515336156
-0.001698246225714684
-0.001695738988928497
-0.001693135709501803
-0.001690434524789453
-0.001687633921392262
-0.001684733550064266
-0.001681732712313533
-0.001678631873801351
-0.001675431616604328
-0.001672133686952293
-0.001668739598244429
-0.001665251911617815
-0.001661673071794212
-0.001658006454817951
-0.001654255320318043
-0.001650423277169466
-0.001646514167077839
-0.001642532180994749
-0.001638481393456459
-0.001634366228245199
-0.001630191225558519
-0.001625960459932685
-0.001621678820811212
-0.001617350964806974
-0.001612981664948165
-0.001608575810678303
-0.00160413864068687
-0.00159967562649399
-0.001595192356035113
-0.001590694417245686
-0.0015861876308918
-0.001581678283400834
-0.001577172428369522
-0.00157267670147121
-0.001568197505548596
-0.00156374170910567
-0.001559315947815776
-0.001554926740936935
-0.00155058060772717
