0
0
0
0
0
0
0
0
0
0
0
0
0
0
0
0
0
0
0
0
0
0
0
0
0
0
0
0
0
0
0
0
0
0
0
0
0
0
0
0
0
0
0
0
0
0
0
0
0
0
0
0
0
0
0
0
0
0
0
0
0
0
0
0
0
0
0
0
0
0
0
0
0
0
0
0
0
0
0
0
0
0
0
0
0
0
0
0
0
0
0
0
0
0
0
0
0
0
0
0
0
0
0
0
0
0
0
0
0
0
0
0
0
0
0
0
0
0
0
0
0
0
0
0
0
0
0
0
0
0
0
0
0
0
0
0
0
0
0
0
0
0
0
0
0
0
0
0
0
0
0
0
0
0
0
0
0
0
0
0
0
0
0
0
0
0
0
0
0
0
0
0
0
0
0
0
0
0
0
0
0
0
0
0
0
0
0
0
0
0
0
0
0
0
0
0
0
0
0
0
0
0
0
0
0
0
0
0
0
0
0
0
0
0
0
0
0
0
0
0
0
0
0
0
0
0
0
0
0
0
0
0
0
0
0
0
0
0
0
0
0
0
0
0
0
0
0
0
0
0
0
0
0
0
0
0
0
0
0
0
0
0
0
0
0
0
0
0
0
0
0
0
0
0
0
0
0
0
0
0
0
0
0
0
0
0
0
0
0
0
0
0
0
0
0
0
0
0
0
0
0
0
0
0
0
0
0
0
0
0
0
0
0
0
0
0
0
0
0
0
0
0
0
0
0
0
0
0
0
0
0
0
0
0
0
0
0
0
0
0
0
0
0
0
0
0
0
0
0
0
0
0
0
0
0
0
0
0
0
0
0
0
0
0
0
0
0
0
0
0
0
0
0
0
0
0
0
0
0
0
0
0
0
0
0
0
0
0
0
0
0
0
0
0
0
0
0
0
0
0
0
0
0
0
0
0
0
0
0
0
0
0
0
0
0
0
0
0
0
0
0
0
0
0
0
0
0
0
0
0
0
0
0
0
0
0
0
0
0
0
0
0
0
0
0
0
0
0
0
0
0
0
0
0
0
0
0
0
0
0
0
0
0
0
0
0
0
0
0
0
0
0
0
0
0
0
0
0
0
0
0
0
0
0
0
0
0
0
0
0
0
0
0
0
0
0
0
0
0
0
0
0
0
0
0
0
0
0
0
0
0
0
0
0
0
0
0
0
0
0
0
0
0
0
0
0
0
0
0
0
0
0
0
0
0
0
0
0
0
0
0
0
0
0
0
0
0
0
0
0
0
0
0
0
0
0
0
0
0
0
0
0
0
0
0
0
0
0
0
0
0
0
0
0
0
0
0
0
0
0
0
0
0
0
0
0
0
0
0
0
0
0
0
0
0
0
0
0
0
0
0
0
0
0
0
0
0
0
0
0
0
0
0
0
0
0
0
0
0
0
0
0
0
0
0
0
0
0
0
0
0
0
0
0
0
0
0
0
0
0
0
0
0
0
0
0
0
0
0
0
0
0
0
0
0
0
0
0
0
0
0
0
0
0
0
0
0
0
0
0
0
0
0
0
0
0
0
0
0
0
0
0
0
0
0
0
0
0
0
0
0
0
0
0
0
0
0
0
0
0
0
0
0
0
0
0
0
0
0
0
0
0
0
0
0
0
0
0
0
0
0
0
0
0
0
0
0
0
0
0
0
0
0
0
0
0
0
0
0
0
0
0
0
0
0
0
0
0
0
0
0
0
0
0
0
0
0
0
0
0
0
0
0
0
0
0
0
0
0
0
0
0
0
0
0
0
0
0
0
0
0
0
0
0
0
0
0
0
0
0
0
0
0
0
0
0
0
0
0
0
0
0
0
0
0
0
0
0
0
0
0
0
0
0
0
0
0
0
0
0
0
0
0
0
0
0
0
0
0
0
0
0
0
0
0
0
0
0
0
0
0
0
0
0
0
0
0
0
0
0
0
0
0
0
0
0
0
0
0
0
0
0
0
0
0
0
0
0
0
0
0
0
0
0
0
0
0
0
0
0
0
0
0
0
0
0
0
0
0
0
0
0
0
0
0
0
0
0
0
0
0
0
0
0
0
0
0
0
0
0
0
0
0
0
0
0
0
0
0
0
0
0
0
0
0
0
0
0
0
0
0
0
0
0
0
0
0
0
0
0
0
0
0
0
0
0
0
0
0
0
0
0
0
0
0
0
0
0
0
0
0
0
0
0
0
0
0
0
0
0
0
0
0
0
0
0
0
0
0
0
0
0
0
0
0
0
0
0
0
0
0
0
0
0
0
0
0
0
0
0
0
0
0
0
0
0
0
0
0
0
0
0
0
0
0
0
0
0
0
0
0
0
0
0
0
0
0
0
0
0
0
0
0
0
0
0
0
0
0
0
0
0
0
0
0
0
0
0
0
0
0
0
0
0
0
0
0
0
0
0
0
0
0
0
0
0
0
0
0
0
0
0
0
0
0
0
0
0
0
0
0
0
0
0
0
0
0
0
0
0
0
0
0
0
0
0
0
0
0
0
0
0
0
0
0
0
0
0
0
0
0
0
0
0
0
0
0
0
0
0
0
0
0
0
0
0
0
0
0
0
0
0
0
0
0
0
0
0
0
0
0
0
0
0
0
0
0
0
0
0
0
0
0
0
0
0
0
0
0
0
0
0
0
0
0
0
0
0
0
0
0
0
0
0
0
0
0
0
0
0
0
0
0
0
0
0
0
0
0
0
0
0
0
0
0
0
0
0
0
0
0
0
0
0
0
0
0
0
0
0
0
0
0
0
0
0
0
0
0
0
0
0
0
0
0
0
0
0
0
0
0
0
0
0
0
0
0
0
0
0
0
0
0
0
0
0
0
0
0
0
0
0
0
0
0
0
0
0
0
0
0
0
0
0
0
0
0
0
0
0
0
0
0
0
0
0
0
0
0
0
0
0
0
0
0
0
0
0
0
0
0
0
0
0
0
0
0
0
0
0
0
0
0
0
0
0
0
0
0
0
0
0
0
0
0
0
0
0
0
0
0
0
0
0
0
0
0
0
0
0
0
0
0
0
0
0
0
0
0
0
0
0
0
0
0
0
0
0
0
0
0
0
0
0
0
0
0
0
0
0
0
0
0
0
0
0
0
0
0
0
0
0
0
0
0
0
0
0
0
0
0
0
0
0
0
0
0
0
0
0
0
0
0
0
0
0
0
0
0
0
0
0
0
0
0
0
0
0
0
0
0
0
0
0
0
0
0
0
0
0
0
0
0
0
0
0
0
0
0
0
0
0
0
0
0
0
0
0
0
0
0
0
0
0
0
0
0
0
0
0
0
0
0
0
0
0
0
0
0
0
0
0
0
0
0
0
0
0
0
0
0
0
0
0
0
0
0
0
0
0
0
0
0
0
0
0
0
0
0
0
0
0
0
0
0
0
0
0
0
0
0
0
0
0
0
0
0
0
0
0
0
0
0
0
0
0
0
0
0
0
0
0
0
0
0
0
0
0
0
0
0
0
0
0
0
0
0
0
0
0
0
0
0
0
0
0
0
0
0
0
0
0
0
0
0
0
0
0
0
0
0
0
0
0
0
0
0
0
0
0
0
0
0
0
0
0
0
0
0
0
0
0
0
0
0
0
2.802596928649634e-45
1.401298464324817e-44
3.503246160812043e-44
6.305843089461677e-44
1.093012802173357e-43
1.905765911481751e-43
3.236999452590327e-43
5.268882225861312e-43
8.491868693808391e-43
1.37887768889562e-42
2.236472349062408e-42
3.620955231815327e-42
5.860230177806385e-42
9.464369828049814e-42
1.525873897803293e-41
2.458157766118594e-41
3.953062967860309e-41
6.348162303084286e-41
1.018211490147699e-40
1.631111412474087e-40
2.609890363835685e-40
4.170908827124245e-40
6.657442887145417e-40
1.061335049088831e-39
1.689922507723335e-39
2.687527903953137e-39
4.268844175497442e-39
6.772324137847694e-39
1.073089140607587e-38
1.698262055274072e-38
2.684386192796121e-38
4.237967124355431e-38
6.68255639770366e-38
1.052448462643591e-37
1.655513287620208e-37
2.600989315990294e-37
4.081494102089344e-37
6.396979954257294e-37
1.001397208980776e-36
1.565719516955901e-36
2.445108964501903e-36
3.813814437268398e-36
5.941533111132553e-36
9.245184865552594e-36
1.436849563310166e-35
2.230416587302084e-35
3.458120996112779e-35
5.355184346389859e-35
8.283026811685687e-35
1.27963052292442e-34
1.974519646226948e-34
3.043127581425911e-34
4.684476771963802e-34
7.20252388384686e-34
1.10609242966577e-33
1.69660862895707e-33
2.599296822234413e-33
3.97753896931859e-33
6.079359970129288e-33
9.280823242697604e-33
1.415144588176335e-32
2.155267128991138e-32
3.278595685386222e-32
4.981514661892093e-32
7.560007364700463e-32
1.145962993993755e-31
1.735029779363131e-31
2.623805659043867e-31
3.963192839531812e-31
5.979265333112985e-31
9.010313721934258e-31
1.356194069577583e-30
2.038890813761143e-30
3.06165760343985e-30
4.592087677475975e-30
6.879470661916201e-30
1.029417304133738e-29
1.538578939418399e-29
2.29689113506606e-29
3.424945016533229e-29
5.101050550771844e-29
7.588551574287017e-29
1.127591297168651e-28
1.673548862237441e-28
2.480956713564145e-28
3.673621572434995e-28
5.433309336623857e-28
8.026560525231659e-28
1.18437661935518e-27
1.745604160729287e-27
2.569789702618271e-27
3.778727321368233e-27
5.549961180018442e-27
8.14199903276128e-27
1.193078548622905e-26
1.746241296873489e-26
2.552918440749643e-26
3.727926142778758e-26
5.437453668233986e-26
7.921765862132689e-26
1.152781052986447e-25
1.675599973776354e-25
2.432723279147094e-25
3.527882603609254e-25
5.110164030083455e-25
7.393584536080026e-25
1.068500854853961e-24
1.542391491510343e-24
2.223895921709374e-24
3.202835031410878e-24
4.607391815180348e-24
6.620280066517586e-24
9.501634754743498e-24
1.362138589047424e-23
1.950497400115489e-23
2.789785449841848e-23
3.985635788828847e-23
5.687561539987384e-23
8.106927885451844e-23
1.154219498445844e-22
1.641430343365417e-22
2.331624944182454e-22
3.308241308168798e-22
4.688544934171874e-22
6.637147490393021e-22
9.384852764522101e-22
1.325488975982407e-21
1.869939921594503e-21
2.635008478991462e-21
3.708850876695464e-21
5.214345037039333e-21
7.322567097218094e-21
1.027141024321352e-20
1.439130283748178e-20
2.014065076560001e-20
2.81546560365879e-20
3.931247593227009e-20
5.482946657027284e-20
7.638378354301018e-20
1.062898523550113e-19
1.477358920433456e-19
2.051085706433525e-19
2.844364192334096e-19
3.939945009627092e-19
5.451283604895432e-19
7.533745952173712e-19
1.039984198865717e-18
1.433989763369119e-18
1.975008276985192e-18
2.717035608559561e-18
3.733577302070372e-18
5.124581590932407e-18
7.025788400075311e-18
9.621328961034002e-18
1.316068094655447e-17
1.79814556421084e-17
2.453999204802905e-17
3.345238172917142e-17
4.554939857066946e-17
6.19499714414849e-17
8.415934737206006e-17
1.142000392083688e-16
1.547863507949976e-16
2.09556679069653e-16
2.833822575724351e-16
3.827771270097541e-16
5.164417054133409e-16
6.959826735011842e-16
9.368655558709472e-16
1.25967256492664e-15
1.691762494287661e-15
2.26945918722671e-15
3.040929807564111e-15
4.06996959463439e-15
5.440972887895464e-15
7.265447974963337e-15
9.690549042731551e-15
1.291023901282481e-14
1.717987121378599e-14
2.283521204700552e-14
3.031722008856041e-14
4.02043171974717e-14
5.32543064821981e-14
7.045878908529951e-14
9.311374913299753e-14
1.229108638868895e-13
1.620556851688812e-13
2.13420196771251e-13
2.807395971509558e-13
3.688658536601941e-13
4.840937221396724e-13
6.345800078987052e-13
8.308810995998062e-13
1.0866422778949e-12
1.419479442842098e-12
1.85210700942573e-12
2.413776643839238e-12
3.142112221451998e-12
4.085446824592109e-12
5.305792263876619e-12
6.882610800729161e-12
8.917602767333221e-12
1.154076400416981e-11
1.491804596520652e-11
1.926104761795777e-11
2.483921575369141e-11
3.199523979091623e-11
4.116440868728866e-11
5.289893870163986e-11
6.789846462851301e-11
8.704832688000153e-11
1.114673700564062e-10
1.425677631505806e-10
1.821296724546784e-10
2.323941178383748e-10
2.961788869715321e-10
3.770222467558426e-10
4.793614949427649e-10
6.08754158193392e-10
7.721517869541117e-10
9.782384902123908e-10
1.237848268331732e-09
1.564479878979341e-09
1.974930219361681e-09
2.490072370520124e-09
3.135810944243644e-09
3.944252924270586e-09
4.955139409901221e-09
6.21759443930614e-09
7.792261946804047e-09
9.75390346269478e-09
1.219456446932554e-08
1.522741754911294e-08
1.899141821581907e-08
2.365695550565761e-08
2.943268029298451e-08
3.657373426335653e-08
4.539169040640445e-08
5.626651855550335e-08
6.966094190374861e-08
8.613770319243486e-08
1.063802272938119e-07
1.312173054657251e-07
1.616526930092732e-07
1.989001958691006e-07
2.444257063416444e-07
2.999969410666381e-07
3.677426150261454e-07
4.502223873714684e-07
5.505097533387016e-07
6.722898433508817e-07
8.199747867365659e-07
9.988391411752673e-07
1.215179736391292e-06
1.476502006880764e-06
1.791739464351849e-06
2.171508867832017e-06
2.628408310556551e-06
3.177366352247191e-06
3.83604265152826e-06
4.625299879990052e-06
5.569742825173307e-06
6.698347078781808e-06
8.045182767091319e-06
9.650245374359656e-06
1.156041435024235e-05
1.383054859616095e-05
1.652474202273879e-05
1.971776327991392e-05
2.349667920498177e-05
2.796272383420728e-05
3.32333984260913e-05
3.944486888940446e-05
4.675465606851503e-05
5.534469164558686e-05
6.542471965076402e-05
7.723613816779107e-05
9.105631033889949e-05
0.0001072033337550238
0.000126041384646669
0.0001479866186855361
0.0001735138066578656
0.0002031634649029002
0.0002375499607296661
0.0002773701271507889
0.0003234130272176117
0.0003765701840166003
0.0004378470475785434
0.0005083754076622427
0.0005894263740628958
0.0006824249867349863
0.0007889652624726295
0.0009108264348469675
0.001049990532919765
0.001208660192787647
0.001389277982525527
0.001594546367414296
0.001827448140829802
0.002091268310323358
0.002389615401625633
0.002726442413404584
0.003106070915237069
0.003533211536705494
0.004012984223663807
0.004550940357148647
0.005153079517185688
0.005825869739055634
0.006576258689165115
0.007411685772240162
0.008340092375874519
0.009369927458465099
0.01051014196127653
0.01177018601447344
0.01315999217331409
0.01468996051698923
0.01637092977762222
0.01821413636207581
0.02023116685450077
0.02243390865623951
0.02483446896076202
0.0274451058357954
0.03027812577784061
0.0333457738161087
0.03666011616587639
0.04023291915655136
0.04407547414302826
0.04819845035672188
0.05261171236634254
0.0573241263628006
0.06234338134527206
0.06767573952674866
0.07332583516836166
0.07929645478725433
0.08558829873800278
0.09219971299171448
0.09912652522325516
0.1063617616891861
0.1138954535126686
0.1217144578695297
0.1298021823167801
0.138138547539711
0.1466998010873795
0.1554584205150604
0.1643830388784409
0.1734385192394257
0.1825859248638153
0.1917826682329178
0.2009826153516769
0.2101363837718964
0.2191915363073349
0.2280931025743484
0.2367838621139526
0.2452049106359482
0.2532961964607239
0.2609972357749939
0.268247663974762
0.2749880850315094
0.281160831451416
0.2867107093334198
0.2915859818458557
0.2957389950752258
0.2991271913051605
0.3017138838768005
0.3034689426422119
0.3043695688247681
0.3044010102748871
0.303556889295578
0.3018399178981781
0.2992620170116425
0.295844554901123
0.2916185557842255
0.2866244316101074
0.2809117138385773
0.2745386958122253
0.2675718665122986
0.2600851058959961
0.2521587312221527
0.2438786774873734
0.2353350967168808
0.2266211956739426
0.2178317606449127
0.2090618759393692
0.2004052847623825
0.1919529139995575
0.1837913393974304
0.1760013997554779
0.1686567515134811
0.1618226319551468
0.1555545479059219
0.1498974561691284
0.1448848396539688
0.1405381411314011
0.1368662863969803
0.1338656693696976
0.1315201967954636
0.1298017352819443
0.1286707073450089
0.1280770301818848
0.127961277961731
0.1282560080289841
0.1288873702287674
0.1297768503427505
0.1308431476354599
0.1320041120052338
0.1331787705421448
0.134289339184761
0.135263055562973
0.1360340416431427
0.1365449279546738
0.1367483735084534
0.1366080492734909
0.1360996812582016
0.1352114677429199
0.1339444071054459
0.1323120146989822
0.1303397715091705
0.1280644237995148
0.1255326271057129
0.1227995231747627
0.119926929473877
0.1169813722372055
0.1140320003032684
0.1111483424901962
0.1083981171250343
0.1058449819684029
0.1035465076565742
0.1015523225069046
0.09990242123603821
0.09862586110830307
0.09773977845907211
0.09724874794483185
0.09714464843273163
0.09740684181451797
0.09800282120704651
0.0988892987370491
0.1000135987997055
0.101315401494503
0.1027287840843201
0.1041844636201859
0.1056120991706848
0.106942780315876
0.1081113740801811
0.1090587675571442
0.1097339689731598
0.1100958585739136
0.1101146414875984
0.1097728982567787
0.1090661585330963
0.1080030649900436
0.1066050231456757
0.104905366897583
0.1029481291770935
0.1007864698767662
0.09848058968782425
0.09609555453062057
0.09369888156652451
0.0913579985499382
0.08913777768611908
0.08709817379713058
0.08529195189476013
0.08376280218362808
0.08254377543926239
0.08165613561868668
0.08110862225294113
0.08089730143547058
0.08100581914186478
0.08140614628791809
0.08205984532833099
0.08291967213153839
0.08393149822950363
0.08503661304712296
0.08617400377988815
0.08728289604187012
0.08830513060092926
0.08918743580579758
0.08988353610038757
0.09035585820674896
0.0905769094824791
0.09053023159503937
0.09021085500717163
0.08962526172399521
0.0887908861041069
0.0877351388335228
0.0864940732717514
0.08511064201593399
0.08363271504640579
0.0821109339594841
0.08059645444154739
0.07913874834775925
0.0777834951877594
0.07657071948051453
0.07553312927484512
0.0746949315071106
0.07407094538211823
0.07366622239351273
0.07347611337900162
0.07348668575286865
0.07367571443319321
0.07401382178068161
0.07446606457233429
0.07499372214078903
0.07555615901947021
0.07611273974180222
0.07662472128868103
0.07705704867839813
0.07737977802753448
0.07756940275430679
0.07760965824127197
0.07749211043119431
0.0772162601351738
0.07678926736116409
0.0762253999710083
0.07554501295089722
0.07477337121963501
0.07393926382064819
0.07307340204715729
0.07220685482025146
0.07136952877044678
0.07058869302272797
0.06988773494958878
0.06928511708974838
0.0687936544418335
0.06842011958360672
0.06816508620977402
0.06802322715520859
0.06798373907804489
0.0680311992764473
0.06814649701118469
0.06830804795026779
0.06849295645952225
0.06867830455303192
0.0688423365354538
0.06896556168794632
0.0690317302942276
0.06902846693992615
0.06894782185554504
0.06878647208213806
0.06854569166898727
0.06823106855154037
0.06785199046134949
0.06742097437381744
0.06695280224084854
0.06646363437175751
0.06597001105546951
0.06548796594142914
0.06503212451934814
0.06461495161056519
0.06424617022275925
0.06393235176801682
0.06367668509483337
0.06347896903753281
0.06333579868078232
0.06324093043804169
0.06318579614162445
0.06316007673740387
0.06315241754055023
0.06315113604068756
0.06314490735530853
0.06312339752912521
0.06307788193225861
0.06300156563520432
0.06288997083902359
0.06274104863405228
0.06255512684583664
0.0623348280787468
0.06208473816514015
0.06181103736162186
0.0615210235118866
0.0612226314842701
0.06092388927936554
0.06063244864344597
0.06035511568188667
0.06009746715426445
0.0598636157810688
0.05965602025389671
0.05947541818022728
0.05932088568806648
0.05918999761343002
0.05907906964421272
0.0589834600687027
0.05889790877699852
0.05881691351532936
0.05873510241508484
0.05864756926894188
0.05855012685060501
0.05843957513570786
0.05831380933523178
0.05817192047834396
0.0580141507089138
0.05784182250499725
0.05765717849135399
0.05746316909790039
0.05726324394345284
0.05706105753779411
0.05686023086309433
0.0566641166806221
0.05647558346390724
0.05629686266183853
0.05612943321466446
0.05597398057579994
0.05583038553595543
0.05569779872894287
0.05557474493980408
0.05545924976468086
0.05534902587532997
0.05524163320660591
0.05513465404510498
0.05502588301897049
0.05491342768073082
0.05479583889245987
0.05467218905687332
0.05454207211732864
0.05440561473369598
0.05426343530416489
0.05411656200885773
0.05396632105112076
0.05381423607468605
0.05366190150380135
0.05351086333394051
0.05336251854896545
0.05321801081299782
0.05307819321751595
0.05294353887438774
0.05281420052051544
0.05268995836377144
0.05257029831409454
0.05245446041226387
0.05234150961041451
0.05223042145371437
0.0521201528608799
0.05200972408056259
0.051898293197155
0.05178519710898399
0.05166999623179436
0.05155247822403908
0.05143265798687935
0.05131078138947487
0.05118726193904877
0.05106264725327492
0.05093756690621376
0.05081268399953842
0.05068863555788994
0.05056599527597427
0.05044522881507874
0.05032665282487869
0.05021044611930847
0.05009663105010986
0.04998508840799332
0.04987557232379913
0.04976772889494896
0.04966117069125175
0.04955544695258141
0.04945013299584389
0.04934483766555786
0.04923923686146736
0.04913308471441269
0.04902623221278191
0.04891863092780113
0.04881032556295395
0.04870143532752991
0.04859214276075363
0.04848267138004303
0.04837325215339661
0.04826411232352257
0.04815545678138733
0.04804743081331253
0.04794013127684593
0.04783357679843903
0.04772772639989853
0.0476224459707737
0.0475175604224205
0.04741282388567924
0.04730795696377754
0.04720265418291092
0.04709658399224281
0.04698941111564636
0.0468808114528656
0.04677046835422516
0.04665805771946907
0.04654327780008316
0.04642582312226295
0.04630536958575249
0.0461815744638443
0.04605405032634735
0.04592236131429672
0.04578599706292152
0.045644361525774
0.04549676924943924
0.04534241184592247
0.04518036171793938
0.0450095608830452
0.04482881724834442
0.04463678598403931
0.04443196952342987
0.0442127138376236
0.04397720098495483
0.0437234453856945
0.0434492826461792
0.04315236583352089
0.04283013194799423
0.04247980937361717
0.04209840670228004
0.04168267920613289
0.04122911766171455
0.0407339446246624
0.04019308462738991
0.03960215300321579
0.03895643725991249
0.0382508896291256
0.03748011589050293
0.03663836047053337
0.03571951016783714
0.03471709787845612
0.03362429141998291
0.03243392705917358
0.03113848716020584
0.02973015047609806
0.02820079959928989
0.02654204145073891
0.02474525012075901
0.022801598533988
0.02070209383964539
0.01843764819204807
0.01599911414086819
0.01337735634297132
0.0105633232742548
0.007548126857727766
0.004323127679526806
0.0008800295763649046
-0.002789017744362354
-0.00669130589812994
-0.01083345152437687
-0.01522127538919449
-0.01985966600477695
-0.02475243993103504
-0.02990221977233887
-0.03531027212738991
-0.0409763790667057
-0.04689868539571762
-0.05307356268167496
-0.0594954788684845
-0.06615686416625977
-0.07304795831441879
-0.08015674352645874
-0.08746885508298874
-0.09496744722127914
-0.102633148431778
-0.1104440242052078
-0.1183755472302437
-0.1264006048440933
-0.1344895511865616
-0.1426101922988892
-0.1507279276847839
-0.1588058620691299
-0.1668049991130829
-0.1746843606233597
-0.1824012398719788
-0.1899115443229675
-0.1971700042486191
-0.2041305303573608
-0.2107465863227844
-0.2169716656208038
-0.2227596640586853
-0.2280653566122055
-0.2328449487686157
-0.2370564937591553
-0.2406604737043381
-0.2436204105615616
-0.2459032982587814
-0.2474802136421204
-0.24832683801651
-0.2484239190816879
-0.2477577775716782
-0.2463207989931107
-0.2441117465496063
-0.2411361634731293
-0.2374066412448883
-0.2329429537057877
-0.2277722656726837
-0.2219290733337402
-0.2154551148414612
-0.2083992063999176
-0.2008169442415237
-0.1927703320980072
-0.1843272000551224
-0.1755604892969131
-0.1665476709604263
-0.1573697626590729
-0.1481104642152786
-0.1388550102710724
-0.1296891272068024
-0.1206978484988213
-0.1119643226265907
-0.1035686284303665
-0.09558653086423874
-0.08808828890323639
-0.081137515604496
-0.07479019463062286
-0.06909362226724625
-0.0640856921672821
-0.05979415401816368
-0.05623611062765121
-0.05341767147183418
-0.05133382603526115
-0.04996848106384277
-0.04929474741220474
-0.04927536845207214
-0.04986343160271645
-0.05100321397185326
-0.0526312068104744
-0.05467734485864639
-0.05706632137298584
-0.05971905589103699
-0.06255423277616501
-0.06548988074064255
-0.06844498217105865
-0.07134100794792175
-0.07410356402397156
-0.07666373997926712
-0.07895951718091965
-0.08093688637018204
-0.08255089074373245
-0.08376643806695938
-0.08455884456634521
-0.08491421490907669
-0.08482950925827026
-0.08431240171194077
-0.08338084071874619
-0.08206243067979813
-0.08039351552724838
-0.07841812074184418
-0.07618667930364609
-0.07375459372997284
-0.07118070125579834
-0.06852570176124573
-0.06585047394037247
-0.0632144883275032
-0.06067420169711113
-0.05828160420060158
-0.05608287826180458
-0.05411726981401443
-0.0524161271750927
-0.05100220441818237
-0.0498892068862915
-0.04908164590597153
-0.04857490956783295
-0.04835564270615578
-0.0484023429453373
-0.04868626594543457
-0.04917248338460922
-0.04982111603021622
-0.05058872327208519
-0.05142976343631744
-0.05229812860488892
-0.05314862355589867
-0.05393842607736588
-0.05462843179702759
-0.05518446862697601
-0.05557830631732941
-0.05578845739364624
-0.05580075085163116
-0.05560863390564919
-0.05521321296691895
-0.05462302267551422
-0.05385355278849602
-0.05292652174830437
-0.0518689788877964
-0.05071216449141502
-0.04949028417468071
-0.04823921248316765
-0.04699511080980301
-0.0457930825650692
-0.0446658730506897
-0.04364271461963654
-0.04274823516607285
-0.04200166836380959
-0.04141619428992271
-0.04099855199456215
-0.04074892774224281
-0.0406610444188118
-0.04072254151105881
-0.04091558232903481
-0.04121764749288559
-0.04160250723361969
-0.04204136505723
-0.04250400140881538
-0.0429600402712822
-0.04338017106056213
-0.04373729974031448
-0.04400761052966118
-0.04417147859930992
-0.04421417787671089
-0.04412641003727913
-0.04390458762645721
-0.04355086386203766
-0.04307295009493828
-0.04248367622494698
-0.04180039465427399
-0.04104412719607353
-0.0402386300265789
-0.0394093431532383
-0.03858227282762527
-0.03778287023305893
-0.03703495860099792
-0.03635974228382111
-0.03577493876218796
-0.03529408201575279
-0.03492602333426476
-0.03467462584376335
-0.03453869745135307
-0.03451214358210564
-0.03458432480692863
-0.0347406193614006
-0.03496316075325012
-0.03523168340325356
-0.03552447259426117
-0.03581936284899712
-0.03609472885727882
-0.0363304577767849
-0.03650879859924316
-0.03661513328552246
-0.03663854673504829
-0.03657224029302597
-0.03641375154256821
-0.03616496920585632
-0.03583191335201263
-0.03542439267039299
-0.03495544567704201
-0.03444064036011696
-0.03389730677008629
-0.03334367275238037
-0.03279798105359077
-0.0322776585817337
-0.03179848194122314
-0.03137389197945595
-0.03101441077888012
-0.03072723187506199
-0.03051595576107502
-0.03038051910698414
-0.03031729161739349
-0.03031936846673489
-0.03037698194384575
-0.03047807328402996
-0.03060892783105373
-0.03075490891933441
-0.03090120479464531
-0.03103354386985302
-0.03113889880478382
-0.03120607882738113
-0.03122623637318611
-0.03119323402643204
-0.03110385872423649
-0.03095788881182671
-0.03075801022350788
-0.03050957806408405
-0.03022026643157005
-0.02989958599209785
-0.02955834940075874
-0.02920805290341377
-0.02886029146611691
-0.02852612920105457
-0.0282155629247427
-0.02793703228235245
-0.02769703790545464
-0.02749987319111824
-0.02734748087823391
-0.02723943255841732
-0.02717303670942783
-0.0271435622125864
-0.02714458107948303
-0.02716835588216782
-0.02720631472766399
-0.02724953927099705
-0.0272892527282238
-0.02731728553771973
-0.02732650376856327
-0.02731113694608212
-0.02726705186069012
-0.02719190344214439
-0.0270851943641901
-0.02694822661578655
-0.02678394503891468
-0.02659672126173973
-0.02639204263687134
-0.02617615647614002
-0.02595569379627705
-0.02573728561401367
-0.02552717737853527
-0.02533090859651566
-0.0251530222594738
-0.02499685063958168
-0.02486438117921352
-0.02475620061159134
-0.02467152290046215
-0.0246083028614521
-0.02456339634954929
-0.02453280426561832
-0.02451192773878574
-0.02449588477611542
-0.02447978220880032
-0.02445902116596699
-0.02442954108119011
-0.0243880320340395
-0.02433209866285324
-0.02426035515964031
-0.02417245507240295
-0.02406907081604004
-0.02395179122686386
-0.02382299117743969
-0.02368565090000629
-0.02354313991963863
-0.02339900471270084
-0.02325673215091228
-0.02311954833567142
-0.02299024350941181
-0.02287100628018379
-0.02276333048939705
-0.02266796119511127
-0.02258487790822983
-0.02251334302127361
-0.0224519781768322
-0.02239888906478882
-0.02235180139541626
-0.02230823040008545
-0.02226564101874828
-0.02222161367535591
-0.02217398583889008
-0.02212097309529781
-0.02206126973032951
-0.02199409529566765
-0.02191921696066856
-0.02183693647384644
-0.02174804173409939
-0.02165373042225838
-0.02155551128089428
-0.02145508117973804
-0.02135421335697174
-0.0212546344846487
-0.02115791849792004
-0.02106539532542229
-0.02097806334495544
-0.02089655958116055
-0.02082112990319729
-0.02075163461267948
-0.02068758197128773
-0.02062818221747875
-0.02057241089642048
-0.02051909640431404
-0.02046700194478035
-0.02041491121053696
-0.02036171220242977
-0.02030646614730358
-0.02024845220148563
-0.02018721029162407
-0.02012255601584911
-0.02005456574261189
-0.01998357102274895
-0.01991010643541813
-0.01983487233519554
-0.01975867338478565
-0.01968235336244106
-0.01960673369467258
-0.01953256502747536
-0.01946046948432922
-0.01939091645181179
-0.01932419650256634
-0.01926040090620518
-0.01919944584369659
-0.01914108358323574
-0.01908491551876068
-0.01903044246137142
-0.01897710934281349
-0.01892433688044548
-0.01887157186865807
-0.0188183169811964
-0.01876416616141796
-0.01870883069932461
-0.01865214854478836
-0.01859408617019653
-0.01853474043309689
-0.01847430504858494
-0.01841307058930397
-0.01835138723254204
-0.01828963309526443
-0.01822819001972675
-0.01816741190850735
-0.01810760982334614
-0.01804901473224163
-0.01799178123474121
-0.01793597266077995
-0.01788157038390636
-0.01782847009599209
-0.01777650229632854
-0.01772544905543327
-0.01767506077885628
-0.01762507483363152
-0.01757523976266384
-0.0175253301858902
-0.01747516728937626
-0.01742461882531643
-0.01737361401319504
-0.01732214353978634
-0.01727025210857391
-0.01721803657710552
-0.01716562546789646
-0.01711317710578442
-0.01706085912883282
-0.01700883917510509
-0.01695726625621319
-0.0169062651693821
-0.01685593090951443
-0.01680631376802921
-0.0167574267834425
-0.01670924201607704
-0.01666170544922352
-0.01661473698914051
-0.01656823046505451
-0.01652207225561142
-0.01647615432739258
-0.01643036864697933
-0.01638462580740452
-0.01633885875344276
-0.01629302836954594
-0.01624711602926254
-0.01620113477110863
-0.01615511439740658
-0.01610910706222057
-0.01606317982077599
-0.01601739600300789
-0.0159718319773674
-0.0159265473484993
-0.01588160544633865
-0.0158370416611433
-0.01579288206994534
-0.01574913784861565
-0.01570579782128334
-0.01566283591091633
-0.01562022417783737
-0.01557791233062744
-0.01553585473448038
-0.01549400202929974
-0.01545230764895678
-0.01541073527187109
-0.01536925509572029
-0.01532785035669804
-0.01528651639819145
-0.01524525322020054
-0.01520407665520906
-0.01516300905495882
-0.01512207556515932
-0.01508130505681038
-0.01504073012620211
-0.01500037405639887
-0.01496025919914246
-0.01492040138691664
-0.01488080807030201
-0.014841478317976
-0.01480240747332573
-0.01476358156651258
-0.0147249847650528
-0.01468659564852715
-0.01464839745312929
-0.01461036782711744
-0.01457248721271753
-0.01453474164009094
-0.0144971227273345
-0.01445962581783533
-0.01442224904894829
-0.01438499521464109
-0.01434787269681692
-0.01431088894605637
-0.01427405420690775
-0.01423738058656454
-0.01420088019222021
-0.01416455768048763
-0.01412842236459255
-0.01409247610718012
-0.01405672170221806
-0.01402115635573864
-0.01398577634245157
-0.01395057421177626
-0.0139155425131321
-0.01388067007064819
-0.01384594850242138
-0.01381137128919363
-0.01377692818641663
-0.01374261360615492
-0.01370842847973108
-0.01367437001317739
-0.013640440069139
-0.01360663957893848
-0.01357297599315643
-0.01353945396840572
-0.01350607722997665
-0.01347284857183695
-0.01343977078795433
-0.0134068476036191
-0.01337407529354095
-0.01334145478904247
-0.01330898515880108
-0.01327666360884905
-0.01324448641389608
-0.01321244798600674
-0.01318054553121328
-0.01314877439290285
-0.01311713457107544
-0.01308562140911818
-0.01305423490703106
-0.01302297227084637
-0.0129918335005641
-0.01296081766486168
-0.01292992569506168
-0.01289915852248669
-0.01286851707845926
-0.01283800322562456
-0.01280761696398258
-0.01277735643088818
-0.01274722162634134
-0.01271721441298723
-0.01268733199685812
-0.01265757437795401
-0.01262794062495232
-0.0125984288752079
-0.01256903633475304
-0.01253976486623287
-0.01251060981303453
-0.0124815721064806
-0.01245264988392591
-0.01242384128272533
-0.01239514723420143
-0.01236656680703163
-0.01233809906989336
-0.01230974402278662
-0.01228150073438883
-0.01225336920469999
-0.01222535129636526
-0.01219744328409433
-0.01216964889317751
-0.01214196439832449
-0.01211439166218042
-0.01208692789077759
-0.01205957401543856
-0.01203232724219561
-0.01200518850237131
-0.01197815593332052
-0.01195122767239809
-0.01192440371960402
-0.0118976840749383
-0.01187106780707836
-0.01184455398470163
-0.01181814260780811
-0.01179183274507523
-0.01176562532782555
-0.01173951849341393
-0.01171351224184036
-0.01168760284781456
-0.01166179310530424
-0.01163608115166426
-0.01161046605557203
-0.01158494781702757
-0.01155952736735344
-0.01153420191258192
-0.01150897424668074
-0.01148384250700474
-0.01145880669355392
-0.01143386494368315
-0.01140901818871498
-0.01138426642864943
-0.01135960780084133
-0.0113350423052907
-0.01131056901067495
-0.01128618512302637
-0.0112618925049901
-0.01123768929392099
-0.01121357548981905
-0.01118955202400684
-0.01116561610251665
-0.01114176865667105
-0.01111800875514746
-0.01109433732926846
-0.01107075251638889
-0.01104725245386362
-0.01102383900433779
-0.01100051216781139
-0.01097727008163929
-0.01095411460846663
-0.01093104481697083
-0.01090806070715189
-0.01088516227900982
-0.01086234580725431
-0.01083961222320795
-0.01081696059554815
-0.01079438999295235
-0.01077189948409796
-0.01074949000030756
-0.01072716061025858
-0.01070490945130587
-0.010682737454772
-0.01066064462065697
-0.01063862908631563
-0.01061669085174799
-0.01059482991695404
-0.01057304628193378
-0.01055133901536465
-0.0105297090485692
-0.01050815545022488
-0.01048667822033167
-0.01046527735888958
-0.01044395193457603
-0.01042270101606846
-0.01040152460336685
-0.01038042269647121
-0.01035939529538155
-0.01033844333142042
-0.01031756494194269
-0.01029676198959351
-0.01027603168040514
-0.01025537308305502
-0.01023478526622057
-0.01021426729857922
-0.01019381918013096
-0.0101734409108758
-0.01015313062816858
-0.01013288833200932
-0.01011271588504314
-0.01009261142462492
-0.01007257495075464
-0.01005260832607746
-0.0100327106192708
-0.01001288183033466
-0.009993121027946472
-0.009973430074751377
-0.009953806176781654
-0.009934250265359879
-0.009914761409163475
-0.009895337745547295
-0.009875980205833912
-0.009856687858700752
-0.009837458841502666
-0.009818293154239655
-0.009799192659556866
-0.009780156426131725
-0.009761183522641659
-0.009742271155118942
-0.009723423048853874
-0.009704635478556156
-0.009685909375548363
-0.009667244739830494
-0.00964864157140255
-0.00963009987026453
-0.009611619636416435
-0.00959319993853569
-0.00957484170794487
-0.0095565440133214
-0.009538307785987854
-0.009520131163299084
-0.009502013213932514
-0.009483952075242996
-0.009465951472520828
-0.009448007680475712
-0.009430123493075371
-0.009412297047674656
-0.009394527412950993
-0.009376817382872105
-0.009359164163470268
-0.009341568686068058
-0.009324030019342899
-0.009306548163294792
-0.009289123117923737
-0.009271753951907158
-0.009254441596567631
-0.009237185120582581
-0.009219983592629433
-0.009202837944030762
-0.009185747243463993
-0.009168710559606552
-0.009151727892458439
-0.009134797379374504
-0.009117919951677322
-0.009101096540689468
-0.009084327146410942
-0.009067610837519169
-0.009050948545336723
-0.009034340269863605
-0.009017786011099815
-0.009001283906400204
-0.008984833024442196
-0.008968433365225792
-0.008952084928750992
-0.008935786783695221
-0.008919538930058479
-0.008903339505195618
-0.008887189440429211
-0.008871086873114109
-0.008855034597218037
-0.008839032612740993
-0.008823079988360405
-0.008807177655398846
-0.008791324682533741
-0.008775521069765091
-0.008759765885770321
-0.008744058199226856
-0.008728398941457272
-0.008712787181138992
-0.008697222918272018
-0.008681704290211201
-0.008666234090924263
-0.008650811389088631
-0.008635436184704304
-0.008620108477771282
-0.008604827336966991
-0.008589595556259155
-0.00857441034168005
-0.008559273555874825
-0.00854418333619833
-0.008529138751327991
-0.008514139801263809
-0.008499183692038059
-0.008484270423650742
-0.008469399996101856
-0.008454573340713978
-0.008439790457487106
-0.008425051346421242
-0.008410357870161533
-0.008395709097385406
-0.008381105028092861
-0.008366542868316174
-0.008352022618055344
-0.008337546139955521
-0.008323113434016705
-0.008308724500238895
-0.008294377475976944
-0.00828007236123085
-0.00826580822467804
-0.00825158879160881
-0.00823740940541029
-0.008223270997405052
-0.008209173567593098
-0.00819511990994215
-0.008181106299161911
-0.00816713459789753
-0.008153202012181282
-0.008139309473335743
-0.008125457912683487
-0.008111647330224514
-0.00809787679463625
-0.008084147237241268
-0.00807045865803957
-0.00805681012570858
-0.008043200708925724
-0.008029630407691002
-0.008016100153326988
-0.008002608083188534
-0.007989155128598213
-0.007975741289556026
-0.007962366566061974
-0.00794903002679348
-0.007935728877782822
-0.007922464981675148
-0.00790923647582531
-0.007896045222878456
-0.007882891222834587
-0.007869774475693703
-0.007856694981455803
-0.007843652740120888
-0.007830647751688957
-0.007817679084837437
-0.007804747670888901
-0.007791853509843349
-0.007778996136039495
-0.007766176015138626
-0.007753392681479454
-0.007740646600723267
-0.007727937307208776
-0.007715262938290834
-0.007702624890953302
-0.007690021768212318
-0.007677453570067883
-0.007664919830858707
-0.007652420550584793
-0.007639955263584852
-0.007627524435520172
-0.007615128066390753
-0.007602766156196594
-0.007590439170598984
-0.007578145246952772
-0.007565884385257959
-0.007553657051175833
-0.00754146371036768
-0.007529303431510925
-0.007517175283282995
-0.007505081128329039
-0.007493019569665194
-0.007480991538614035
-0.007468996569514275
-0.007457033265382051
-0.00744510255753994
-0.007433204911649227
-0.007421339862048626
-0.007409507874399424
-0.007397708017379045
-0.007385939825326204
-0.0073742032982409
-0.007362500298768282
-0.007350828498601913
-0.00733918696641922
-0.007327577099204063
-0.007315998431295156
-0.007304451428353786
-0.007292935624718666
-0.007281451486051083
-0.007269998081028461
-0.007258575409650803
-0.007247184403240681
-0.007235823664814234
-0.007224493194371462
-0.007213193457573652
-0.007201923988759518
-0.007190683856606483
-0.00717947306111455
-0.007168291136622429
-0.007157138083130121
-0.007146013900637627
-0.007134918123483658
-0.007123851217329502
-0.007112814113497734
-0.007101805880665779
-0.007090827450156212
-0.007079877890646458
-0.007068957667797804
-0.007058067247271538
-0.00704720476642251
-0.007036371156573296
-0.007025564555078745
-0.007014785893261433
-0.007004034239798784
-0.006993310060352087
-0.006982613820582628
-0.006971945520490408
-0.006961305160075426
-0.00695069320499897
-0.006940108258277178
-0.006929551716893911
-0.006919022649526596
-0.006908521056175232
-0.006898046471178532
-0.006887599360197783
-0.006877179723232985
-0.006866788025945425
-0.006856424268335104
-0.006846087053418159
-0.006835776381194592
-0.006825492717325687
-0.006815235130488873
-0.00680500315502286
-0.006794796790927649
-0.006784616503864527
-0.006774460896849632
-0.006764329969882965
-0.006754224188625813
-0.006744143553078175
-0.006734087597578764
-0.006724056787788868
-0.006714051589369774
-0.006704071536660194
-0.006694117095321417
-0.006684187799692154
-0.00667428458109498
-0.006664406042546034
-0.006654552649706602
-0.006644724402576685
-0.006634920369833708
-0.006625141482800245
-0.006615386344492435
-0.006605655420571566
-0.006595949176698923
-0.006586266681551933
-0.006576607935130596
-0.006566972937434912
-0.006557362619787455
-0.006547775585204363
-0.006538212299346924
-0.00652867229655385
-0.006519156042486429
-0.006509664002805948
-0.00650019571185112
-0.006490750703960657
-0.006481329444795847
-0.006471931003034115
-0.006462554913014174
-0.006453202106058598
-0.006443872582167387
-0.006434565875679255
-0.006425281520932913
-0.006416019517928362
-0.006406780332326889
-0.006397563964128494
-0.006388369016349316
-0.006379197351634502
-0.00637004803866148
-0.006360921077430248
-0.00635181600227952
-0.006342732813209295
-0.006333672441542149
-0.006324634421616793
-0.00631561828777194
-0.006306624040007591
-0.006297651678323746
-0.006288701202720404
-0.006279772613197565
-0.006270864978432655
-0.006261978764086962
-0.006253114901483059
-0.006244271527975798
-0.006235449574887753
-0.006226649042218924
-0.006217869929969311
-0.006209111306816339
-0.00620037317276001
-0.006191655527800322
-0.006182958371937275
-0.006174281239509583
-0.006165624130517244
-0.006156987510621548
-0.006148371379822493
-0.006139774806797504
-0.006131198722869158
-0.00612264359369874
-0.006114108487963676
-0.006105594336986542
-0.006097101140767336
-0.006088627502322197
-0.006080173887312412
-0.006071740761399269
-0.006063327193260193
-0.006054932717233896
-0.006046557798981667
-0.006038201507180929
-0.006029864307492971
-0.006021547131240368
-0.006013249047100544
-0.0060049700550735
-0.005996709689497948
-0.005988468881696463
-0.005980247631669044
-0.005972045473754406
-0.005963862407952547
-0.005955699365586042
-0.005947555880993605
-0.005939431022852659
-0.005931324791163206
-0.005923237651586533
-0.005915169138461351
-0.005907118786126375
-0.005899087060242891
-0.0058910739608109
-0.005883079953491688
-0.005875103641301394
-0.005867145955562592
-0.005859206896275282
-0.00585128553211689
-0.00584338279440999
-0.005835498683154583
-0.005827632267028093
-0.005819783080369234
-0.005811952520161867
-0.005804138723760843
-0.005796343088150024
-0.005788565147668123
-0.005780804436653852
-0.005773060955107212
-0.005765334703028202
-0.005757625214755535
-0.005749932490289211
-0.005742256995290518
-0.005734598729759455
-0.005726957693696022
-0.00571933388710022
-0.005711727775633335
-0.005704139359295368
-0.005696567706763744
-0.005689013283699751
-0.005681476090103388
-0.005673956125974655
-0.005666453391313553
-0.005658968351781368
-0.005651500541716814
-0.005644049495458603
-0.005636614747345448
-0.005629196763038635
-0.005621794611215591
-0.005614408291876316
-0.005607037805020809
-0.005599683616310358
-0.005592345260083675
-0.005585024133324623
-0.005577719304710627
-0.00557043170556426
-0.005563160870224237
-0.005555906798690557
-0.005548669956624508
-0.005541450344026089
-0.005534247029572725
-0.00552705954760313
-0.005519888363778591
-0.005512734409421682
-0.005505596287548542
-0.005498474463820457
-0.005491368472576141
-0.005484278779476881
-0.005477205850183964
-0.005470149219036102
-0.005463110283017159
-0.005456089042127132
-0.005449086427688599
-0.00544210197404027
-0.005435137078166008
-0.005428191740065813
-0.005421267356723547
-0.005414363462477922
-0.005407480522990227
-0.005400619003921747
-0.005393779370933771
-0.005386961624026299
-0.005380166694521904
-0.005373395513743162
-0.005366649013012648
-0.005359928123652935
-0.005353233776986599
-0.005346567835658789
-0.005339930765330791
-0.005333323497325182
-0.005326747894287109
-0.005320204421877861
-0.005313695874065161
-0.00530722364783287
-0.005300790537148714
-0.005294398870319128
-0.005288050509989262
-0.005281747318804264
-0.005275492556393147
-0.005269289016723633
-0.005263139493763447
-0.005257048178464174
-0.005251016933470964
-0.005245049949735403
-0.005239151418209076
-0.005233324132859707
-0.005227572284638882
-0.005221899598836899
-0.005216310732066631
-0.005210809875279665
-0.005205401219427586
-0.005200090352445841
-0.005194882396608591
-0.005189781542867422
-0.005184793844819069
-0.005179924424737692
-0.005175179801881313
-0.005170564167201519
-0.005166083108633757
-0.005161741282790899
-0.005157544277608395
-0.005153498146682978
-0.005149607080966234
-0.00514587527140975
-0.005142308305948973
-0.005138908978551626
-0.005135681945830584
-0.005132630467414856
-0.005129758268594742
-0.005127068143337965
-0.005124562885612249
-0.005122244823724031
-0.005120114423334599
-0.005118172615766525
-0.005116419866681099
-0.005114854779094458
-0.005113476887345314
-0.005112282931804657
-0.005111269187182188
-0.005110430996865034
-0.005109763704240322
-0.005109259393066168
-0.005108911078423262
-0.005108709447085857
-0.005108645651489496
-0.00510870898142457
-0.005108887329697609
-0.005109168589115143
-0.005109538789838552
-0.005109984427690506
-0.005110490135848522
-0.005111039150506258
-0.005111615173518658
-0.005112200044095516
-0.005112776532769203
-0.005113324616104364
-0.005113827064633369
-0.005114264320582151
-0.005114617757499218
-0.005114867351949215
-0.005114996340125799
-0.005114986095577478
-0.00511481985449791
-0.005114480387419462
-0.005113953724503517
-0.005113225430250168
-0.005112282931804657
-0.005111114587634802
-0.005109710153192282
-0.005108061712235212
-0.005106164142489433
-0.005104011856019497
-0.005101603455841541
-0.005098938476294279
-0.005096020177006721
-0.00509285181760788
-0.00508944084867835
-0.005085795652121305
-0.005081928335130215
-0.005077851470559835
-0.005073580425232649
-0.005069132894277573
-0.005064528435468674
-0.005059787537902594
-0.005054930690675974
-0.005049982108175755
-0.005044965073466301
-0.005039903335273266
-0.005034822039306164
-0.005029745865613222
-0.005024699028581381
-0.00501970574259758
-0.00501478835940361
-0.005009968299418688
-0.005005266051739454
-0.005000698380172253
-0.004996282514184713
-0.004992031026631594
-0.004987956024706364
-0.004984065424650908
-0.00498036528006196
-0.004976858384907246
-0.004973544273525476
-0.004970419686287642
-0.004967478569597006
-0.004964712541550398
-0.004962109960615635
-0.00495965639129281
-0.004957336466759443
-0.004955132491886616
-0.004953024443238974
-0.004950991366058588
-0.004949011374264956
-0.00494706304743886
-0.004945122636854649
-0.004943168256431818
-0.004941177554428577
-0.004939129110425711
-0.004937002900987864
-0.004934780299663544
-0.004932445008307695
-0.004929982125759125
-0.004927380476146936
-0.004924630746245384
-0.004921726416796446
-0.004918664693832397
-0.004915444646030664
-0.004912069533020258
-0.004908544477075338
-0.004904878791421652
-0.004901084117591381
-0.004897173494100571
-0.004893162753432989
-0.004889070522040129
-0.004884915426373482
-0.00488071795552969
-0.004876498132944107
-0.004872275982052088
-0.004868071060627699
-0.004863902926445007
-0.00485979113727808
-0.004855751525610685
-0.00485179852694273
-0.004847945179790258
-0.004844201728701591
-0.004840575158596039
-0.004837071057409048
-0.004833691287785769
-0.004830435384064913
-0.00482730008661747
-0.00482427841052413
-0.004821362905204296
-0.00481854286044836
-0.004815804772078991
-0.004813133738934994
-0.0048105139285326
-0.004807929508388042
-0.004805362783372402
-0.004802796524018049
-0.004800213966518641
-0.004797599744051695
-0.004794939421117306
-0.004792219959199429
-0.004789430182427168
-0.004786561243236065
-0.004783606622368097
-0.004780562128871679
-0.004777426365762949
-0.004774199798703194
-0.004770885687321424
-0.004767489153891802
-0.004764018580317497
-0.00476048281416297
-0.004756893496960402
-0.004753262735903263
-0.004749604035168886
-0.004745930898934603
-0.004742257297039032
-0.004738595802336931
-0.004734959919005632
-0.004731361288577318
-0.004727811086922884
-0.004724317695945501
-0.004720889031887054
-0.004717530682682991
-0.004714245442301035
-0.004711034707725048
-0.004707898013293743
-0.004704832099378109
-0.004701831843703985
-0.004698891192674637
-0.004696001764386892
-0.004693153779953718
-0.004690336994826794
-0.004687541164457798
-0.004684754647314548
-0.00468196626752615
-0.004679166246205568
-0.004676344804465771
-0.004673492629081011
-0.004670603666454554
-0.004667671397328377
-0.004664691630750895
-0.004661662504076958
-0.004658583551645279
-0.004655455704778433
-0.004652281757444143
-0.004649066831916571
-0.004645816516131163
-0.004642536863684654
-0.004639235325157642
-0.004635920748114586
-0.004632600117474794
-0.004629283677786589
-0.00462597981095314
-0.004622695501893759
-0.004619438201189041
-0.004616213496774435
-0.004613026510924101
-0.004609879571944475
-0.004606775473803282
-0.004603715147823095
-0.004600697197020054
-0.004597719758749008
-0.004594779573380947
-0.00459187151864171
-0.004588990472257137
-0.00458613084629178
-0.004583287052810192
-0.004580451641231775
-0.00457761762663722
-0.004574780352413654
-0.004571932833641768
-0.004569070413708687
-0.004566188901662827
-0.004563284572213888
-0.004560355097055435
-0.00455740001052618
-0.004554418846964836
-0.004551414866000414
-0.004548388067632914
-0.004545342642813921
-0.004542282316833735
-0.00453921128064394
-0.00453613605350256
-0.004533061292022467
-0.004529990721493959
-0.00452693086117506
-0.004523884505033493
-0.004520856309682131
-0.00451784860342741
-0.004514864645898342
-0.004511905368417501
-0.004508970770984888
-0.004506060387939215
-0.004503173753619194
-0.00450030853971839
-0.004497462417930365
-0.00449463352560997
-0.004491817206144333
-0.004489010199904442
-0.004486207850277424
-0.004483406897634268
-0.004480605013668537
-0.004477798938751221
-0.004474985878914595
-0.00447216397151351
-0.004469331353902817
-0.004466488491743803
-0.004463633988052607
-0.004460768774151802
-0.004457893781363964
-0.004455010406672955
-0.004452120512723923
-0.00444922735914588
-0.004446332808583975
-0.004443439655005932
-0.004440551623702049
-0.004437670111656189
-0.004434798844158649
-0.00443193968385458
-0.00442909449338913
-0.004426263738423586
-0.004423448350280523
-0.004420647397637367
-0.004417860880494118
-0.004415088333189487
-0.004412328824400902
-0.004409579560160637
-0.004406839609146118
-0.004404105711728334
-0.004401376005262136
-0.004398648627102375
-0.004395921248942614
-0.004393192939460278
-0.004390462767332792
-0.00438773026689887
-0.00438499404117465
-0.004382254090160131
-0.00437950948253274
-0.004376761615276337
-0.004374011419713497
-0.004371258895844221
-0.004368506837636232
-0.004365755245089531
-0.004363006446510553
-0.004360261838883162
-0.004357523750513792
-0.00435479125007987
-0.004352066665887833
-0.004349349997937679
-0.004346642643213272
-0.004343945067375898
-0.004341257270425558
-0.004338578786700964
-0.004335908219218254
-0.004333245567977428
-0.004330589435994625
-0.004327938891947269
-0.0043252925388515
-0.004322649445384741
-0.004320008680224419
-0.004317369777709246
-0.004314732272177935
-0.004312095232307911
-0.004309459123760462
-0.004306823015213013
-0.004304186906665564
-0.004301551729440689
-0.004298916552215815
-0.004296282306313515
-0.004293649923056364
-0.004291020799428225
-0.004288394004106522
-0.004285770934075117
-0.004283152054995298
-0.004280537832528353
-0.004277928732335567
-0.004275325685739517
-0.004272727761417627
-0.00427013635635376
-0.004267551470547915
-0.004264972172677517
-0.004262398462742567
-0.00425982940942049
-0.004257265478372574
-0.004254706203937531
-0.004252150654792786
-0.004249599296599627
-0.004247051198035479
-0.004244505893439054
-0.00424196245148778
-0.004239420872181654
-0.004236881155520678
-0.004234342835843563
-0.004231806378811598
-0.004229271318763494
-0.004226737655699253
-0.004224204923957586
-0.004221673589199781
-0.004219144117087126
-0.004216617438942194
-0.004214093089103699
-0.004211571533232927
-0.004209053702652454
-0.00420653959736228
-0.004204028286039829
-0.004201521631330252
-0.004199017304927111
-0.004196516238152981
-0.004194017034024
-0.004191520158201456
-0.004189024679362774
-0.004186529200524092
-0.00418403372168541
-0.004181538708508015
-0.004179043229669333
-0.004176546819508076
-0.004174047615379095
-0.004171546082943678
-0.004169040825217962
-0.004166532307863235
-0.004164020530879498
-0.004161504097282887
-0.004158982541412115
-0.004156454931944609
-0.004153920337557793
-0.00415137829259038
-0.004148826934397221
-0.004146265797317028
-0.004143693018704653
-0.004141108132898808
-0.004138510208576918
-0.004135896917432547
-0.004133266862481833
-0.004130618646740913
-0.004127949941903353
-0.004125258885324001
-0.004122544080018997
-0.004119803197681904
-0.004117034375667572
-0.004114234354346991
-0.004111400805413723
-0.00410853186622262
-0.00410562427714467
-0.004102674778550863
-0.004099680110812187
-0.004096637945622206
-0.004093545023351908
-0.004090397153049707
-0.004087191540747881
-0.00408392446115613
-0.004080592188984156
-0.004077191930264235
-0.004073719028383493
-0.004070170223712921
-0.004066541790962219
-0.004062829073518515
-0.004059029277414083
-0.004055137746036053
-0.004051151219755411
-0.00404706597328186
-0.00404287688434124
-0.004038580693304539
-0.004034173209220171
-0.004029651638120413
-0.004025011789053679
-0.00402024993672967
-0.004015363752841949
-0.00401034951210022
-0.004005206283181906
-0.003999930806457996
-0.003994522616267204
-0.003988980315625668
-0.003983302973210812
-0.003977491054683924
-0.003971544560045004
-0.003965465351939201
-0.003959254361689091
-0.003952913917601109
-0.003946446347981691
-0.00393985491245985
-0.003933143801987171
-0.003926318138837814
-0.003919382113963366
-0.003912342712283134
-0.0039052062202245
-0.003897981019690633
-0.003890675492584705
-0.003883298253640532
-0.003875859780237079
-0.003868370084092021
-0.003860840108245611
-0.003853281727060676
-0.003845707280561328
-0.003838129108771682
-0.003830561181530356
-0.003823016071692109
-0.003815507981926203
-0.003808050882071257
-0.00380065874196589
-0.003793345997110009
-0.003786127083003521
-0.003779015969485044
-0.003772025695070624
-0.003765169065445662
-0.003758458653464913
-0.003751906333491206
-0.003745522582903504
-0.003739317180588841
-0.003733299672603607
-0.003727477742359042
-0.003721857909113169
-0.003716445062309504
-0.003711243160068989
-0.003706254297867417
-0.003701480105519295
-0.00369691988453269
-0.003692571306601167
-0.003688430646434426
-0.003684492548927665
-0.003680749796330929
-0.003677194006741047
-0.003673814702779055
-0.003670600242912769
-0.003667536890134215
-0.003664610907435417
-0.00366180669516325
-0.003659107955172658
-0.003656497457996011
-0.003653957741335034
-0.00365147041156888
-0.003649017075076699
-0.003646579105407
-0.003644138341769576
-0.003641675924882293
-0.003639174625277519
-0.003636617679148912
-0.003633989486843348
-0.0036312744487077
-0.003628459759056568
-0.003625533310696483
-0.003622485091909766
-0.003619306953623891
-0.003615992143750191
-0.003612536238506436
-0.003608936909586191
-0.003605193691328168
-0.00360130937770009
-0.003597287461161613
-0.003593134228140116
-0.003588858526200056
-0.003584470367059112
-0.003579981159418821
-0.003575404873117805
-0.003570756642147899
-0.003566051367670298
-0.003561306279152632
-0.003556538140401244
-0.00355176511220634
-0.003547004656866193
-0.003542274469509721
-0.003537591546773911
-0.003532971953973174
-0.003528430825099349
-0.003523981664329767
-0.00351963727734983
-0.003515408141538501
-0.003511303104460239
-0.003507328918203712
-0.003503489773720503
-0.003499788464978337
-0.003496225457638502
-0.003492798190563917
-0.003489502472802997
-0.003486331552267075
-0.003483277279883623
-0.003480329643934965
-0.003477476770058274
-0.00347470585256815
-0.003472002223134041
-0.003469350747764111
-0.003466734895482659
-0.003464139299467206
-0.003461547428742051
-0.003458943450823426
-0.003456312464550138
-0.003453640732914209
-0.00345091475173831
-0.003448123577982187
-0.003445258131250739
-0.003442310495302081
-0.003439274616539478
-0.003436147468164563
-0.003432927653193474
-0.003429615637287498
-0.003426214447245002
-0.003422728506848216
-0.003419165033847094
-0.003415531944483519
-0.003411839716136456
-0.003408099757507443
-0.003404323477298021
-0.003400524612516165
-0.003396716667339206
-0.003392913145944476
-0.003389127086848021
-0.003385371994227171
-0.00338165950961411
-0.00337800127454102
-0.003374406369403005
-0.003370883641764522
-0.00336743937805295
-0.003364078002050519
-0.00336080277338624
-0.003357614390552044
-0.003354511689394712
-0.003351492108777165
-0.003348550526425242
-0.003345680655911565
-0.003342874115332961
-0.003340121824294329
-0.003337413771077991
-0.003334739012643695
-0.00333208660595119
-0.00332944467663765
-0.003326802281662822
-0.003324148245155811
-0.003321472555398941
-0.003318766131997108
-0.003316020825877786
-0.003313230583444238
-0.003310390282422304
-0.003307496663182974
-0.003304548095911741
-0.00330154481343925
-0.003298488445580006
-0.003295382251963019
-0.003292231354862452
-0.003289041575044394
-0.003285820363089442
-0.003282575868070126
-0.003279316704720259
-0.0032760517206043
-0.003272789996117353
-0.003269540145993233
-0.003266311250627041
-0.003263110993430018
-0.003259946126490831
-0.003256822936236858
-0.003253746312111616
-0.003250719746574759
-0.003247745335102081
-0.003244823776185513
-0.003241954138502479
-0.003239134326577187
-0.003236360847949982
-0.003233628813177347
-0.003230933099985123
-0.00322826742194593
-0.003225624561309814
-0.003222997067496181
-0.003220377489924431
-0.003217758610844612
-0.003215133445337415
-0.003212495939806104
-0.0032098398078233
-0.003207160625606775
-0.003204455133527517
-0.00320172100327909
-0.003198956837877631
-0.003196163102984428
-0.003193340729922056
-0.003190491814166307
-0.003187619848176837
-0.003184728091582656
-0.003181821666657925
-0.003178905695676804
-0.00317598576657474
-0.003173067467287183
-0.003170155920088291
-0.003167256712913513
-0.003164375200867653
-0.003161515342071652
-0.00315868086181581
-0.00315587455406785
-0.003153098514303565
-0.00315035367384553
-0.0031476397998631
-0.003144955961033702
-0.003142300760373473
-0.003139671171084046
-0.003137064166367054
-0.003134475322440267
-0.003131900681182742
-0.003129336284473538
-0.003126777242869139
-0.003124219598248601
-0.003121660090982914
-0.003119094530120492
-0.003116519888862967
-0.003113933838903904
-0.003111334983259439
-0.003108721924945712
-0.003106094663962722
-0.0031034538988024
-0.00310080056078732
-0.003098136512562633
-0.003095463616773486
-0.003092783968895674
-0.003090100828558207
-0.003087417222559452
-0.003084735944867134
-0.003082060720771551
-0.003079394344240427
-0.003076739376410842
-0.003074097912758589
-0.003071471815928817
-0.003068862482905388
-0.003066271310672164
-0.003063698299229145
-0.0030611427500844
-0.003058603964745998
-0.003056081011891365
-0.003053571796044707
-0.003051074454560876
-0.003048586891964078
-0.003046106547117233
-0.003043631091713905
-0.003041158197447658
-0.003038685768842697
-0.003036211943253875
-0.003033734858036041
-0.003031253581866622
-0.00302876764908433
-0.003026275895535946
-0.003023778786882758
-0.00302127655595541
-0.003018769435584545
-0.003016258822754025
-0.003013746114447713
-0.003011232474818826
-0.003008719766512513
-0.003006209386512637
-0.003003703430294991
-0.003001203294843435
-0.00299871014431119
-0.002996225608512759
-0.002993751084432006
-0.00299128657206893
-0.002988833235576749
-0.002986391074955463
-0.002983960090205073
-0.002981540048494935
-0.002979129552841187
-0.002976728137582541
-0.002974333940073848
-0.002971945563331246
-0.002969562076032162
-0.002967181615531445
-0.00296480325050652
-0.002962425351142883
-0.002960047451779246
-0.002957668621093035
-0.002955288393422961
-0.002952906070277095
-0.002950522117316723
-0.002948136767372489
-0.00294575048610568
-0.002943363972008228
-0.002940978156402707
-0.002938593970611691
-0.0029362125787884
-0.002933834679424763
-0.002931461436673999
-0.002929094014689326
-0.002926732646301389
-0.00292437756434083
-0.002922029467299581
-0.002919688820838928
-0.002917355624958873
-0.002915029646828771
-0.002912710187956691
-0.002910396549850702
-0.002908088732510805
-0.002905786037445068
-0.002903487766161561
-0.002901193220168352
-0.002898901700973511
-0.002896612277254462
-0.002894324716180563
-0.002892038319259882
-0.002889753086492419
-0.002887468552216887
-0.002885185182094574
-0.002882902743294835
-0.002880621002987027
-0.002878341125324368
-0.002876062877476215
-0.002873786957934499
-0.002871513366699219
-0.002869243500754237
-0.002866976894438267
-0.002864714711904526
-0.002862457185983658
-0.002860204083845019
-0.002857956336811185
-0.002855713712051511
-0.002853476442396641
-0.002851244062185287
-0.002849016338586807
-0.0028467932716012
-0.002844574162736535
-0.002842358546331525
-0.002840145956724882
-0.002837936626747251
-0.002835729857906699
-0.002833525184541941
-0.002831322140991688
-0.002829121192917228
-0.002826922340318561
-0.002824724884703755
-0.002822529291734099
-0.00282033602707088
-0.002818145090714097
-0.002815956948325038
-0.002813771599903703
-0.002811589045450091
-0.002809410216286778
-0.00280723487958312
-0.002805063268169761
-0.002802895149216056
-0.002800730988383293
-0.002798570552840829
-0.002796414075419307
-0.002794261090457439
-0.002792112063616514
-0.002789966529235244
-0.002787824487313628
-0.002785686170682311
-0.002783550880849361
-0.002781418617814779
-0.002779289381578565
-0.002777162939310074
-0.00277503882534802
-0.002772916574031115
-0.002770796418190002
-0.002768678357824683
-0.0027665626257658
-0.002764449222013354
-0.002762337913736701
-0.002760228933766484
-0.002758122282102704
-0.002756018424406648
-0.002753917127847672
-0.002751819090917706
-0.002749724313616753
-0.00274763279594481
-0.002745544770732522
-0.002743460237979889
-0.002741379663348198
-0.002739302348345518
-0.002737228525802493
-0.002735158195719123
-0.002733090659603477
-0.002731026615947485
-0.002728965133428574
-0.002726907143369317
-0.002724851947277784
-0.002722799777984619
-0.00272074993699789
-0.002718702657148242
-0.002716657938435674
-0.002714616013690829
-0.002712576417252421
-0.002710538683459163
-0.002708503277972341
-0.002706469967961311
-0.002704438287764788
-0.002702408935874701
-0.002700381446629763
-0.002698356285691261
-0.00269633368588984
-0.002694313880056143
-0.002692297101020813
-0.002690283814445138
-0.002688273787498474
-0.002686267253011465
-0.002684264443814754
-0.002682264894247055
-0.002680268604308367
-0.00267827557399869
-0.002676285104826093
-0.002674296963959932
-0.002672311384230852
-0.002670327899977565
-0.002668346278369427
-0.002666366985067725
-0.002664389554411173
-0.002662414684891701
-0.002660442143678665
-0.00265847216360271
-0.002656504977494478
-0.002654540352523327
-0.002652578288689256
-0.002650618553161621
-0.002648661844432354
-0.002646707464009523
-0.00264475611038506
-0.002642807317897677
-0.002640861086547375
-0.002638917649164796
-0.002636976540088654
-0.002635038224980235
-0.002633102238178253
-0.002631168579682708
-0.002629237715154886
-0.002627309178933501
-0.002625383203849196
-0.002623460022732615
-0.002621539402753115
-0.00261962111108005
-0.002617705147713423
-0.002615791512653232
-0.002613879507407546
-0.002611969597637653
-0.002610062016174197
-0.00260815629735589
-0.00260625290684402
-0.002604351611807942
-0.002602452412247658
-0.002600556006655097
-0.002598662162199616
-0.00259677111171186
-0.00259488238953054
-0.002592996694147587
-0.002591114025563002
-0.002589234383776784
-0.002587357070297003
-0.002585483016446233
-0.002583611756563187
-0.002581743057817221
-0.002579876920208335
-0.002578013110905886
-0.002576151164248586
-0.002574291313067079
-0.002572433557361364
-0.002570577897131443
-0.002568724099546671
-0.002566872630268335
-0.002565023256465793
-0.002563176210969687
-0.002561331260949373
-0.002559488173574209
-0.002557647181674838
-0.00255580828525126
-0.002553971949964762
-0.002552137477323413
-0.002550305332988501
-0.002548475284129381
-0.002546647097915411
-0.002544821007177234
-0.002542997244745493
-0.002541175810620189
-0.002539356704801321
-0.00253753992728889
-0.002535725710913539
-0.002533914055675268
-0.002532104728743434
-0.00253029796294868
-0.00252849399112165
-0.002526692347601056
-0.002524893032386899
-0.002523095579817891
-0.002521299989894032
-0.00251950672827661
-0.002517715562134981
-0.002515926491469145
-0.002514139283448458
-0.002512354170903563
-0.002510570688173175
-0.002508789300918579
-0.002507010009139776
-0.00250523304566741
-0.002503458177670836
-0.002501685405150056
-0.002499914960935712
-0.002498147077858448
-0.002496381523087621
-0.002494618762284517
-0.002492858096957207
-0.002491099759936333
-0.002489343751221895
-0.002487589605152607
-0.002485837554559112
-0.002484087832272053
-0.00248234043829143
-0.002480595139786601
-0.002478851703926921
-0.002477110363543034
-0.002475371351465583
-0.002473634667694569
-0.002471900079399347
-0.002470167586579919
-0.002468437422066927
-0.002466709585860372
-0.002464983612298965
-0.002463259501382709
-0.002461537253111601
-0.002459816634654999
-0.002458097646012902
-0.002456380985677242
-0.002454665955156088
-0.002452952787280083
-0.002451241016387939
-0.002449531340971589
-0.002447823761031032
-0.002446118043735623
-0.002444413956254721
-0.002442711964249611
-0.002441012766212225
-0.002439315663650632
-0.002437620656564832
-0.002435927977785468
-0.002434237394481897
-0.002432548440992832
-0.002430861350148916
-0.00242917612195015
-0.002427492756396532
-0.002425811719149351
-0.002424133010208607
-0.002422455931082368
-0.002420780714601278
-0.002419107826426625
-0.002417437033727765
-0.002415768103674054
-0.002414101036265492
-0.002412436064332724
-0.002410773420706391
-0.002409112406894565
-0.002407453488558531
-0.00240579666569829
-0.002404141705483198
-0.002402488607913256
-0.002400837372988462
-0.002399187767878175
-0.002397539559751749
-0.002395893214270473
-0.002394248731434345
-0.00239260564558208
-0.002390964422374964
-0.002389325294643641
-0.002387688029557467
-0.002386052859947085
-0.002384419552981853
-0.002382788341492414
-0.002381159225478768
-0.002379532437771559
-0.002377907745540142
-0.002376285381615162
-0.002374664880335331
-0.002373046474531293
-0.00237142969854176
-0.002369814785197377
-0.002368201734498143
-0.002366590313613415
-0.002364980289712548
-0.0023633714299649
-0.002361763967201114
-0.002360158367082477
-0.002358554396778345
-0.002356952056288719
-0.002355351578444242
-0.002353752963244915
-0.002352156676352024
-0.002350562484934926
-0.002348970388993621
-0.002347380854189396
-0.002345793414860964
-0.002344208071008325
-0.002342625055462122
-0.002341044135391712
-0.002339465077966452
-0.00233788788318634
-0.002336312318220735
-0.002334738150238991
-0.002333165379241109
-0.002331594005227089
-0.002330024028196931
-0.002328455215319991
-0.00232688756659627
-0.00232532131485641
-0.002323756692931056
-0.002322193933650851
-0.002320632804185152
-0.002319073304533958
-0.002317515667527914
-0.002315960125997663
-0.002314406679943204
-0.002312855329364538
-0.002311306074261665
-0.002309759380295873
-0.002308215014636517
-0.002306672045961022
-0.002305131405591965
-0.002303591929376125
-0.002302054315805435
-0.002300518099218607
-0.002298983512446284
-0.00229745008982718
-0.002295918064191937
-0.002294387202709913
-0.002292857505381107
-0.002291329670697451
-0.002289803232997656
-0.00228827865794301
-0.00228675571270287
-0.00228523463010788
-0.002283715642988682
-0.002282198751345277
-0.002280683722347021
-0.002279170788824558
-0.002277660183608532
-0.002276151673868299
-0.002274645026773214
-0.002273140475153923
-0.002271637786179781
-0.002270136494189501
-0.002268636366352439
-0.002267137402668595
-0.00226563960313797
-0.002264142967760563
-0.002262647729367018
-0.002261153422296047
-0.002259659813717008
-0.002258167834952474
-0.002256677253171802
-0.002255188068374991
-0.002253701211884618
-0.00225221598520875
-0.002250732854008675
-0.002249251585453749
-0.002247772645205259
-0.002246295567601919
-0.002244820352643728
-0.002243347000330687
-0.00224187527783215
-0.002240404719486833
-0.002238935558125377
-0.002237467560917139
-0.002236000262200832
-0.002234534360468388
-0.002233069622889161
-0.002231606282293797
-0.002230144338682294
-0.00222868425771594
-0.002227226039394736
-0.002225769683718681
-0.002224315190687776
-0.002222862793132663
-0.002221412258222699
-0.002219964284449816
-0.002218518406152725
-0.002217074623331428
-0.002215632703155279
-0.00221419264562428
-0.002212753752246499
-0.002211316721513867
-0.002209881087765098
-0.002208446618169546
-0.002207013312727213
-0.002205581171438098
-0.002204150427132845
-0.002202721079811454
-0.002201292663812637
-0.002199865877628326
-0.002198440488427877
-0.00219701649621129
-0.002195593900978565
-0.002194172702729702
-0.002192752668634057
-0.002191334031522274
-0.002189916558563709
-0.002188500249758363
-0.002187085105106235
-0.002185671357437968
-0.002184259239584208
-0.002182848751544952
-0.002181440126150846
-0.00218003336340189
-0.002178628696128726
-0.002177225891500711
-0.00217582518234849
-0.002174426103010774
-0.00217302911914885
-0.002171633299440145
-0.00217023934237659
-0.002168846782296896
-0.002167455852031708
-0.002166066551581025
-0.002164678415283561
-0.002163291443139315
-0.002161905402317643
-0.002160520758479834
-0.002159137045964599
-0.002157754963263869
-0.002156373811885715
-0.002154994057491422
-0.002153615700080991
-0.002152238506823778
-0.002150862943381071
-0.002149488776922226
-0.002148116007447243
-0.002146744634956121
-0.002145374426618218
-0.002144005382433534
-0.002142637269571424
-0.002141270553693175
-0.002139905001968145
-0.00213854038156569
-0.00213717739097774
-0.002135815797373652
-0.002134456299245358
-0.002133098663762212
-0.002131742890924215
-0.002130389446392655
-0.002129038562998176
-0.002127689309418201
-0.002126341685652733
-0.002124996157363057
-0.002123652491718531
-0.002122310223057866
-0.00212096911855042
-0.002119628945365548
-0.002118289237841964
-0.002116949763149023
-0.002115611219778657
-0.002114273142069578
-0.002112936228513718
-0.002111600013449788
-0.00211026519536972
-0.002108931308612227
-0.00210759905166924
-0.002106268191710114
-0.002104939427226782
-0.002103612059727311
-0.002102287020534277
-0.002100963611155748
-0.002099642530083656
-0.00209832307882607
-0.002097005257382989
-0.002095689531415701
-0.002094375202432275
-0.002093062270432711
-0.002091750735417008
-0.002090440597385168
-0.002089131157845259
-0.00208782241679728
-0.002086514141410589
-0.002085207030177116
-0.002083900850266218
-0.002082595136016607
-0.002081290818750858
-0.002079987432807684
-0.002078685211017728
-0.002077384386211634
-0.002076085656881332
-0.002074789023026824
-0.002073494251817465
-0.002072201343253255
-0.002070910762995481
-0.002069621346890926
-0.00206833379343152
-0.002067047404125333
-0.00206576194614172
-0.002064477419480681
-0.002063193591311574
-0.002061910461634398
-0.002060627797618508
-0.002059346064925194
-0.002058064797893167
-0.002056785160675645
-0.002055506920441985
-0.002054230310022831
-0.002052955096587539
-0.002051681280136108
-0.00205040886066854
-0.002049138071015477
-0.00204786891117692
-0.002046601148322225
-0.002045334782451391
-0.00204406981356442
-0.00204280624166131
-0.002041544066742063
-0.002040283055976033
-0.002039023209363222
-0.002037764294072986
-0.002036506775766611
-0.002035249955952168
-0.002033994765952229
-0.002032741205766797
-0.002031488576903939
-0.002030237345024943
-0.002028987510129809
-0.002027738839387894
-0.00202649156562984
-0.002025245456025004
-0.002024000277742743
-0.002022756263613701
-0.002021513180807233
-0.002020271262153983
-0.002019030973315239
-0.002017791848629713
-0.002016554120928049
-0.002015318023040891
-0.002014083089306951
-0.002012849319726229
-0.002011616947129369
-0.002010385971516371
-0.002009156392887235
-0.002007929142564535
-0.002006702590733767
-0.00200547743588686
-0.002004252979531884
-0.002003028988838196
-0.002001806162297726
-0.002000583801418543
-0.001999362139031291
-0.001998141407966614
-0.001996921608224511
-0.00199570320546627
-0.001994485501199961
-0.001993269193917513
-0.001992054283618927
-0.001990840770304203
-0.001989628886803985
-0.001988418400287628
-0.001987209543585777
-0.001986002083867788
-0.001984796253964305
-0.00198359158821404
-0.001982388086616993
-0.001981185749173164
-0.001979984575882554
-0.001978784101083875
-0.00197758455760777
-0.001976385712623596
-0.001975187798961997
-0.001973990816622972
-0.001972794765606523
-0.001971599878743291
-0.001970406156033278
-0.001969213830307126
-0.00196802313439548
-0.00196683406829834
-0.001965646399185061
-0.001964460592716932
-0.001963276648893952
-0.001962093869224191
-0.001960912253707647
-0.001959732035174966
-0.001958552515134215
-0.001957374159246683
-0.001956196501851082
-0.001955020008608699
-0.001953844213858247
-0.001952669466845691
-0.001951495767571032
-0.001950322883203626
-0.001949150813743472
-0.001947980024851859
-0.001946810283698142
-0.001945641823112965
-0.001944474526681006
-0.001943308277986944
-0.001942143077030778
-0.00194097904022783
-0.001939816167578101
-0.00193865445908159
-0.001937493914738297
-0.001936334650963545
-0.001935176667757332
-0.001934019848704338
-0.00193286407738924
-0.001931709353812039
-0.001930555677972734
-0.001929403166286647
-0.001928251935169101
-0.001927101751789451
-0.001925952616147697
-0.00192480452824384
-0.001923657488077879
-0.001922511262819171
-0.001921365968883038
-0.001920221606269479
-0.001919078407809138
-0.001917936373502016
-0.00191679538693279
-0.001915655564516783
-0.001914517139084637
-0.001913380110636353
-0.001912244246341288
-0.001911109779030085
-0.001909976592287421
-0.001908844569697976
-0.001907713594846427
-0.001906583667732775
-0.001905454788357019
-0.001904326840303838
-0.00190319970715791
-0.001902073388919234
-0.001900948002003133
-0.001899823662824929
-0.001898700254969299
-0.001897577778436244
-0.001896456466056406
-0.001895336201414466
-0.001894216984510422
-0.001893098931759596
-0.001891981926746666
-0.001890865503810346
-0.001889749895781279
-0.001888635219074786
-0.001887521240860224
-0.001886408077552915
-0.00188529584556818
-0.001884184661321342
-0.001883074641227722
-0.001881965668871999
-0.001880858093500137
-0.001879751682281494
-0.001878646435216069
-0.001877542585134506
-0.001876440132036805
-0.001875338726677001
-0.001874238485470414
-0.001873139524832368
-0.001872041495516896
-0.001870944513939321
-0.001869848580099642
-0.001868753577582538
-0.001867659506388009
-0.001866566366516054
-0.001865474157966673
-0.001864382880739868
-0.001863292651250958
-0.001862203353084624
-0.001861115335486829
-0.001860028365626931
-0.001858942327089608
-0.001857857336290181
-0.001856773276813328
-0.001855690265074372
-0.001854608068242669
-0.001853526919148862
-0.00185244670137763
-0.001851367298513651
-0.00185028905980289
-0.001849211752414703
-0.001848135376349092
-0.00184706028085202
-0.00184598658233881
-0.001844914047978818
-0.001843843143433332
-0.00184277375228703
-0.001841705641709268
-0.001840638578869402
-0.001839572796598077
-0.00183850817847997
-0.001837444375269115
-0.001836381503380835
-0.001835319097153842
-0.001834257389418781
-0.001833196263760328
-0.001832135487347841
-0.001831075409427285
-0.001830015913583338
-0.001828956999816
-0.001827898900955915
-0.001826841617003083
-0.001825785264372826
-0.001824729959480464
-0.001823675818741322
-0.001822622842155397
-0.001821570913307369
-0.001820520148612559
-0.001819470548070967
-0.001818421995267272
-0.001817374490201473
-0.001816328032873571
-0.001815282623283565
-0.001814238145016134
-0.001813194481655955
-0.001812151749618351
-0.001811109832488
-0.001810068846680224
-0.0018090286757797
-0.001807989319786429
-0.001806950895115733
-0.001805913634598255
-0.001804877421818674
-0.001803842140361667
-0.001802807906642556
-0.001801774837076664
-0.001800742815248668
-0.001799711841158569
-0.001798681681975722
-0.001797652221284807
-0.001796623459085822
-0.001795595162548125
-0.001794567448087037
-0.001793540664948523
-0.001792514696717262
-0.001791489310562611
-0.001790464739315212
-0.001789441215805709
-0.001788418623618782
-0.001787397195585072
-0.001786376931704581
-0.001785357599146664
-0.001784339663572609
-0.001783322892151773
-0.001782307284884155
-0.001781293074600399
-0.001780280144885182
-0.001779268495738506
-0.001778258243575692
-0.001777249271981418
-0.001776241115294397
-0.001775234122760594
-0.001774228061549366
-0.00177322281524539
-0.001772218383848667
-0.001771214650943875
-0.001770211383700371
-0.00176920834928751
-0.001768205780535936
-0.00176720367744565
-0.001766202040016651
-0.00176520086824894
-0.001764200278557837
-0.001763200736604631
-0.001762201893143356
-0.001761203981004655
-0.001760207116603851
-0.001759211416356266
-0.00175821699667722
-0.001757223508320749
-0.00175623141694814
-0.001755240373313427
-0.001754250377416611
-0.001753261545673013
-0.001752273528836668
-0.001751286559738219
-0.001750300172716379
-0.001749314484186471
-0.001748329377733171
-0.001747344853356481
-0.001746360911056399
-0.001745377318002284
-0.001744394307024777
-0.001743411994539201
-0.0017424306133762
-0.001741450163535774
-0.001740470645017922
-0.001739492290653288
-0.001738515216857195
-0.001737539423629642
-0.001736564910970628
-0.001735591562464833
-0.001734619378112257
-0.001733648241497576
-0.001732678152620792
-0.001731708995066583
-0.001730740768834949
-0.001729773241095245
-0.001728806528262794
-0.001727840397506952
-0.001726874965243042
-0.001725910347886384
-0.001724946196191013
-0.001723982859402895
-0.00172302033752203
-0.001722058514133096
-0.001721097622066736
-0.001720137428492308
-0.001719178049825132
-0.001718219835311174
-0.001717262319289148
-0.001716305851005018
-0.00171535019762814
-0.001714395242743194
-0.001713440986350179
-0.001712487544864416
-0.001711534918285906
-0.001710582873784006
-0.001709631527774036
-0.001708680996671319
-0.001707731047645211
-0.001706781797111034
-0.00170583336148411
-0.001704885740764439
-0.001703939167782664
-0.001702993526123464
-0.001702048815786839
-0.001701105036772788
-0.001700162421911955
-0.001699220738373697
-0.001698279986158013
-0.001697340165264904
-0.001696401042863727
-0.001695463084615767
-0.001694525824859738
-0.001693589263595641
-0.001692653284408152
-0.001691718236543238
-0.001690783770754933
-0.00168985000345856
-0.001688916934654117
-0.001687984564341605
-0.001687052892521024
-0.001686122035607696
-0.00168519199360162
-0.001684262766502798
-0.00168333447072655
-0.001682407106272876
-0.001681480556726456
-0.00168055493850261
-0.001679630135186017
-0.001678706030361354
-0.001677782856859267
-0.001676860614679754
-0.001675939303822815
-0.001675018575042486
-0.001674098777584732
-0.001673179911449552
-0.001672261627390981
-0.001671343925409019
-0.001670426921918988
-0.00166951073333621
-0.001668595243245363
-0.001667680451646447
-0.001666766358539462
-0.00166585308033973
-0.001664940384216607
-0.001664028386585414
-0.001663117203861475
-0.00166220695246011
-0.00166129763238132
-0.001660389360040426
-0.001659482019022107
-0.001658575609326363
-0.001657670130953193
-0.001656765583902597
-0.001655861851759255
-0.001654958934523165
-0.001654056832194328
-0.001653155311942101
-0.001652254140935838
-0.001651353435590863
-0.001650453428737819
-0.001649554003961384
-0.001648655044846237
-0.001647756900638342
-0.001646859454922378
-0.001645962824113667
-0.001645066891796887
-0.001644171890802681
-0.001643277821131051
-0.001642384682781994
-0.001641492825001478
-0.001640602014958858
-0.001639712136238813
-0.001638823305256665
-0.001637935522012413
-0.001637048670090735
-0.00163616263307631
-0.001635277178138494
-0.001634392305277288
-0.001633508014492691
-0.00163262418936938
-0.001631740829907358
-0.001630857936106622
-0.001629975507967174
-0.001629093661904335
-0.001628212630748749
-0.001627332298085093
-0.001626452431082726
-0.001625573495402932
-0.001624695374630392
-0.001623817952349782
-0.001622941344976425
-0.001622065552510321
-0.00162119057495147
-0.001620316528715193
-0.001619443413801491
-0.001618571113795042
-0.001617699745111167
-0.001616829074919224
-0.001615958986803889
-0.001615089480765164
-0.001614220440387726
-0.001613352098502219
-0.001612484338693321
-0.00161161704454571
-0.001610750332474709
-0.001609884202480316
-0.001609018538147211
-0.001608153339475393
-0.001607288722880185
-0.001606424688361585
-0.001605561352334917
-0.001604698947630823
-0.00160383724141866
-0.00160297635011375
-0.001602116506546736
-0.001601257594302297
-0.001600399613380432
-0.001599542563781142
-0.001598686445504427
-0.001597831258550286
-0.001596976886503398
-0.001596123329363763
-0.001595270354300737
-0.001594418310560286
-0.001593566848896444
-0.001592716202139854
-0.001591866370290518
-0.001591017586179078
-0.001590169849805534
-0.001589322928339243
-0.001588476705364883
-0.001587631297297776
-0.0015867865877226
-0.001585942343808711
-0.001585098565556109
-0.001584255136549473
-0.001583412289619446
-0.001582569908350706
-0.001581727643497288
-0.001580885844305158
-0.001580044510774314
-0.00157920375932008
-0.001578363706357777
-0.00157752470113337
-0.001576686510816216
-0.001575849368236959
-0.001575013156980276
-0.001574177760630846
-0.001573343295603991
-0.00157250976189971
-0.00157167692668736
-0.001570844789966941
-0.001570013235323131
-0.001569182146340609
-0.001568351523019373
-0.001567521365359426
-0.001566691440530121
-0.001565861748531461
-0.001565032522194088
-0.00156420364510268
-0.001563375117257237
-0.001562547287903726
-0.001561720157042146
-0.001560893724672496
-0.0015600681072101
-0.001559243188239634
-0.001558419084176421
-0.001557595911435783
-0.001556773670017719
-0.001555952243506908
-0.00155513163190335
-0.001554311835207045
-0.001553492969833314
-0.001552674919366837
-0.00155185756739229
-0.001551040913909674
-0.001550224842503667
-0.001549409702420235
-0.00154859502799809
-0.00154778128489852
-0.00154696824029088
-0.001546155894175172
-0.001545344479382038
-0.001544533995911479
-0.001543724443763494
-0.001542915822938085
-0.001542108249850571
-0.001541301724500954
-0.001540496130473912
-0.001539691467769444
-0.001538887387141585
-0.001538083772175014
-0.00153728062286973
-0.001536477822810411
-0.001535675022751093
-0.001534872222691774
-0.001534069422632456
-0.001533266738988459
-0.001532464171759784
-0.001531661604531109
-0.0015308593865484
-0.001530057634226978
-0.001529256347566843
-0.001528455759398639
-0.001527655986137688
-0.001526857144199312
-0.00152605923358351
-0.001525262254290283
-0.001524466089904308
-0.00152367097325623
-0.001522876787930727
-0.001522083417512476
-0.001521290745586157
-0.001520498772151768
-0.001519707730039954
-0.001518917386420071
-0.001518127974122763
-0.001517339376732707
-0.001516551361419261
-0.001515764044597745
-0.001514977309852839
-0.001514191157184541
-0.001513405586592853
-0.001512620481662452
-0.001511835725978017
-0.001511051435954869
-0.001510267611593008
-0.001509484136477113
-0.001508701243437827
-0.001507918699644506
-0.001507136737927794
-0.00150635524187237
-0.001505574095062912
-0.00150479341391474
-0.001504013198427856
-0.001503233448602259
-0.00150245416443795
-0.001501675462350249
-0.001500897342339158
-0.001500119687989354
-0.001499342266470194
-0.001498564961366355
-0.001497787656262517
-0.001497010351158679
-0.001496232813224196
-0.001495455042459071
-0.001494676806032658
-0.001493898103944957
-0.001493118703365326
-0.00149233837146312
-0.001491557341068983
-0.001490775146521628
-0.001489991787821054
-0.001489207148551941
-0.001488420879468322
-0.001487632747739553
-0.00148684240411967
-0.001486049266532063
-0.001485253218561411
-0.001484453794546425
-0.001483650645241141
-0.00148284318856895
-0.001482030958868563
-0.001481213141232729
-0.001480389386415482
-0.001479558879509568
-0.001478720805607736
-0.001477874349802732
-0.001477018231526017
-0.001476151519455016
-0.00147527304943651
-0.001474381075240672
-0.00147347419988364
-0.00147255090996623
-0.001471609342843294
-0.001470647403039038
-0.001469663111492991
-0.001468653907068074
-0.00146761757787317
-0.001466551446355879
-0.001465452834963799
-0.001464318367652595
-0.00146314490120858
-0.001461929059587419
-0.001460667001083493
-0.001459354418329895
-0.001457987353205681
-0.001456560799852014
-0.001455069868825376
-0.001453509437851608
-0.001451873686164618
-0.001450156210921705
-0.001448350842110813
-0.001446451060473919
-0.001444449415430427
-0.001442338572815061
-0.001440110499970615
-0.001437756814993918
-0.001435268903151155
-0.0014326375676319
-0.001429853262379766
-0.001426906208507717
-0.001423786277882755
-0.001420482527464628
-0.001416984247043729
-0.001413280144333839
-0.001409358461387455
-0.001405207440257072
-0.001400815206579864
-0.001396169303916395
-0.001391257275827229
-0.00138606654945761
-0.001380584551952779
-0.001374798826873302
-0.001368696917779744
-0.001362266484647989
-0.001355495536699891
-0.001348372432403266
-0.001340886112302542
-0.001333025982603431
-0.001324782031588256
-0.001316145178861916
-0.001307107391767204
-0.001297660870477557
-0.001287799561396241
-0.001277518342249095
-0.0012668133713305
-0.001255682320334017
-0.00124412402510643
-0.001232139067724347
-0.001219729892909527
-0.001206900924444199
-0.001193658215925097
-0.001180010149255395
-0.00116596685256809
-0.001151540782302618
-0.001136746956035495
-0.001121602719649673
-0.00110612774733454
-0.001090344041585922
-0.001074276166036725
-0.00105795101262629
-0.001041397452354431
-0.001024646917358041
-0.001007733051665127
-0.0009906912455335259
-0.0009735586936585605
-0.0009563741041347384
-0.0009391781059093773
-0.0009220124338753521
-0.000904920045286417
-0.0008879445376805961
-0.0008711303235031664
-0.0008545219316147268
-0.0008381639490835369
-0.0008221004391089082
-0.000806374941021204
-0.0007910298299975693
-0.0007761060842312872
-0.0007616425864398479
-0.0007476760074496269
-0.0007342405151575804
-0.0007213669596239924
-0.000709082989487797
-0.0006974123534746468
-0.0006863747839815915
-0.0006759857060387731
-0.0006662558298557997
-0.0006571910344064236
-0.0006487923674285412
-0.0006410556379705667
-0.0006339714163914323
-0.0006275253836065531
-0.000621697457972914
-0.0006164625519886613
-0.0006117906305007637
-0.0006076468853279948
-0.0006039917934685946
-0.0006007814081385732
-0.0005979680572636425
-0.0005955003434792161
-0.000593324308283627
-0.0005913831992074847
-0.000589618633966893
-0.0005879707168787718
-0.0005863791448064148
-0.0005847837892360985
-0.0005831252201460302
-0.00058134546270594
-0.0005793888703919947
-0.0005772026488557458
-0.0005747376708313823
-0.0005719488253816962
-0.0005687962402589619
-0.0005652451072819531
-0.0005612664390355349
-0.000556837534531951
-0.0005519426777027547
-0.0005465725553222001
-0.000540725071914494
-0.0005344051169231534
-0.0005276247393339872
-0.0005204028566367924
-0.00051276502199471
-0.0005047431332059205
-0.0004963749088346958
-0.0004877033643424511
-0.0004787762009073049
-0.0004696449032053351
-0.000460364215541631
-0.000450990948593244
-0.0004415837174747139
-0.0004322012537159026
-0.0004229018813930452
-0.0004137425858061761
-0.0004047778493259102
-0.0003960592148359865
-0.0003876338596455753
-0.0003795441589318216
-0.0003718267544172704
-0.0003645122051239014
-0.0003576244635041803
-0.0003511802933644503
-0.000345189095241949
-0.0003396527317818254
-0.0003345655859448016
-0.0003299148520454764
-0.0003256802738178521
-0.0003218351630493999
-0.0003183466324117035
-0.0003151762648485601
-0.0003122808993794024
-0.0003096136206295341
-0.0003071246319450438
-0.0003047623322345316
-0.0003024742763955146
-0.0003002083103638142
-0.000297913677059114
-0.0002955420059151947
-0.0002930484188254923
-0.000290392548777163
-0.0002875392383430153
-0.0002844594710040838
-0.0002811308368109167
-0.0002775382017716765
-0.0002736738242674619
-0.0002695379953365773
-0.000265138631220907
-0.0002604912442620844
-0.0002556189429014921
-0.000250551791395992
-0.000245326227741316
-0.0002399844088358805
-0.0002345733664697036
-0.0002291442360728979
-0.0002237509761471301
-0.0002184496115660295
-0.0002132969675585628
-0.0002083496801787987
-0.0002036631194641814
-0.0001992900506593287
-0.0001952803577296436
-0.0001916795590659603
-0.0001885283854790032
-0.0001858620234997943
-0.0001837096642702818
-0.0001820941834012046
-0.0001810320682125166
-0.000180533214006573
-0.0001806012151064351
-0.0001812338741729036
-0.0001824234204832464
-0.0001841569755924866
-0.0001864175719674677
-0.000189184895134531
-0.0001924361276905984
-0.000196146807866171
-0.0002002918627113104
-0.0002048465103143826
-0.0002097872202284634
-0.0002150924992747605
-0.0002207435172749683
-0.0002267249656142667
-0.0002330253482796252
-0.000239637607592158
-0.0002465589786879718
-0.0002537911932449788
-0.0002613402029965073
-0.0002692161069717258
-0.0002774324093479663
-0.0002860055828932673
-0.0002949541667476296
-0.0003042981552425772
-0.0003140577464364469
-0.0003242524689994752
-0.0003349001053720713
-0.0003460156731307507
-0.0003576104063540697
-0.0003696907078847289
-0.0003822573635261506
-0.0003953048726543784
-0.0004088204877916723
-0.0004227841563988477
-0.0004371679970063269
-0.0004519362119026482
-0.0004670450289268047
-0.0004824432253371924
-0.0004980723024345934
-0.0005138675915077329
-0.0005297582247294486
-0.0005456688231788576
-0.0005615203408524394
-0.0005772311706095934
-0.0005927183665335178
-0.0006078990991227329
-0.0006226917612366378
-0.0006370173068717122
-0.0006508005899377167
-0.0006639715866185725
-0.0006764663266949356
-0.0006882279994897544
-0.0006992074777372181
-0.0007093643653206527
-0.0007186673465184867
-0.0007270943024195731
-0.0007346324855461717
-0.0007412789273075759
-0.0007470398559235036
-0.0007519305218011141
-0.0007559743826277554
-0.0007592029869556427
-0.0007616551010869443
-0.0007633759523741901
-0.0007644164143130183
-0.0007648322498425841
-0.000764683005400002
-0.0007640316616743803
-0.0007629435276612639
-0.0007614856003783643
-0.0007597255171276629
-0.0007577312062494457
-0.0007555701886303723
-0.0007533089956268668
-0.0007510128198191524
-0.0007487449329346418
-0.000746566045563668
-0.0007445344817824662
-0.0007427053642459214
-0.0007411303813569248
-0.0007398576126433909
-0.0007389311213046312
-0.0007383907213807106
-0.0007382716867141426
-0.0007386040524579585
-0.0007394127314910293
-0.0007407169905491173
-0.0007425301591865718
-0.0007448595715686679
-0.0007477059261873364
-0.0007510628784075379
-0.0007549175061285496
-0.0007592497277073562
-0.0007640322437509894
-0.0007692310027778149
-0.0007748051430098712
-0.0007807073998264968
-0.0007868848042562604
-0.0007932789158076048
-0.0007998267537914217
-0.0008064619032666087
-0.0008131155045703053
-0.0008197172428481281
-0.0008261962793767452
-0.0008324832888320088
-0.0008385113324038684
-0.0008442173129878938
-0.0008495429647155106
-0.0008544368902221322
-0.0008588549681007862
-0.0008627618080936372
-0.0008661315077915788
-0.0008689482347108424
-0.0008712071576155722
-0.0008729139226488769
-0.0008740854682400823
-0.0008747492101974785
-0.0008749429835006595
-0.0008747137617319822
-0.000874117249622941
-0.0008732159622013569
-0.0008720782352611423
-0.0008707768283784389
-0.0008693867712281644
-0.0008679839666001499
-0.00086664326954633
-0.0008654367993585765
-0.0008644324261695147
-0.0008636916754767299
-0.0008632687968201935
-0.00086320930859074
-0.0008635491831228137
-0.0008643138571642339
-0.000865517882630229
-0.0008671646355651319
-0.0008692462579347193
-0.0008717444143258035
-0.0008746306411921978
-0.0008778669871389866
-0.0008814078173600137
-0.0008852003375068307
-0.0008891866891644895
-0.0008933051722124219
