0
0
0
0
0
0
0
0
0
0
0
0
0
0
0
0
0
0
0
0
0
0
0
0
0
0
0
0
0
0
0
0
0
0
0
0
0
0
0
0
0
0
0
0
0
0
0
0
0
0
0
0
0
0
0
0
0
0
0
0
0
0
0
0
0
0
0
0
0
0
0
0
0
0
0
0
0
0
0
0
0
0
0
0
0
0
0
0
0
0
0
0
0
0
0
0
0
0
0
0
0
0
0
0
0
0
0
0
0
0
0
0
0
0
0
0
0
0
0
0
0
0
0
0
0
0
0
0
0
0
0
0
0
0
0
0
0
0
0
0
0
0
0
0
0
0
0
0
0
0
0
0
0
0
0
0
0
0
0
0
0
0
0
0
0
0
0
0
0
0
0
0
0
0
0
0
0
0
0
0
0
0
0
0
0
0
0
0
0
0
0
0
0
0
0
0
0
0
0
0
0
0
0
0
0
0
0
0
0
0
0
0
0
0
0
0
0
0
0
0
0
0
0
0
0
0
0
0
0
0
0
0
0
0
0
0
0
0
0
0
0
0
0
0
0
0
0
0
0
0
0
0
0
0
0
0
0
0
0
0
0
0
0
0
0
0
0
0
0
0
0
0
0
0
0
0
0
0
0
0
0
0
0
0
0
0
0
0
0
0
0
0
0
0
0
0
0
0
0
0
0
0
0
0
0
0
0
0
0
0
0
0
0
0
0
0
0
0
0
0
0
0
0
0
0
0
0
0
0
0
0
0
0
0
0
0
0
0
0
0
0
0
0
0
0
0
0
0
0
0
0
0
0
0
0
0
0
0
0
0
0
0
0
0
0
0
0
0
0
0
0
0
0
0
0
0
0
0
0
0
0
0
0
0
0
0
0
0
0
0
0
0
0
0
0
0
0
0
0
0
0
0
0
0
0
0
0
0
0
0
0
0
0
0
0
0
0
0
0
0
0
0
0
0
0
0
0
0
0
0
0
0
0
0
0
0
0
0
0
0
0
0
0
0
0
0
0
0
0
0
0
0
0
0
0
0
0
0
0
0
0
0
0
0
0
0
0
0
0
0
0
0
0
0
0
0
0
0
0
0
0
0
0
0
0
0
0
0
0
0
0
0
0
0
0
0
0
0
0
0
0
0
0
0
0
0
0
0
0
0
0
0
0
0
0
0
0
0
0
0
0
0
0
0
0
0
0
0
0
0
0
0
0
0
0
0
0
0
0
0
0
0
0
0
0
0
0
0
0
0
0
0
0
0
0
0
0
0
0
0
0
0
0
0
0
0
0
0
0
0
0
0
0
0
0
0
0
0
0
0
0
0
0
0
0
0
0
0
0
0
0
0
0
0
0
0
0
0
0
0
0
0
0
0
0
0
0
0
0
0
0
0
0
0
0
0
0
0
0
0
0
0
0
0
0
0
0
0
0
0
0
0
0
0
0
0
0
0
0
0
0
0
0
0
0
0
0
0
0
0
0
0
0
0
0
0
0
0
0
0
0
0
0
0
0
0
0
0
0
0
0
0
0
0
0
0
0
0
0
0
0
0
0
0
0
0
0
0
0
0
0
0
0
0
0
0
0
0
0
0
0
0
0
0
0
0
0
0
0
0
0
0
0
0
0
0
0
0
0
0
0
0
0
0
0
0
0
0
0
0
0
0
0
0
0
0
0
0
0
0
0
0
0
0
0
0
0
0
0
0
0
0
0
0
0
0
0
0
0
0
0
0
0
0
0
0
0
0
0
0
0
0
0
0
0
0
0
0
0
0
0
0
0
0
0
0
0
0
0
0
0
0
0
0
0
0
0
0
0
0
0
0
0
0
0
0
0
0
0
0
0
0
0
0
0
0
0
0
0
0
0
0
0
0
0
0
0
0
0
0
0
0
0
0
0
0
0
0
0
0
0
0
0
0
0
0
0
0
0
0
0
0
0
0
0
0
0
0
0
0
0
0
0
0
0
0
0
0
0
0
0
0
0
0
0
0
0
0
0
0
0
0
0
0
0
0
0
0
0
0
0
0
0
0
0
0
0
0
0
0
0
0
0
0
0
0
0
0
0
0
0
0
0
0
0
0
0
0
0
0
0
0
0
0
0
0
0
0
0
0
0
0
0
0
0
0
0
0
0
0
0
0
0
0
0
0
0
0
0
0
0
0
0
0
0
0
0
0
0
0
0
0
0
0
0
0
0
0
0
0
0
0
0
0
0
0
0
0
0
0
0
0
0
0
0
0
0
0
0
0
0
0
0
0
0
0
0
0
0
0
0
0
0
0
0
0
0
0
0
0
0
0
0
0
0
0
0
0
0
0
0
0
0
0
0
0
0
0
0
0
0
0
0
0
0
0
0
0
0
0
0
0
0
0
0
0
0
0
0
0
0
0
0
0
0
0
0
0
0
0
0
0
0
0
0
0
0
0
0
0
0
0
0
0
0
0
0
0
0
0
0
0
0
0
0
0
0
0
0
0
0
0
0
0
0
0
0
0
0
0
0
0
0
0
0
0
0
0
0
0
0
0
0
0
0
0
0
0
0
0
0
0
0
0
0
0
0
0
0
0
0
0
0
0
0
0
0
0
0
0
0
0
0
0
0
0
0
0
0
0
0
0
0
0
0
0
0
0
0
0
0
0
0
0
0
0
0
0
0
0
0
0
0
0
0
0
0
0
0
0
0
0
0
0
0
0
0
0
0
0
0
0
0
0
0
0
0
0
0
0
0
0
0
0
0
0
0
0
0
0
0
0
0
0
0
0
0
0
0
0
0
0
0
0
0
0
0
0
0
0
0
0
0
0
0
0
0
0
0
0
0
0
0
0
0
0
0
0
0
0
0
0
0
0
0
0
0
0
0
0
0
0
0
0
0
0
0
0
0
0
0
0
0
0
0
0
0
0
0
0
0
0
0
0
0
0
0
0
0
0
0
0
0
0
0
0
0
0
0
0
0
0
0
0
0
0
0
0
0
0
0
0
0
0
0
0
0
0
0
0
0
0
0
0
0
0
0
0
0
0
0
0
0
0
0
0
0
0
0
0
0
0
0
0
0
0
0
0
0
0
0
0
0
0
0
0
0
0
0
0
0
0
0
0
0
0
0
0
0
0
0
0
0
0
0
0
0
0
0
0
0
0
0
0
0
0
0
0
0
0
0
0
0
0
0
0
0
0
0
0
0
0
0
0
0
0
0
0
0
0
0
0
0
0
0
0
0
0
0
0
0
0
0
0
0
0
0
0
0
0
0
0
0
0
0
0
0
0
0
0
0
0
0
0
0
0
0
0
0
0
0
0
0
0
0
0
0
0
0
0
0
0
0
0
0
0
0
0
0
0
0
0
0
0
0
0
0
0
0
0
0
0
0
0
0
0
0
0
0
0
0
0
0
0
0
0
0
0
0
0
0
0
0
0
0
0
0
0
0
0
0
0
0
0
0
0
0
0
0
0
0
0
0
0
0
0
0
0
0
0
0
0
0
0
0
0
0
0
0
0
0
0
0
0
0
0
0
0
0
0
0
0
0
0
0
0
0
0
0
0
0
0
0
0
0
0
0
0
0
0
0
0
0
0
0
0
0
0
0
0
0
0
0
0
0
0
0
0
0
0
0
0
0
0
0
0
0
0
0
0
0
0
0
0
0
0
0
0
0
0
0
0
0
0
0
0
0
0
0
0
0
0
0
0
0
7.006492321624085e-45
3.503246160812043e-44
9.108440018111311e-44
1.933791880768248e-43
3.895609730822991e-43
7.51095976878102e-43
1.395693270467518e-42
2.533547623499269e-42
4.534601830555108e-42
8.065873960653647e-42
1.428763914225583e-41
2.521076067166778e-41
4.435249769434479e-41
7.783932709631494e-41
1.363365314895544e-40
2.383272376185076e-40
4.15850733571497e-40
7.242947424494255e-40
1.25927125977164e-39
2.185512729108772e-39
3.786339279171871e-39
6.548161225106581e-39
1.130458860256431e-38
1.948165839895906e-38
3.35145863219515e-38
5.755456773186976e-38
9.866530155884551e-38
1.688452209322627e-37
2.884387693207591e-37
4.918807825633898e-37
8.373523769613935e-37
1.422982582756512e-36
2.413985520248312e-36
4.088032358936905e-36
6.91097479604201e-36
1.166300254473726e-35
1.964844834103889e-35
3.304408751545012e-35
5.547631368307439e-35
9.297592656843668e-35
1.55554717168311e-34
2.598043635053841e-34
4.331725151783938e-34
7.209867050119653e-34
1.197970904835964e-33
1.987095139893343e-33
3.290372522476729e-33
5.439088401045543e-33
8.975580420567673e-33
1.478614670965015e-32
2.431667433982118e-32
3.99218482077747e-32
6.542972003357722e-32
1.070528112567871e-31
1.748559249143356e-31
2.851165544600251e-31
4.641142749447655e-31
7.542034761373001e-31
1.223527589064684e-30
1.981532331813899e-30
3.203696441471177e-30
5.170886425651372e-30
8.331871609023839e-30
1.340246222355571e-29
2.152244918909242e-29
3.450359166782188e-29
5.522084114445414e-29
8.822840955192801e-29
1.407281584447371e-28
2.240893397856165e-28
3.562292469775962e-28
5.653358869832251e-28
8.95679624395036e-28
1.416669096627049e-27
2.236939704421581e-27
3.526230201939289e-27
5.549297119373617e-27
8.71839905023727e-27
1.367437223534159e-26
2.141165711996131e-26
3.347078580731235e-26
5.223417215720059e-26
8.137986473277946e-26
1.265765163098661e-25
1.965457545676565e-25
3.046834484048383e-25
4.715297238784749e-25
7.285254705308616e-25
1.12371480733219e-24
1.730388483707636e-24
2.660158682047619e-24
4.082707410912917e-24
6.255557326736798e-24
9.568881202609063e-24
1.461281838754695e-23
2.227844012767825e-23
3.390891148733018e-23
5.152540296848389e-23
7.81641691978536e-23
1.183785752738038e-22
1.789854585791623e-22
2.701729450830841e-22
4.071418669364242e-22
6.125331505859753e-22
9.200121482923025e-22
1.379551469218053e-21
2.065203215719426e-21
3.086514999713302e-21
4.605267071974677e-21
6.859971994202782e-21
1.020166373105624e-20
1.514610676202355e-20
2.244979814696281e-20
3.322044258600763e-20
4.907723320353348e-20
7.238298233872967e-20
1.06579753310317e-19
1.566732683692514e-19
2.299307486365115e-19
3.368846331529469e-19
4.927736179792244e-19
7.19607686745673e-19
1.049122476682896e-18
1.5269991922155e-18
2.218878699153841e-18
3.218921241371516e-18
4.661968012062631e-18
6.740781252068634e-18
9.730454763345061e-18
1.402290672011953e-17
2.017552409276448e-17
2.897966395586449e-17
4.155693855228837e-17
5.949429719594157e-17
8.503320744094068e-17
1.213341609717283e-16
1.728457549749493e-16
2.45818993339667e-16
3.490221229078414e-16
4.947332038872788e-16
7.00115347250838e-16
9.891187007497098e-16
1.395105933412551e-15
1.964471422040643e-15
2.761618575624638e-15
3.875795761805814e-15
5.430465444184775e-15
7.596120320208996e-15
1.060779085691787e-14
1.478890557379212e-14
2.05837628978198e-14
2.860162939279619e-14
3.967653435616933e-14
5.494816231253578e-14
7.597114398075894e-14
1.0486242814833e-13
1.444995246504752e-13
1.987868691270128e-13
2.730129490535749e-13
3.743283352557192e-13
5.123838636364453e-13
7.001820455897201e-13
9.552096526949105e-13
1.300942751962519e-12
1.768840607839495e-12
2.400986744491296e-12
3.253574276315674e-12
4.401502599893359e-12
5.944423772663576e-12
8.014685269619459e-12
1.078773962520652e-11
1.449575529055558e-11
1.944540882481416e-11
2.604104085146552e-11
3.481479340927685e-11
4.646573056876768e-11
6.191049756187894e-11
8.23488569001718e-11
1.093482318581529e-10
1.449525777186267e-10
1.918223357932902e-10
2.53414039752542e-10
3.342099097469742e-10
4.40011610480795e-10
5.783145629045805e-10
7.587841466261125e-10
9.938606604364963e-10
1.299525154152548e-09
1.69626934720668e-09
2.210317262552053e-09
2.875166105198446e-09
3.733521047877275e-09
4.83972195652882e-09
6.262778740051544e-09
8.090163206020407e-09
1.04325312832998e-08
1.342959787820064e-08
1.725741682889748e-08
2.213740124545893e-08
2.834745771451708e-08
3.62357042149597e-08
4.623734639608301e-08
5.889537035841386e-08
7.4885868173169e-08
9.504897491297015e-08
1.204265203114119e-07
1.523078481113771e-07
1.922853130054136e-07
2.42321476662255e-07
3.048300527552783e-07
3.827735781669617e-07
4.797802830580622e-07
6.002846362207492e-07
7.496946636820212e-07
9.345917533210013e-07
1.162967805612425e-06
1.444507006453932e-06
1.790916826394096e-06
2.216322400272475e-06
2.737725026236149e-06
3.375545020389836e-06
4.154249836574309e-06
5.103093371872092e-06
6.256972028495511e-06
7.657413334527519e-06
9.353725545224734e-06
1.140430958912475e-05
1.387818338116631e-05
1.68567039509071e-05
2.043554195552133e-05
2.472693631716538e-05
2.986221807077527e-05
3.599468982429244e-05
4.33028289990034e-05
5.199388760956936e-05
6.230793223949149e-05
7.452226418536156e-05
8.895635255612433e-05
0.0001059772475855425
0.0001260054850718006
0.000149521540151909
0.0001770727831171826
0.0002092810027534142
0.0002468503662385046
0.0002905760484281927
0.0003413529775571078
0.0004001853812951595
0.0004681965510826558
0.0005466384463943541
0.0006369021139107645
0.0007405273499898612
0.0008592126541770995
0.0009948248043656349
0.001149407471530139
0.001325189135968685
0.001524589490145445
0.001750225317664444
0.002004912821575999
0.002291670069098473
0.002613713964819908
0.002974456176161766
0.003377495566383004
0.00382660492323339
0.004325714893639088
0.004878893494606018
0.005490316078066826
0.006164239253848791
0.006904957350343466
0.007716760970652103
0.008603885769844055
0.009570456109941006
0.01062042359262705
0.01175749581307173
0.01298506837338209
0.01430613920092583
0.01572323031723499
0.01723830588161945
0.01885267533361912
0.02056691981852055
0.02238079719245434
0.02429316379129887
0.02630188874900341
0.02840380556881428
0.03059463575482368
0.03286894783377647
0.03522012755274773
0.03764036670327187
0.04012065753340721
0.04265083372592926
0.04521961510181427
0.04781468585133553
0.05042280256748199
0.05302989482879639
0.05562127009034157
0.0581817515194416
0.06069590523838997
0.06314824521541595
0.06552354246377945
0.06780698895454407
0.06998453289270401
0.07204316556453705
0.07397116720676422
0.07575838267803192
0.0773964524269104
0.07887908071279526
0.08020218461751938
0.08136411756277084
0.08236575126647949
0.0832105427980423
0.08390458673238754
0.08445651084184647
0.08487743884325027
0.08518078178167343
0.08538199216127396
0.08549833297729492
0.08554848283529282
0.08555217087268829
0.08552972227334976
0.08550161123275757
0.0854879766702652
0.08550813049077988
0.08558005839586258
0.08571998029947281
0.08594190329313278
0.08625724911689758
0.08667455613613129
0.08719920367002487
0.08783328533172607
0.08857552707195282
0.0894213542342186
0.09036298841238022
0.09138971567153931
0.09248816221952438
0.09364277124404907
0.0948362797498703
0.09605025500059128
0.09726568311452866
0.09846362471580505
0.0996258482336998
0.1007354035973549
0.1017771884799004
0.1027385145425797
0.1036094725131989
0.104383297264576
0.1050565540790558
0.1056292876601219
0.1061049178242683
0.1064901426434517
0.1067946404218674
0.1070306599140167
0.1072125285863876
0.1073561012744904
0.1074780821800232
0.1075953766703606
0.1077244505286217
0.1078806519508362
0.1080776229500771
0.1083267480134964
0.1086367592215538
0.1090134009718895
0.1094592362642288
0.1099736243486404
0.1105528250336647
0.1111901849508286
0.1118765398859978
0.1126006320118904
0.1133496761322021
0.1141100153326988
0.1148677095770836
0.1156092062592506
0.1163219586014748
0.1169949993491173
0.1176194101572037
0.1181887164711952
0.1186990886926651
0.1191495135426521
0.1195417568087578
0.119880199432373
0.1201715469360352
0.1204244419932365
0.1206489652395248
0.1208560764789581
0.1210570782423019
0.1212629824876785
0.1214839443564415
0.12172881513834
0.1220046728849411
0.1223165318369865
0.1226671412587166
0.1230568811297417
0.1234838664531708
0.1239441111683846
0.1244317963719368
0.1249397173523903
0.1254596561193466
0.1259829550981522
0.1265009641647339
0.1270055174827576
0.1274894326925278
0.1279469281435013
0.1283738017082214
0.128767654299736
0.1291280090808868
0.1294561922550201
0.1297552734613419
0.1300297677516937
0.1302852481603622
0.1305280774831772
0.130764976143837
0.1310025453567505
0.1312468647956848
0.131503239274025
0.1317757368087769
0.1320672184228897
0.1323789954185486
0.1327109187841415
0.1330614686012268
0.1334278583526611
0.1338062882423401
0.1341922432184219
0.1345808357000351
0.1349671334028244
0.1353464275598526
0.1357146352529526
0.1360684335231781
0.1364055275917053
0.1367247104644775
0.1370259374380112
0.1373101770877838
0.1375793963670731
0.1378363519906998
0.1380843371152878
0.1383268982172012
0.1385676711797714
0.1388100236654282
0.1390568763017654
0.1393104642629623
0.1395723223686218
0.1398430466651917
0.1401224136352539
0.1404093503952026
0.1407020688056946
0.1409981995820999
0.1412949860095978
0.1415894627571106
0.1418786346912384
0.1421597003936768
0.1424301266670227
0.1426878869533539
0.1429314315319061
0.1431597173213959
0.1433722227811813
0.1435688734054565
0.1437498331069946
0.143915519118309
0.144066333770752
0.1442025452852249
0.1443241536617279
0.1444306373596191
0.1445210129022598
0.1445935815572739
0.1446461081504822
0.144675612449646
0.14467853307724
0.1446507424116135
0.1445876806974411
0.1444844156503677
0.1443358659744263
0.144136905670166
0.1438823789358139
0.1435673385858536
0.1431870758533478
0.1427372395992279
0.142213836312294
0.1416133046150208
0.1409325301647186
0.1401688158512115
0.139319971203804
0.1383842527866364
0.1373604238033295
0.1362477689981461
0.1350461691617966
0.1337561458349228
0.1323789209127426
0.1309165507555008
0.1293720304965973
0.1277493834495544
0.1260537803173065
0.1242915913462639
0.1224704831838608
0.1205994561314583
0.1186888143420219
0.1167501136660576
0.1147961318492889
0.1128406673669815
0.1108983606100082
0.1089844852685928
0.1071146354079247
0.1053044572472572
0.1035692915320396
0.1019238159060478
0.1003817245364189
0.09895534813404083
0.09765530377626419
0.09649020433425903
0.09546636790037155
0.09458757936954498
0.0938548818230629
0.09326649457216263
0.09281770884990692
0.09250093996524811
0.09230578690767288
0.09221920371055603
0.09222576022148132
0.09230794757604599
0.09244658797979355
0.09262127429246902
0.09281092882156372
0.09299430996179581
0.09315068274736404
0.09326039999723434
0.09330549091100693
0.09327025711536407
0.09314178675413132
0.09291043132543564
0.09257017076015472
0.09211890399456024
0.09155850857496262
0.09089488536119461
0.09013776481151581
0.08930046111345291
0.08839933574199677
0.08745326846837997
0.0864829495549202
0.08551009744405746
0.08455657958984375
0.08364354074001312
0.0827905461192131
0.08201476186513901
0.08133017271757126
0.08074702322483063
0.08027133345603943
0.07990462332963943
0.07964380830526352
0.079481340944767
0.07940554618835449
0.07940113544464111
0.07944992929697037
0.07953169196844101
0.07962512969970703
0.07970888167619705
0.07976255565881729
0.07976773381233215
0.07970888912677765
0.07957412302494049
0.07935576140880585
0.07905075699090958
0.0786607414484024
0.07819196581840515
0.07765492796897888
0.07706373929977417
0.07643532007932663
0.07578849047422409
0.07514287531375885
0.07451783120632172
0.07393129169940948
0.07339881360530853
0.07293270528316498
0.07254132628440857
0.07222866266965866
0.07199414074420929
0.07183272391557693
0.07173524796962738
0.07168906927108765
0.07167883217334747
0.07168751955032349
0.07169748842716217
0.07169158756732941
0.07165423780679703
0.07157239317893982
0.07143635302782059
0.07124029844999313
0.07098259776830673
0.07066585868597031
0.07029664516448975
0.06988499313592911
0.06944360584020615
0.06898701936006546
0.06853047758340836
0.06808891147375107
0.06767591089010239
0.06730276346206665
0.06697774678468704
0.06670558452606201
0.06648720055818558
0.06631970405578613
0.06619671732187271
0.06610888987779617
0.06604465842247009
0.06599115580320358
0.0659351572394371
0.06586408615112305
0.06576690077781677
0.06563489884138107
0.06546229124069214
0.06524650752544403
0.06498829275369644
0.06469155102968216
0.06436286866664886
0.06401091814041138
0.0636456310749054
0.06327735632658005
0.06291593611240387
0.06256993114948273
0.06224581971764565
0.0619475394487381
0.06167613714933395
0.06142968684434891
0.06120347231626511
0.0609903410077095
0.06078129261732101
0.06056617200374603
0.06033443659543991
0.06007590889930725
0.05978147685527802
0.05944368615746498
0.05905711278319359
0.05861860141158104
0.05812724307179451
0.05758414790034294
0.0569920539855957
0.05635479465126991
0.05567667260766029
0.05496177822351456
0.05421340838074684
0.05343349650502205
0.0526222437620163
0.05177788063883781
0.05089664459228516
0.04997291043400764
0.04899954795837402
0.04796835407614708
0.04687061160802841
0.04569768533110619
0.04444161802530289
0.04309564456343651
0.04165458679199219
0.04011517763137817
0.03847614303231239
0.03673818334937096
0.03490379825234413
0.03297698497772217
0.03096288628876209
0.02886735275387764
0.02669655531644821
0.02445664629340172
0.02215347439050674
0.01979245059192181
0.01737849973142147
0.01491616945713758
0.01240981463342905
0.009863870218396187
0.007283179555088282
0.004673317540436983
0.002040884457528591
-0.0006062582251615822
-0.003258857410401106
-0.005906247068196535
-0.008536448702216148
-0.01113639120012522
-0.01369222812354565
-0.01618973165750504
-0.01861473172903061
-0.02095356024801731
-0.0231934916228056
-0.02532310411334038
-0.02733258530497551
-0.02921394817531109
-0.03096115402877331
-0.03257013484835625
-0.03403874859213829
-0.03536668792366982
-0.03655532374978065
-0.03760756552219391
-0.0385277047753334
-0.03932128101587296
-0.03999501094222069
-0.04055673629045486
-0.04101535677909851
-0.0413808636367321
-0.04166433960199356
-0.04187792167067528
-0.04203477501869202
-0.04214899241924286
-0.04223544150590897
-0.04230953380465508
-0.04238696396350861
-0.04248335584998131
-0.04261389374732971
-0.04279287904500961
-0.04303335398435593
-0.04334671050310135
-0.04374232888221741
-0.04422731325030327
-0.04480626434087753
-0.04548119381070137
-0.04625148326158524
-0.04711394011974335
-0.04806295037269592
-0.04909071326255798
-0.05018748715519905
-0.05134190991520882
-0.0525413453578949
-0.0537722110748291
-0.05502036213874817
-0.05627142637968063
-0.05751114711165428
-0.05872570350766182
-0.05990203842520714
-0.0610281266272068
-0.06209328398108482
-0.06308838725090027
-0.06400613486766815
-0.06484121084213257
-0.06559047102928162
-0.06625302135944366
-0.06683029234409332
-0.06732599437236786
-0.06774605065584183
-0.06809841841459274
-0.06839285790920258
-0.06864064931869507
-0.06885418295860291
-0.06904656440019608
-0.06923120468854904
-0.06942129135131836
-0.06962938606739044
-0.06986697763204575
-0.07014410942792892
-0.07046904414892197
-0.0708480104804039
-0.07128501683473587
-0.07178179919719696
-0.07233777642250061
-0.07295015454292297
-0.07361409068107605
-0.0743229016661644
-0.07506837695837021
-0.07584109157323837
-0.07663081586360931
-0.07742685824632645
-0.0782184824347496
-0.07899531722068787
-0.07974769175052643
-0.08046700805425644
-0.08114602416753769
-0.08177910000085831
-0.08236236125230789
-0.08289381861686707
-0.08337346464395523
-0.08380316197872162
-0.08418657630681992
-0.08452895283699036
-0.08483695238828659
-0.08511826395988464
-0.08538132160902023
-0.08563493192195892
-0.08588787168264389
-0.08614850789308548
-0.08642446994781494
-0.08672235161066055
-0.08704739809036255
-0.08740334957838058
-0.0877922996878624
-0.08821463584899902
-0.08866909146308899
-0.08915284276008606
-0.08966166526079178
-0.09019017964601517
-0.09073211997747421
-0.09128063917160034
-0.09182862192392349
-0.09236905723810196
-0.0928952768445015
-0.09340130537748337
-0.09388202428817749
-0.09433342516422272
-0.09475270658731461
-0.09513832628726959
-0.09549001604318619
-0.0958087146282196
-0.09609644114971161
-0.09635607898235321
-0.09659121930599213
-0.09680584073066711
-0.09700409322977066
-0.09718998521566391
-0.09736713021993637
-0.09753850102424622
-0.09770620614290237
-0.097871333360672
-0.0980338454246521
-0.0981924757361412
-0.09834478050470352
-0.09848716109991074
-0.09861496835947037
-0.0987226814031601
-0.09880407154560089
-0.09885245561599731
-0.09886089712381363
-0.0988224521279335
-0.09873039275407791
-0.09857844561338425
-0.09836094826459885
-0.09807296097278595
-0.09771041572093964
-0.09727019071578979
-0.09675007313489914
-0.09614872187376022
-0.09546567499637604
-0.09470123052597046
-0.0938563346862793
-0.09293247759342194
-0.09193159639835358
-0.09085595607757568
-0.08970803767442703
-0.08849052339792252
-0.08720623701810837
-0.08585815876722336
-0.08444942533969879
-0.08298340439796448
-0.08146379888057709
-0.07989472895860672
-0.07828082889318466
-0.07662738114595413
-0.07494042068719864
-0.07322683185338974
-0.07149435579776764
-0.06975167989730835
-0.06800837814807892
-0.06627488881349564
-0.0645623654127121
-0.06288255751132965
-0.06124759465456009
-0.05966973304748535
-0.05816112831234932
-0.05673352256417274
-0.05539794638752937
-0.05416442081332207
-0.05304167419672012
-0.05203684419393539
-0.05115526914596558
-0.05040028691291809
-0.04977308213710785
-0.04927263036370277
-0.04889560863375664
-0.04863646253943443
-0.04848748818039894
-0.04843897372484207
-0.04847938939929008
-0.04859564080834389
-0.04877335578203201
-0.0489971935749054
-0.04925120621919632
-0.04951918497681618
-0.04978502541780472
-0.05003309994935989
-0.05024861171841621
-0.05041792988777161
-0.05052889138460159
-0.05057110264897346
-0.05053616315126419
-0.05041785165667534
-0.05021229758858681
-0.04991805180907249
-0.04953612759709358
-0.04906998574733734
-0.04852541536092758
-0.0479104109108448
-0.04723495244979858
-0.0465107262134552
-0.04575081914663315
-0.04496932029724121
-0.04418094456195831
-0.04340057820081711
-0.04264283925294876
-0.04192162305116653
-0.04124965146183968
-0.04063808172941208
-0.04009611532092094
-0.03963068872690201
-0.03924623504281044
-0.03894452750682831
-0.03872460126876831
-0.03858279064297676
-0.03851284831762314
-0.0385061539709568
-0.03855204954743385
-0.03863822296261787
-0.03875117003917694
-0.03887671232223511
-0.03900053352117538
-0.03910874202847481
-0.03918840736150742
-0.03922807425260544
-0.03921819478273392
-0.03915151208639145
-0.03902333229780197
-0.0388316921889782
-0.03857740014791489
-0.03826399147510529
-0.03789752349257469
-0.03748630732297897
-0.03704048320651054
-0.03657157346606255
-0.03609194606542587
-0.03561424091458321
-0.03515080362558365
-0.03471314162015915
-0.03431138023734093
-0.03395384922623634
-0.03364671021699905
-0.03339370340108871
-0.03319603949785233
-0.03305235877633095
-0.03295887634158134
-0.03290959075093269
-0.03289663046598434
-0.03291067108511925
-0.03294143825769424
-0.03297822922468185
-0.03301044180989265
-0.03302811831235886
-0.03302241489291191
-0.03298605978488922
-0.03291364386677742
-0.03280187398195267
-0.0326496884226799
-0.03245824575424194
-0.03223082050681114
-0.03197255358099937
-0.03169012442231178
-0.03139138594269753
-0.03108487091958523
-0.03077932260930538
-0.03048320859670639
-0.03020425699651241
-0.02994906343519688
-0.02972273528575897
-0.02952866069972515
-0.02936836704611778
-0.02924147807061672
-0.02914579957723618
-0.02907750383019447
-0.02903138473629951
-0.02900122664868832
-0.02898017317056656
-0.02896116860210896
-0.02893736027181149
-0.02890251949429512
-0.02885138429701328
-0.02877994254231453
-0.02868563495576382
-0.02856745384633541
-0.02842595614492893
-0.02826318889856339
-0.02808248065412045
-0.0278882160782814
-0.02768551185727119
-0.0274798609316349
-0.02727679163217545
-0.02708149515092373
-0.02689851820468903
-0.02673148550093174
-0.02658290416002274
-0.02645403519272804
-0.02634486742317677
-0.02625415846705437
-0.02617956325411797
-0.02611783519387245
-0.02606507018208504
-0.02601700089871883
-0.02596928551793098
-0.02591781504452229
-0.02585897408425808
-0.02578986808657646
-0.02570849284529686
-0.02561382949352264
-0.02550588175654411
-0.02538563124835491
-0.02525492198765278
-0.02511630207300186
-0.02497280761599541
-0.02482772991061211
-0.02468436397612095
-0.02454578131437302
-0.02441461198031902
-0.02429287880659103
-0.02418187633156776
-0.02408210933208466
-0.02399329282343388
-0.02391440607607365
-0.02384379878640175
-0.02377934381365776
-0.02371861971914768
-0.02365909516811371
-0.02359832637012005
-0.023534145206213
-0.02346479333937168
-0.02338903769850731
-0.02330624684691429
-0.02321640402078629
-0.02312007918953896
-0.02301835455000401
-0.02291271835565567
-0.02280492521822453
-0.02269684337079525
-0.02259031683206558
-0.02248700521886349
-0.0223882757127285
-0.02229510247707367
-0.02220800705254078
-0.02212705090641975
-0.02205184102058411
-0.02198159880936146
-0.02191522717475891
-0.02185142412781715
-0.02178879640996456
-0.0217259842902422
-0.02166175283491611
-0.02159509621560574
-0.0215253122150898
-0.02145203202962875
-0.02137524075806141
-0.02129525318741798
-0.02121267281472683
-0.02112831920385361
-0.02104315161705017
-0.02095818147063255
-0.0208743829280138
-0.02079260908067226
-0.02071353234350681
-0.02063758857548237
-0.0205649621784687
-0.0204955842345953
-0.02042914554476738
-0.0203651450574398
-0.02030293084681034
-0.02024178206920624
-0.02018097043037415
-0.0201198123395443
-0.02005773596465588
-0.01999432407319546
-0.01992934010922909
-0.01986273750662804
-0.01979464292526245
-0.01972534880042076
-0.0196552686393261
-0.019584896042943
-0.01951474882662296
-0.01944532990455627
-0.019377076998353
-0.01931032165884972
-0.01924528367817402
-0.01918203756213188
-0.01912052743136883
-0.01906057819724083
-0.0190019104629755
-0.01894418708980083
-0.01888702996075153
-0.0188300758600235
-0.01877299137413502
-0.0187155194580555
-0.01865748129785061
-0.01859879307448864
-0.01853947713971138
-0.01847963407635689
-0.01841944828629494
-0.01835914887487888
-0.01829899102449417
-0.01823922619223595
-0.01818008907139301
-0.01812176220118999
-0.01806437037885189
-0.01800796762108803
-0.01795254275202751
-0.01789801381528378
-0.01784425973892212
-0.01779111288487911
-0.01773839257657528
-0.01768592000007629
-0.01763352937996387
-0.01758109219372272
-0.01752851717174053
-0.01747576706111431
-0.01742285117506981
-0.01736981421709061
-0.01731674745678902
-0.01726376451551914
-0.01721098273992538
-0.01715852133929729
-0.01710649020969868
-0.0170549713075161
-0.01700401864945889
-0.01695364527404308
-0.0169038400053978
-0.01685455814003944
-0.0168057307600975
-0.01675727590918541
-0.016709104180336
-0.01666113175451756
-0.01661328412592411
-0.01656550914049149
-0.01651777327060699
-0.01647007092833519
-0.01642241328954697
-0.01637483574450016
-0.01632738672196865
-0.01628011837601662
-0.01623309031128883
-0.01618635468184948
-0.01613995060324669
-0.01609390787780285
-0.01604823768138885
-0.01600293442606926
-0.01595798507332802
-0.0159133542329073
-0.01586900651454926
-0.01582490094006062
-0.01578099653124809
-0.01573725789785385
-0.0156936589628458
-0.0156501866877079
-0.01560682896524668
-0.01556359697133303
-0.01552050374448299
-0.01547756791114807
-0.01543481554836035
-0.01539226993918419
-0.01534995436668396
-0.01530788466334343
-0.01526607014238834
-0.01522451639175415
-0.01518322061747313
-0.0151421744376421
-0.01510136295109987
-0.01506076846271753
-0.01502037327736616
-0.01498015876859426
-0.01494011096656322
-0.014900216832757
-0.01486047171056271
-0.01482087466865778
-0.01478142477571964
-0.01474213227629662
-0.01470300275832415
-0.01466404926031828
-0.01462527923285961
-0.01458670292049646
-0.01454832591116428
-0.01451015286147594
-0.01447218097746372
-0.01443441025912762
-0.01439683232456446
-0.01435944158583879
-0.01432222872972488
-0.01428518258035183
-0.01424829848110676
-0.01421156711876392
-0.01417498476803303
-0.01413854863494635
-0.01410225965082645
-0.01406612154096365
-0.01403013430535793
-0.01399430353194475
-0.01395863480865955
-0.01392313092947006
-0.013887794688344
-0.01385262701660395
-0.01381762698292732
-0.0137827955186367
-0.01374812610447407
-0.01371361594647169
-0.0136792603880167
-0.01364505384117365
-0.01361099351197481
-0.01357707567512989
-0.01354329753667116
-0.01350965909659863
-0.01347615756094456
-0.01344279572367668
-0.013409573584795
-0.01337649207562208
-0.01334355305880308
-0.01331075746566057
-0.01327810622751713
-0.01324560027569532
-0.01321323681622744
-0.01318101491779089
-0.01314893271774054
-0.01311699114739895
-0.01308518648147583
-0.01305351778864861
-0.01302198227494955
-0.01299057621508837
-0.01295929960906506
-0.01292815152555704
-0.01289713103324175
-0.01286623813211918
-0.01283547282218933
-0.01280483510345221
-0.01277432683855295
-0.01274394523352385
-0.01271369215101004
-0.01268356572836637
-0.01265356503427029
-0.01262369006872177
-0.01259393896907568
-0.01256430894136429
-0.0125347999855876
-0.01250541117042303
-0.01247614249587059
-0.01244699116796255
-0.01241795904934406
-0.01238904520869255
-0.01236024778336287
-0.01233156770467758
-0.01230300310999155
-0.01227455399930477
-0.01224622130393982
-0.01221800222992897
-0.0121898977085948
-0.01216190494596958
-0.01213402394205332
-0.01210625469684601
-0.01207859441637993
-0.0120510421693325
-0.01202359888702631
-0.01199626177549362
-0.01196903176605701
-0.01194190699607134
-0.01191489025950432
-0.0118879796937108
-0.01186117716133595
-0.01183448173105717
-0.01180789154022932
-0.01178140565752983
-0.01175502315163612
-0.0117287440225482
-0.01170256640762091
-0.01167649030685425
-0.01165051478892565
-0.01162463985383511
-0.0115988627076149
-0.01157318241894245
-0.01154760085046291
-0.01152211707085371
-0.01149673201143742
-0.01147144474089146
-0.01144625432789326
-0.01142116077244282
-0.01139616314321756
-0.01137126050889492
-0.01134645100682974
-0.01132173463702202
-0.01129711233079433
-0.01127258222550154
-0.01124814432114363
-0.01122379675507545
-0.01119954232126474
-0.0111753772944212
-0.01115130353718996
-0.01112731825560331
-0.0111034233123064
-0.01107961684465408
-0.01105589792132378
-0.01103226747363806
-0.01100872550159693
-0.01098527014255524
-0.01096190232783556
-0.01093861926347017
-0.01091542188078165
-0.01089230738580227
-0.01086927764117718
-0.0108463317155838
-0.01082346960902214
-0.0108006913214922
-0.01077799685299397
-0.0107553843408823
-0.0107328537851572
-0.01071040518581867
-0.01068803854286671
-0.01066575292497873
-0.01064354740083218
-0.01062142197042704
-0.01059937570244074
-0.01057740673422813
-0.0105555159971118
-0.0105337044224143
-0.01051197107881308
-0.01049031410366297
-0.01046873535960913
-0.01044723484665155
-0.01042581163346767
-0.01040446572005749
-0.01038319431245327
-0.01036199741065502
-0.01034087501466274
-0.01031982712447643
-0.01029885280877352
-0.01027795299887657
-0.01025712490081787
-0.01023637037724257
-0.01021568663418293
-0.01019507367163897
-0.01017453242093325
-0.0101540619507432
-0.01013366132974625
-0.01011333242058754
-0.01009307336062193
-0.01007288508117199
-0.01005276758223772
-0.01003271900117397
-0.01001273933798075
-0.009992828592658043
-0.00997298676520586
-0.009953212924301624
-0.009933507069945335
-0.00991386640816927
-0.009894293732941151
-0.009874788112938404
-0.009855350479483604
-0.009835978969931602
-0.009816673584282398
-0.009797433391213417
-0.009778258390724659
-0.009759148582816124
-0.009740103036165237
-0.009721118956804276
-0.009702197276055813
-0.009683338925242424
-0.009664542973041534
-0.009645808488130569
-0.009627136401832104
-0.009608528576791286
-0.009589982219040394
-0.009571498259902
-0.009553076699376106
-0.009534718468785286
-0.009516422636806965
-0.009498186409473419
-0.009480009786784649
-0.009461892768740654
-0.00944383442401886
-0.009425833821296692
-0.009407891891896725
-0.009390008635818958
-0.009372184053063393
-0.009354416280984879
-0.009336704388260841
-0.009319051168859005
-0.009301456622779369
-0.009283917956054211
-0.009266437962651253
-0.009249014779925346
-0.009231648407876492
-0.009214337915182114
-0.009197082370519638
-0.009179881773889065
-0.009162734262645245
-0.009145641699433327
-0.009128604084253311
-0.009111619554460049
-0.009094689041376114
-0.009077812545001507
-0.009060990996658802
-0.00904422253370285
-0.009027508087456226
-0.009010850451886654
-0.008994245901703835
-0.008977696299552917
-0.008961199782788754
-0.008944756351411343
-0.008928363211452961
-0.008912020362913609
-0.008895727805793285
-0.008879486471414566
-0.008863295428454876
-0.008847154676914215
-0.008831064216792583
-0.008815024048089981
-0.008799033239483833
-0.008783090859651566
-0.008767197839915752
-0.008751352317631245
-0.008735557086765766
-0.008719810284674168
-0.008704112842679024
-0.00868846382945776
-0.008672864176332951
-0.008657313883304596
-0.008641812019050121
-0.008626356720924377
-0.008610947988927364
-0.008595586754381657
-0.008580273017287254
-0.008565007708966732
-0.008549789898097515
-0.008534618653357029
-0.008519494906067848
-0.008504416793584824
-0.008489384315907955
-0.008474396541714668
-0.008459453471004963
-0.008444554172456264
-0.008429699577391148
-0.008414888754487038
-0.00840012077242136
-0.008385397493839264
-0.0083707170560956
-0.008356079459190369
-0.008341486565768719
-0.008326937444508076
-0.00831243209540844
-0.00829797051846981
-0.008283551782369614
-0.008269176818430424
-0.008254844695329666
-0.008240554481744766
-0.008226307108998299
-0.008212102577090263
-0.00819794088602066
-0.008183819241821766
-0.00816973764449358
-0.008155699819326401
-0.008141702972352505
-0.008127748034894466
-0.008113832212984562
-0.008099957369267941
-0.008086124435067177
-0.008072331547737122
-0.0080585777759552
-0.008044864982366562
-0.008031193166971207
-0.00801756139844656
-0.008003968745470047
-0.007990414276719093
-0.007976900786161423
-0.007963425479829311
-0.007949988357722759
-0.007936590351164341
-0.007923230528831482
-0.007909908890724182
-0.007896624505519867
-0.007883377373218536
-0.00787016749382019
-0.007856996729969978
-0.0078438650816679
-0.007830771617591381
-0.007817717269062996
-0.007804703433066607
-0.007791726849973202
-0.007778787985444069
-0.007765884976834059
-0.007753018289804459
-0.007740186993032694
-0.007727391086518764
-0.007714629173278809
-0.007701901253312826
-0.007689207326620817
-0.007676547858864069
-0.007663923315703869
-0.00765133323147893
-0.007638778071850538
-0.007626258302479982
-0.007613773923367262
-0.007601325400173664
-0.007588913664221764
-0.007576537784188986
-0.007564197760075331
-0.007551893126219511
-0.007539622019976377
-0.007527386303991079
-0.00751518364995718
-0.00750301405787468
-0.007490877527743578
-0.007478774059563875
-0.007466702722012997
-0.00745466398075223
-0.007442658301442862
-0.007430685218423605
-0.00741874473169446
-0.007406837772578001
-0.007394963875412941
-0.007383122574537992
-0.007371313869953156
-0.00735953776165843
-0.007347794249653816
-0.007336081936955452
-0.007324401289224625
-0.007312752772122622
-0.007301137316972017
-0.00728955352678895
-0.007278000935912132
-0.007266480010002851
-0.007254990749061108
-0.007243532687425613
-0.007232105359435081
-0.007220708299428225
-0.00720934197306633
-0.00719800591468811
-0.007186699658632278
-0.007175423204898834
-0.007164176553487778
-0.007152958773076534
-0.007141769863665104
-0.007130609825253487
-0.007119479589164257
-0.007108379621058702
-0.007097308058291674
-0.007086265832185745
-0.007075253408402205
-0.007064269855618477
-0.007053315173834562
-0.007042390294373035
-0.007031494285911322
-0.007020627148449421
-0.007009788881987333
-0.006998979486525059
-0.006988198962062597
-0.006977447308599949
-0.006966724060475826
-0.006956027820706367
-0.00694535905495286
-0.006934717297554016
-0.006924102548509836
-0.00691351480782032
-0.006902951747179031
-0.006892415229231119
-0.006881904322654009
-0.006871419027447701
-0.006860958877950907
-0.006850524339824915
-0.006840115413069725
-0.006829731166362762
-0.006819372065365314
-0.006809036713093519
-0.006798725109547377
-0.006788437720388174
-0.006778172217309475
-0.006767929065972567
-0.006757706869393587
-0.006747506093233824
-0.006737325806170702
-0.006727165542542934
-0.006717023905366659
-0.006706900428980589
-0.006696794182062149
-0.006686702836304903
-0.006676624529063702
-0.006666557863354683
-0.006656501442193985
-0.006646452937275171
-0.006636411417275667
-0.006626374553889036
-0.006616340018808842
-0.00660630501806736
-0.006596266757696867
-0.006586223375052214
-0.006576170679181814
-0.006566106807440519
-0.006556027103215456
-0.006545927375555038
-0.006535803433507681
-0.00652565062046051
-0.006515463348478079
-0.006505236495286226
-0.00649496354162693
-0.006484638433903456
-0.006474255584180355
-0.006463807076215744
-0.006453285459429026
-0.006442682351917028
-0.006431990303099155
-0.006421199534088373
-0.006410300731658936
-0.006399285513907671
-0.006388142704963684
-0.006376861594617367
-0.006365431938320398
-0.006353841628879309
-0.006342078093439341
-0.006330129690468311
-0.006317983381450176
-0.006305627059191465
-0.006293047219514847
-0.006280229892581701
-0.006267162971198559
-0.0062538324855268
-0.006240224931389093
-0.006226327735930681
-0.006212127860635519
-0.006197613663971424
-0.006182773970067501
-0.006167597137391567
-0.006152072455734015
-0.006136190611869097
-0.006119943223893642
-0.006103323772549629
-0.00608632480725646
-0.006068942602723837
-0.006051173433661461
-0.00603301590308547
-0.006014470476657152
-0.005995539482682943
-0.005976227112114429
-0.005956539884209633
-0.005936486646533012
-0.005916079040616751
-0.00589533057063818
-0.005874258000403643
-0.005852880422025919
-0.005831219721585512
-0.00580930057913065
-0.005787150468677282
-0.00576480058953166
-0.005742281675338745
-0.005719628650695086
-0.005696880165487528
-0.005674075800925493
-0.005651256069540977
-0.005628463812172413
-0.005605744197964668
-0.005583141464740038
-0.005560700781643391
-0.005538469646126032
-0.005516492761671543
-0.005494815763086081
-0.005473483819514513
-0.005452538374811411
-0.005432021338492632
-0.005411971360445023
-0.00539242522791028
-0.005373415537178516
-0.005354971159249544
-0.00533711863681674
-0.005319877527654171
-0.00530326459556818
-0.005287290085107088
-0.005271959584206343
-0.005257273092865944
-0.005243225023150444
-0.005229803267866373
-0.005216991528868675
-0.005204764660447836
-0.005193093791604042
-0.005181945394724607
-0.005171279422938824
-0.005161051172763109
-0.005151212215423584
-0.005141711793839931
-0.0051324930973351
-0.005123498849570751
-0.005114669445902109
-0.005105945747345686
-0.005097266752272844
-0.005088571459054947
-0.005079802591353655
-0.005070904269814491
-0.005061824340373278
-0.005052514374256134
-0.005042929667979479
-0.00503303250297904
-0.005022789817303419
-0.005012175533920527
-0.005001171957701445
-0.004989766981452703
-0.004977957345545292
-0.004965746309608221
-0.004953145515173674
-0.004940174520015717
-0.004926859866827726
-0.004913233686238527
-0.004899335559457541
-0.004885209258645773
-0.004870905540883541
-0.004856476560235023
-0.004841980058699846
-0.004827473778277636
-0.004813018720597029
-0.004798674490302801
-0.004784499295055866
-0.004770549479871988
-0.004756877664476633
-0.004743533208966255
-0.004730561282485723
-0.00471799960359931
-0.004705880302935839
-0.004694229457527399
-0.004683066159486771
-0.004672401584684849
-0.004662238992750645
-0.004652575589716434
-0.004643401131033897
-0.00463469885289669
-0.004626447334885597
-0.004618620965629816
-0.004611188545823097
-0.004604117013514042
-0.004597371444106102
-0.004590915981680155
-0.00458471616730094
-0.004578738007694483
-0.004572953097522259
-0.004567334428429604
-0.004561861511319876
-0.004556518979370594
-0.004551298916339874
-0.004546199925243855
-0.00454122805967927
-0.004536395892500877
-0.004531724844127893
-0.004527244251221418
-0.004522988572716713
-0.004519000183790922
-0.004515325650572777
-0.004512016661465168
-0.004509128630161285
-0.004506718367338181
-0.004504842683672905
-0.004503560252487659
-0.004502925556153059
-0.004502990748733282
-0.004503801930695772
-0.004505401942878962
-0.004507824778556824
-0.004511096980422735
-0.004515236243605614
-0.004520248621702194
-0.004526131320744753
-0.004532870836555958
-0.004540442023426294
-0.004548810888081789
-0.004557931795716286
-0.004567749798297882
-0.004578201100230217
-0.004589213989675045
-0.004600710235536098
-0.0046126046217978
-0.004624809604138136
-0.004637233447283506
-0.004649781621992588
-0.004662360530346632
-0.004674876108765602
-0.004687237087637186
-0.004699354991316795
-0.004711144138127565
-0.004722524899989367
-0.004733423702418804
-0.004743771161884069
-0.004753506742417812
-0.004762574099004269
-0.004770925734192133
-0.004778520204126835
-0.004785323515534401
-0.004791309125721455
-0.004796456545591354
-0.004800752270966768
-0.004804189316928387
-0.004806765355169773
-0.004808485973626375
-0.004809361416846514
-0.00480940705165267
-0.004808645695447922
-0.004807103890925646
-0.004804814234375954
-0.004801815375685692
-0.00479815062135458
-0.004793868400156498
-0.004789022728800774
-0.004783671349287033
-0.004777878988534212
-0.004771713633090258
-0.00476524792611599
-0.004758558701723814
-0.004751725122332573
-0.004744828213006258
-0.004737951327115297
-0.004731177352368832
-0.004724590107798576
-0.004718269221484661
-0.004712292924523354
-0.004706733394414186
-0.00470165628939867
-0.00469712121412158
-0.004693176597356796
-0.004689862951636314
-0.004687207750976086
-0.004685225896537304
-0.00468392064794898
-0.004683280829340219
-0.004683281760662794
-0.004683884792029858
-0.004685039632022381
-0.004686682485044003
-0.004688739310950041
-0.004691129084676504
-0.004693759605288506
-0.00469653494656086
-0.004699354991316795
-0.004702119156718254
-0.004704726859927177
-0.004707083571702242
-0.004709099419414997
-0.004710692446678877
-0.004711791407316923
-0.004712336696684361
-0.004712283611297607
-0.004711601417511702
-0.0047102733515203
-0.004708300810307264
-0.004705699626356363
-0.004702501464635134
-0.004698752425611019
-0.004694510251283646
-0.004689845256507397
-0.004684836138039827
-0.004679568577557802
-0.004674133844673634
-0.00466862553730607
-0.004663135390728712
-0.004657753277570009
-0.004652563482522964
-0.004647642839699984
-0.004643057938665152
-0.004638865124434233
-0.004635107237845659
-0.004631813615560532
-0.004629000555723906
-0.004626668989658356
-0.00462480541318655
-0.004623384214937687
-0.004622366279363632
-0.004621701315045357
-0.004621331114321947
-0.004621189087629318
-0.004621204920113087
-0.004621304105967283
-0.004621411673724651
-0.004621453583240509
-0.004621362313628197
-0.004621073603630066
-0.004620532970875502
-0.004619693383574486
-0.004618520382791758
-0.004616989754140377
-0.004615089856088161
-0.004612819291651249
-0.004610189702361822
-0.004607222508639097
-0.004603949841111898
-0.004600412212312222
-0.004596657585352659
-0.004592738579958677
-0.004588712006807327
-0.004584635142236948
-0.004580565728247166
-0.004576559644192457
-0.004572666715830564
-0.004568933043628931
-0.004565397277474403
-0.004562090151011944
-0.004559033084660769
-0.004556238185614347
-0.004553710110485554
-0.004551440943032503
-0.004549414850771427
-0.004547608084976673
-0.004545990843325853
-0.004544525872915983
-0.004543172661215067
-0.004541887901723385
-0.004540625959634781
-0.004539343528449535
-0.004537997767329216
-0.004536550492048264
-0.004534968174993992
-0.004533222876489162
-0.004531292710453272
-0.004529166035354137
-0.004526836331933737
-0.004524306859821081
-0.004521586932241917
-0.004518693778663874
-0.004515651147812605
-0.004512486513704062
-0.00450923154130578
-0.004505920223891735
-0.004502587951719761
-0.004499270115047693
-0.004496000241488218
-0.004492808133363724
-0.004489720333367586
-0.00448675686493516
-0.004483933094888926
-0.004481256939470768
-0.004478730261325836
-0.004476349800825119
-0.004474105313420296
-0.004471981432288885
-0.004469958133995533
-0.004468012601137161
-0.004466119688004255
-0.004464250989258289
-0.004462379030883312
-0.004460478201508522
-0.004458524752408266
-0.004456497728824615
-0.004454380366951227
-0.004452160093933344
-0.004449829924851656
-0.00444738706573844
-0.004444834776222706
-0.004442180972546339
-0.004439438227564096
-0.004436621908098459
-0.004433751571923494
-0.004430847242474556
-0.004427931271493435
-0.004425024148076773
-0.004422146826982498
-0.004419317469000816
-0.004416551440954208
-0.004413860384374857
-0.004411251749843359
-0.004408728796988726
-0.004406291525810957
-0.004403937142342329
-0.004401656799018383
-0.004399439785629511
-0.004397273994982243
-0.00439514359459281
-0.004393033683300018
-0.004390929359942675
-0.004388815257698298
-0.004386678338050842
-0.004384507425129414
-0.004382294602692127
-0.004380033351480961
-0.004377722274512053
-0.004375362303107977
-0.00437295762822032
-0.004370516166090965
-0.004368046764284372
-0.004365560598671436
-0.004363070707768202
-0.004360591527074575
-0.004358136560767889
-0.004355719313025475
-0.004353351891040802
-0.004351045936346054
-0.004348810762166977
-0.004346652422100306
-0.0043445760384202
-0.004342583008110523
-0.004340675193816423
-0.004338849801570177
-0.004337104968726635
-0.004335436969995499
-0.004333841614425182
-0.0043323147110641
-0.004330852534621954
-0.004329452756792307
-0.004328114911913872
-0.004326838999986649
-0.004325627349317074
-0.004324485547840595
-0.004323420580476522
-0.004322442226111889
-0.004321561194956303
-0.004320790525525808
-0.004320144187659025
-0.00431963661685586
-0.004319282714277506
-0.004319097846746445
-0.004319096449762583
-0.004319293890148401
-0.004319702740758657
-0.004320336505770683
-0.004321205895394087
-0.004322319757193327
-0.004323685541749001
-0.004325311165302992
-0.004327202681452036
-0.004329364281147718
-0.004331800621002913
-0.004334515426307917
-0.004337511025369167
-0.00434079160913825
-0.004344359505921602
-0.004348218441009521
-0.004352370742708445
-0.00435682013630867
-0.004361569415777922
-0.004366621375083923
-0.004371979739516973
-0.004377644509077072
-0.004383617546409369
-0.004389897454530001
-0.004396482370793819
-0.004403369501233101
-0.004410551395267248
-0.004418021533638239
-0.004425768740475178
-0.00443377997726202
-0.004442040342837572
-0.004450530745089054
-0.004459232091903687
-0.004468121100217104
-0.004477172624319792
-0.004486358724534512
-0.004495651926845312
-0.004505021031945944
-0.004514436237514019
-0.004523864481598139
-0.004533273633569479
-0.004542628303170204
-0.004551895894110203
-0.004561042878776789
-0.004570036195218563
-0.004578843247145414
-0.004587432835251093
-0.004595773294568062
-0.004603834822773933
-0.004611588083207607
-0.004619007464498281
-0.004626065492630005
-0.004632739815860987
-0.004639008548110723
-0.004644852597266436
-0.00465025519952178
-0.004655202850699425
-0.004659685306251049
-0.004663695581257343
-0.004667230416089296
-0.004670288879424334
-0.004672876559197903
-0.004675001371651888
-0.004676675889641047
-0.004677916876971722
-0.004678745288401842
-0.004679185338318348
-0.004679266363382339
-0.004679020494222641
-0.004678482189774513
-0.004677689634263515
-0.004676682408899069
-0.004675502423197031
-0.004674192517995834
-0.004672795534133911
-0.004671356175094843
-0.004669916350394487
-0.004668517969548702
-0.004667202010750771
-0.004666005726903677
-0.004664964508265257
-0.004664110485464334
-0.004663472063839436
-0.004663072526454926
-0.004662931896746159
-0.004663066007196903
-0.004663484171032906
-0.004664190579205751
-0.004665183369070292
-0.004666456021368504
-0.004667997825890779
-0.004669790621846914
-0.004671812523156404
-0.004674035124480724
-0.00467642629519105
-0.004678949248045683
-0.004681563004851341
-0.004684223793447018
-0.004686885047703981
-0.004689498338848352
-0.004692013375461102
-0.004694378934800625
-0.004696544259786606
-0.004698458593338728
-0.004700072109699249
-0.004701339639723301
-0.004702216014266014
-0.004702660255134106
-0.004702636040747166
-0.004702110774815083
-0.004701056517660618
-0.004699449054896832
-0.004697271622717381
-0.004694510251283646
-0.004691158886998892
-0.004687214270234108
-0.004682679660618305
-0.004677561111748219
-0.004671871196478605
-0.004665623884648085
-0.004658837337046862
-0.004651532974094152
-0.004643733613193035
-0.004635462537407875
-0.004626745823770761
-0.004617607686668634
-0.004608073271811008
-0.004598164465278387
-0.004587904550135136
-0.004577312618494034
-0.00456640450283885
-0.004555196035653353
-0.004543698392808437
-0.004531920421868563
-0.004519868176430464
-0.004507546313107014
-0.004494956228882074
-0.004482097458094358
-0.004468970000743866
-0.004455570597201586
-0.004441897850483656
-0.004427949897944927
-0.004413726273924112
-0.004399228375405073
-0.004384462255984545
-0.004369434900581837
-0.004354158882051706
-0.004338651429861784
-0.004322933498769999
-0.004307032562792301
-0.004290982149541378
-0.004274819977581501
-0.004258590750396252
-0.004242343828082085
-0.00422613462433219
-0.004210022743791342
-0.004194071050733328
-0.004178347066044807
-0.004162919241935015
-0.004147857893258333
-0.004133233334869146
-0.004119114950299263
-0.004105567932128906
-0.004092656075954437
-0.004080436658114195
-0.004068960901349783
-0.004058273043483496
-0.004048408474773169
-0.004039393737912178
-0.00403124513104558
-0.004023967776447535
-0.004017557483166456
-0.004011997487396002
-0.004007261246442795
-0.004003310576081276
-0.004000097513198853
-0.00399756571277976
-0.003995648585259914
-0.003994271624833345
-0.003993355669081211
-0.003992815036326647
-0.003992559853941202
-0.003992499783635139
-0.003992541693150997
-0.003992592915892601
-0.003992564510554075
-0.003992371261119843
-0.003991930279880762
-0.003991167526692152
-0.003990016411989927
-0.0039884177967906
-0.00398632325232029
-0.00398369412869215
-0.003980502020567656
-0.003976729698479176
-0.003972370177507401
-0.003967427648603916
-0.003961917012929916
-0.003955862484872341
-0.003949297592043877
-0.003942264243960381
-0.00393481133505702
-0.003926994279026985
-0.0039188745431602
-0.003910516388714314
-0.003901987336575985
-0.003893356770277023
-0.003884693840518594
-0.003876067465171218
-0.003867543302476406
-0.003859184449538589
-0.003851048881188035
-0.00384319038130343
-0.003835656447336078
-0.003828486893326044
-0.003821714548394084
-0.003815365256741643
-0.003809455316513777
-0.003803993575274944
-0.00379898096434772
-0.003794409800320864
-0.003790265182033181
-0.003786524524912238
-0.003783159423619509
-0.003780134487897158
-0.003777409205213189
-0.003774939104914665
-0.003772674361243844
-0.003770564682781696
-0.003768556285649538
-0.003766595385968685
-0.003764628898352385
-0.003762603970244527
-0.003760471474379301
-0.003758185775950551
-0.003755704965442419
-0.003752992721274495
-0.003750019241124392
-0.003746761241927743
-0.00374320219270885
-0.003739333944395185
-0.003735155100002885
-0.003730672411620617
-0.003725900314748287
-0.003720860229805112
-0.003715579165145755
-0.003710090881213546
-0.003704433562234044
-0.003698650049045682
-0.003692786209285259
-0.003686889773234725
-0.003681008936837316
-0.003675190964713693
-0.0036694819573313
-0.003663924522697926
-0.003658557310700417
-0.003653413150459528
-0.003648519050329924
-0.00364389456808567
-0.003639552509412169
-0.00363549729809165
-0.003631725674495101
-0.003628226695582271
-0.00362498196773231
-0.003621966345235705
-0.003619149792939425
-0.003616496920585632
-0.003613968146964908
-0.003611522261053324
-0.00360911525785923
-0.003606704529374838
-0.00360424816608429
-0.003601707052439451
-0.003599046031013131
-0.00359623390249908
-0.003593245754018426
-0.003590062726289034
-0.003586673177778721
-0.003583072451874614
-0.00357926357537508
-0.003575257025659084
-0.003571068635210395
-0.003566721687093377
-0.003562243655323982
-0.003557666437700391
-0.003553025657311082
-0.003548357170075178
-0.003543698694556952
-0.003539085853844881
-0.00353455264121294
-0.003530130488798022
-0.003525845473632216
-0.003521718783304095
-0.003517766250297427
-0.003513996955007315
-0.003510413691401482
-0.003507013199850917
-0.0035037852358073
-0.00350071513094008
-0.003497782628983259
-0.003494962817057967
-0.00349222868680954
-0.003489550203084946
-0.00348689709790051
-0.003484239336103201
-0.003481548745185137
-0.003478799248114228
-0.003475968725979328
-0.00347303762100637
-0.003469993593171239
-0.003466827794909477
-0.003463537432253361
-0.003460123902186751
-0.003456595120951533
-0.003452962497249246
-0.003449241863563657
-0.003445452079176903
-0.003441614331677556
-0.003437750972807407
-0.003433885751292109
-0.00343004148453474
-0.003426239592954516
-0.003422499168664217
-0.003418836742639542
-0.003415265586227179
-0.003411795245483518
-0.003408431075513363
-0.003405173309147358
-0.003402018919587135
-0.003398960689082742
-0.003395988140255213
-0.003393088234588504
-0.00339024537242949
-0.003387443022802472
-0.003384663257747889
-0.003381888847798109
-0.003379102563485503
-0.003376289270818233
-0.003373435698449612
-0.003370530903339386
-0.003367567202076316
-0.003364539938047528
-0.003361447248607874
-0.003358291462063789
-0.003355077002197504
-0.003351811319589615
-0.003348504193127155
-0.003345167031511664
-0.003341812407597899
-0.003338454058393836
-0.003335105255246162
-0.003331778338178992
-0.003328484483063221
-0.003325233468785882
-0.003322032978758216
-0.003318887902423739
-0.00331580126658082
-0.003312773071229458
-0.00330980122089386
-0.00330688152462244
-0.003304007695987821
-0.003301171818748116
-0.003298365045338869
-0.003295577829703689
-0.003292800625786185
-0.003290023887529969
-0.003287239233031869
-0.003284438978880644
-0.003281616605818272
-0.003278767457231879
-0.003275888739153743
-0.003272979287430644
-0.003270039800554514
-0.003267072606831789
-0.003264081664383411
-0.003261072095483541
-0.003258050419390202
-0.003255023155361414
-0.003251997521147132
-0.003248979803174734
-0.003245976753532887
-0.00324299419298768
-0.003240036778151989
-0.003237108001485467
-0.003234209958463907
-0.003231343347579241
-0.003228507936000824
-0.003225702093914151
-0.003222922561690211
-0.003220166079699993
-0.003217428689822555
-0.003214704571291804
-0.003211989067494869
-0.003209277056157589
-0.003206564346328378
-0.003203846514225006
-0.003201119834557176
-0.003198382211849093
-0.003195631550624967
-0.003192866919562221
-0.00319008924998343
-0.003187299473211169
-0.003184500383213162
-0.00318169454112649
-0.003178885439410806
-0.003176076803356409
-0.003173272823914886
-0.003170476527884603
-0.00316769233904779
-0.003164922352880239
-0.003162168664857745
-0.003159432904794812
-0.003156715771183372
-0.003154016332700849
-0.003151334123685956
-0.003148667979985476
-0.00314601487480104
-0.003143373411148787
-0.003140740562230349
-0.003138113301247358
-0.003135489765554667
-0.003132867394015193
-0.003130244323983788
-0.003127619158476591
-0.003124990500509739
-0.003122358117252588
-0.003119721775874496
-0.003117081709206104
-0.003114438615739346
-0.003111793892458081
-0.003109148936346173
-0.003106505377218127
-0.003103864844888449
-0.003101229667663574
-0.003098600544035435
-0.003095979802310467
-0.003093368373811245
-0.0030907669570297
-0.003088176250457764
-0.003085596486926079
-0.003083027433604002
-0.003080468391999602
-0.003077917965129018
-0.003075375454500318
-0.00307283946312964
-0.003070308826863766
-0.003067782381549478
-0.003065258730202913
-0.003062736708670855
-0.003060215152800083
-0.003057694062590599
-0.003055172506719828
-0.003052649786695838
-0.003050126833841205
-0.003047604346647859
-0.003045082557946444
-0.003042562399059534
-0.003040045034140348
-0.003037531627342105
-0.003035022877156734
-0.003032520180568099
-0.00303002423606813
-0.003027535509318113
-0.003025054698809981
-0.003022581804543734
-0.00302011682651937
-0.00301765906624496
-0.003015208523720503
-0.003012763801962137
-0.003010324202477932
-0.0030078892596066
-0.003005458042025566
-0.003003030084073544
-0.003000604920089245
-0.002998181618750095
-0.002995759481564164
-0.002993338974192739
-0.002990919863805175
-0.002988502383232117
-0.002986087230965495
-0.00298367440700531
-0.002981264377012849
-0.002978857140988111
-0.002976453397423029
-0.002974053611978889
-0.002971658017486334
-0.002969266613945365
-0.002966879634186625
-0.002964497311040759
-0.002962119644507766
-0.002959747100248933
-0.002957379212602973
-0.002955015981569886
-0.002952657174319029
-0.002950302558019757
-0.002947952365502715
-0.002945606363937259
-0.002943264320492744
-0.002940925769507885
-0.00293859071098268
-0.002936258912086487
-0.002933930139988661
-0.002931604161858559
-0.002929281443357468
-0.002926961984485388
-0.002924645552411675
-0.002922332612797618
-0.002920023398473859
-0.002917717676609755
-0.002915415912866592
-0.002913117874413729
-0.002910823561251163
-0.00290853320620954
-0.002906247274950147
-0.002903965301811695
-0.002901687053963542
-0.002899412764236331
-0.002897141966968775
-0.00289487442933023
-0.002892610151320696
-0.002890348900109529
-0.002888090908527374
-0.002885835710912943
-0.002883583074435592
-0.002881332766264677
-0.002879084786400199
-0.002876839600503445
-0.002874596975743771
-0.00287235714495182
-0.002870120108127594
-0.002867886796593666
-0.002865656744688749
-0.002863430883735418
-0.002861208748072386
-0.002858990803360939
-0.002856776816770434
-0.002854566555470228
-0.00285236001946032
-0.002850156975910068
-0.002847957191988826
-0.002845760202035308
-0.002843566006049514
-0.0028413743712008
-0.002839185297489166
-0.0028369992505759
-0.002834815764799714
-0.002832635305821896
-0.002830457640811801
-0.002828283468261361
-0.002826112322509289
-0.002823944669216871
-0.002821780508384109
-0.002819619607180357
-0.002817461965605617
-0.002815307583659887
-0.002813156694173813
-0.002811009529978037
-0.002808865392580628
-0.002806724049150944
-0.002804586198180914
-0.002802451839670539
-0.002800320275127888
-0.00279819150455296
-0.002796065993607044
-0.002793943975120783
-0.002791824517771602
-0.002789708320051432
-0.002787595149129629
-0.002785484306514263
-0.002783376025035977
-0.002781270304694772
-0.002779167145490646
-0.002777066780254245
-0.002774969441816211
-0.002772874431684613
-0.002770782914012671
-0.002768694423139095
-0.002766608726233244
-0.002764526288956404
-0.002762447111308575
-0.002760371193289757
-0.00275829853489995
-0.002756229136139154
-0.002754162764176726
-0.002752098953351378
-0.002750037703663111
-0.002747979015111923
-0.002745922887697816
-0.002743869321420789
-0.002741818316280842
-0.002739770570769906
-0.002737725153565407
-0.002735682763159275
-0.002733643166720867
-0.002731606364250183
-0.00272957282140851
-0.002727542538195848
-0.002725514816120267
-0.002723489888012409
-0.002721467986702919
-0.002719448879361153
-0.00271743256598711
-0.002715419046580791
-0.002713408088311553
-0.002711399458348751
-0.002709393389523029
-0.0027073894161731
-0.002705388003960252
-0.002703388687223196
-0.002701391698792577
-0.002699397038668394
-0.002697404706850648
-0.002695414936169982
-0.00269342795945704
-0.002691444009542465
-0.002689462853595614
-0.002687484957277775
-0.002685509389266372
-0.002683536848053336
-0.002681567100808024
-0.002679600613191724
-0.002677636686712503
-0.002675675321370363
-0.002673716749995947
-0.002671761205419898
-0.002669808221980929
-0.002667857799679041
-0.002665910171344876
-0.002663964638486505
-0.002662021433934569
-0.002660080557689071
-0.002658142009750009
-0.002656205790117383
-0.002654271433129907
-0.002652339404448867
-0.002650409936904907
-0.002648483030498028
-0.002646558685228229
-0.002644637133926153
-0.002642718143761158
-0.002640801947563887
-0.002638888312503695
-0.002636977238580585
-0.002635068725794554
-0.00263316254131496
-0.002631258452311158
-0.002629357157275081
-0.002627457724884152
-0.002625560853630304
-0.002623666543513536
-0.002621775027364492
-0.002619885839521885
-0.00261799874715507
-0.00261611444875598
-0.002614232944324613
-0.002612354001030326
-0.002610477618873119
-0.002608603565022349
-0.002606731606647372
-0.002604861976578832
-0.002602994441986084
-0.002601129002869129
-0.002599265892058611
-0.002597405109554529
-0.00259554642252624
-0.002593690063804388
-0.002591836033388972
-0.002589984331279993
-0.00258813495747745
-0.002586288843303919
-0.00258444482460618
-0.002582603599876165
-0.002580764470621943
-0.002578927902504802
-0.002577093662694097
-0.002575261285528541
-0.002573430771008134
-0.002571602584794164
-0.002569776261225343
-0.002567952498793602
-0.002566130831837654
-0.002564311260357499
-0.002562493784353137
-0.002560678869485855
-0.00255886628292501
-0.002557055791839957
-0.002555247861891985
-0.002553442027419806
-0.002551638288423419
-0.002549836644902825
-0.002548037562519312
-0.002546240109950304
-0.002544444520026445
-0.002542650792747736
-0.002540859160944819
-0.002539069857448339
-0.002537282416597009
-0.002535496605560184
-0.002533712889999151
-0.002531931269913912
-0.002530151512473822
-0.002528373152017593
-0.002526596887037158
-0.002524821786209941
-0.002523048548027873
-0.002521276473999023
-0.002519505564123392
-0.002517735352739692
-0.002515965607017279
-0.002514196559786797
-0.002512427512556314
-0.002510658465325832
-0.002508889185264707
-0.00250711920671165
-0.002505348529666662
-0.002503576455637813
-0.002501802984625101
-0.002500027418136597
-0.002498248824849725
-0.002496466739103198
-0.002494680928066373
-0.002492890227586031
-0.002491094172000885
-0.00248929182998836
-0.002487481804564595
-0.002485663164407015
-0.002483834745362401
-0.002481994451954961
-0.002480140887200832
-0.002478272188454866
-0.002476385794579983
-0.002474479842931032
-0.002472551772370934
-0.002470599021762609
-0.002468619029968977
-0.002466608304530382
-0.002464563585817814
-0.002462480682879686
-0.002460356568917632
-0.002458186587318778
-0.002455966547131538
-0.002453691558912396
-0.002451356034725904
-0.002448954153805971
-0.002446479862555861
-0.002443925943225622
-0.002441285410895944
-0.002438550116494298
-0.002435711212456226
-0.00243275985121727
-0.002429686486721039
-0.002426480641588569
-0.002423131372779608
-0.002419627737253904
-0.002415957627817988
-0.002412108704447746
-0.002408068161457777
-0.002403822029009461
-0.00239935633726418
-0.002394655952230096
-0.002389706438407302
-0.002384491730481386
-0.002378995530307293
-0.002373201539739966
-0.00236709276214242
-0.002360651968047023
-0.002353861462324858
-0.00234670378267765
-0.002339161699637771
-0.002331217750906944
-0.002322854474186897
-0.00231405533850193
-0.002304804045706987
-0.002295084297657013
-0.002284882124513388
-0.002274182857945561
-0.002262973692268133
-0.002251242520287633
-0.00223897909745574
-0.00222617550753057
-0.002212824299931526
-0.002198920818045735
-0.002184462500736117
-0.002169449115172029
-0.002153883455321193
-0.002137770876288414
-0.002121119294315577
-0.002103940350934863
-0.002086248248815536
-0.002068061148747802
-0.002049400936812162
-0.002030292060226202
-0.002010762458667159
-0.001990844262763858
-0.001970572862774134
-0.001949987490661442
-0.001929129706695676
-0.001908045378513634
-0.001886783167719841
-0.001865394646301866
-0.001843933598138392
-0.001822457066737115
-0.001801023492589593
-0.001779693178832531
-0.001758527476340532
-0.001737588550895452
-0.001716938684694469
-0.001696640276350081
-0.001676754443906248
-0.001657340908423066
-0.001638457179069519
-0.001620158436708152
-0.001602496369741857
-0.001585518824867904
-0.001569268992170691
-0.001553785288706422
-0.001539100310765207
-0.001525240717455745
-0.001512226881459355
-0.001500071492046118
-0.001488780835643411
-0.001478352816775441
-0.001468778005801141
-0.001460039173252881
-0.001452110940590501
-0.001444959780201316
-0.001438544946722686
-0.001432818127796054
-0.001427724258974195
-0.00142320164013654
-0.001419183216057718
-0.001415596576407552
-0.001412364770658314
-0.001409408170729876
-0.001406644470989704
-0.001403990318067372
-0.001401361543685198
-0.001398675609380007
-0.001395851373672485
-0.001392811071127653
-0.001389480545185506
-0.001385791809298098
-0.001381682581268251
-0.001377098145894706
-0.001371991587802768
-0.001366325654089451
-0.001360071590170264
-0.001353211584500968
-0.001345737371593714
-0.001337651629000902
-0.001328967628069222
-0.001319708419032395
-0.001309907529503107
-0.001299607683904469
-0.00128886045422405
-0.001277724513784051
-0.001266266335733235
-0.001254557282663882
-0.001242673839442432
-0.001230695168487728
-0.00121870159637183
-0.001206774031743407
-0.00119499210268259
-0.00118343229405582
-0.001172167016193271
-0.001161262160167098
-0.001150777214206755
-0.00114076305180788
-0.001131261815316975
-0.001122305518947542
-0.001113915350288153
-0.001106101437471807
-0.00109886284917593
-0.001092187245376408
-0.00108605157583952
-0.001080422662198544
-0.001075257314369082
-0.001070504426024854
-0.001066104741767049
-0.001061993301846087
-0.001058100489899516
-0.001054353662766516
-0.001050678663887084
-0.00104700168594718
-0.001043250784277916
-0.001039357739500701
-0.001035259221680462
-0.001030898420140147
-0.001026226673275232
-0.001021203701384366
-0.001015799702145159
-0.001009994884952903
-0.001003780751489103
-0.0009971592808142304
-0.0009901439771056175
-0.0009827578905969858
-0.0009750347817316651
-0.0009670165018178523
-0.0009587528184056282
-0.0009502999600954354
-0.0009417191613465548
-0.0009330747998319566
-0.0009244328248314559
-0.000915858952794224
-0.0009074173867702484
-0.0008991688955575228
-0.0008911691838875413
-0.0008834681939333677
-0.0008761084172874689
-0.0008691241382621229
-0.0008625403279438615
-0.0008563731680624187
-0.0008506291196681559
-0.0008453050977550447
-0.0008403893443755805
-0.0008358618360944092
-0.0008316950988955796
-0.0008278557797893882
-0.000824305578134954
-0.0008210028172470629
-0.0008179044816643
-0.0008149672648869455
-0.0008121496648527682
-0.0008094129734672606
-0.0008067235467024148
-0.000804053561296314
-0.0008013827027752995
-0.0007986983982846141
-0.0007959969225339592
-0.0007932840962894261
-0.0007905750535428524
-0.0007878943579271436
-0.0007852754206396639
-0.0007827602094039321
-0.0007803982007317245
-0.0007782449829392135
-0.0007763612666167319
-0.0007748114876449108
-0.000773661769926548
-0.0007729790522716939
-0.0007728288182988763
-0.0007732737576588988
-0.0007743724854663014
-0.0007761780871078372
-0.0007787371869198978
-0.0007820887840352952
-0.0007862638449296355
-0.0007912846631370485
-0.0007971644517965615
-0.0008039080421440303
-0.0008115115342661738
-0.0008199632284231484
-0.0008292440325021744
-0.0008393288007937372
-0.0008501866832375526
-0.0008617824641987681
-0.0008740773191675544
-0.0008870299789123237
-0.0009005974279716611
-0.0009147361270152032
-0.0009294027695432305
-0.0009445547475479543
-0.0009601502097211778
-0.0009761488763615489
-0.0009925117483362556
-0.001009201048873365
-0.001026179641485214
-0.001043410855345428
-0.001060858019627631
-0.00107848271727562
-0.00109624513424933
-0.001114103361032903
-0.00113201211206615
-0.001149922260083258
-0.001167780603282154
-0.001185529283247888
-0.001203105552121997
-0.00122044188901782
-0.0012374670477584
-0.001254105824045837
-0.001270280103199184
-0.001285909791477025
-0.001300914445891976
-0.001315213856287301
-0.001328730490058661
-0.001341390539892018
-0.00135312566999346
-0.001363875227980316
-0.001373586594127119
-0.001382217975333333
-0.001389739220030606
-0.001396132633090019
-0.001401394372805953
-0.001405534567311406
-0.001408578944392502
-0.001410566619597375
-0.001411551726050675
-0.00141160178463906
-0.001410797471180558
-0.001409230404533446
-0.001407002797350287
-0.001404224312864244
-0.00140101183205843
-0.001397486194036901
-0.001393770449794829
-0.001389988232403994
-0.001386261079460382
-0.001382706454023719
-0.001379436114802957
-0.001376553787849844
-0.001374153420329094
-0.001372319064103067
-0.001371122314594686
-0.001370621961541474
-0.001370862824842334
-0.001371875870972872
-0.001373677514493465
-0.001376270316541195
-0.001379642053507268
-0.001383767928928137
-0.001388609409332275
-0.001394116319715977
-0.00140022742561996
-0.001406871597282588
-0.001413969439454377
-0.001421434222720563
-0.001429173862561584
-0.001437092199921608
-0.001445091213099658
-0.001453071716241539
-0.001460936036892235
-0.001468589180149138
-0.001475940807722509
-0.001482906751334667
-0.001489410176873207
-0.001495384029112756
-0.001500770915299654
-0.001505525782704353
-0.00150961522012949
-0.001513019436970353
-0.00151573249604553
-0.001517761731520295
-0.001519129145890474
-0.001519870012998581
-0.001520032295957208
-0.001519675948657095
-0.001518871751613915
-0.00151769956573844
-0.001516246702522039
-0.001514605828560889
-0.001512872753664851
-0.001511144335381687
-0.001509516150690615
-0.001508079702034593
-0.001506920554675162
-0.001506115775555372
-0.001505732070654631
-0.001505824155174196
-0.001506432774476707
-0.001507584354840219
-0.001509289490059018
-0.001511543523520231
-0.001514325849711895
-0.001517601194791496
-0.001521320547908545
-0.00152542267460376
-0.001529835630208254
-0.001534479320980608
-0.001539267133921385
-0.001544109894894063
-0.00154891749843955
-0.001553602050989866
-0.001558080082759261
-0.001562275574542582
-0.001566122286021709
-0.001569564803503454
-0.001572561217471957
-0.001575083355419338
-0.001577118178829551
-0.001578667666763067
-0.001579748117364943
-0.001580390497110784
-0.00158063811250031
-0.001580545911565423
-0.001580177573487163
-0.001579604344442487
-0.001578901661559939
-0.001578147523105145
-0.001577418996021152
-0.001576790004037321
-0.001576329348608851
-0.001576098380610347
-0.001576148322783411
-0.00157651980407536
-0.0015772411134094
-0.001578328316099942
-0.0015797836240381
-0.001581597258336842
-0.001583746750839055
-0.001586199388839304
-0.001588912331499159
-0.001591835170984268
-0.00159491179510951
-0.001598082715645432
-0.001601287280209363
-0.001604466000571847
-0.001607562764547765
-0.001610526349395514
-0.001613312750123441
-0.001615887158550322
-0.001618224196135998
-0.001620309543795884
-0.001622139941900969
-0.001623722957447171
-0.001625077682547271
-0.001626232406124473
-0.001627224497497082
-0.001628098543733358
-0.001628905185498297
-0.001629699021577835
-0.001630536164157093
-0.001631472492590547
-0.001632562489248812
-0.001633856911212206
-0.001635400811210275
-0.001637232955545187
-0.001639384776353836
-0.001641878858208656
-0.001644729869440198
-0.00164794351439923
-0.001651517348363996
-0.001655441476032138
-0.001659700181335211
-0.00166427216026932
-0.001669132499955595
-0.001674254541285336
-0.001679610810242593
-0.001685175229795277
-0.001690924749709666
-0.001696840161457658
-0.001702907844446599
-0.001709120697341859
-0.001715478021651506
-0.001721987035125494
-0.001728662056848407
-0.001735524274408817
-0.001742600696161389
-0.001749924500472844
-0.001757531892508268
-0.001765462919138372
-0.001773758209310472
-0.001782458391971886
-0.001791601884178817
-0.001801223494112492
-0.001811353955417871
-0.001822017598897219
-0.00183323270175606
-0.001845009159296751
-0.001857349649071693
-0.001870248932391405
-0.001883693621493876
-0.001897663110867143
-0.001912130392156541
-0.001927062519825995
-0.001942422124557197
-0.001958167646080256
-0.001974255545064807
-0.001990641234442592
-0.002007279545068741
-0.002024125540629029
-0.002041136845946312
-0.002058272715657949
-0.002075495198369026
-0.002092768438160419
-0.00211005937308073
-0.002127337735146284
-0.002144574653357267
-0.002161743119359016
-0.002178815891966224
-0.0021957668941468
-0.002212569583207369
-0.002229194855317473
-0.002245612908154726
-0.002261791378259659
-0.002277694875374436
-0.002293286379426718
-0.002308526774868369
-0.002323374152183533
-0.002337786136195064
-0.002351719187572598
-0.002365129999816418
-0.002377976663410664
-0.002390220295637846
-0.002401825739070773
-0.002412762027233839
-0.002423004014417529
-0.002432533074170351
-0.002441338263452053
-0.002449416555464268
-0.002456773305311799
-0.002463422482833266
-0.002469386672601104
-0.002474696608260274
-0.002479390474036336
-0.002483513904735446
-0.002487118588760495
-0.002490260638296604
-0.002493001520633698
-0.002495404798537493
-0.002497536363080144
-0.002499463269487023
-0.00250125234015286
-0.002502968767657876
-0.002504676813259721
-0.002506437478587031
-0.002508309436962008
-0.002510346239432693
-0.0025125986430794
-0.002515112748369575
-0.002517929533496499
-0.002521085320040584
-0.002524611307308078
-0.002528533106669784
-0.002532872604206204
-0.002537644933909178
-0.002542860107496381
-0.00254852301441133
-0.002554632723331451
-0.002561181783676147
-0.002568157622590661
-0.002575542544946074
-0.002583311637863517
-0.002591434633359313
-0.002599875442683697
-0.002608593320474029
-0.002617541467770934
-0.00262666936032474
-0.002635922515764832
-0.002645243890583515
-0.002654573647305369
-0.002663851715624332
-0.002673017093911767
-0.00268201157450676
-0.002690778346732259
-0.002699263859540224
-0.002707420149818063
-0.002715204609557986
-0.002722581150010228
-0.002729520900174975
-0.002736003836616874
-0.002742017852142453
-0.002747559454292059
-0.00275263492949307
-0.002757258480414748
-0.002761452225968242
-0.002765246666967869
-0.002768679056316614
-0.002771792467683554
-0.002774634398519993
-0.002777256770059466
-0.002779713831841946
-0.002782061696052551
-0.002784355776384473
-0.002786650322377682
-0.002788998419418931
-0.002791448496282101
-0.002794044790789485
-0.002796826651319861
-0.002799826906993985
-0.002803071867674589
-0.002806580625474453
-0.002810364123433828
-0.002814426319673657
-0.002818763023242354
-0.002823362592607737
-0.002828205469995737
-0.00283326581120491
-0.002838510554283857
-0.002843901747837663
-0.002849396085366607
-0.002854945370927453
-0.002860498847439885
-0.002866002498194575
-0.002871401142328978
-0.00287663983181119
-0.002881663152948022
-0.002886418020352721
-0.002890854375436902
-0.002894925652071834
-0.002898589475080371
-0.002901809057220817
-0.002904552966356277
-0.002906795823946595
-0.002908518770709634
-0.00290970946662128
-0.002910361392423511
-0.002910475246608257
-0.002910056617110968
-0.002909116679802537
-0.00290767103433609
-0.002905738307163119
-0.002903339685872197
-0.002900498220697045
-0.002897237427532673
-0.002893579890951514
-0.002889547031372786
-0.002885157708078623
-0.002880427287891507
-0.002875366946682334
-0.002869983436539769
-0.002864278387278318
-0.00285824853926897
-0.002851884812116623
-0.002845173701643944
-0.002838097047060728
-0.002830632729455829
-0.002822755137458444
-0.002814436098560691
-0.002805646974593401
-0.002796357963234186
-0.002786540891975164
-0.002776170149445534
-0.002765222452580929
-0.002753679873421788
-0.002741530071943998
-0.002728766994550824
-0.002715391805395484
-0.002701414283365011
-0.002686853287741542
-0.002671735594049096
-0.002656096592545509
-0.002639982150867581
-0.002623445121571422
-0.002606547437608242
-0.002589356852695346
-0.002571948803961277
-0.002554404316470027
-0.002536807674914598
-0.002519246889278293
-0.002501811599358916
-0.002484591910615563
-0.00246767676435411
-0.002451153006404638
-0.002435104921460152
-0.002419611439108849
-0.00240474590100348
-0.002390574896708131
-0.002377157798036933
-0.002364545362070203
-0.002352780196815729
-0.002341895829886198
-0.002331916242837906
-0.002322857035323977
-0.00231472379527986
-0.002307513495907187
-0.00230121542699635
-0.002295810030773282
-0.002291270531713963
-0.002287563402205706
-0.002284648362547159
-0.002282480243593454
-0.002281007822602987
-0.002280176384374499
-0.00227992725558579
-0.002280198503285646
-0.00228092516772449
-0.002282040426507592
-0.002283475827425718
-0.002285161521285772
-0.002287026960402727
-0.002289001364260912
-0.002291014418005943
-0.002292995108291507
-0.002294874750077724
-0.002296585822477937
-0.002298063132911921
-0.002299244282767177
-0.002300070831552148
-0.002300488064065576
-0.002300446387380362
-0.002299902029335499
-0.002298817504197359
-0.002297162543982267
-0.002294914564117789
-0.002292059594765306
-0.002288592979311943
-0.002284519141539931
-0.002279853215441108
-0.002274619182571769
-0.002268851967528462
-0.002262595575302839
-0.002255903789773583
-0.00224883877672255
-0.002241468988358974
-0.002233871025964618
-0.002226125448942184
-0.002218317240476608
-0.002210533479228616
-0.002202861243858933
-0.002195387147367001
-0.002188193611800671
-0.002181357936933637
-0.002174951368942857
-0.00216903630644083
-0.00216366583481431
-0.002158881863579154
-0.00215471419505775
-0.002151179127395153
-0.002148281084373593
-0.002146010287106037
-0.002144343219697475
-0.002143245190382004
-0.002142668701708317
-0.002142555313184857
-0.002142837271094322
-0.002143439603969455
-0.002144281519576907
-0.002145277801901102
-0.002146341605111957
-0.002147386083379388
-0.002148326952010393
-0.002149083884432912
-0.002149583306163549
-0.002149759093299508
-0.002149555133655667
-0.002148926025256515
-0.002147838240489364
-0.002146270824596286
-0.002144215395674109
-0.002141675911843777
-0.002138669602572918
-0.002135225338861346
-0.002131382934749126
-0.002127191284671426
-0.002122708130627871
-0.002117997035384178
-0.002113127149641514
-0.002108170185238123
-0.002103197854012251
-0.002098281402140856
-0.002093489514663815
-0.002088885521516204
-0.002084527630358934
-0.002080464968457818
-0.002076738281175494
-0.0020733792334795
-0.002070408314466476
-0.002067835535854101
-0.002065659733489156
-0.002063869964331388
-0.002062444342300296
-0.002061352366581559
-0.002060554921627045
-0.002060007071122527
-0.002059656661003828
-0.002059449208900332
-0.002059326739981771
-0.002059231279417872
-0.002059105318039656
-0.002058894373476505
-0.002058547921478748
-0.002058020792901516
-0.002057274570688605
-0.002056279452517629
-0.002055012620985508
-0.002053460804745555
-0.002051619114354253
-0.002049492904916406
-0.002047095447778702
-0.00204444769769907
-0.002041579224169254
-0.002038525184616446
-0.002035324927419424
-0.002032022923231125
-0.002028664806857705
-0.002025297610089183
-0.002021967200562358
-0.002018717117607594
-0.002015587408095598
-0.002012613229453564
-0.002009823452681303
-0.002007240429520607
-0.002004879293963313
-0.002002746798098087
-0.002000842010602355
-0.001999156549572945
-0.001997674582526088
-0.001996373757719994
-0.001995225204154849
-0.001994195394217968
-0.001993247540667653
-0.001992342295125127
-0.001991440076380968
-0.001990500837564468
-0.001989486394450068
-0.001988362288102508
-0.001987098017707467
-0.001985668437555432
-0.001984055154025555
-0.001982245361432433
-0.00198023347184062
-0.001978020649403334
-0.001975615741685033
-0.001973032718524337
-0.001970292301848531
-0.001967419404536486
-0.001964443130418658
-0.001961393980309367
-0.001958305016160011
-0.001955209532752633
-0.001952139078639448
-0.001949123223312199
-0.001946188625879586
-0.001943357056006789
-0.001940645859576762
-0.001938066445291042
-0.001935625681653619
-0.001933323801495135
-0.001931155798956752
-0.001929112244397402
-0.001927178585901856
-0.001925337011925876
-0.001923567149788141
-0.001921846531331539
-0.001920152455568314
-0.001918462454341352
-0.001916755572892725
-0.001915013417601585
-0.001913220388814807
-0.001911364612169564
-0.001909438869915903
-0.001907440251670778
-0.001905369921587408
-0.001903234049677849
-0.001901042065583169
-0.001898807240650058
-0.001896545640192926
-0.001894275308586657
-0.001892015454359353
-0.001889785286039114
-0.001887603546492755
-0.001885487115941942
-0.001883450779132545
-0.001881506061181426
-0.001879661111161113
-0.001877919537946582
-0.001876281690783799
-0.001874743378721178
-0.001873296685516834
-0.001871929736807942
-0.001870627980679274
-0.001869374304078519
-0.001868149731308222
-0.001866934588178992
-0.00186570908408612
-0.001864454010501504
-0.001863152254372835
-0.001861788448877633
-0.001860350253991783
-0.001858828589320183
-0.001857218332588673
-0.001855517155490816
-0.00185372750274837
-0.00185185472946614
-0.001849907450377941
-0.00184789695776999
-0.001845836872234941
-0.00184374232776463
-0.001841629506088793
-0.001839514472521842
-0.001837413175962865
-0.001835340401157737
-0.001833309419453144
-0.001831331173889339
-0.001829414279200137
-0.00182756467256695
-0.001825785380788147
-0.001824076869525015
-0.001822436926886439
-0.001820861245505512
-0.001819342491216958
-0.001817872282117605
-0.001816440955735743
-0.001815038034692407
-0.001813652808777988
-0.001812274917028844
-0.001810894813388586
-0.001809503766708076
-0.001808094093576074
-0.001806660089641809
-0.001805197331123054
-0.001803703489713371
-0.001802177401259542
-0.001800620113499463
-0.001799033372662961
-0.001797420321963727
-0.001795785152353346
-0.001794132636860013
-0.001792467548511922
-0.001790794893167913
-0.001789119560271502
-0.001787445857189596
-0.001785777858458459
-0.001784119056537747
-0.001782471779733896
-0.001780837890692055
-0.001779218437150121
-0.001777613768354058
-0.001776023418642581
-0.0017744469223544
-0.001772883115336299
-0.001771330717019737
-0.00176978821400553
-0.00176825444214046
-0.001766728470101953
-0.001765209366567433
-0.001763696083799005
-0.001762188039720058
-0.001760684768669307
-0.001759186619892716
-0.001757693593390286
-0.001756205572746694
-0.001754722790792584
-0.001753245131112635
-0.001751772360876203
-0.001750303898006678
-0.001748839276842773
-0.001747377682477236
-0.001745917950756848
-0.001744458451867104
-0.001742997788824141
-0.001741534331813455
-0.001740066451020539
-0.001738592982292175
-0.001737112645059824
-0.001735625090077519
-0.001734129968099296
-0.001732627279125154
-0.001731118187308311
-0.001729603623971343
-0.001728085218928754
-0.001726565067656338
-0.001725045614875853
-0.001723529188893735
-0.001722018350847065
-0.001720515661872923
-0.001719023333862424
-0.001717542880214751
-0.001716075581498444
-0.001714622252620757
-0.001713183126412332
-0.001711757504381239
-0.001710344455204904
-0.001708941999822855
-0.001707548159174621
-0.001706160488538444
-0.0017047761939466
-0.001703392481431365
-0.001702006673440337
-0.001700616325251758
-0.001699219224974513
-0.001697813859209418
-0.001696399180218577
-0.001694974722340703
-0.001693540951237082
-0.001692098565399647
-0.001690648961812258
-0.001689194003120065
-0.001687735901214182
-0.001686276984401047
-0.001684819697402418
-0.001683366717770696
-0.001681920257396996
-0.001680482062511146
-0.001679053762927651
-0.001677636639215052
-0.001676230924203992
-0.001674836967140436
-0.001673453953117132
-0.001672081067226827
-0.001670716563239694
-0.001669358578510582
-0.001668005017563701
-0.001666653552092612
-0.001665302203036845
-0.001663948991335928
-0.001662591937929392
-0.001661229645833373
-0.001659861067309976
-0.001658485736697912
-0.001657103653997183
-0.001655715168453753
-0.001654321560636163
-0.001652924111112952
-0.001651524566113949
-0.001650124555453658
-0.001648726291023195
-0.001647331169806421
-0.001645941054448485
-0.001644557458348572
-0.0016431815456599
-0.001641813898459077
-0.001640454633161426
-0.001639103633351624
-0.001637760549783707
-0.001636424334719777
-0.001635093824006617
-0.001633767620660365
-0.001632443978451192
-0.001631121500395238
-0.001629798789508641
-0.001628474914468825
-0.001627148711122572
-0.001625819597393274
-0.001624487456865609
-0.001623152289539576
-0.001621814910322428
-0.001620476017706096
-0.001619137125089765
-0.001617799396626651
-0.001616464462131262
-0.00161513383500278
-0.001613809028640389
-0.001612491440027952
-0.001611181884072721
-0.001609881641343236
-0.00160859152674675
-0.001607311773113906
-0.001606042729690671
-0.001604784396477044
-0.001603536773473024
-0.00160229962784797
-0.001601072493940592
-0.001599855022504926
-0.001598646980710328
-0.001597448601387441
-0.001596259768120944
-0.001595081062987447
-0.001593913300894201
-0.001592757180333138
-0.001591614214703441
-0.001590485800988972
-0.001589373801834881
-0.001588279963470995
-0.001587206032127142
-0.001586154103279114
-0.00158512603957206
-0.00158412370365113
-0.001583148376084864
-0.001582201686687768
-0.001581284566782415
-0.001580397947691381
-0.00157954276073724
-0.001578719122335315
-0.001577927148900926
-0.001577166840434074
-0.00157643819693476
-0.001575740752741694
-0.001575074275024235
-0.001574438414536417
-0.001573832705616951
-0.001573257031850517
-0.001572710578329861
-0.001572192762978375
-0.001571703003719449
-0.001571240136399865
-0.001570802996866405
-0.001570390304550529
-0.001569999963976443
-0.001569630345329642
-0.00156927912030369
-0.001568943145684898
-0.001568619627505541
-0.001568305306136608
-0.001567996339872479
-0.001567688770592213
-0.001567378756590188
-0.001567061641253531
-0.001566733233630657
-0.001566389226354659
-0.001566025428473949
-0.001565638114698231
-0.001565222977660596
-0.001564776641316712
-0.001564295729622245
-0.001563777681440115
-0.001563220052048564
-0.001562620629556477
-0.001561978133395314
-0.001561291282996535
-0.001560559845529497
-0.001559783820994198
-0.001558964257128537
-0.001558102201670408
-0.001557199633680284
-0.001556258881464601
-0.001555282971821725
-0.001554275397211313
-0.001553240115754306
-0.001552181551232934
-0.001551105058752
-0.001550015993416309
-0.001548920408822596
-0.00154782400932163
-0.001546733197756112
-0.001545654144138098
-0.00154459266923368
-0.001543555059470236
-0.001542546902783215
-0.001541573437862098
-0.001540639437735081
-0.001539748860523105
-0.001538905082270503
-0.001538110664114356
-0.001537367352284491
-0.001536675845272839
-0.001536036026664078
-0.001535446848720312
-0.001534906681627035
-0.001534412382170558
-0.001533960690721869
-0.001533547299914062
-0.001533167203888297
-0.001532815396785736
-0.001532486523501575
-0.001532174646854401
-0.001531874062493443
-0.001531579531729221
-0.001531285466626287
-0.001530987094156444
-0.001530679757706821
-0.001530359615571797
-0.001530023640953004
-0.001529669505544007
-0.001529295579530299
-0.001528901513665915
-0.001528487307950854
-0.001528054242953658
-0.001527604064904153
-0.001527139800600708
-0.001526664476841688
-0.001526182051748037
-0.001525696716271341
-0.001525212544947863
-0.001524734194390476
-0.001524265855550766
-0.001523811719380319
-0.001523375161923468
-0.001522958977147937
-0.001522565493360162
-0.001522196107544005
-0.001521851285360754
-0.001521529979072511
-0.001521230908110738
-0.001520951162092388
-0.001520687248557806
-0.001520434627309442
-0.001520187710411847
-0.001519940560683608
-0.001519687008112669
-0.001519420417025685
-0.001519134384579957
-0.00151882239151746
-0.001518478617072105
-0.001518097938969731
-0.001517675933428109
-0.001517209340818226
-0.001516696065664291
-0.001516135060228407
-0.001515526557341218
-0.001514872536063194
-0.00151417579036206
-0.001513440394774079
-0.001512671587988734
-0.00151187542360276
-0.001511058653704822
-0.001510228728875518
-0.0015093928668648
-0.001508558983914554
-0.001507734297774732
-0.001506925909779966
-0.001506140222772956
-0.001505382708273828
-0.001504657906480134
-0.001503969659097493
-0.001503320061601698
-0.001502710510976613
-0.001502140774391592
-0.001501609687693417
-0.001501115155406296
-0.001500653801485896
