0
0
0
0
0
0
0
0
0
0
0
0
0
0
0
0
0
0
0
0
0
0
0
0
0
0
0
0
0
0
0
0
0
0
0
0
0
0
0
0
0
0
0
0
0
0
0
0
0
0
0
0
0
0
0
0
0
0
0
0
0
0
0
0
0
0
0
0
0
0
0
0
0
0
0
0
0
0
0
0
0
0
0
0
0
0
0
0
0
0
0
0
0
0
0
0
0
0
0
0
0
0
0
0
0
0
0
0
0
0
0
0
0
0
0
0
0
0
0
0
0
0
0
0
0
0
0
0
0
0
0
0
0
0
0
0
0
0
0
0
0
0
0
0
0
0
0
0
0
0
0
0
0
0
0
0
0
0
0
0
0
0
0
0
0
0
0
0
0
0
0
0
0
0
0
0
0
0
0
0
0
0
0
0
0
0
0
0
0
0
0
0
0
0
0
0
0
0
0
0
0
0
0
0
0
0
0
0
0
0
0
0
0
0
0
0
0
0
0
0
0
0
0
0
0
0
0
0
0
0
0
0
0
0
0
0
0
0
0
0
0
0
0
0
0
0
0
0
0
0
0
0
0
0
0
0
0
0
0
0
0
0
0
0
0
0
0
0
0
0
0
0
0
0
0
0
0
0
0
0
0
0
0
0
0
0
0
0
0
0
0
0
0
0
0
0
0
0
0
0
0
0
0
0
0
0
0
0
0
0
0
0
0
0
0
0
0
0
0
0
0
0
0
0
0
0
0
0
0
0
0
0
0
0
0
0
0
0
0
0
0
0
0
0
0
0
0
0
0
0
0
0
0
0
0
0
0
0
0
0
0
0
0
0
0
0
0
0
0
0
0
0
0
0
0
0
0
0
0
0
0
0
0
0
0
0
0
0
0
0
0
0
0
0
0
0
0
0
0
0
0
0
0
0
0
0
0
0
0
0
0
0
0
0
0
0
0
0
0
0
0
0
0
0
0
0
0
0
0
0
0
0
0
0
0
0
0
0
0
0
0
0
0
0
0
0
0
0
0
0
0
0
0
0
0
0
0
0
0
0
0
0
0
0
0
0
0
0
0
0
0
0
0
0
0
0
0
0
0
0
0
0
0
0
0
0
0
0
0
0
0
0
0
0
0
0
0
0
0
0
0
0
0
0
0
0
0
0
0
0
0
0
0
0
0
0
0
0
0
0
0
0
0
0
0
0
0
0
0
0
0
0
0
0
0
0
0
0
0
0
0
0
0
0
0
0
0
0
0
0
0
0
0
0
0
0
0
0
0
0
0
0
0
0
0
0
0
0
0
0
0
0
0
0
0
0
0
0
0
0
0
0
0
0
0
0
0
0
0
0
0
0
0
0
0
0
0
0
0
0
0
0
0
0
0
0
0
0
0
0
0
0
0
0
0
0
0
0
0
0
0
0
0
0
0
0
0
0
0
0
0
0
0
0
0
0
0
0
0
0
0
0
0
0
0
0
0
0
0
0
0
0
0
0
0
0
0
0
0
0
0
0
0
0
0
0
0
0
0
0
0
0
0
0
0
0
0
0
0
0
0
0
0
0
0
0
0
0
0
0
0
0
0
0
0
0
0
0
0
0
0
0
0
0
0
0
0
0
0
0
0
0
0
0
0
0
0
0
0
0
0
0
0
0
0
0
0
0
0
0
0
0
0
0
0
0
0
0
0
0
0
0
0
0
0
0
0
0
0
0
0
0
0
0
0
0
0
0
0
0
0
0
0
0
0
0
0
0
0
0
0
0
0
0
0
0
0
0
0
0
0
0
0
0
0
0
0
0
0
0
0
0
0
0
0
0
0
0
0
0
0
0
0
0
0
0
0
0
0
0
0
0
0
0
0
0
0
0
0
0
0
0
0
0
0
0
0
0
0
0
0
0
0
0
0
0
0
0
0
0
0
0
0
0
0
0
0
0
0
0
0
0
0
0
0
0
0
0
0
0
0
0
0
0
0
0
0
0
0
0
0
0
0
0
0
0
0
0
0
0
0
0
0
0
0
0
0
0
0
0
0
0
0
0
0
0
0
0
0
0
0
0
0
0
0
0
0
0
0
0
0
0
0
0
0
0
0
0
0
0
0
0
0
0
0
0
0
0
0
0
0
0
0
0
0
0
0
0
0
0
0
0
0
0
0
0
0
0
0
0
0
0
0
0
0
0
0
0
0
0
0
0
0
0
0
0
0
0
0
0
0
0
0
0
0
0
0
0
0
0
0
0
0
0
0
0
0
0
0
0
0
0
0
0
0
0
0
0
0
0
0
0
0
0
0
0
0
0
0
0
0
0
0
0
0
0
0
0
0
0
0
0
0
0
0
0
0
0
0
0
0
0
0
0
0
0
0
0
0
0
0
0
0
0
0
0
0
0
0
0
0
0
0
0
0
0
0
0
0
0
0
0
0
0
0
0
0
0
0
0
0
0
0
7.006492321624085e-45
3.503246160812043e-44
1.008934894313868e-43
2.382207389352189e-43
5.044674471569341e-43
1.020145282028467e-42
2.040290564056934e-42
4.046949964970072e-42
7.987401246651457e-42
1.570154929275958e-41
3.074729090421514e-41
5.998958725774542e-41
1.167029387058994e-40
2.263755630162812e-40
4.378833493260761e-40
8.446732870272489e-40
1.624895252486342e-39
3.117308945558488e-39
5.96429200306561e-39
1.138061184685086e-38
2.165725133623887e-38
4.110318363084997e-38
7.780089228203544e-38
1.468701368874349e-37
2.765190331131316e-37
5.192325591327302e-37
9.724042764915689e-37
1.816279036391519e-36
3.38354325509139e-36
6.286616108650818e-36
1.164986504653298e-35
2.153209050752433e-35
3.969313527954771e-35
7.298120961927483e-35
1.338368506267072e-34
2.448002342253435e-34
4.466033187382558e-34
8.126592849997722e-34
1.474938587889307e-33
2.670058092405061e-33
4.821156367415206e-33
8.682960938397634e-33
1.559814294236766e-32
2.79491561260055e-32
4.995255015358855e-32
8.905164929407159e-32
1.583521370430563e-31
2.808703162165498e-31
4.969238739287586e-31
8.769569657699412e-31
1.543736482008338e-30
2.71067078892839e-30
4.747787452575723e-30
8.29504271273574e-30
1.445643039488716e-29
2.513162986781194e-29
4.358123074724468e-29
7.538753044456239e-29
1.300836760497925e-28
2.239089042239517e-28
3.844564466145133e-28
6.584945146924454e-28
1.125092547510555e-27
1.917597023296856e-27
3.260328224911421e-27
5.529707715537277e-27
9.355816380211336e-27
1.579070885849468e-26
2.658666785838475e-26
4.465501536547879e-26
7.482080678060949e-26
1.250610775330816e-25
2.085313373830352e-25
3.468738003759342e-25
5.756047347499619e-25
9.528654818469128e-25
1.57360208297212e-24
2.592482699419161e-24
4.260849163821284e-24
6.986140343723702e-24
1.142722686944807e-23
1.864697101531306e-23
3.035577152968801e-23
4.929935108992055e-23
7.98747730500583e-23
1.291064777396343e-22
2.081890009380228e-22
3.3491934127871e-22
5.375228535980825e-22
8.606551740704995e-22
1.374796190437831e-21
2.190916089575447e-21
3.483314912804053e-21
5.525105241727499e-21
8.743202139457469e-21
1.380332767156003e-20
2.174111277274514e-20
3.416374513939632e-20
5.355945998666837e-20
8.377126250788737e-20
1.307203603281265e-19
2.035081441791243e-19
3.160907859688299e-19
4.898177397590544e-19
7.572700989146131e-19
1.168050886240591e-18
1.797498005868303e-18
2.759762382330069e-18
4.227392547235953e-18
6.46058788163671e-18
9.850787208594987e-18
1.498546536608422e-17
2.274420279051113e-17
3.444080631289063e-17
5.20329924130928e-17
7.843103560334664e-17
1.179509922663864e-16
1.769784684292725e-16
2.649385386624463e-16
3.957095995786532e-16
5.89678609252671e-16
8.767222461489516e-16
1.300520834687097e-15
1.924783058022332e-15
2.842209313632911e-15
4.187362855409679e-15
6.155111871439722e-15
9.026983431852532e-15
1.320873172937134e-14
1.928376383542822e-14
2.808892712608674e-14
4.082174322964788e-14
5.919176688509373e-14
8.563371637227563e-14
1.236067726038265e-13
1.780139620780052e-13
2.557881478241347e-13
3.667089147531971e-13
5.245386373517458e-13
7.485977983334724e-13
1.065945075262587e-12
1.514385296851051e-12
2.146611013942312e-12
3.035887079921862e-12
4.283840643326542e-12
6.03109793009815e-12
8.471781436092396e-12
1.18732107479147e-11
1.660262205493979e-11
2.316328205631546e-11
3.224320116457235e-11
4.478066875646114e-11
6.205219671429063e-11
8.579017357623897e-11
1.183399628290616e-10
1.628689683119688e-10
2.236443530367893e-10
3.064006826036803e-10
4.188255298132049e-10
5.71199421095514e-10
7.772358312507777e-10
1.05518305204555e-09
1.429262597163472e-09
1.931545146049984e-09
2.604386262206049e-09
3.503586754050048e-09
4.702473965778609e-09
6.297166788016284e-09
8.413336693990914e-09
1.121487791522213e-08
1.491499368455607e-08
1.979031871712778e-08
2.61988652994205e-08
3.460277753219998e-08
4.559708344231694e-08
5.994589002966677e-08
7.862789175305807e-08
1.028933667157617e-07
1.343353090987875e-07
1.749779983128974e-07
2.273870052249549e-07
2.948052042484051e-07
3.813205182723323e-07
4.920723881696176e-07
6.335046123240318e-07
8.136744327202905e-07
1.042628582581528e-06
1.332860051661555e-06
1.699861286397208e-06
2.162788860005094e-06
2.745264964687522e-06
3.476334086371935e-06
4.391607944853604e-06
5.534620413527591e-06
6.958438007131917e-06
8.72755754244281e-06
1.092013462766772e-05
1.363058981951326e-05
1.697265724942554e-05
2.108291118929628e-05
2.612484786368441e-05
3.229357753298245e-05
3.982121052104048e-05
4.898297993349843e-05
6.010422293911688e-05
7.356821151915938e-05
8.982497092802078e-05
0.0001094011313398369
0.0001329108781646937
0.0001610679319128394
0.0001946988195413724
0.0002347571717109531
0.0002823393442668021
0.0003387008619029075
0.000405274098739028
0.0004836867447011173
0.000575781159568578
0.0006836336688138545
0.0008095747325569391
0.000956208270508796
0.001126430812291801
0.001323449308983982
0.00155079725664109
0.00181234790943563
0.002112324582412839
0.002455307636409998
0.002846235176548362
0.003290398512035608
0.003793430281803012
0.004361284896731377
0.005000210367143154
0.005716708954423666
0.006517486181110144
0.007409391459077597
0.008399342186748981
0.00949423760175705
0.01070085726678371
0.0120257455855608
0.0134750921279192
0.01505458448082209
0.01676926761865616
0.01862337626516819
0.02062018401920795
0.02276182547211647
0.02504912950098515
0.0274814534932375
0.0300565417855978
0.03277035802602768
0.03561698272824287
0.0385885015130043
0.04167493060231209
0.04486419260501862
0.04814211651682854
0.05149247497320175
0.05489710718393326
0.0583360455930233
0.06178773939609528
0.06522931158542633
0.06863686442375183
0.0719858705997467
0.07525158673524857
0.07840947061777115
0.08143572509288788
0.08430778980255127
0.08700484037399292
0.08950835466384888
0.09180258214473724
0.09387501329183578
0.09571678191423416
0.09732306003570557
0.09869325160980225
0.09983120858669281
0.1007453054189682
0.1014483198523521
0.101957306265831
0.1022932752966881
0.1024807095527649
0.1025470942258835
0.1025221943855286
0.102437287569046
0.1023243963718414
0.102215364575386
0.1021409928798676
0.102130115032196
0.1022087261080742
0.1023992449045181
0.1027197390794754
0.1031834483146667
0.1037982925772667
0.1045666635036469
0.1054853424429893
0.10654566437006
0.1077338606119156
0.1090315282344818
0.1104163452982903
0.1118629574775696
0.1133438795804977
0.1148306429386139
0.1162948235869408
0.1177091747522354
0.1190487444400787
0.1202917471528053
0.1214205250144005
0.1224221214652061
0.1232888326048851
0.1240184009075165
0.1246140822768211
0.1250843703746796
0.1254425644874573
0.1257061511278152
0.1258958429098129
0.1260346174240112
0.1261467337608337
0.1262564808130264
0.1263870447874069
0.1265595257282257
0.1267918944358826
0.1270982772111893
0.127488374710083
0.1279671341180801
0.1285345107316971
0.1291857361793518
0.1299116909503937
0.1306994259357452
0.1315330415964127
0.1323945671319962
0.1332650035619736
0.1341253221035004
0.1349575966596603
0.1357458680868149
0.1364769339561462
0.1371410936117172
0.1377324312925339
0.1382491290569305
0.1386934220790863
0.1390712559223175
0.1393918991088867
0.1396671533584595
0.1399107426404953
0.1401372849941254
0.140361487865448
0.1405972093343735
0.1408566683530807
0.1411498188972473
0.1414837688207626
0.1418625116348267
0.1422867923974991
0.1427542716264725
0.1432597041130066
0.1437954753637314
0.1443521976470947
0.144919365644455
0.1454861462116241
0.1460420787334442
0.1465777307748795
0.1470852941274643
0.1475590616464615
0.1479956209659576
0.1483941078186035
0.1487560272216797
0.1490850895643234
0.1493868380784988
0.1496681421995163
0.149936705827713
0.1502004712820053
0.1504670083522797
0.1507430523633957
0.151034027338028
0.1513437777757645
0.1516743451356888
0.1520259231328964
0.1523969918489456
0.152784451842308
0.1531839966773987
0.153590515255928
0.1539984941482544
0.1544024497270584
0.1547973901033401
0.1551791429519653
0.1555445939302444
0.1558918803930283
0.1562204658985138
0.1565311849117279
0.156825914978981
0.1571075469255447
0.1573795974254608
0.1576459407806396
0.1579104512929916
0.1581767052412033
0.158447727560997
0.1587257236242294
0.1590120494365692
0.1593071222305298
0.1596104502677917
0.1599206775426865
0.1602358818054199
0.1605535745620728
0.160871148109436
0.1611859649419785
0.1614956557750702
0.1617982536554337
0.1620923429727554
0.1623771637678146
0.1626525372266769
0.1629189401865005
0.1631773859262466
0.1634291708469391
0.1636758744716644
0.1639190316200256
0.1641601473093033
0.1644003838300705
0.1646405160427094
0.1648808419704437
0.1651211082935333
0.1653605401515961
0.1655978411436081
0.1658312827348709
0.1660587638616562
0.1662779450416565
0.1664863079786301
0.1666812300682068
0.1668601036071777
0.167020320892334
0.1671592742204666
0.1672743707895279
0.1673630177974701
0.1674223989248276
0.1674495488405228
0.1674411743879318
0.1673936694860458
0.1673029363155365
0.1671643406152725
0.1669727563858032
0.1667224615812302
0.1664072871208191
0.1660206466913223
0.1655555814504623
0.1650049686431885
0.1643616855144501
0.1636187434196472
0.1627694964408875
0.1618078202009201
0.160728320479393
0.1595265716314316
0.1581992357969284
0.1567443460226059
0.1551613956689835
0.1534515768289566
0.1516178995370865
0.1496653705835342
0.1476010531187057
0.1454342007637024
0.1431762278079987
0.1408408582210541
0.1384439021348953
0.1360032707452774
0.1335387676954269
0.1310718208551407
0.1286252290010452
0.1262226998806
0.1238883882761002
0.1216463893651962
0.1195200905203819
0.1175315156579018
0.1157006546854973
0.1140448302030563
0.1125779673457146
0.1113100722432137
0.1102466434240341
0.1093882918357849
0.1087304279208183
0.1082631796598434
0.1079714447259903
0.1078351438045502
0.1078296825289726
0.107926569879055
0.1080943271517754
0.1082995012402534
0.1085077673196793
0.108685165643692
0.1087994575500488
0.1088213473558426
0.1087257489562035
0.1084928512573242
0.1081090793013573
0.1075677126646042
0.1068693026900291
0.1060217544436455
0.1050400361418724
0.1039456278085709
0.1027655303478241
0.1015310138463974
0.1002761572599411
0.09903614968061447
0.09784555435180664
0.09673648327589035
0.09573691338300705
0.09486917406320572
0.09414868801832199
0.0935831218957901
0.09317190945148468
0.09290622919797897
0.09276951849460602
0.09273836761713028
0.09278393536806107
0.09287359565496445
0.09297293424606323
0.0930478498339653
0.09306661784648895
0.09300188720226288
0.09283239394426346
0.09254428744316101
0.09213197976350784
0.09159844368696213
0.0909549668431282
0.09022030234336853
0.08941934257745743
0.08858130127191544
0.08773767948150635
0.08691999316215515
0.08615750819444656
0.08547519892454147
0.08489193767309189
0.08441923558712006
0.08406044542789459
0.08381063491106033
0.08365706354379654
0.08358028531074524
0.08355575054883957
0.08355581015348434
0.08355186879634857
0.08351674675941467
0.08342675864696503
0.0832635760307312
0.08301560580730438
0.08267879486083984
0.08225680887699127
0.08176053315401077
0.0812070295214653
0.08061789721250534
0.0800173431634903
0.07943002879619598
0.07887889444828033
0.07838322967290878
0.07795703411102295
0.0776078999042511
0.07733652740716934
0.07713682949542999
0.07699671387672424
0.07689924538135529
0.07682448625564575
0.07675133645534515
0.07665956765413284
0.07653168588876724
0.07635451108217239
0.0761202871799469
0.07582727074623108
0.07547964155673981
0.07508692890405655
0.07466287910938263
0.07422398775815964
0.07378772646188736
0.07337073236703873
0.07298723608255386
0.07264765352010727
0.0723576620221138
0.07211780548095703
0.0719236359000206
0.07176634669303894
0.07163386046886444
0.07151221483945847
0.07138708978891373
0.07124533504247665
0.07107626646757126
0.07087275385856628
0.0706317350268364
0.07035441696643829
0.07004588097333908
0.06971435248851776
0.06937010586261749
0.06902419030666351
0.06868715584278107
0.06836778670549393
0.06807222217321396
0.06780321896076202
0.06756002455949783
0.0673384815454483
0.06713159382343292
0.0669303685426712
0.06672483682632446
0.06650510430335999
0.06626239418983459
0.06598978489637375
0.06568277627229691
0.06533948332071304
0.06496050208806992
0.06454844772815704
0.0641072541475296
0.06364135444164276
0.06315474957227707
0.06265025585889816
0.06212881207466125
0.06158910691738129
0.0610274076461792
0.06043773889541626
0.05981223657727242
0.05914176255464554
0.05841657891869545
0.05762704089283943
0.05676425620913506
0.05582056194543839
0.05478984490036964
0.05366759747266769
0.05245079100131989
0.05113758146762848
0.04972688853740692
0.04821791499853134
0.04660970717668533
0.04490076750516891
0.0430888757109642
0.04117101430892944
0.03914351761341095
0.03700234368443489
0.03474352136254311
0.03236362338066101
0.02986026182770729
0.02723255380988121
0.02448147162795067
0.02161007188260555
0.01862357929348946
0.0155293345451355
0.01233660336583853
0.009056322276592255
0.005700772628188133
0.002283289097249508
-0.001182036940008402
-0.004680570680648088
-0.008197275921702385
-0.01171678304672241
-0.01522339787334204
-0.01870107278227806
-0.02213337644934654
-0.0255034938454628
-0.02879427373409271
-0.03198837116360664
-0.03506845980882645
-0.03801754862070084
-0.04081935808062553
-0.0434587337076664
-0.04592209681868553
-0.04819788783788681
-0.05027694255113602
-0.05215280875563622
-0.05382196977734566
-0.05528400465846062
-0.05654161795973778
-0.05760059133172035
-0.05846966430544853
-0.05916037037968636
-0.0596868172287941
-0.06006540730595589
-0.0603145994246006
-0.0604545883834362
-0.06050699204206467
-0.06049451231956482
-0.06044057384133339
-0.06036891043186188
-0.06030314043164253
-0.06026627123355865
-0.06028023734688759
-0.06036538630723953
-0.06053993478417397
-0.06081953644752502
-0.06121684238314629
-0.06174111366271973
-0.06239798292517662
-0.06318929046392441
-0.06411302834749222
-0.06516337394714355
-0.06633093953132629
-0.06760305911302567
-0.06896413117647171
-0.07039614766836166
-0.07187920063734055
-0.0733921080827713
-0.07491303980350494
-0.0764201432466507
-0.07789218425750732
-0.07930917292833328
-0.08065288513898849
-0.08190750330686569
-0.08305995911359787
-0.08410041034221649
-0.08502247929573059
-0.0858234167098999
-0.08650420606136322
-0.08706945925951004
-0.08752728998661041
-0.0878889337182045
-0.0881684273481369
-0.08838201314210892
-0.08854757249355316
-0.08868395537137985
-0.08881031721830368
-0.08894537389278412
-0.08910677582025528
-0.08931044489145279
-0.08957001566886902
-0.08989638835191727
-0.09029736369848251
-0.0907774418592453
-0.09133770316839218
-0.0919758602976799
-0.09268642961978912
-0.09346103668212891
-0.09428881108760834
-0.09515690803527832
-0.09605106711387634
-0.09695622324943542
-0.09785716980695724
-0.09873919934034348
-0.09958868473768234
-0.1003936678171158
-0.1011442914605141
-0.1018332093954086
-0.1024557873606682
-0.1030102968215942
-0.1034978851675987
-0.1039223894476891
-0.1042901873588562
-0.1046097651124001
-0.1048912853002548
-0.1051460653543472
-0.1053860038518906
-0.1056230366230011
-0.1058685556054115
-0.106132872402668
-0.1064247861504555
-0.1067512109875679
-0.1071168631315231
-0.1075241565704346
-0.1079730987548828
-0.1084614545106888
-0.1089848726987839
-0.1095371544361115
-0.1101106628775597
-0.1106967329978943
-0.1112861335277557
-0.1118695139884949
-0.112437903881073
-0.1129831224679947
-0.1134981364011765
-0.1139773279428482
-0.1144167631864548
-0.1148141473531723
-0.1151689812541008
-0.1154823303222656
-0.1157566756010056
-0.1159956380724907
-0.1162036284804344
-0.1163854822516441
-0.1165460795164108
-0.1166898980736732
-0.1168206930160522
-0.1169411465525627
-0.1170526221394539
-0.1171549707651138
-0.1172464564442635
-0.1173236966133118
-0.1173817589879036
-0.1174142956733704
-0.117413803935051
-0.1173718497157097
-0.1172794103622437
-0.1171271875500679
-0.1169059500098228
-0.1166068837046623
-0.1162218376994133
-0.115743599832058
-0.1151660829782486
-0.1144844517111778
-0.1136952415108681
-0.1127963438630104
-0.1117869839072227
-0.1106676161289215
-0.1094398945569992
-0.1081065088510513
-0.1066710352897644
-0.1051378473639488
-0.1035120189189911
-0.1017992421984673
-0.1000057831406593
-0.09813849627971649
-0.09620479494333267
-0.09421274065971375
-0.09217110276222229
-0.09008942544460297
-0.08797815442085266
-0.08584863692522049
-0.08371318876743317
-0.08158505707979202
-0.07947836816310883
-0.07740801572799683
-0.07538945227861404
-0.07343848049640656
-0.07157091051340103
-0.06980221718549728
-0.06814713776111603
-0.06661925464868546
-0.06523057818412781
-0.06399105489253998
-0.06290822476148605
-0.06198688969016075
-0.06122880429029465
-0.06063249334692955
-0.06019312515854836
-0.05990251898765564
-0.05974924936890602
-0.05971886590123177
-0.05979419499635696
-0.05995575338602066
-0.06018226593732834
-0.0604512058198452
-0.0607394315302372
-0.06102382764220238
-0.061281967908144
-0.06149277836084366
-0.06163713335990906
-0.06169845536351204
-0.06166315451264381
-0.06152107566595078
-0.06126578152179718
-0.06089472398161888
-0.0604093112051487
-0.05981481447815895
-0.05912021547555923
-0.05833783745765686
-0.05748295038938522
-0.05657320469617844
-0.05562802776694298
-0.05466792359948158
-0.05371375381946564
-0.0527859628200531
-0.0519038513302803
-0.05108485743403435
-0.05034393817186356
-0.04969299212098122
-0.04914040863513947
-0.0486907921731472
-0.04834476858377457
-0.04809901490807533
-0.04794639721512794
-0.04787630587816238
-0.04787511005997658
-0.04792676493525505
-0.04801349341869354
-0.04811660200357437
-0.04821727424860001
-0.04829743504524231
-0.04834052920341492
-0.04833225905895233
-0.04826120659708977
-0.04811935126781464
-0.04790235683321953
-0.04760975390672684
-0.04724488779902458
-0.0468147024512291
-0.0463293232023716
-0.04580151662230492
-0.04524597525596619
-0.04467854648828506
-0.04411538690328598
-0.04357211664319038
-0.04306301102042198
-0.04260027408599854
-0.04219342023134232
-0.04184882342815399
-0.04156943410634995
-0.0413547083735466
-0.04120070114731789
-0.04110036417841911
-0.04104404523968697
-0.04102007299661636
-0.04101548343896866
-0.04101678729057312
-0.0410107858479023
-0.04098532348871231
-0.04092995077371597
-0.04083652421832085
-0.04069960489869118
-0.040516696870327
-0.04028831794857979
-0.04001786932349205
-0.03971132263541222
-0.03937677294015884
-0.03902386128902435
-0.0386631116271019
-0.03830523788928986
-0.03796045109629631
-0.03763781115412712
-0.03734470903873444
-0.03708641603589058
-0.03686583414673805
-0.03668338432908058
-0.03653706610202789
-0.03642268478870392
-0.03633420914411545
-0.03626425564289093
-0.03620463237166405
-0.03614693135023117
-0.03608310595154762
-0.03600602596998215
-0.03590990975499153
-0.03579068556427956
-0.03564621135592461
-0.03547631576657295
-0.03528276085853577
-0.03506899252533913
-0.03483985364437103
-0.03460115566849709
-0.03435920178890228
-0.03412032872438431
-0.03389042243361473
-0.03367451578378677
-0.03347643837332726
-0.03329860419034958
-0.03314187005162239
-0.03300556913018227
-0.03288761898875237
-0.03278474882245064
-0.0326928049325943
-0.03260711207985878
-0.03252285718917847
-0.03243546187877655
-0.03234094753861427
-0.03223619610071182
-0.03211914747953415
-0.03198891878128052
-0.0318458154797554
-0.03169123083353043
-0.03152748197317123
-0.03135757893323898
-0.03118493966758251
-0.03101309202611446
-0.03084537386894226
-0.03068468347191811
-0.03053324483335018
-0.0303924698382616
-0.03026288375258446
-0.03014412894845009
-0.03003504499793053
-0.02993381395936012
-0.02983813919126987
-0.02974547259509563
-0.02965324185788631
-0.02955908142030239
-0.02946100383996964
-0.02935757115483284
-0.0292479619383812
-0.02913201972842216
-0.02901023253798485
-0.02888362482190132
-0.02875366620719433
-0.0286220945417881
-0.02849074825644493
-0.02836140245199203
-0.02823559753596783
-0.02811453677713871
-0.02799898758530617
-0.02788923308253288
-0.02778508327901363
-0.02768592536449432
-0.02759079821407795
-0.02749850787222385
-0.02740774303674698
-0.02731721103191376
-0.02722575515508652
-0.02713244780898094
-0.02703665755689144
-0.02693810127675533
-0.02683683671057224
-0.02673322893679142
-0.02662790939211845
-0.02652168832719326
-0.02641546539962292
-0.02631013654172421
-0.02620651200413704
-0.02610523998737335
-0.02600675448775291
-0.02591125667095184
-0.02581869810819626
-0.02572880685329437
-0.02564113400876522
-0.02555510401725769
-0.02547007985413074
-0.02538543380796909
-0.02530060149729252
-0.02521514147520065
-0.02512876316905022
-0.02504134364426136
-0.02495293132960796
-0.0248637218028307
-0.02477403916418552
-0.02468427456915379
-0.02459486201405525
-0.0245062131434679
-0.02441868744790554
-0.0243325512856245
-0.02424796856939793
-0.02416497841477394
-0.02408350631594658
-0.02400338277220726
-0.02392435632646084
-0.02384614199399948
-0.02376843988895416
-0.02369097620248795
-0.02361351996660233
-0.02353591099381447
-0.02345806546509266
-0.02337998524308205
-0.02330173924565315
-0.02322346344590187
-0.02314533106982708
-0.02306753396987915
-0.0229902621358633
-0.02291367948055267
-0.02283790893852711
-0.02276302315294743
-0.02268904261291027
-0.02261593379080296
-0.02254361659288406
-0.02247197926044464
-0.02240088954567909
-0.02233021520078182
-0.02225983142852783
-0.02218963578343391
-0.02211956307291985
-0.02204958535730839
-0.02197970449924469
-0.02190995775163174
-0.0218404047191143
-0.02177113108336926
-0.02170221693813801
-0.02163374051451683
-0.02156577073037624
-0.02149834670126438
-0.02143148891627789
-0.02136520110070705
-0.0212994534522295
-0.02123420313000679
-0.0211693961173296
-0.0211049746721983
-0.02104087918996811
-0.02097706124186516
-0.02091348171234131
-0.02085012197494507
-0.02078697644174099
-0.02072405442595482
-0.0206613764166832
-0.02059897594153881
-0.0205368846654892
-0.02047513611614704
-0.02041376009583473
-0.02035277336835861
-0.02029219083487988
-0.02023201249539852
-0.02017222531139851
-0.02011281251907349
-0.02005374617874622
-0.01999500393867493
-0.01993655599653721
-0.01987838186323643
-0.01982046663761139
-0.01976280100643635
-0.01970537938177586
-0.01964820548892021
-0.01959128677845001
-0.01953463815152645
-0.01947827078402042
-0.01942219585180283
-0.0193664263933897
-0.01931096613407135
-0.01925581693649292
-0.01920097693800926
-0.01914644241333008
-0.01909220218658447
-0.0190382469445467
-0.01898456364870071
-0.01893114298582077
-0.01887797191739082
-0.01882504671812057
-0.01877236366271973
-0.01871991716325283
-0.01866771280765533
-0.01861575618386269
-0.01856404729187489
-0.01851259358227253
-0.01846139878034592
-0.0184104610234499
-0.01835978031158447
-0.01830935664474964
-0.01825918629765511
-0.01820926740765572
-0.01815959438681602
-0.01811016164720058
-0.01806096360087395
-0.01801199465990067
-0.01796325109899044
-0.01791473291814327
-0.01786643639206886
-0.01781836338341236
-0.01777051202952862
-0.01772288233041763
-0.01767547801136971
-0.01762829720973969
-0.01758134178817272
-0.01753461174666882
-0.01748810708522797
-0.01744182221591473
-0.01739575900137424
-0.01734990999102592
-0.01730427332222462
-0.01725884526968002
-0.01721362210810184
-0.01716860756278038
-0.01712379418313503
-0.0170791819691658
-0.01703477092087269
-0.01699055917561054
-0.01694654859602451
-0.0169027354568243
-0.01685911603271961
-0.01681569591164589
-0.01677246950566769
-0.016729436814785
-0.01668659783899784
-0.01664395071566105
-0.01660149730741978
-0.01655923575162888
-0.01651716232299805
-0.01647527702152729
-0.01643357425928116
-0.0163920521736145
-0.01635070890188217
-0.01630954630672932
-0.01626856252551079
-0.01622775569558144
-0.01618712209165096
-0.01614665985107422
-0.01610636711120605
-0.01606623828411102
-0.01602627709507942
-0.01598647423088551
-0.01594682969152927
-0.01590733975172043
-0.01586800068616867
-0.0158288087695837
-0.01578975282609463
-0.0157508309930563
-0.01571203954517841
-0.01567336916923523
-0.01563481241464615
-0.015596360899508
-0.01555800531059504
-0.01551973260939121
-0.01548153068870306
-0.01544338464736938
-0.01540527679026127
-0.01536718755960464
-0.01532909739762545
-0.01529098208993673
-0.01525281369686127
-0.01521456427872181
-0.0151761993765831
-0.0151376873254776
-0.01509899087250233
-0.01506006810814142
-0.01502087246626616
-0.01498135458678007
-0.01494146324694157
-0.01490114070475101
-0.01486032828688622
-0.01481896173208952
-0.01477697212249041
-0.01473428774625063
-0.01469083596020937
-0.01464653853327036
-0.0146013181656599
-0.01455509290099144
-0.01450778171420097
-0.01445930544286966
-0.01440958306193352
-0.01435853634029627
-0.01430609449744225
-0.01425218768417835
-0.01419675629585981
-0.01413974352180958
-0.01408110652118921
-0.01402080897241831
-0.01395883224904537
-0.01389516983181238
-0.01382983475923538
-0.01376285683363676
-0.0136942844837904
-0.01362418383359909
-0.01355264522135258
-0.01347978040575981
-0.01340572442859411
-0.01333063561469316
-0.01325468812137842
-0.013178083114326
-0.01310103945434093
-0.01302379556000233
-0.01294660195708275
-0.01286972593516111
-0.01279344316571951
-0.01271803397685289
-0.01264377776533365
-0.01257095020264387
-0.01249982137233019
-0.01243064366281033
-0.01236365083605051
-0.01229905057698488
-0.01223702169954777
-0.01217770576477051
-0.01212120521813631
-0.01206757966428995
-0.0120168412104249
-0.01196895353496075
-0.01192383095622063
-0.01188133843243122
-0.01184129528701305
-0.01180347520858049
-0.01176760904490948
-0.0117333922535181
-0.01170049048960209
-0.01166854798793793
-0.01163719408214092
-0.01160605438053608
-0.01157475542277098
-0.01154294051229954
-0.0115102780982852
-0.01147646922618151
-0.011441252194345
-0.0114044202491641
-0.01136582065373659
-0.011325360275805
-0.01128301117569208
-0.01123880967497826
-0.01119285635650158
-0.01114531327039003
-0.01109639555215836
-0.01104637235403061
-0.01099555008113384
-0.01094426494091749
-0.01089287269860506
-0.0108417347073555
-0.01079120207577944
-0.01074160914868116
-0.01069325767457485
-0.0106464046984911
-0.01060125324875116
-0.01055795047432184
-0.01051657367497683
-0.01047713402658701
-0.01043957285583019
-0.01040376536548138
-0.01036952715367079
-0.01033662259578705
-0.01030477415770292
-0.01027367264032364
-0.01024299208074808
-0.01021240372210741
-0.01018158718943596
-0.0101502500474453
-0.01011813338845968
-0.0100850285962224
-0.01005078200250864
-0.01001530513167381
-0.009978573769330978
-0.009940630756318569
-0.009901580400764942
-0.009861582890152931
-0.009820848703384399
-0.009779626503586769
-0.009738186374306679
-0.009696806780993938
-0.009655768051743507
-0.009615327231585979
-0.00957571342587471
-0.009537111967802048
-0.009499658830463886
-0.009463434107601643
-0.009428458288311958
-0.009394693188369274
-0.009362043812870979
-0.009330364875495434
-0.009299473837018013
-0.009269156493246555
-0.009239182807505131
-0.009209317155182362
-0.00917933601886034
-0.009149034507572651
-0.009118241257965565
-0.00908682681620121
-0.009054706431925297
-0.009021850302815437
-0.008988277055323124
-0.008954056538641453
-0.008919300511479378
-0.008884154260158539
-0.008848789148032665
-0.008813389576971531
-0.008778142742812634
-0.008743226528167725
-0.008708798326551914
-0.00867498479783535
-0.008641878142952919
-0.008609529584646225
-0.00857794564217329
-0.008547092787921429
-0.008516896516084671
-0.008487253449857235
-0.008458035998046398
-0.008429097943007946
-0.008400291204452515
-0.008371472358703613
-0.008342510089278221
-0.008313295431435108
-0.008283750154078007
-0.008253829553723335
-0.008223523385822773
-0.008192853070795536
-0.008161875419318676
-0.008130668662488461
-0.008099331520497799
-0.00806797668337822
-0.0080367187038064
-0.008005666546523571
-0.007974915206432343
-0.007944541983306408
-0.00791459996253252
-0.007885114289820194
-0.007856085896492004
-0.007827486842870712
-0.007799265906214714
-0.007771354168653488
-0.007743670139461756
-0.00771612673997879
-0.007688636891543865
-0.007661123760044575
-0.007633521221578121
-0.007605780847370625
-0.007577873300760984
-0.007549791596829891
-0.007521549239754677
-0.007493178825825453
-0.007464727852493525
-0.007436254527419806
-0.00740782218053937
-0.007379495073109865
-0.007351332809776068
-0.007323384750634432
-0.007295688614249229
-0.007268264424055815
-0.00724111869931221
-0.007214239332824945
-0.007187602575868368
-0.007161170709878206
-0.007134899962693453
-0.007108741905540228
-0.007082647643983364
-0.007056574337184429
-0.007030486594885588
-0.00700435834005475
-0.006978176534175873
-0.006951941177248955
-0.006925660651177168
-0.006899355910718441
-0.006873054429888725
-0.006846787873655558
-0.006820592563599348
-0.006794501096010208
-0.006768542807549238
-0.006742740049958229
-0.006717108190059662
-0.006691653747111559
-0.006666373461484909
-0.006641257554292679
-0.006616288330405951
-0.00659144576638937
-0.00656670518219471
-0.006542043294757605
-0.006517439614981413
-0.006492876447737217
-0.006468344479799271
-0.006443840451538563
-0.006419368088245392
-0.006394939497113228
-0.006370571907609701
-0.006346286740154028
-0.006322110537439585
-0.006298068445175886
-0.006274188868701458
-0.006250496488064528
-0.006227015517652035
-0.006203766446560621
-0.006180767901241779
-0.006158037576824427
-0.006135588977485895
-0.006113437935709953
-0.006091602612286806
-0.006070103030651808
-0.006048965733498335
-0.006028220988810062
-0.006007907912135124
-0.005988074000924826
-0.005968772806227207
-0.00595006812363863
-0.005932030733674765
-0.005914739333093166
-0.00589827774092555
-0.005882734898477793
-0.005868204403668642
-0.005854782182723284
-0.005842567887157202
-0.005831661634147167
-0.005822163075208664
-0.005814173724502325
-0.005807793233543634
-0.005803119391202927
-0.0058002476580441
-0.005799270700663328
-0.005800276063382626
-0.005803344771265984
-0.005808549933135509
-0.00581595441326499
-0.005825609900057316
-0.005837551318109035
-0.005851795431226492
-0.005868338979780674
-0.00588715448975563
-0.005908188875764608
-0.005931360647082329
-0.005956557113677263
-0.005983634386211634
-0.006012418307363987
-0.006042699329555035
-0.006074237171560526
-0.00610676221549511
-0.006139975506812334
-0.006173554342240095
-0.006207154598087072
-0.006240416318178177
-0.006272968370467424
-0.006304435431957245
-0.006334444042295218
-0.006362630520015955
-0.006388647947460413
-0.006412174087017775
-0.006432920694351196
-0.006450639106333256
-0.006465130019932985
-0.006476249545812607
-0.006483912002295256
-0.006488100625574589
-0.006488867104053497
-0.006486334837973118
-0.00648069940507412
-0.006472225300967693
-0.006461243610829115
-0.006448145024478436
-0.006433370057493448
-0.006417402066290379
-0.006400753278285265
-0.006383951287716627
-0.006367523688822985
-0.006351984571665525
-0.006337816826999187
-0.006325457245111465
-0.006315281614661217
-0.006307591684162617
-0.006302604451775551
-0.006300443783402443
-0.006301132962107658
-0.00630459375679493
-0.00631064735352993
-0.006319020409137011
-0.006329352967441082
-0.006341211032122374
-0.006354102399200201
-0.006367494352161884
-0.006380835548043251
-0.006393576972186565
-0.006405194289982319
-0.006415208801627159
-0.006423210725188255
-0.006428872235119343
-0.00643196702003479
-0.006432377267628908
-0.006430102046579123
-0.006425256840884686
-0.006418070755898952
-0.006408872548490763
-0.006398082245141268
-0.006386185996234417
-0.00637371838092804
-0.006361232604831457
-0.006349277682602406
-0.006338370032608509
-0.00632896926254034
-0.006321454420685768
-0.006316104903817177
-0.006313088815659285
-0.00631245318800211
-0.00631412398070097
-0.006317910272628069
-0.006323516834527254
-0.006330559495836496
-0.006338588893413544
-0.00634711841121316
-0.006355649325996637
-0.006363704800605774
-0.006370853632688522
-0.006376740988343954
-0.00638110563158989
-0.006383799947798252
-0.00638479832559824
-0.006384199950844049
-0.006382222753018141
-0.00637919083237648
-0.006375517696142197
-0.006371679715812206
-0.006368190050125122
-0.006365564651787281
-0.006364298518747091
-0.006364829838275909
-0.006367519963532686
-0.006372629664838314
-0.006380308885127306
-0.006390589289367199
-0.006403387989848852
-0.006418516393750906
-0.006435697432607412
-0.006454587448388338
-0.006474804133176804
-0.006495954003185034
-0.006517663598060608
-0.006539604160934687
-0.006561517249792814
-0.006583229638636112
-0.006604664959013462
-0.006625846493989229
-0.006646891124546528
-0.006667997688055038
-0.006689425092190504
-0.006711469031870365
-0.006734435446560383
-0.006758608855307102
-0.006784225814044476
-0.006811452563852072
-0.006840362213551998
-0.006870924029499292
-0.006903000175952911
-0.006936348043382168
-0.006970630493015051
-0.00700543774291873
-0.007040307391434908
-0.007074754685163498
-0.007108299527317286
-0.007140495348721743
-0.00717095285654068
-0.007199363317340612
-0.00722550880163908
-0.007249271031469107
-0.007270627189427614
-0.007289646659046412
-0.007306472864001989
-0.00732130603864789
-0.007334379013627768
-0.007345937192440033
-0.007356214337050915
-0.00736541673541069
-0.007373708765953779
-0.007381203584372997
-0.00738796591758728
-0.007394012063741684
-0.007399324327707291
-0.007403864525258541
-0.007407590746879578
-0.007410475984215736
-0.007412527222186327
-0.007413797080516815
-0.007414394523948431
-0.007414489053189754
-0.007414306048303843
-0.007414119318127632
-0.007414238061755896
-0.007414985448122025
-0.007416679058223963
-0.007419608067721128
-0.007424015086144209
-0.007430075202137232
-0.007437883410602808
-0.007447449956089258
-0.007458696141839027
-0.007471463643014431
-0.007485521491616964
-0.007500585168600082
-0.007516336161643267
-0.007532439194619656
-0.007548568770289421
-0.007564421277493238
-0.007579735480248928
-0.007594299968332052
-0.007607957813888788
-0.007620608899742365
-0.007632207591086626
-0.007642752025276423
-0.00765227572992444
-0.007660835515707731
-0.007668502628803253
-0.007675350643694401
-0.007681451737880707
-0.007686872035264969
-0.007691670674830675
-0.007695901207625866
-0.007699617650359869
-0.007702881935983896
-0.007705765776336193
-0.007708358578383923
-0.007710767909884453
-0.007713125087320805
-0.007715575397014618
-0.007718278095126152
-0.007721395697444677
-0.007725084200501442
-0.007729480043053627
-0.007734691258519888
-0.007740786299109459
-0.007747787050902843
-0.007755664177238941
-0.007764339447021484
-0.007773686200380325
-0.007783539593219757
-0.007793707773089409
-0.00780398165807128
-0.007814152166247368
-0.007824020460247993
-0.007833411917090416
-0.007842184975743294
-0.007850241847336292
-0.007857523858547211
-0.007864021696150303
-0.007869763299822807
-0.007874812930822372
-0.007879261858761311
-0.007883220911026001
-0.007886809296905994
-0.007890153676271439
-0.00789337046444416
-0.007896567694842815
-0.007899843156337738
-0.007903276011347771
-0.007906933315098286
-0.007910866290330887
-0.007915112189948559
-0.007919696159660816
-0.007924631237983704
-0.007929923012852669
-0.007935562171041965
-0.007941529154777527
-0.007947792299091816
-0.0079543087631464
-0.007961023598909378
-0.007967869751155376
-0.007974769920110703
-0.007981643080711365
-0.007988400757312775
-0.007994960062205791
-0.008001244626939297
-0.008007192052900791
-0.008012757636606693
-0.008017916232347488
-0.008022668771445751
-0.008027036674320698
-0.00803106464445591
-0.00803481787443161
-0.008038373664021492
-0.008041819557547569
-0.008045244961977005
-0.008048734627664089
-0.00805236492305994
-0.008056195452809334
-0.008060270920395851
-0.008064611814916134
-0.008069220930337906
-0.008074083365499973
-0.008079167455434799
-0.008084427565336227
-0.008089811541140079
-0.008095260709524155
-0.008100718259811401
-0.008106129243969917
-0.008111446164548397
-0.008116626180708408
-0.008121644146740437
-0.008126474916934967
-0.008131108246743679
-0.008135544136166573
-0.008139790035784245
-0.008143860846757889
-0.008147777058184147
-0.008151561953127384
-0.008155243471264839
-0.008158852346241474
-0.008162417449057102
-0.008165965788066387
-0.008169523440301418
-0.008173111826181412
-0.008176743984222412
-0.008180429227650166
-0.008184164762496948
-0.008187939412891865
-0.008191735483705997
-0.008195522241294384
-0.008199264295399189
-0.008202920667827129
-0.008206444792449474
-0.008209788240492344
-0.008212899789214134
-0.008215732872486115
-0.008218244649469852
-0.008220394141972065
-0.008222145959734917
-0.00822347030043602
-0.00822434201836586
-0.008224737830460072
-0.008224638178944588
-0.008224017918109894
-0.008222853764891624
-0.008221117779612541
-0.008218773640692234
-0.008215779438614845
-0.00821208581328392
-0.008207633160054684
-0.008202357217669487
-0.008196186274290085
-0.00818904209882021
-0.008180843666195869
-0.008171507157385349
-0.008160949684679508
-0.00814908929169178
-0.008135848678648472
-0.008121155202388763
-0.008104941807687283
-0.008087155409157276
-0.008067748509347439
-0.00804668664932251
-0.008023950271308422
-0.007999529130756855
-0.007973430678248405
-0.007945675402879715
-0.007916302420198917
-0.007885362952947617
-0.007852930575609207
-0.007819090038537979
-0.007783947512507439
-0.007747621741145849
-0.007710249163210392
-0.007671983912587166
-0.007632994558662176
-0.007593465503305197
-0.007553595118224621
-0.007513594347983599
-0.007473684381693602
-0.007434095721691847
-0.007395066320896149
-0.00735683785751462
-0.007319651544094086
-0.007283745333552361
-0.007249349728226662
-0.007216683123260736
-0.007185946218669415
-0.007157318294048309
-0.007130951154977083
-0.007106966804713011
-0.007085453718900681
-0.00706646079197526
-0.007049997802823782
-0.007036030292510986
-0.007024482358247042
-0.007015233859419823
-0.007008123677223921
-0.007002950645983219
-0.006999477278441191
-0.00699743302538991
-0.00699652312323451
-0.006996430456638336
-0.006996827200055122
-0.00699737761169672
-0.006997748743742704
-0.006997618358582258
-0.006996681448072195
-0.006994660478085279
-0.006991309113800526
-0.006986422929912806
-0.006979843601584435
-0.006971461232751608
-0.006961221806704998
-0.006949125789105892
-0.006935229524970055
-0.006919644773006439
-0.006902533117681742
-0.006884104106575251
-0.006864606402814388
-0.006844323594123125
-0.00682356208562851
-0.006802643649280071
-0.006781894247978926
-0.006761632859706879
-0.006742161232978106
-0.006723752245306969
-0.00670664245262742
-0.006691024173051119
-0.006677036173641682
-0.006664760410785675
-0.00665421923622489
-0.006645373534411192
-0.006638125982135534
-0.006632322911173105
-0.006627762690186501
-0.006624201312661171
-0.00662136310711503
-0.006618952844291925
-0.006616665050387383
-0.006614198442548513
-0.006611268036067486
-0.006607615388929844
-0.006603020243346691
-0.006597308441996574
-0.006590360775589943
-0.006582113914191723
-0.00657256506383419
-0.006561769638210535
-0.00654984125867486
-0.006536940578371286
-0.006523273419588804
-0.006509075406938791
-0.006494604051113129
-0.006480125710368156
-0.006465901155024767
-0.006452175788581371
-0.006439166143536568
-0.00642705149948597
-0.006415965966880322
-0.006405991967767477
-0.0063971565105021
-0.006389432586729527
-0.00638274010270834
-0.006376951932907104
-0.006371901370584965
-0.00636738957837224
-0.006363199558109045
-0.006359105464071035
-0.006354885175824165
-0.006350331474095583
-0.006345265079289675
-0.006339540239423513
-0.006333054509013891
-0.006325750611722469
-0.006317620631307364
-0.00630870508030057
-0.006299086846411228
-0.006288888398557901
-0.006278262939304113
-0.006267384625971317
-0.006256436929106712
-0.006245603784918785
-0.006235058419406414
-0.006224951706826687
-0.006215407978743315
-0.00620651338249445
-0.006198314018547535
-0.006190815474838018
-0.006183982826769352
-0.006177743431180716
-0.006171992979943752
-0.006166602950543165
-0.006161429919302464
-0.006156322546303272
-0.006151134148240089
-0.00614573061466217
-0.006139998324215412
-0.006133852060884237
-0.006127235945314169
-0.006120129954069853
-0.006112548056989908
-0.006104535423219204
-0.006096166558563709
-0.006087537854909897
-0.006078760139644146
-0.00606995215639472
-0.006061229854822159
-0.006052699871361256
-0.006044454872608185
-0.006036564242094755
-0.006029071751981974
-0.006021995563060045
-0.006015323102474213
-0.006009017117321491
-0.006003018468618393
-0.005997249856591225
-0.005991623271256685
-0.0059860460460186
-0.005980426911264658
-0.005974685307592154
-0.005968754179775715
-0.005962584167718887
-0.00595614779740572
-0.005949439946562052
-0.005942476447671652
-0.00593529362231493
-0.005927943158894777
-0.005920488387346268
-0.005913000088185072
-0.005905548110604286
-0.005898198112845421
-0.005891005974262953
-0.005884015001356602
-0.005877252202481031
-0.005870726425200701
-0.005864428821951151
-0.005858336109668016
-0.005852411035448313
-0.005846607498824596
-0.005840871948748827
-0.005835151299834251
-0.005829394795000553
-0.005823558662086725
-0.005817609373480082
-0.005811525974422693
-0.005805300083011389
-0.005798937287181616
-0.005792456213384867
-0.005785883869975805
-0.00577925518155098
-0.005772609263658524
-0.005765985697507858
-0.005759421736001968
-0.005752948578447104
-0.005746589507907629
-0.005740358494222164
-0.005734259262681007
-0.005728286225348711
-0.005722423549741507
-0.005716648884117603
-0.00571093475446105
-0.005705251358449459
-0.00569956935942173
-0.005693861749023199
-0.005688108969479799
-0.005682295653969049
-0.005676413886249065
-0.005670464597642422
-0.005664455238729715
-0.005658400245010853
-0.005652316845953465
-0.005646226927638054
-0.005640152376145124
-0.00563411321491003
-0.005628126207739115
-0.00562220485880971
-0.005616356153041124
-0.005610581487417221
-0.005604876205325127
-0.00559923192486167
-0.005593636073172092
-0.005588073283433914
-0.005582527723163366
-0.005576984491199255
-0.005571429152041674
-0.005565853323787451
-0.005560249555855989
-0.00555461598560214
-0.00554895494133234
-0.005543272476643324
-0.005537576973438263
-0.005531878676265478
-0.005526189692318439
-0.00552051980048418
-0.005514878779649734
-0.005509273149073124
-0.005503707565367222
-0.00549818342551589
-0.005492699332535267
-0.005487251095473766
-0.005481832195073366
-0.005476435180753469
-0.005471053067594767
-0.005465677008032799
-0.005460301414132118
-0.005454921163618565
-0.005449533462524414
-0.005444137379527092
-0.00543873431161046
-0.005433327052742243
-0.005427920259535313
-0.00542251905426383
-0.00541712949052453
-0.005411756690591574
-0.005406405311077833
-0.005401078145951033
-0.005395775660872459
-0.005390498321503401
-0.00538524379953742
-0.005380010232329369
-0.00537479342892766
-0.005369590129703283
-0.005364396143704653
-0.005359208676964045
-0.00535402400419116
-0.005348841194063425
-0.005343659780919552
-0.005338477902114391
-0.00533329788595438
-0.005328122060745955
-0.005322952754795551
-0.005317793227732182
-0.005312644876539707
-0.005307510495185852
-0.005302391946315765
-0.005297290161252022
-0.005292204208672047
-0.005287134554237127
-0.005282080266624689
-0.005277039483189583
-0.005272010806947947
-0.005266991443932056
-0.005261980928480625
-0.005256977397948503
-0.00525197945535183
-0.005246987566351891
-0.005242001265287399
-0.005237020552158356
-0.005232045892626047
-0.00522707961499691
-0.005222123581916094
-0.005217177327722311
-0.005212241783738136
-0.005207318346947432
-0.005202407017350197
-0.005197507794946432
-0.005192619748413563
-0.005187742877751589
-0.005182875785976648
-0.005178018473088741
-0.005173168610781431
-0.005168326664716005
-0.005163491703569889
-0.005158662796020508
-0.005153840407729149
-0.005149025935679674
-0.005144218914210796
-0.005139419343322515
-0.005134628619998693
-0.005129847209900618
-0.005125075113028288
-0.005120311863720417
-0.005115558858960867
-0.005110816098749638
-0.005106083117425442
-0.005101359449326992
-0.005096644163131714
-0.005091937258839607
-0.005087239202111959
-0.005082549061626196
-0.005077866837382317
-0.005073191598057747
-0.005068523809313774
-0.005063864402472973
-0.005059212911874056
-0.005054569337517023
-0.005049933679401875
-0.005045306403189898
-0.00504068611189723
-0.005036074202507734
-0.005031470209360123
-0.005026874598115683
-0.005022287834435701
-0.005017709452658892
-0.005013139452785254
-0.005008576903492212
-0.005004021804779768
-0.004999474156647921
-0.00499493395909667
-0.004990401677787304
-0.004985877312719822
-0.004981359466910362
-0.004976849537342787
-0.004972346592694521
-0.004967851564288139
-0.004963364452123642
-0.004958885256201029
-0.0049544139765203
-0.004949950613081455
-0.004945495165884495
-0.004941048100590706
-0.004936608485877514
-0.004932175856083632
-0.004927750676870346
-0.004923332016915083
-0.004918920341879129
-0.004914515651762486
-0.004910117480903864
-0.004905726760625839
-0.004901342559605837
-0.004896965809166431
-0.004892596043646336
-0.004888235125690699
-0.004883880726993084
-0.004879534244537354
-0.00487519521266222
-0.004870863165706396
-0.004866538569331169
-0.004862221423536539
-0.004857911262661219
-0.004853608086705208
-0.004849311895668507
-0.004845021292567253
-0.004840737208724022
-0.004836459644138813
-0.004832188133150339
-0.0048279226757586
-0.004823663737624884
-0.004819410853087902
-0.00481516495347023
-0.004810925107449293
-0.004806691780686378
-0.004802464507520199
-0.004798244684934616
-0.004794030915945768
-0.004789823666214943
-0.004785623867064714
-0.004781430587172508
-0.004777244292199612
-0.00477306405082345
-0.004768891260027885
-0.00476472545415163
-0.004760566633194685
-0.004756414797157049
-0.004752269014716148
-0.004748129285871983
-0.004743995610624552
-0.004739868920296431
-0.004735748283565044
-0.004731634166091681
-0.004727525636553764
-0.00472342362627387
-0.004719327669590712
-0.004715238232165575
-0.004711154848337173
-0.004707077983766794
-0.00470300717279315
-0.004698942881077528
-0.004694884177297354
-0.004690831992775202
-0.004686785861849785
-0.004682744853198528
-0.004678709432482719
-0.004674680065363646
-0.004670656751841307
-0.004666639026254416
-0.004662628751248121
-0.004658624529838562
-0.0046546277590096
-0.00465063750743866
-0.004646654240787029
-0.004642676562070847
-0.004638704936951399
-0.004634739365428686
-0.004630779847502708
-0.004626825917512178
-0.004622876644134521
-0.004618932493031025
-0.004614993464201689
-0.004611059091985226
-0.00460713030770421
-0.004603207111358643
-0.004599289502948523
-0.00459537748247385
-0.0045914719812572
-0.004587571602314711
-0.004583677276968956
-0.004579789470881224
-0.004575907252728939
-0.004572031088173389
-0.004568161442875862
-0.004564296919852495
-0.004560438916087151
-0.004556586034595966
-0.004552739206701517
-0.004548897966742516
-0.0045450609177351
-0.004541228991001844
-0.004537402186542749
-0.004533580504357815
-0.004529764410108328
-0.004525952972471714
-0.004522145725786686
-0.004518344532698393
-0.004514547996222973
-0.004510757047683001
-0.004506971687078476
-0.004503191914409399
-0.004499417264014482
-0.004495647735893726
-0.004491883795708418
-0.00448812497779727
-0.004484372213482857
-0.004480625502765179
-0.004476884379982948
-0.004473148845136166
-0.004469418898224831
-0.004465694073587656
-0.004461974371224642
-0.004458260722458363
-0.004454552661627531
-0.00445084972307086
-0.004447151906788349
-0.004443459212779999
-0.004439771641045809
-0.004436089191585779
-0.00443241186439991
-0.004428739659488201
-0.004425071645528078
-0.004421408288180828
-0.004417750053107738
-0.004414096940308809
-0.004410448484122753
-0.004406805150210857
-0.004403166938573122
-0.004399534314870834
-0.00439590634778142
-0.004392283968627453
-0.004388666711747646
-0.004385053645819426
-0.00438144663348794
-0.00437784381210804
-0.004374245647341013
-0.004370652139186859
-0.004367062821984291
-0.004363477695733309
-0.0043598972260952
-0.004356320947408676
-0.004352748859673738
-0.004349182359874249
-0.004345620516687632
-0.00434206472709775
-0.004338514059782028
-0.004334968514740467
-0.004331428557634354
-0.004327893722802401
-0.004324364010244608
-0.004320839419960976
-0.004317319486290216
-0.00431380420923233
-0.004310293588787317
-0.00430678715929389
-0.004303284455090761
-0.004299785476177931
-0.004296290222555399
-0.004292799159884453
-0.004289311822503805
-0.004285829141736031
-0.004282351583242416
-0.004278878681361675
-0.004275410901755095
-0.0042719473131001
-0.004268488846719265
-0.004265035502612591
-0.00426158681511879
-0.004258142784237862
-0.004254704341292381
-0.004251269623637199
-0.004247840493917465
-0.004244416020810604
-0.004240995738655329
-0.004237579647451639
-0.004234168212860823
-0.004230760969221592
-0.004227357916533947
-0.0042239585891366
-0.004220564849674702
-0.004217175766825676
-0.004213791340589523
-0.004210411105304956
-0.004207035060971975
-0.00420366320759058
-0.00420029554516077
-0.004196932073682547
-0.004193573258817196
-0.004190219100564718
-0.004186870530247688
-0.004183526616543531
-0.00418018689379096
-0.004176851361989975
-0.004173520021140575
-0.004170192405581474
-0.004166869446635246
-0.004163550678640604
-0.004160235170274973
-0.004156923852860928
-0.004153616260737181
-0.00415031285956502
-0.004147013183683157
-0.004143716767430305
-0.00414042454212904
-0.00413713650777936
-0.004133853130042553
-0.004130573943257332
-0.004127299413084984
-0.004124028608202934
-0.00412076199427247
-0.004117499571293592
-0.004114240407943726
-0.004110985435545444
-0.004107735119760036
-0.004104488529264927
-0.004101245664060116
-0.00409800698980689
-0.004094772972166538
-0.004091543611139059
-0.004088318906724453
-0.00408509885892272
-0.00408188346773386
-0.004078672267496586
-0.004075465258210897
-0.004072262905538082
-0.004069064743816853
-0.004065870773047209
-0.004062680061906576
-0.004059493076056242
-0.004056309349834919
-0.004053128883242607
-0.004049951210618019
-0.004046776797622442
-0.004043606575578451
-0.004040440078824759
-0.004037277307361364
-0.004034118726849556
-0.004030963871628046
-0.004027813673019409
-0.004024668131023645
-0.00402152631431818
-0.004018388688564301
-0.004015256185084581
-0.004012127406895161
-0.004009002353996038
-0.004005881492048502
-0.004002764821052551
-0.003999652806669474
-0.003996544517576694
-0.003993439953774214
-0.003990338183939457
-0.003987239673733711
-0.003984143957495689
-0.003981051500886679
-0.003977962303906679
-0.003974876832216978
-0.003971794620156288
-0.003968715667724609
-0.003965640440583229
-0.003962568938732147
-0.003959500696510077
-0.003956435713917017
-0.003953375387936831
-0.003950319718569517
-0.003947267774492502
-0.003944220021367073
-0.003941177390515804
-0.003938138019293547
-0.003935102839022875
-0.003932071384042501
-0.003929043188691139
-0.003926017787307501
-0.003922996111214161
-0.003919978160411119
-0.003916963003575802
-0.003913951572030783
-0.003910944331437349
-0.003907940816134214
-0.003904941026121378
-0.00390194496139884
-0.003898952854797244
-0.00389596470631659
-0.003892980515956879
-0.003889999352395535
-0.003887021448463202
-0.003884046571329236
-0.003881074953824282
-0.003878106595948339
-0.003875141032040119
-0.003872179193422198
-0.003869220614433289
-0.003866265760734677
-0.003863314865157008
-0.003860367927700281
-0.003857424948364496
-0.003854485927149653
-0.003851550631225109
-0.003848618594929576
-0.003845690516754985
-0.003842766396701336
-0.003839845769107342
-0.003836928866803646
-0.003834015689790249
-0.003831106005236506
-0.003828199347481132
-0.003825296415016055
-0.003822396276518703
-0.003819499397650361
-0.003816605545580387
-0.003813714720308781
-0.003810826689004898
-0.003807940986007452
-0.003805057844147086
-0.003802177030593157
-0.003799299709498882
-0.003796425880864263
-0.003793555544689298
-0.003790689166635275
-0.003787826281040907
-0.003784967120736837
-0.00378211191855371
-0.003779260441660881
-0.003776412457227707
-0.003773568198084831
-0.003770727664232254
-0.003767890390008688
-0.003765056142583489
-0.003762225387617946
-0.003759398125112057
-0.003756574122235179
-0.003753753378987312
-0.003750935895368457
-0.003748121438547969
-0.003745310707017779
-0.003742503467947245
-0.003739699488505721
-0.003736898768693209
-0.003734100610017776
-0.003731305710971355
-0.003728513140231371
-0.00372572336345911
-0.00372293614782393
-0.00372015149332583
-0.003717369865626097
-0.003714591031894088
-0.00371181545779109
-0.003709042677655816
-0.00370627292431891
-0.003703506430611014
-0.00370074319653213
-0.003697983222082257
-0.003695227205753326
-0.003692475147545338
-0.003689726116135716
-0.003686981042847037
-0.003684239694848657
-0.003681501839309931
-0.00367876747623086
-0.003676035907119513
-0.003673307597637177
-0.003670582314953208
-0.003667860291898251
-0.003665141295641661
-0.003662424860522151
-0.003659711219370365
-0.003657000605016947
-0.003654292551800609
-0.003651587525382638
-0.003648885991424322
-0.003646187717095017
-0.003643492935225368
-0.003640801645815372
-0.003638113616034389
-0.003635428380221128
-0.00363274640403688
-0.003630067221820354
-0.00362739060074091
-0.003624717006459832
-0.003622045740485191
-0.003619376569986343
-0.003616709960624576
-0.003614045912399888
-0.003611384890973568
-0.003608726430684328
-0.003606070997193456
-0.003603418823331594
-0.003600769909098744
-0.003598124254494905
-0.003595481626689434
-0.003592841792851686
-0.003590204752981663
-0.003587570739910007
-0.00358493928797543
-0.003582310630008578
-0.003579684300348163
-0.003577060764655471
-0.003574439324438572
-0.003571821143850684
-0.003569205524399877
-0.003566592698916793
-0.003563982667401433
-0.003561375895515084
-0.003558772150427103
-0.003556171199306846
-0.003553573274984956
-0.003550977911800146
-0.00354838534258306
-0.003545795800164342
-0.00354320858605206
-0.003540623933076859
-0.003538041841238737
-0.00353546254336834
-0.003532885340973735
-0.003530310466885567
-0.00352773698978126
-0.00352516514249146
-0.003522594459354877
-0.00352002470754087
-0.00351745611988008
-0.003514887997880578
-0.003512320341542363
-0.003509753150865436
-0.003507185727357864
-0.003504618303850293
-0.003502050647512078
-0.003499482525512576
-0.003496913937851787
-0.003494344418868423
-0.00349177373573184
-0.003489200724288821
-0.003486625617370009
-0.003484047250822186
-0.003481465624645352
-0.003478879574686289
-0.003476288169622421
-0.003473690943792462
-0.003471086034551263
-0.003468473209068179
-0.003465850837528706
-0.003463217755779624
-0.003460572799667716
-0.003457914339378476
-0.003455240977928042
-0.003452551085501909
-0.003449843265116215
-0.003447115421295166
-0.00344436545856297
-0.003441591747105122
-0.00343879172578454
-0.003435963531956077
-0.003433104837313294
-0.003430212149396539
-0.003427283139899373
-0.003424315014854074
-0.003421304281800985
-0.003418247913941741
-0.003415142185986042
-0.00341198337264359
-0.003408767515793443
-0.003405490657314658
-0.003402148373425007
-0.003398735541850328
-0.003395247738808393
-0.003391679842025042
-0.0033880271948874
-0.003384284907951951
-0.003380447626113892
-0.003376509761437774
-0.003372466191649437
-0.003368311328813434
-0.00336403981782496
-0.003359646303579211
-0.00335512519814074
-0.003350471379235387
-0.003345679258927703
-0.003340743714943528
-0.003335659392178059
-0.003330421634018421
-0.003325024852529168
-0.00331946462392807
-0.003313736990094185
-0.00330783799290657
-0.003301764139905572
-0.003295512404292822
-0.00328908022493124
-0.003282465506345034
-0.003275666851550341
-0.003268684260547161
-0.003261517034843564
-0.003254166338592768
-0.003246634267270565
-0.003238923382014036
-0.00323103740811348
-0.003222981235012412
-0.003214760217815638
-0.003206381108611822
-0.003197851357981563
-0.003189180279150605
-0.003180376952514052
-0.003171452786773443
-0.00316241942346096
-0.003153289901092649
-0.003144078189507127
-0.003134799655526876
-0.003125471062958241
-0.003116109641268849
-0.003106732852756977
-0.003097359789535403
-0.003088009776547551
-0.003078704234212637
-0.003069463651627302
-0.003060308983549476
-0.003051262116059661
-0.003042344935238361
-0.003033578395843506
-0.003024983918294311
-0.003016582224518061
-0.003008393803611398
-0.003000437747687101
-0.002992733847349882
-0.002985299564898014
-0.002978151431307197
-0.002971305046230555
-0.002964774612337351
-0.002958572469651699
-0.002952709794044495
-0.00294719566591084
-0.002942037070170045
-0.00293723912909627
-0.002932805335149169
-0.002928736386820674
-0.002925032051280141
-0.002921689534559846
-0.002918704180046916
-0.002916069934144616
-0.002913778414949775
-0.00291181867942214
-0.002910179318860173
-0.002908847527578473
-0.00290780863724649
-0.00290704844519496
-0.002906550653278828
-0.002906299196183681
-0.002906277775764465
-0.00290646986104548
-0.002906858688220382
-0.00290742889046669
-0.002908166032284498
-0.002909056842327118
-0.002910088282078505
-0.002911249874159694
-0.002912532305344939
-0.002913928823545575
-0.002915434539318085
-0.002917046891525388
-0.002918765647336841
-0.002920593367889524
-0.002922534244135022
-0.002924595028162003
-0.002926785266026855
-0.002929115667939186
-0.002931599505245686
-0.002934251213446259
-0.002937087090685964
-0.002940124133601785
-0.00294338003732264
-0.002946873195469379
-0.002950621536001563
-0.002954641357064247
-0.002958949189633131
-0.002963559003546834
-0.00296848313882947
-0.002973731607198715
-0.002979310927912593
-0.002985225524753332
-0.00299147586338222
-0.002998057752847672
-0.003004963742569089
-0.003012181259691715
-0.003019693307578564
-0.003027478465810418
-0.003035510424524546
-0.003043758682906628
-0.003052187850698829
-0.003060758579522371
-0.003069428261369467
-0.003078150330111384
-0.00308687542565167
-0.0030955511610955
-0.003104124451056123
-0.003112540114670992
-0.003120743669569492
-0.003128680866211653
-0.003136297687888145
-0.003143542911857367
-0.003150367643684149
-0.003156726248562336
-0.003162576584145427
-0.003167882561683655
-0.003172612516209483
-0.003176741534844041
-0.003180250758305192
-0.003183127846568823
-0.003185367677360773
-0.003186972578987479
-0.003187951864674687
-0.003188322065398097
-0.003188106929883361
-0.003187336958944798
-0.003186049638316035
-0.003184287808835506
-0.003182099433615804
-0.00317953759804368
-0.0031766586471349
-0.00317352288402617
-0.003170192241668701
-0.003166730049997568
-0.003163200337439775
-0.003159665502607822
-0.003156187711283565
-0.003152826335281134
-0.003149636555463076
-0.003146670293062925
-0.003143975045531988
-0.003141591558232903
-0.003139555687084794
-0.003137896070256829
-0.003136634826660156
-0.003135787323117256
-0.003135360311716795
-0.003135354723781347
-0.003135764040052891
-0.003136575687676668
-0.003137769643217325
-0.003139320760965347
-0.003141198307275772
-0.003143367357552052
-0.003145788330584764
-0.003148418618366122
-0.0031512132845819
-0.003154125064611435
-0.003157107159495354
-0.003160111838951707
-0.003163092769682407
-0.00316600501537323
-0.003168805968016386
-0.003171456512063742
-0.003173920558765531
-0.003176165977492929
-0.003178165527060628
-0.003179897321388125
-0.003181344131007791
-0.00318249361589551
-0.003183339955285192
-0.003183881985023618
-0.003184124594554305
-0.003184076398611069
-0.003183751367032528
-0.003183167427778244
-0.003182347165420651
-0.003181316424161196
-0.003180103143677115
-0.00317873852327466
-0.003177254926413298
-0.003175685880705714
-0.003174064913764596
-0.003172425553202629
-0.003170800860971212
-0.003169222502037883
-0.003167719580233097
-0.003166319336742163
-0.003165046218782663
-0.003163920482620597
-0.00316295912489295
-0.003162175649777055
-0.003161579137668014
-0.003161175176501274
-0.003160964231938124
-0.003160942811518908
-0.003161103697493672
-0.003161435713991523
-0.003161924658343196
-0.00316255260258913
-0.003163299523293972
-0.003164142603054643
-0.003165057860314846
-0.003166019218042493
-0.003167000599205494
-0.003167975228279829
-0.00316891772672534
-0.003169803181663156
-0.003170608077198267
-0.003171311225742102
-0.003171894932165742
-0.003172342898324132
-0.003172642784193158
-0.003172786207869649
-0.003172768047079444
-0.003172587137669325
-0.003172246972098947
-0.003171754069626331
-0.003171118441969156
-0.003170353127643466
-0.00316947465762496
-0.003168501891195774
-0.00316745531745255
-0.003166357055306435
-0.003165229689329863
-0.00316409720107913
-0.003162981942296028
-0.003161905333399773
-0.003160888096317649
-0.003159948159009218
-0.003159101121127605
-0.003158360021188855
-0.003157733241096139
-0.003157227532938123
-0.003156844060868025
-0.003156581427901983
-0.003156434511765838
-0.003156394464895129
-0.003156450111418962
-0.003156587015837431
-0.003156788181513548
-0.003157035447657108
-0.003157309023663402
-0.00315758865326643
-0.003157854313030839
-0.003158086910843849
-0.003158268053084612
-0.003158381674438715
-0.003158413805067539
-0.003158353734761477
-0.003158193081617355
-0.003157927189022303
-0.003157554427161813
-0.003157076425850391
-0.003156498773023486
-0.003155829152092338
-0.003155079204589128
-0.003154261503368616
-0.003153391648083925
-0.003152485471218824
-0.0031515599694103
-0.00315063213929534
-0.003149718744680285
-0.003148835385218263
-0.003147995797917247
-0.003147212555631995
-0.003146495204418898
-0.003145850962027907
-0.003145283786579967
-0.003144795075058937
-0.003144383197650313
-0.003144043730571866
-0.003143769921734929
-0.0031435526907444
-0.003143381094560027
-0.003143242327496409
-0.003143122652545571
-0.003143008332699537
-0.003142885398119688
-0.003142740810289979
-0.00314256246201694
-0.003142340108752251
-0.003142064437270164
-0.003141729393973947
-0.003141330322250724
-0.003140865359455347
-0.003140335902571678
-0.003139744745567441
-0.003139096777886152
-0.00313840014860034
-0.003137663472443819
-0.00313689629547298
-0.003136109793558717
-0.003135314676910639
-0.003134522587060928
-0.003133743535727262
-0.003132986836135387
-0.003132260870188475
-0.003131572157144547
-0.003130925120785832
-0.0031303227879107
-0.003129765624180436
-0.003129252698272467
-0.003128780517727137
-0.003128344193100929
-0.003127938602119684
-0.003127555828541517
-0.003127188188955188
-0.003126827767118812
-0.003126466181129217
-0.003126094816252589
-0.003125706454738975
-0.003125294810160995
-0.003124854294583201
-0.003124381182715297
-0.003123873146250844
-0.003123328788205981
-0.003122748807072639
-0.003122135298326612
-0.003121491288766265
-0.003120821202173829
-0.003120130160823464
-0.003119424218311906
-0.003118709661066532
-0.003117992775514722
-0.003117279848083854
-0.003116576699540019
-0.003115888452157378
-0.003115219762548804
-0.003114573424682021
-0.003113951301202178
-0.003113354323431849
-0.003112781792879105
-0.003112232778221369
-0.003111704252660275
-0.003111192956566811
-0.003110694931820035
-0.003110205987468362
-0.003109721234068274
-0.003109236713498831
-0.003108748001977801
-0.003108251607045531
-0.003107744036242366
-0.003107223194092512
-0.003106687450781465
-0.003106136806309223
-0.003105571027845144
-0.003104992443695664
-0.003104403149336576
-0.003103805705904961
-0.003103203605860472
-0.003102600341662765
-0.003101999638602138
-0.003101406851783395
-0.003100825706496835
-0.003100260393694043
-0.003099714173004031
-0.003099189838394523
-0.003098690416663885
-0.00309821730479598
-0.003097772132605314
-0.003097355365753174
-0.00309696770273149
-0.003096609376370907
-0.003096279921010137
-0.003095978638157248
-0.003095705062150955
-0.003095459192991257
-0.003095240565016866
-0.003095049178227782
-0.003094885731115937
-0.003094751620665193
-0.00309464824385941
-0.00309457746334374
-0.003094542305916548
-0.003094546031206846
-0.003094592597335577
-0.00309468642808497
-0.00309483241289854
-0.003095034975558519
-0.003095300169661641
-0.003095633117482066
-0.003096039639785886
-0.003096524393185973
-0.003097092732787132
-0.003097749780863523
-0.003098499961197376
-0.003099347930401564
-0.003100297646597028
-0.003101352835074067
-0.003102516755461693
-0.003103792201727629
-0.003105182200670242
-0.003106689313426614
-0.003108315635472536
-0.003110063727945089
-0.00311193591915071
-0.003113934537395835
-0.0031160619109869
-0.003118319902569056
-0.00312071037478745
-0.00312323565594852
-0.003125897608697414
-0.003128697630017996
-0.003131637116894126
-0.003134717000648379
-0.003137937746942043
-0.003141299355775118
-0.003144801594316959
-0.003148443065583706
-0.003152221441268921
-0.003156134393066168
-0.003160177962854505
-0.003164347959682345
-0.003168638795614243
-0.003173043951392174
-0.003177556907758117
-0.003182168817147613
-0.003186870366334915
-0.003191652242094278
-0.00319650350138545
-0.003201412735506892
-0.00320636760443449
-0.003211355535313487
-0.003216363023966551
-0.003221376799046993
-0.003226381726562977
-0.003231364069506526
-0.003236307762563229
-0.003241197671741247
-0.00324601773172617
-0.003250751877203584
-0.003255384042859077
-0.003259898396208882
-0.003264278639107943
-0.003268509171903133
-0.003272573463618755
-0.003276456147432327
-0.003280142089352012
-0.003283615689724684
-0.003286863211542368
-0.003289870452135801
-0.003292624372988939
-0.003295112634077668
-0.003297323593869805
-0.003299247240647674
-0.003300873562693596
-0.003302194643765688
-0.003303203266113997
-0.003303893143311143
-0.003304259851574898
-0.003304299665614963
-0.003304010489955544
-0.003303391626104712
-0.003302443772554398
-0.003301168326288462
-0.00329956877976656
-0.00329764885827899
-0.003295413684099913
-0.003292869543656707
-0.003290024120360613
-0.003286884631961584
-0.003283459693193436
-0.003279758617281914
-0.003275790717452765
-0.003271565306931734
-0.003267093095928431
-0.003262383630499244
-0.003257447388023138
-0.003252294147387147
-0.003246932988986373
-0.00324137439019978
-0.003235626965761185
-0.003229699330404401
-0.003223599633201957
-0.003217335557565093
-0.003210914321243763
-0.003204342443495989
-0.003197625977918506
-0.00319076981395483
-0.003183778608217835
-0.003176657017320395
-0.003169408533722162
-0.003162036882713437
-0.003154544625431299
-0.00314693502150476
-0.003139210864901543
-0.003131375648081303
-0.003123432863503695
-0.003115386236459017
-0.003107240190729499
-0.003099000547081232
-0.003090673824772239
-0.003082267707213759
-0.003073790343478322
-0.003065252210944891
-0.003056664718315005
-0.003048040671274066
-0.003039395436644554
-0.003030744846910238
-0.003022106597200036
-0.003013500943779945
-0.003004948375746608
-0.002996471244841814
-0.002988093765452504
-0.002979840151965618
-0.002971736714243889
-0.002963809296488762
-0.002956084907054901
-0.00294859055429697
-0.002941352548077703
-0.002934396965429187
-0.002927748952060938
-0.002921432023867965
-0.002915468066930771
-0.002909876173362136
-0.002904673805460334
-0.002899874933063984
-0.002895490266382694
-0.002891527721658349
-0.002887991024181247
-0.002884879242628813
-0.002882187953218818
-0.002879908075556159
-0.002878026338294148
-0.002876525279134512
-0.002875382779166102
-0.002874571597203612
-0.002874062163755298
-0.002873819787055254
-0.002873806981369853
-0.002873983699828386
-0.002874306868761778
-0.002874731319025159
-0.00287521118298173
-0.002875699196010828
-0.002876147394999862
-0.002876510145142674
-0.002876740880310535
-0.002876796992495656
-0.002876636805012822
-0.002876223530620337
-0.002875522943213582
-0.002874505938962102
-0.002873148070648313
-0.002871430478990078
-0.00286933989264071
-0.00286687002517283
-0.002864019712433219
-0.002860794775187969
-0.002857206854969263
-0.002853273879736662
-0.002849019132554531
-0.002844471717253327
-0.002839665627107024
-0.002834639279171824
-0.002829434582963586
-0.00282409624196589
-0.002818671055138111
-0.002813207916915417
-0.002807755256071687
-0.002802361268550158
-0.002797072753310204
-0.00279193464666605
-0.002786988392472267
-0.002782271709293127
-0.002777817426249385
-0.002773652551695704
-0.002769799437373877
-0.00276627391576767
-0.002763085765764117
-0.002760237548500299
-0.002757725538685918
-0.002755539724603295
-0.00275366404093802
-0.002752076368778944
-0.002750750398263335
-0.002749653998762369
-0.002748752012848854
-0.002748006023466587
-0.002747375518083572
-0.002746818121522665
-0.002746292389929295
-0.002745756413787603
-0.002745169913396239
-0.002744494704529643
-0.00274369609542191
-0.002742742886766791
-0.002741607837378979
-0.002740269061177969
-0.002738710260018706
-0.002736920025199652
-0.002734892768785357
-0.00273262825794518
-0.00273013231344521
-0.00272741517983377
-0.002724492689594626
-0.002721384633332491
-0.00271811499260366
-0.002714710542932153
-0.002711200388148427
-0.002707615494728088
-0.002703987061977386
-0.002700347686186433
-0.002696728333830833
-0.002693158807232976
-0.002689667046070099
-0.00268627842888236
-0.002683014841750264
-0.002679894212633371
-0.002676931908354163
-0.002674137940630317
-0.002671518363058567
-0.002669075038284063
-0.002666805638000369
-0.002664704574272037
-0.002662762068212032
-0.002660964848473668
-0.002659297315403819
-0.00265774130821228
-0.002656277269124985
-0.00265488401055336
-0.002653539879247546
-0.002652223221957684
-0.002650912618264556
-0.002649587811902165
-0.002648229943588376
-0.002646822249516845
-0.002645349828526378
-0.002643801039084792
-0.002642166335135698
-0.002640439663082361
-0.002638618461787701
-0.002636703196913004
-0.002634696429595351
-0.002632604911923409
-0.002630437724292278
-0.002628205576911569
-0.002625922206789255
-0.002623602515086532
-0.002621263498440385
-0.002618922386318445
-0.002616598270833492
-0.002614309079945087
-0.002612073207274079
-0.002609907882288098
-0.002607829868793488
-0.002605853835120797
-0.002603993285447359
-0.002602259628474712
-0.002600662410259247
-0.002599208615720272
-0.002597902668640018
-0.00259674689732492
-0.002595742233097553
-0.002594886580482125
-0.002594176447018981
-0.002593605779111385
-0.002593168057501316
-0.002592854900285602
-0.002592658158391714
-0.002592568285763264
-0.002592575503513217
-0.002592671196907759
-0.00259284651838243
-0.002593094017356634
-0.002593406941741705
-0.002593780169263482
-0.002594210207462311
-0.002594694728031754
-0.00259523349814117
-0.002595828147605062
-0.002596481703221798
-0.002597198355942965
-0.002597984857857227
-0.00259884842671454
-0.002599796745926142
-0.002600838430225849
-0.002601982327178121
-0.002603236585855484
-0.002604609355330467
-0.00260610762052238
-0.002607737667858601
-0.002609503688290715
-0.002611408708617091
-0.002613452961668372
-0.002615636214613914
-0.002617955440655351
-0.002620405750349164
-0.002622979693114758
-0.002625667955726385
-0.002628460060805082
-0.002631343901157379
-0.002634306438267231
-0.002637332305312157
-0.002640406601130962
-0.002643513260409236
-0.00264663714915514
-0.002649762202054262
-0.00265287421643734
-0.00265595898963511
-0.002659003017470241
-0.002661994891241193
-0.002664924599230289
-0.002667783061042428
-0.002670563524588943
-0.002673260169103742
-0.002675868337973952
-0.002678386168554425
-0.002680811798200011
-0.00268314522691071
-0.002685387618839741
-0.002687540836632252
-0.002689607441425323
-0.002691590692847967
-0.002693493384867907
-0.002695319708436728
-0.002697072690352798
-0.002698756754398346
-0.002700375625863671
-0.002701933030039072
-0.00270343292504549
-0.002704879036173224
-0.00270627555437386
-0.002707625739276409
-0.002708933781832457
-0.002710203872993588
-0.002711440436542034
-0.002712648827582598
-0.00271383416838944
-0.002715002279728651
-0.002716159913688898
-0.002717314520850778
-0.002718472853302956
-0.002719642827287316
-0.002720832591876388
-0.002722050063312054
-0.002723303157836199
-0.002724599093198776
-0.002725944854319096
-0.002727346960455179
-0.002728810301050544
-0.002730339067056775
-0.00273193558678031
-0.002733601024374366
-0.002735334914177656
-0.002737134462222457
-0.002738996176049113
-0.002740913536399603
-0.002742878859862685
-0.002744883066043258
-0.002746914979070425
-0.002748962724581361
-0.002751013031229377
-0.002753052627667785
-0.002755067078396678
-0.002757042180746794
-0.002758963033556938
-0.00276081683114171
-0.00276259146630764
-0.002764275064691901
-0.002765858080238104
-0.002767331665381789
-0.002768689533695579
-0.002769926795735955
-0.002771040890365839
-0.00277203181758523
-0.002772899810224771
-0.002773647895082831
-0.002774280728772283
-0.002774803666397929
-0.002775224158540368
-0.002775548957288265
-0.002775786211714149
-0.002775943605229259
-0.002776028821244836
-0.002776048611849546
-0.002776009729132056
-0.002775916829705238
-0.002775774104520679
-0.002775584114715457
-0.002775347791612148
-0.002775063971057534
-0.002774730557575822
-0.002774343593046069
-0.002773898188024759
-0.002773388288915157
-0.002772805979475379
-0.002772144274786115
-0.002771394560113549
-0.002770548686385155
-0.002769598970189691
-0.002768537262454629
-0.002767356345430017
-0.002766050864011049
-0.002764615695923567
-0.002763047814369202
-0.002761345356702805
-0.002759508322924376
-0.00275753834284842
-0.00275543867610395
-0.002753214677795768
-0.002750873332843184
-0.002748422557488084
-0.002745872130617499
-0.002743232995271683
-0.00274051702581346
-0.002737736795097589
-0.002734906040132046
-0.002732038265094161
-0.002729147439822555
-0.002726247999817133
-0.002723353216424584
-0.002720476593822241
-0.002717631403356791
-0.002714829985052347
-0.002712083049118519
-0.002709400840103626
-0.002706793136894703
-0.00270426832139492
-0.002701832447201014
-0.002699492266401649
-0.002697251504287124
-0.002695113886147738
-0.002693080808967352
-0.002691152738407254
-0.002689329441636801
-0.002687608823180199
-0.002685988089069724
-0.002684463514015079
-0.002683030208572745
-0.002681682584807277
-0.002680413192138076
-0.002679215278476477
-0.002678081160411239
-0.002677002688869834
-0.002675971714779735
-0.002674979623407125
-0.002674017567187548
-0.00267307716421783
-0.0026721500325948
-0.002671228488907218
-0.00267030531540513
-0.002669373759999871
-0.002668427303433418
-0.002667460357770324
-0.002666468033567071
-0.00266544590704143
-0.002664390485733747
-0.002663299441337585
-0.002662170445546508
-0.002661002101376653
-0.002659793710336089
-0.002658545505255461
-0.002657257486134768
-0.002655931282788515
-0.002654568059369922
-0.00265316991135478
-0.00265173870138824
-0.002650277456268668
-0.002648789435625076
-0.002647277899086475
-0.00264574633911252
-0.002644198480993509
-0.002642638515681028
-0.002641069469973445
-0.002639496000483632
-0.002637921599671245
-0.002636350225657225
-0.002634785836562514
-0.002633231924846768
-0.002631692215800285
-0.002630169969052076
-0.002628668211400509
-0.00262718996964395
-0.002625737339258194
-0.002624312182888389
-0.002622915897518396
-0.002621549647301435
-0.002620213432237506
-0.002618907019495964
-0.002617629012092948
-0.002616378013044596
-0.002615151694044471
-0.002613947493955493
-0.002612762153148651
-0.002611591946333647
-0.002610432915389538
-0.002609281800687313
-0.002608134876936674
-0.002606987720355392
-0.002605837071314454
-0.002604679204523563
-0.002603511558845639
-0.002602332271635532
-0.002601139480248094
-0.002599932020530105
-0.002598709892481565
-0.002597472630441189
-0.002596221165731549
-0.002594956196844578
-0.002593679586425424
-0.00259239342994988
-0.002591099357232451
-0.002589800162240863
-0.002588498406112194
-0.002587196882814169
-0.002585897454991937
-0.002584602450951934
-0.002583313267678022
-0.002582031767815351
-0.002580759115517139
-0.002579495776444674
-0.002578241750597954
-0.002576996572315693
-0.002575759775936604
-0.002574530430138111
-0.002573307603597641
-0.002572090132161975
-0.002570876153185964
-0.002569664735347033
-0.002568454248830676
-0.002567243529483676
-0.002566032577306032
-0.002564820228144526
-0.002563606481999159
-0.002562391571700573
-0.002561175962910056
-0.002559960354119539
-0.002558745443820953
-0.002557532396167517
-0.002556322840973735
-0.002555117243900895
-0.002553916303440928
-0.002552721882238984
-0.002551533747464418
-0.002550352597609162
-0.00254917866550386
-0.00254801195114851
-0.002546851756051183
-0.002545697847381234
-0.002544548828154802
-0.002543403999879956
-0.002542262896895409
-0.002541123423725367
-0.002539984416216612
-0.002538844477385283
-0.002537702210247517
-0.002536556916311383
-0.00253540719859302
-0.002534252824261785
-0.002533093094825745
-0.002531927544623613
-0.002530757104977965
-0.002529582008719444
-0.002528402954339981
-0.00252722087316215
-0.002526037395000458
-0.002524854382500052
-0.00252367346547544
-0.002522496273741126
-0.002521323971450329
-0.002520158654078841
-0.002519001951441169
-0.002517855260521173
-0.002516719745472074
-0.002515596337616444
-0.002514485036954284
-0.002513386541977525
-0.002512300387024879
-0.00251122540794313
-0.0025101606734097
-0.002509105019271374
-0.002508056815713644
-0.002507014665752649
-0.002505976241081953
-0.002504940377548337
-0.002503905212506652
-0.002502869348973036
-0.002501831389963627
-0.002500790171325207
-0.002499744994565845
-0.002498695161193609
-0.002497640904039145
-0.002496582455933094
-0.002495520748198032
-0.002494456479325891
-0.002493390813469887
-0.002492324681952596
-0.002491259947419167
-0.002490197774022818
-0.002489139558747411
-0.002488086000084877
-0.002487038495019078
-0.002485997742041945
-0.00248496443964541
-0.002483938587829471
-0.002482919488102198
-0.00248190644197166
-0.002480898285284638
-0.002479894086718559
-0.002478891983628273
-0.00247789011336863
-0.002476885914802551
-0.00247587775811553
-0.002474862849339843
-0.002473838860169053
-0.002472803462296724
-0.00247175432741642
-0.002470690291374922
-0.002469609957188368
-0.002468511695042253
-0.002467394806444645
-0.002466258825734258
-0.002465104218572378
-0.00246393121778965
-0.002462739823386073
-0.002461530966684222
-0.002460306044667959
-0.002459066221490502
-0.002457812428474426
-0.002456545596942306
-0.002455266891047359
-0.00245397724211216
-0.002452676882967353
-0.0024513672105968
-0.002450047759339213
-0.002448718529194593
-0.002447379985824227
-0.002446031663566828
-0.002444673329591751
-0.002443303819745779
-0.002441922435536981
-0.002440528944134712
-0.002439121715724468
-0.002437700750306249
-0.002436264650896192
-0.002434812486171722
-0.00243334355764091
-0.002431856468319893
-0.00243035051971674
-0.002428824082016945
-0.002427276456728578
-0.002425705781206489
-0.00242411089129746
-0.002422490157186985
-0.002420841250568628
-0.002419162075966597
-0.002417449839413166
-0.002415701281279325
-0.002413913141936064
-0.00241208216175437
-0.00241020368412137
-0.002408273983746767
-0.002406287472695112
-0.002404239028692245
-0.002402124227955937
-0.002399937016889453
-0.002397671807557344
-0.002395323244854808
-0.002392885740846395
-0.002390354173257947
-0.002387723885476589
-0.002384990220889449
-0.002382149221375585
-0.00237919669598341
-0.002376129617914557
-0.002372945193201303
-0.002369641559198499
-0.00236621662043035
-0.002362669911235571
-0.00235900073312223
-0.002355209551751614
-0.00235129683278501
-0.002347264206036925
-0.00234311306849122
-0.00233884621411562
-0.002334465971216559
-0.002329975366592407
-0.002325378125533462
-0.002320677740499377
-0.00231587840244174
-0.002310984535142779
-0.002306000562384725
-0.002300931140780449
-0.002295781625434756
-0.00229055667296052
-0.002285261172801256
-0.0022799011785537
-0.0022744822781533
-0.002269010525196791
-0.002263491274788976
-0.002257931279018521
-0.002252336824312806
-0.002246714662760496
-0.002241071546450257
-0.002235414227470756
-0.002229749457910657
-0.002224084455519915
-0.002218426903709769
-0.00221278378739953
-0.002207162324339151
-0.002201569732278585
-0.002196012996137142
-0.002190499333664775
-0.002185035264119506
-0.002179627306759357
-0.002174281980842352
-0.002169004874303937
-0.002163802273571491
-0.002158678136765957
-0.002153637818992138
-0.002148684347048402
-0.002143821446225047
-0.002139051677659154
-0.002134376438334584
-0.002129796892404556
-0.002125312108546495
-0.002120921388268471
-0.002116622403264046
-0.002112412126734853
-0.002108286367729306
-0.002104240003973246
-0.002100266749039292
-0.002096360083669424
-0.002092513022944331
-0.002088716719299555
-0.002084962790831923
-0.002081241924315691
-0.002077545272186399
-0.002073863288387656
-0.002070187125355005
-0.002066507702693343
-0.002062817104160786
-0.002059107413515449
-0.002055371413007379
-0.002051603747531772
-0.00204779882915318
-0.002043953398242593
-0.002040064660832286
-0.002036131452769041
-0.002032153774052858
-0.002028133720159531
-0.002024073852226138
-0.00201997859403491
-0.002015853766351938
-0.002011706586927176
-0.002007544739171863
-0.002003377303481102
-0.00199921359308064
-0.001995064318180084
-0.0019909399561584
-0.001986851450055838
-0.001982810674235225
-0.001978827640414238
-0.001974914222955704
-0.001971080666407943
-0.001967336749657989
-0.001963692251592875
-0.001960155321285129
-0.001956733874976635
-0.001953434897586703
-0.001950264326296747
-0.001947226817719638
-0.001944326213560998
-0.001941564725711942
-0.001938943983986974
-0.001936464454047382
-0.001934125786647201
-0.001931926235556602
-0.001929863356053829
-0.00192793388850987
-0.001926133409142494
-0.00192445726133883
-0.001922899740748107
-0.001921454560942948
-0.001920114853419363
-0.001918873749673367
-0.001917723682709038
-0.001916656736284494
-0.001915665110573173
-0.00191474100574851
-0.001913876389153302
-0.001913063693791628
-0.001912294887006283
-0.001911562983877957
-0.001910860883072019
-0.001910181948915124
-0.001909520011395216
-0.001908869249746203
-0.001908224541693926
-0.001907581347040832
-0.001906935358420014
-0.001906282966956496
-0.001905620680190623
-0.001904945820569992
-0.00190425559412688
-0.001903548138216138
-0.001902821473777294
-0.001902073854580522
-0.001901303301565349
-0.001900508417747915
-0.001899687107652426
-0.00189883797429502
-0.001897958805784583
-0.001897047739475965
-0.001896102447062731
-0.001895120600238442
-0.001894100103527308
-0.001893038162961602
-0.001891931984573603
-0.00189077970571816
-0.001889578532427549
-0.001888326602056623
-0.001887022284790874
-0.001885664183646441
-0.001884251716546714
-0.001882784650661051
-0.001881263800896704
-0.001879690564237535
-0.001878066919744015
-0.001876396243460476
-0.001874682726338506
-0.001872931374236941
-0.001871148007921875
-0.001869339612312615
-0.001867513172328472
-0.001865676837041974
-0.001863838988356292
-0.001862008590251207
-0.001860194024629891
-0.001858404255472124
-0.001856647431850433
-0.00185493181925267
-0.001853264635428786
-0.001851652283221483
-0.001850100583396852
-0.001848613377660513
-0.001847193925641477
-0.001845843507908285
-0.001844562357291579
-0.001843349193222821
-0.001842201105318964
-0.001841113902628422
-0.001840082346461713
-0.001839099801145494
-0.001838158583268523
-0.001837250310927629
-0.00183636590372771
-0.001835495932027698
-0.001834630616940558
-0.001833760994486511
-0.001832877402193844
-0.001831971225328743
-0.001831034431234002
-0.001830059918574989
-0.001829041633754969
-0.001827974687330425
-0.001826855703257024
-0.001825682353228331
-0.001824453938752413
-0.001823171391151845
-0.001821836456656456
-0.001820452278479934
-0.001819023280404508
-0.001817554701119661
-0.00181605271063745
-0.001814524061046541
-0.001812976552173495
-0.001811417518183589
-0.001809854758903384
-0.0018082958413288
-0.001806748099625111
-0.00180521875154227
-0.001803713734261692
-0.001802238519303501
-0.001800797763280571
-0.00179939460940659
-0.001798031618818641
-0.001796710188500583
-0.001795430551283062
-0.001794191775843501
-0.001792991999536753
-0.001791828311979771
-0.001790696871466935
-0.001789593487046659
-0.001788513036444783
-0.00178744993172586
-0.001786398701369762
-0.001785353990271688
-0.001784309861250222
-0.001783261075615883
-0.001782202394679189
-0.00178112939465791
-0.001780038350261748
-0.00177892588544637
-0.001777789555490017
-0.001776627730578184
-0.00177543971221894
-0.001774225500412285
-0.001772985910065472
-0.001771722570993006
-0.001770437811501324
-0.001769134309142828
-0.001767815672792494
-0.0017664855113253
-0.001765147782862186
-0.001763806212693453
-0.001762464875355363
-0.001761127728968859
-0.001759798149578273
-0.00175847951322794
-0.001757174730300903
-0.001755885663442314
-0.001754614408127964
-0.001753361895680428
-0.001752128824591637
-0.001750914962030947
-0.001749719842337072
-0.001748542417772114
-0.001747381291352212
-0.001746234484016895
-0.001745099667459726
-0.001743974629789591
-0.001742856693454087
-0.001741743297316134
-0.001740631647408009
-0.001739518949761987
-0.001738402992486954
-0.001737281680107117
-0.001736152684316039
-0.001735014724545181
-0.001733866869471967
-0.001732708304189146
-0.001731538563035429
-0.001730357995256782
-0.001729167182929814
-0.001727966940961778
-0.001726758433505893
-0.00172554305754602
-0.001724322559311986
-0.001723098685033619
-0.001721873297356069
-0.001720648375339806
-0.001719425548799336
-0.001718206913210452
-0.001716993749141693
-0.001715787686407566
-0.001714589656330645
-0.001713400590233505
-0.001712221070192754
-0.001711051329039037
-0.001709891366772354
-0.001708740717731416
-0.001707598799839616
-0.001706464914605021
-0.001705338130705059
-0.001704216934740543
-0.001703100046142936
-0.001701985951513052
-0.001700873603112996
-0.001699761254712939
-0.001698647625744343
-0.00169753166846931
-0.001696412335149944
-0.001695288810878992
-0.001694160397164524
-0.001693027094006538
-0.001691888552159071
-0.001690745120868087
-0.001689597149379551
-0.001688445336185396
-0.001687290263362229
-0.001686132978647947
-0.001684974762611091
-0.001683816662989557
-0.001682659727521241
-0.001681505003944039
-0.001680353423580527
-0.001679205568507314
-0.001678062486462295
-0.00167692475952208
-0.001675792736932635
-0.001674666535109282
-0.001673546386882663
-0.001672432059422135
-0.00167132297065109
-0.001670218538492918
-0.00166911818087101
-0.001668021082878113
-0.001666926313191652
-0.001665833173319697
-0.001664740615524352
-0.001663647824898362
-0.001662554102949798
-0.00166145886760205
-0.001660361653193831
-0.001659262110479176
-0.001658160123042762
-0.001657055807299912
-0.001655949396081269
-0.001654841005802155
-0.001653731218539178
-0.001652620732784271
-0.001651509897783399
-0.001650399644859135
-0.001649290439672768
-0.00164818309713155
-0.001647078082896769
-0.001645975979045033
-0.001644877018406987
-0.001643781550228596
-0.001642689807340503
-0.001641601556912065
-0.001640516566112638
-0.001639434951357543
-0.001638356246985495
-0.001637280336581171
-0.001636206754483283
-0.001635134918615222
-0.001634064363315701
-0.001632994622923434
-0.001631925231777132
-0.001630855840630829
-0.00162978598382324
-0.001628715544939041
-0.001627644523978233
-0.001626572688110173
-0.001625500153750181
-0.001624427153728902
-0.001623353804461658
-0.001622280338779092
-0.001621207222342491
-0.001620134920813143
-0.001619063434191048
-0.001617993460968137
-0.001616925350390375
-0.001615859218873084
-0.001614795648492873
-0.001613734290003777
-0.001612675376236439
-0.001611618907190859
-0.001610564766451716
-0.001609513070434332
-0.00160846346989274
-0.001607415964826941
-0.001606369973160326
-0.001605325378477573
-0.001604281831532717
-0.001603239332325757
-0.001602197531610727
-0.001601155963726342
-0.0016001146286726
-0.001599073526449502
-0.001598032424226403
-0.001596991205587983
-0.001595949870534241
-0.001594908884726465
-0.001593868131749332
-0.001592827611602843
-0.001591787789948285
-0.001590748899616301
-0.001589711406268179
-0.001588675193488598
-0.001587640726938844
-0.001586607890203595
-0.001585576683282852
-0.001584547339007258
-0.00158351962454617
-0.001582493539899588
-0.001581468968652189
-0.001580446027219296
-0.00157942424993962
-0.001578403636813164
-0.001577384071424603
-0.001576365320943296
-0.001575347268953919
-0.001574330031871796
-0.001573313376866281
-0.001572297303937376
-0.001571281813085079
-0.001570267020724714
-0.001569252926856279
-0.001568239647895098
-0.001567227300256491
-0.001566215767525136
-0.001565205282531679
-0.001564195845276117
-0.001563187572173774
-0.001562180346809328
-0.001561174169182777
-0.001560169039294124
-0.00155916518997401
-0.001558162504807115
-0.001557160867378116
-0.001556160394102335
-0.001555160968564451
-0.001554162823595107
-0.001553165842778981
-0.001552170026116073
-0.001551175257191062
-0.001550181536003947
-0.001549188862554729
-0.001548197004012764
-0.001547206309624016
-0.001546216662973166
-0.001545227598398924
-0.001544239581562579
-0.001543252263218164
-0.001542265876196325
-0.001541280187666416
-0.00154029531404376
-0.001539311255328357
-0.001538327895104885
-0.001537345466203988
-0.001536363968625665
-0.001535383518785238
-0.001534404000267386
-0.001533425529487431
-0.001532448339276016
-0.001531472313217819
-0.001530497334897518
-0.001529523287899792
-0.001528550172224641
-0.001527578220702708
-0.001526607316918671
-0.001525637577287853
-0.001524668885394931
-0.001523701241239905
-0.001522734644822776
-0.001521768979728222
-0.001520804362371564
-0.001519840676337481
-0.001518878154456615
-0.001517916680313647
-0.001516956021077931
-0.001515996409580112
-0.001515037845820189
-0.00151408021338284
-0.001513123395852745
-0.00151216727681458
-0.001511212321929634
-0.001510258065536618
-0.001509304391220212
-0.001508351531811059
-0.001507399138063192
-0.001506447326391935
-0.001505496096797287
-0.001504545332863927
-0.001503595267422497
-0.001502645784057677
-0.001501697115600109
-0.001500749262049794
-0.001499802223406732
-0.001498856116086245
-0.001497910707257688
-0.001496966346167028
-0.001496023149229586
-0.001495081232860684
-0.001494140480645001
-0.001493200892582536
-0.001492262468673289
-0.00149132520891726
-0.001490389229729772
-0.001489454531110823
-0.001488520880229771
-0.001487588160671294
-0.001486656488850713
-0.00148572598118335
-0.001484796521253884
-0.001483868109062314
-0.001482940511777997
-0.001482013962231576
-0.00148108834400773
-0.001480163540691137
-0.001479239668697119
-0.001478316844440997
-0.001477394951507449
-0.001476473989896476
-0.001475553843192756
-0.001474634394980967
-0.001473715645261109
-0.001472797594033182
-0.001471880241297185
-0.001470963354222476
-0.001470047165639699
-0.00146913155913353
-0.001468216651119292
-0.001467302325181663
-0.001466388697735965
-0.001465475652366877
-0.001464563421905041
-0.001463651889935136
-0.001462741289287806
-0.00146183161996305
-0.001460922765545547
-0.001460014958865941
-0.001459107967093587
-0.00145820202305913
-0.001457296777516603
-0.001456392579711974
-0.001455489546060562
-0.001454587327316403
-0.001453686039894819
-0.00145278568379581
-0.001451886259019375
-0.001450987765565515
-0.001450090319849551
-0.001449193921871483
-0.001448298338800669
-0.001447403454221785
-0.001446509500965476
-0.001445616479031742
-0.00144472427200526
-0.001443833229131997
-0.001442943001165986
-0.001442053588107228
-0.001441165106371045
-0.001440277439542115
-0.001439390471205115
-0.001438504317775369
-0.001437618979252875
-0.001436734455637634
-0.001435850630514324
-0.001434967503882945
-0.001434085192158818
-0.001433203695341945
-0.001432322664186358
-0.001431442215107381
-0.001430562580935657
-0.001429683528840542
-0.001428805291652679
-0.00142792786937207
-0.001427051029168069
-0.001426174887456
-0.001425299560651183
-0.001424424932338297
-0.001423551002517343
-0.001422677887603641
-0.001421805704012513
-0.00142093445174396
-0.00142006401438266
-0.001419194508343935
-0.001418326050043106
-0.00141745840664953
-0.001416591694578528
-0.001415726030245423
-0.001414861180819571
-0.001413997262716293
-0.001413134392350912
-0.001412272336892784
-0.001411411096341908
-0.001410550787113607
-0.001409691292792559
-0.001408832496963441
-0.001407974516041577
-0.001407117466442287
-0.001406260998919606
-0.001405405229888856
-0.001404550392180681
-0.001403696252964437
-0.001402842812240124
-0.001401990186423063
-0.001401138491928577
-0.001400287379510701
-0.001399437082000077
-0.00139858725015074
-0.001397738116793334
-0.00139688968192786
-0.001396041712723672
-0.001395194325596094
-0.001394347636960447
-0.001393501763232052
-0.001392656704410911
-0.001391812460497022
-0.001390969031490386
-0.001390126417391002
-0.001389284618198872
-0.001388443866744637
-0.001387604046612978
-0.001386765157803893
-0.001385927200317383
-0.001385090290568769
-0.00138425431214273
-0.001383419148623943
-0.001382584683597088
-0.001381751149892807
-0.001380918198265135
-0.001380085945129395
-0.001379254274070263
-0.001378423301503062
-0.001377593027427793
-0.001376763568259776
-0.001375934574753046
-0.001375106163322926
-0.001374278333969414
-0.001373451086692512
-0.001372624421492219
-0.001371798105537891
-0.001370972371660173
-0.001370147336274385
-0.001369322999380529
-0.001368499593809247
-0.001367677003145218
-0.001366854994557798
-0.001366033800877631
-0.00136521365493536
-0.00136439420748502
-0.001363575691357255
-0.001362757990136743
-0.001361940754577518
-0.001361124566756189
-0.001360309193842113
-0.001359494519419968
-0.001358680543489754
-0.001357867149636149
-0.001357054570689797
-0.001356242573820055
-0.001355431275442243
-0.001354620791971684
-0.001353811006993055
-0.001353001687675714
-0.001352193299680948
-0.001351385843008757
-0.001350578968413174
-0.001349773025140166
-0.001348968013189733
-0.001348163699731231
-0.001347360434010625
-0.00134655786678195
-0.001345756114460528
-0.001344955177046359
-0.001344155170954764
-0.001343355746939778
-0.001342557137832046
-0.0013417589943856
-0.001340961782261729
-0.001340164802968502
-0.001339368289336562
-0.001338572357781231
-0.001337777124717832
-0.001336982357315719
-0.001336188055574894
-0.001335394568741322
-0.00133460178039968
-0.001333809574134648
-0.001333018066361547
-0.001332227373495698
-0.001331437262706459
-0.001330647966824472
-0.00132985960226506
-0.001329071703366935
-0.001328284619376063
-0.001327498117461801
-0.001326712314039469
-0.001325927209109068
-0.001325142569839954
-0.001324358861893415
-0.001323575736023486
-0.001322793308645487
-0.001322011812590063
-0.001321231131441891
-0.001320451032370329
-0.001319671748206019
-0.001318893162533641
-0.001318115158937871
-0.001317337737418711
-0.001316561014391482
-0.001315784989856184
-0.001315009430982172
-0.001314234803430736
-0.001313460757955909
-0.001312687178142369
-0.00131191429682076
-0.001311142230406404
-0.001310370629653335
-0.00130959996022284
-0.001308829756453633
-0.001308060484007001
-0.001307291910052299
-0.001306523918174207
-0.001305756391957402
-0.001304989564232528
-0.001304223551414907
-0.001303458237089217
-0.001302693621255457
-0.001301929703913629
-0.001301166601479053
-0.001300404313951731
-0.001299642492085695
-0.001298881485126913
-0.001298121176660061
-0.00129736156668514
-0.00129660265520215
-0.001295844209380448
-0.001295086345635355
-0.001294329413212836
-0.001293572946451604
-0.001292817178182304
-0.001292062108404934
-0.001291307504288852
-0.001290553365834057
-0.00128979969304055
-0.001289046718738973
-0.001288294326514006
-0.001287542632780969
-0.00128679140470922
-0.001286040875129402
-0.001285290927626193
-0.001284541678614914
-0.001283793128095567
-0.001283045159652829
-0.0012822977732867
-0.00128155096899718
-0.001280804863199592
-0.001280059455893934
-0.001279314630664885
-0.001278570387512445
-0.001277826842851937
-0.001277083996683359
-0.001276341849006712
-0.001275600399821997
-0.001274859649129212
-0.001274119480513036
-0.001273380126804113
-0.001272641471587121
-0.001271903514862061
-0.001271166373044252
-0.001270429929718375
-0.001269694184884429
-0.001268959138542414
