0
0
0
0
0
0
0
0
0
0
0
0
0
0
0
0
0
0
0
0
0
0
0
0
0
0
0
0
0
0
0
0
0
0
0
0
0
0
0
0
0
0
0
0
0
0
0
0
0
0
0
0
0
0
0
0
0
0
0
0
0
0
0
0
0
0
0
0
0
0
0
0
0
0
0
0
0
0
0
0
0
0
0
0
0
0
0
0
0
0
0
0
0
0
0
0
0
0
0
0
0
0
0
0
0
0
0
0
0
0
0
0
0
0
0
0
0
0
0
0
0
0
0
0
0
0
0
0
0
0
0
0
0
0
0
0
0
0
0
0
0
0
0
0
0
0
0
0
0
0
0
0
0
0
0
0
0
0
0
0
0
0
0
0
0
0
0
0
0
0
0
0
0
0
0
0
0
0
0
0
0
0
0
0
0
0
0
0
0
0
0
0
0
0
0
0
0
0
0
0
0
0
0
0
0
0
0
0
0
0
0
0
0
0
0
0
0
0
0
0
0
0
0
0
0
0
0
0
0
0
0
0
0
0
0
0
0
0
0
0
0
0
0
0
0
0
0
0
0
0
0
0
0
0
0
0
0
0
0
0
0
0
0
0
0
0
0
0
0
0
0
0
0
0
0
0
0
0
0
0
0
0
0
0
0
0
0
0
0
0
0
0
0
0
0
0
0
0
0
0
0
0
0
0
0
0
0
0
0
0
0
0
0
0
0
0
0
0
0
0
0
0
0
0
0
0
0
0
0
0
0
0
0
0
0
0
0
0
0
0
0
0
0
0
0
0
0
0
0
0
0
0
0
0
0
0
0
0
0
0
0
0
0
0
0
0
0
0
0
0
0
0
0
0
0
0
0
0
0
0
0
0
0
0
0
0
0
0
0
0
0
0
0
0
0
0
0
0
0
0
0
0
0
0
0
0
0
0
0
0
0
0
0
0
0
0
0
0
0
0
0
0
0
0
0
0
0
0
0
0
0
0
0
0
0
0
0
0
0
0
0
0
0
0
0
0
0
0
0
0
0
0
0
0
0
0
0
0
0
0
0
0
0
0
0
0
0
0
0
0
0
0
0
0
0
0
0
0
0
0
0
0
0
0
0
0
0
0
0
0
0
0
0
0
0
0
0
0
0
0
0
0
0
0
0
0
0
0
0
0
0
0
0
0
0
0
0
0
0
0
0
0
0
0
0
0
0
0
0
0
0
0
0
0
0
0
0
0
0
0
0
0
0
0
0
0
0
0
0
0
0
0
0
0
0
0
0
0
0
0
0
0
0
0
0
0
0
0
0
0
0
0
0
0
0
0
0
0
0
0
0
0
0
0
0
0
0
0
0
0
0
0
0
0
0
0
0
0
0
0
0
0
0
0
0
0
0
0
0
0
0
0
0
0
0
0
0
0
0
0
0
0
0
0
0
0
0
0
0
0
0
0
0
0
0
0
0
0
0
0
0
0
0
0
0
0
0
0
0
0
0
0
0
0
0
0
0
0
0
0
0
0
0
0
0
0
0
0
0
0
0
0
0
0
0
0
0
0
0
0
0
0
0
0
0
0
0
0
0
0
0
0
0
0
0
0
0
0
0
0
0
0
0
0
0
0
0
0
0
0
0
0
0
0
0
0
0
0
0
0
0
0
0
0
0
0
0
0
0
0
0
0
0
0
0
0
0
0
0
0
0
0
0
0
0
0
0
0
0
0
0
0
0
0
0
0
0
0
0
0
0
0
0
0
0
0
0
0
0
0
0
0
0
0
0
0
0
0
0
0
0
0
0
0
0
0
0
0
0
0
0
0
0
0
0
0
0
0
0
0
0
0
0
0
0
0
0
0
0
0
0
0
0
0
0
0
0
0
0
0
0
0
0
0
0
0
0
0
0
0
0
0
0
0
0
0
0
0
0
0
0
0
0
0
0
0
0
0
0
0
0
0
0
0
0
0
0
0
0
0
0
0
0
0
0
0
0
0
0
0
0
0
0
0
0
0
0
0
0
0
0
0
0
0
0
0
0
0
0
0
0
0
0
0
0
0
0
0
0
0
0
0
0
0
0
0
0
0
0
0
0
0
0
0
0
0
0
0
0
0
0
0
0
0
0
0
0
0
0
0
0
0
0
0
0
0
0
0
0
0
0
0
0
0
0
0
0
0
0
0
0
0
0
0
0
0
0
0
0
0
0
0
0
0
0
0
0
0
0
0
0
0
0
0
0
0
0
0
0
0
0
0
0
0
0
0
0
0
0
0
0
0
0
0
0
0
0
0
0
0
0
0
0
0
0
0
0
0
0
0
0
0
0
0
0
0
0
0
0
0
0
0
0
0
0
0
0
0
0
0
0
0
0
0
0
0
0
0
0
0
0
0
0
0
0
0
0
0
0
0
0
0
0
0
0
0
0
0
0
0
0
0
0
0
0
0
0
0
0
0
0
0
0
0
0
0
0
0
0
0
0
0
0
0
0
0
0
0
0
0
0
0
0
0
0
0
0
0
0
0
0
0
0
0
0
0
0
0
0
0
0
0
0
0
0
0
0
0
0
0
0
0
0
0
0
0
0
0
0
0
0
0
0
0
0
0
0
0
0
0
0
0
0
0
0
0
0
0
0
0
0
0
0
0
0
0
0
0
0
0
0
0
0
0
0
0
0
0
0
0
0
0
7.006492321624085e-45
2.802596928649634e-44
5.605193857299268e-44
1.121038771459854e-43
2.172012619703466e-43
4.344025239406933e-43
8.660024509527369e-43
1.717991917262226e-42
3.410760462166605e-42
6.766870284224542e-42
1.339080812508795e-41
2.643969942488065e-41
5.206244184505993e-41
1.022247229724954e-40
2.002105180904082e-40
3.910673689314483e-40
7.618691594718311e-40
1.480349914592773e-39
2.868847517445983e-39
5.545103376552091e-39
1.068990762988976e-38
2.055428511107342e-38
3.941819789761645e-38
7.539788962347267e-38
1.438439487758176e-37
2.737134990629007e-37
5.19487214300055e-37
9.833984382479283e-37
1.856787279141162e-36
3.496830949180037e-36
6.568540319883645e-36
1.23068432716806e-35
2.299905206906692e-35
4.287069223422154e-35
7.970766609705583e-35
1.478191033821238e-34
2.734346796806494e-34
5.045114306198753e-34
9.285055389702549e-34
1.704494910354141e-33
3.121090683040765e-33
5.700569037862299e-33
1.038562850604922e-32
1.887346546373402e-32
3.421184913382491e-32
6.185987299450852e-32
1.115708002842855e-31
2.007255815752265e-31
3.602194057515754e-31
6.448298393639105e-31
1.151431887421407e-30
2.050916779246891e-30
3.64397907308579e-30
6.458373602739777e-30
1.141803290942409e-29
2.013639201467061e-29
3.54238401157021e-29
6.216337924120156e-29
1.088177742709874e-28
1.900170511010435e-28
3.309894776480397e-28
5.751299148259147e-28
9.968940800238879e-28
1.723711922458443e-27
2.973131433081457e-27
5.115622377472321e-27
8.780493342760247e-27
1.50340710723592e-26
2.567867663052372e-26
4.375303303904425e-26
7.436767398329406e-26
1.260961493223931e-25
2.132858760145121e-25
3.598868745203633e-25
6.057795025393774e-25
1.017205470314804e-24
1.703920819830887e-24
2.84732894801624e-24
4.746508619107432e-24
7.89332801814515e-24
1.309472183976515e-23
2.167122075677161e-23
3.577851498814759e-23
5.892694405426159e-23
9.681862176999178e-23
1.586931161976191e-22
2.594849779117194e-22
4.232743879925559e-22
6.887920944799753e-22
1.118178753471026e-21
1.810889807953944e-21
2.925708746031649e-21
4.71551473799151e-21
7.582049777966857e-21
1.216197596184964e-20
1.946176489606699e-20
3.106858069006494e-20
4.947914927718048e-20
7.861131630913012e-20
1.245978020785563e-19
1.970147117470977e-19
3.107779599907666e-19
4.890637646307123e-19
7.677941110529722e-19
1.202509162608018e-18
1.878870037471829e-18
2.928666873149109e-18
4.554161149238289e-18
7.065000069832775e-18
1.093406211161382e-17
1.688172067208038e-17
2.600266078362084e-17
3.995626796638191e-17
6.125169203814723e-17
9.367367142187359e-17
1.429167589911149e-16
2.175279076129162e-16
3.30303382987791e-16
5.003537968879031e-16
7.561492236896701e-16
1.139997185633211e-15
1.714612160951911e-15
2.57272684025514e-15
3.851119150953455e-15
5.75102802768848e-15
8.567794165651767e-15
1.273377833298922e-14
1.888034406550762e-14
2.792715060942474e-14
4.121041954408856e-14
6.06667494018609e-14
8.909579074945634e-14
1.305347025132644e-13
1.907904444240632e-13
2.781944867611547e-13
4.046701125234864e-13
5.872375068854963e-13
8.501310549621777e-13
1.227768971559517e-12
1.76890858731571e-12
2.542443902978087e-12
3.645471945146195e-12
5.214488563165531e-12
7.440880377129755e-12
1.05923108825734e-11
1.50421480826779e-11
2.13098705348358e-11
3.011636079408575e-11
4.245939363989315e-11
5.971639155388786e-11
8.378392424290837e-11
1.172664604309759e-10
1.637313201685586e-10
2.280516192554316e-10
3.168667828123972e-10
4.391985664042863e-10
6.072735092566006e-10
8.376169202684025e-10
1.152504536250376e-09
1.581882846934946e-09
2.165902124318109e-09
2.9582465366218e-09
4.030502598340036e-09
5.477866160674694e-09
7.426585124648e-09
1.004362371048728e-08
1.354918488516432e-08
1.823288364732889e-08
2.447455749177152e-08
3.277096993770101e-08
4.376999385158342e-08
5.831416061141681e-08
7.749603270212901e-08
1.027283644816634e-07
1.358326358058548e-07
1.791505184201014e-07
2.356836716899124e-07
3.092684153216396e-07
4.047933828132955e-07
5.28469627170125e-07
6.881647891532339e-07
8.938145583670121e-07
1.157928522843577e-06
1.496208597018267e-06
1.928302481246646e-06
2.478718670317903e-06
3.177933422193746e-06
4.06372328143334e-06
5.182763288757997e-06
6.5925387389143e-06
8.363614142581355e-06
1.058232464856701e-05
1.33539515445591e-05
1.680643617874011e-05
2.109474007738754e-05
2.640588900248986e-05
3.296482100267895e-05
4.104110121261328e-05
5.095662709209137e-05
6.309434684226289e-05
7.790820382069796e-05
9.593417053110898e-05
0.0001178027159767225
0.0001442524808226153
0.0001761454186635092
0.0002144832833437249
0.0002604253822937608
0.0003153076104354113
0.0003806626773439348
0.0004582410911098123
0.0005500328843481839
0.0006582895293831825
0.000785545795224607
0.0009346408769488335
0.001108738128095865
0.001311342231929302
0.001546313753351569
0.001817880431190133
0.00213064206764102
0.002489568665623665
0.00289999321103096
0.003367593977600336
0.003898365423083305
0.004498581867665052
0.005174742080271244
0.005933505948632956
0.00678161159157753
0.007725781295448542
0.008772606961429119
0.009928424842655659
0.01119916699826717
0.01259021181613207
0.01410620752722025
0.01575089618563652
0.01752692647278309
0.01943566463887691
0.02147700637578964
0.02364920079708099
0.02594868279993534
0.02836992964148521
0.03090534172952175
0.03354515880346298
0.0362774170935154
0.03908796980977058
0.04196052998304367
0.04487680271267891
0.0478166937828064
0.05075852572917938
0.05367941036820412
0.05655558034777641
0.05936290696263313
0.062077347189188
0.06467551738023758
0.0671352818608284
0.06943632662296295
0.07156077027320862
0.07349371910095215
0.07522383332252502
0.07674373686313629
0.0780504122376442
0.07914550602436066
0.08003540337085724
0.08073131740093231
0.08124907314777374
0.08160880953073502
0.08183454722166061
0.08195356279611588
0.08199562132358551
0.08199210464954376
0.0819750651717186
0.08197616785764694
0.08202562481164932
0.08215116709470749
0.08237707614898682
0.0827232301235199
0.08320441842079163
0.08382973074913025
0.08460218459367752
0.08551862835884094
0.08656983822584152
0.08774086833000183
0.08901172131299973
0.09035816043615341
0.0917527973651886
0.09316623210906982
0.09456841647624969
0.09592999517917633
0.09722362458705902
0.09842526167631149
0.09951524436473846
0.1004792302846909
0.1013088226318359
0.1020019352436066
0.1025628596544266
0.1030019521713257
0.1033350452780724
0.1035825982689857
0.1037685349583626
0.1039189770817757
0.1040607839822769
0.1042201444506645
0.1044211164116859
0.1046843826770782
0.1050261706113815
0.1054573878645897
0.1059831753373146
0.1066026985645294
0.1073093563318253
0.1080912947654724
0.1089322566986084
0.1098126769065857
0.1107109785079956
0.1116049289703369
0.1124730482697487
0.1132959425449371
0.1140574887394905
0.1147457957267761
0.1153537929058075
0.1158796027302742
0.1163264736533165
0.1167024523019791
0.1170196756720543
0.1172934100031853
0.1175409257411957
0.1177802681922913
0.1180289462208748
0.1183027923107147
0.1186148673295975
0.1189746409654617
0.1193875074386597
0.1198545023798943
0.1203724220395088
0.1209342181682587
0.1215296909213066
0.1221463531255722
0.1227705031633377
0.1233882158994675
0.1239865124225616
0.1245542764663696
0.1250829994678497
0.1255673766136169
0.1260055154561996
0.1263990551233292
0.1267527788877487
0.1270740628242493
0.1273722797632217
0.1276578903198242
0.1279415488243103
0.1282332539558411
0.1285415440797806
0.1288728564977646
0.1292311251163483
0.1296176165342331
0.1300308555364609
0.1304670125246048
0.1309202760457993
0.1313835084438324
0.1318488717079163
0.13230861723423
0.1327556818723679
0.1331843435764313
0.1335905939340591
0.1339724659919739
0.1343299895524979
0.1346651911735535
0.1349816918373108
0.1352843940258026
0.1355789005756378
0.1358710080385208
0.1361661553382874
0.1364689320325851
0.1367826610803604
0.1371092945337296
0.1374491900205612
0.1378012597560883
0.138163149356842
0.1385315358638763
0.1389024406671524
0.1392717957496643
0.1396357119083405
0.1399909555912018
0.1403350681066513
0.140666738152504
0.1409857273101807
0.1412928551435471
0.1415898650884628
0.1418792009353638
0.1421636939048767
0.1424462497234344
0.1427295655012131
0.1430159062147141
0.1433068960905075
0.1436033248901367
0.1439052373170853
0.1442118883132935
0.144521951675415
0.1448336988687515
0.1451451182365417
0.1454542726278305
0.1457594037055969
0.14605912566185
0.1463525891304016
0.1466394811868668
0.1469200253486633
0.147194966673851
0.1474653631448746
0.1477325558662415
0.1479979306459427
0.1482627987861633
0.1485282331705093
0.1487950384616852
0.1490636020898819
0.1493339240550995
0.1496056914329529
0.1498782485723495
0.1501507759094238
0.1504223495721817
0.1506921052932739
0.1509592682123184
0.151223286986351
0.1514837890863419
0.1517407447099686
0.1519943326711655
0.1522449553012848
0.1524931788444519
0.1527395695447922
0.1529847234487534
0.1532292366027832
0.1534734517335892
0.1537176221609116
0.1539618074893951
0.1542058289051056
0.1544494032859802
0.1546921283006668
0.1549335271120071
0.1551731079816818
0.155410423874855
0.1556450426578522
0.155876636505127
0.1561049520969391
0.1563297808170319
0.1565509736537933
0.1567683666944504
0.1569818109273911
0.1571910232305527
0.1573955863714218
0.1575949341058731
0.1577882617712021
0.15797458589077
0.1581526696681976
0.1583209931850433
0.1584778130054474
0.158621147274971
0.1587487608194351
0.158858135342598
0.1589465588331223
0.1590110063552856
0.1590481251478195
0.1590543240308762
0.159025639295578
0.1589577943086624
0.1588460952043533
0.1586855202913284
0.1584706753492355
0.158195823431015
0.1578549742698669
0.1574418693780899
0.1569501012563705
0.1563731878995895
0.1557047218084335
0.1549385190010071
0.1540687382221222
0.1530900597572327
0.1519978642463684
0.1507884860038757
0.1494593620300293
0.1480091959238052
0.1464381963014603
0.1447482705116272
0.1429432034492493
0.1410287618637085
0.139012947678566
0.1369059532880783
0.1347202509641647
0.132470577955246
0.1301738321781158
0.1278489530086517
0.1255166828632355
0.1231992021203041
0.120919793844223
0.118702344596386
0.1165707930922508
0.1145485565066338
0.112657830119133
0.1109188795089722
0.1093493849039078
0.1079637780785561
0.1067725419998169
0.1057816818356514
0.1049922779202461
0.1044001206755638
0.103995606303215
0.1037637069821358
0.103684201836586
0.1037321165204048
0.1038784310221672
0.1040908321738243
0.1043348535895348
0.104575052857399
0.1047763079404831
0.1049052476882935
0.1049316450953484
0.104829765856266
0.1045795828104019
0.1041678339242935
0.1035887077450752
0.1028444170951843
0.101945199072361
0.100909061729908
0.09976106882095337
0.09853227436542511
0.09725826233625412
0.09597742557525635
0.09472901374101639
0.09355104714632034
0.09247826039791107
0.09154007583856583
0.09075891226530075
0.09014877676963806
0.08971428126096725
0.08945023268461227
0.08934174478054047
0.08936504274606705
0.08948872238397598
0.08967559039592743
0.0898849219083786
0.09007498621940613
0.09020574390888214
0.090241439640522
0.09015301614999771
0.08992012590169907
0.08953259885311127
0.0889911875128746
0.08830765634775162
0.08750398457050323
0.08661088347434998
0.08566561341285706
0.0847092941403389
0.08378385752439499
0.08292893320322037
0.08217880874872208
0.08155975490808487
0.08108796179294586
0.08076821267604828
0.08059343695640564
0.08054517209529877
0.08059500157833099
0.08070680499076843
0.08083965629339218
0.08095113188028336
0.08100083470344543
0.08095370233058929
0.08078291267156601
0.08047212660312653
0.08001680672168732
0.07942445576190948
0.07871381193399429
0.07791304588317871
0.07705704122781754
0.07618404179811478
0.07533196359872818
0.07453471422195435
0.07381881773471832
0.07320071756839752
0.07268503308296204
0.07226388156414032
0.07191743701696396
0.07161557674407959
0.07132053375244141
0.07099034637212753
0.07058261334896088
0.07005839794874191
0.06938564777374268
0.06854203343391418
0.06751667708158493
0.06631073355674744
0.06493677198886871
0.06341691315174103
0.06178002431988716
0.06005818396806717
0.05828288570046425
0.05648132041096687
0.05467323213815689
0.05286859348416328
0.05106645449995995
0.04925507679581642
0.04741331934928894
0.04551313444972038
0.04352298378944397
0.04141165688633919
0.03915217891335487
0.03672529384493828
0.03412216529250145
0.03134595602750778
0.02841216139495373
0.02534758485853672
0.02218812331557274
0.0189756415784359
0.01575424335896969
0.01256644073873758
0.009449641220271587
0.006433358881622553
0.003537468146532774
0.0007716940017417073
-0.001863644924014807
-0.004375760443508625
-0.006776660215109587
-0.009079930372536182
-0.01129747834056616
-0.01343667507171631
-0.0154982777312398
-0.0174754336476326
-0.01935389637947083
-0.02111343294382095
-0.02273025922477245
-0.02418017201125622
-0.0254419818520546
-0.02650078386068344
-0.0273506436496973
-0.02799632214009762
-0.02845384180545807
-0.02874976210296154
-0.0289192833006382
-0.02900341711938381
-0.02904554642736912
-0.0290878489613533
-0.02916798740625381
-0.02931649051606655
-0.02955509722232819
-0.02989623881876469
-0.03034364432096481
-0.03089392744004726
-0.03153884410858154
-0.03226786851882935
-0.03307067230343819
-0.03393914178013802
-0.03486862033605576
-0.03585823997855186
-0.0369102880358696
-0.03802876546978951
-0.03921743854880333
-0.04047759622335434
-0.04180603101849556
-0.04319356754422188
-0.04462436214089394
-0.04607618600130081
-0.04752166569232941
-0.04893039166927338
-0.05027157813310623
-0.05151695385575294
-0.05264351889491081
-0.05363570526242256
-0.05448681488633156
-0.05519939586520195
-0.05578464269638062
-0.05626088008284569
-0.05665137618780136
-0.05698179081082344
-0.05727766826748848
-0.05756219476461411
-0.05785461887717247
-0.05816939100623131
-0.05851611122488976
-0.05890017375349998
-0.05932388454675674
-0.059787817299366
-0.06029214709997177
-0.06083761155605316
-0.06142602488398552
-0.06206020712852478
-0.06274332851171494
-0.06347788125276566
-0.0642644539475441
-0.0651005357503891
-0.06597970426082611
-0.06689122319221497
-0.06782032549381256
-0.06874916702508926
-0.06965828686952591
-0.07052842527627945
-0.07134245336055756
-0.0720871239900589
-0.0727543905377388
-0.07334215939044952
-0.07385431230068207
-0.07430007308721542
-0.07469277083873749
-0.07504823058843613
-0.07538305968046188
-0.07571297138929367
-0.07605147361755371
-0.07640903443098068
-0.07679266482591629
-0.07720615714788437
-0.07765056192874908
-0.0781249925494194
-0.07862745225429535
-0.07915548980236053
-0.07970671355724335
-0.08027894049882889
-0.08087003231048584
-0.08147756010293961
-0.08209837228059769
-0.08272814750671387
-0.08336120098829269
-0.08399052172899246
-0.08460811525583267
-0.08520566672086716
-0.08577537536621094
-0.08631091564893723
-0.08680818229913712
-0.08726599812507629
-0.08768631517887115
-0.08807415515184402
-0.08843701332807541
-0.08878413587808609
-0.08912543207406998
-0.08947046846151352
-0.08982744812965393
-0.09020252525806427
-0.09059937298297882
-0.09101909399032593
-0.09146048128604889
-0.09192051738500595
-0.09239497780799866
-0.09287911653518677
-0.09336822479963303
-0.09385807812213898
-0.09434512257575989
-0.09482654929161072
-0.09530020505189896
-0.09576435387134552
-0.0962175652384758
-0.09665854275226593
-0.097086101770401
-0.0974993035197258
-0.09789757430553436
-0.09828099608421326
-0.09865044057369232
-0.09900772571563721
-0.0993555560708046
-0.09969740360975266
-0.1000371426343918
-0.1003786697983742
-0.1007254496216774
-0.1010800451040268
-0.1014438048005104
-0.1018166840076447
-0.1021971926093102
-0.1025826409459114
-0.1029694154858589
-0.1033533737063408
-0.1037302985787392
-0.1040962785482407
-0.1044480055570602
-0.1047828644514084
-0.1050990670919418
-0.1053954809904099
-0.1056714430451393
-0.105926513671875
-0.1061602681875229
-0.1063720807433128
-0.1065610125660896
-0.1067257300019264
-0.1068644821643829
-0.1069751679897308
-0.1070553585886955
-0.1071023121476173
-0.1071129739284515
-0.1070839762687683
-0.1070115491747856
-0.1068914756178856
-0.106719046831131
-0.1064890474081039
-0.1061958596110344
-0.1058336198329926
-0.1053963229060173
-0.1048781648278236
-0.104273721575737
-0.1035782024264336
-0.1027876734733582
-0.1018991768360138
-0.1009108275175095
-0.0998217985033989
-0.0986323282122612
-0.09734367579221725
-0.09595807641744614
-0.09447874128818512
-0.09290984272956848
-0.09125659614801407
-0.08952532708644867
-0.08772357553243637
-0.08586017042398453
-0.08394528925418854
-0.08199049532413483
-0.08000868558883667
-0.07801397889852524
-0.07602153718471527
-0.07404737919569016
-0.07210806757211685
-0.07022044807672501
-0.06840129196643829
-0.06666700541973114
-0.06503325700759888
-0.06351456791162491
-0.06212399899959564
-0.06087275594472885
-0.05976981297135353
-0.05882157385349274
-0.05803153663873672
-0.05740007013082504
-0.05692417919635773
-0.05659745261073112
-0.05641007050871849
-0.05634893849492073
-0.05639795586466789
-0.05653838068246841
-0.05674930289387703
-0.05700822174549103
-0.0572916567325592
-0.05757584795355797
-0.05783742666244507
-0.05805414915084839
-0.05820555984973907
-0.05827367305755615
-0.05824355408549309
-0.05810384079813957
-0.05784717574715614
-0.05747050046920776
-0.05697522312402725
-0.05636721849441528
-0.05565664172172546
-0.05485763400793076
-0.0539877712726593
-0.05306746810674667
-0.05211913213133812
-0.05116631835699081
-0.05023275315761566
-0.04934133589267731
-0.04851322248578072
-0.04776687547564507
-0.04711729288101196
-0.04657533019781113
-0.04614722728729248
-0.04583429545164108
-0.04563288763165474
-0.04553452879190445
-0.04552631080150604
-0.04559149965643883
-0.04571031406521797
-0.045860905200243
-0.04602041095495224
-0.04616609588265419
-0.04627648368477821
-0.04633244499564171
-0.0463181845843792
-0.04622199758887291
-0.04603689908981323
-0.04576092585921288
-0.04539719969034195
-0.04495370760560036
-0.04444282129406929
-0.04388054460287094
-0.04328557476401329
-0.04267822206020355
-0.04207921400666237
-0.0415085032582283
-0.04098412394523621
-0.04052113741636276
-0.04013078659772873
-0.0398198664188385
-0.03959039598703384
-0.03943955898284912
-0.0393599346280098
-0.0393400602042675
-0.03936518356204033
-0.03941826522350311
-0.03948110714554787
-0.03953553736209869
-0.0395645797252655
-0.03955353423953056
-0.03949091210961342
-0.03936909884214401
-0.0391848124563694
-0.0389392077922821
-0.03863769769668579
-0.03828948363661766
-0.03790682181715965
-0.03750411048531532
-0.03709682449698448
-0.03670041263103485
-0.03632917627692223
-0.03599527850747108
-0.03570794686675072
-0.03547286242246628
-0.03529183939099312
-0.0351627804338932
-0.03507997095584869
-0.03503457456827164
-0.03501540422439575
-0.03500980883836746
-0.03500470146536827
-0.03498755022883415
-0.03494732454419136
-0.03487532585859299
-0.03476575762033463
-0.03461610898375511
-0.0344272293150425
-0.03420316055417061
-0.03395071253180504
-0.03367879241704941
-0.03339765965938568
-0.03311799839138985
-0.03285005688667297
-0.03260280936956406
-0.0323832631111145
-0.03219594806432724
-0.03204261139035225
-0.03192219138145447
-0.03183099627494812
-0.03176313266158104
-0.03171106427907944
-0.0316663384437561
-0.03162036091089249
-0.0315651148557663
-0.03149386122822762
-0.03140166774392128
-0.03128576278686523
-0.03114569745957851
-0.03098329529166222
-0.03080238401889801
-0.03060836344957352
-0.03040765225887299
-0.03020705841481686
-0.03001314774155617
-0.02983164414763451
-0.02966694720089436
-0.02952177263796329
-0.02939698472619057
-0.02929159812629223
-0.02920294553041458
-0.02912701852619648
-0.02905889786779881
-0.02899326384067535
-0.02892492339015007
-0.02884929999709129
-0.02876285277307034
-0.02866335399448872
-0.0285500418394804
-0.02842362225055695
-0.02828613296151161
-0.02814066037535667
-0.02799099683761597
-0.02784122340381145
-0.02769528329372406
-0.02755659073591232
-0.02742772735655308
-0.0273102130740881
-0.02720442041754723
-0.02710958570241928
-0.02702395245432854
-0.02694500796496868
-0.02686977386474609
-0.02679514326155186
-0.02671820111572742
-0.02663652412593365
-0.02654839679598808
-0.02645296044647694
-0.02635024674236774
-0.0262411218136549
-0.02612715028226376
-0.02601037733256817
-0.02589309774339199
-0.02577758207917213
-0.02566583827137947
-0.02555941790342331
-0.02545926533639431
-0.02536565251648426
-0.02527819573879242
-0.02519593015313148
-0.02511745877563953
-0.0250411257147789
-0.02496520802378654
-0.02488812431693077
-0.02480858936905861
-0.02472574263811111
-0.02463920973241329
-0.02454912476241589
-0.02445606701076031
-0.02436098270118237
-0.02426503598690033
-0.02416947297751904
-0.02407547645270824
-0.02398402988910675
-0.02389581128954887
-0.02381114475429058
-0.02372998744249344
-0.02365195006132126
-0.02357637695968151
-0.02350242622196674
-0.02342918701469898
-0.02335579134523869
-0.02328151278197765
-0.02320583537220955
-0.02312850207090378
-0.02304953150451183
-0.02296918630599976
-0.0228879339993
-0.02280636504292488
-0.02272512204945087
-0.02264481224119663
-0.02256594225764275
-0.02248886041343212
-0.02241373062133789
-0.02234051749110222
-0.02226900868117809
-0.02219886146485806
-0.02212963812053204
-0.02206088416278362
-0.0219921637326479
-0.02192313224077225
-0.02185355685651302
-0.02178334444761276
-0.0217125341296196
-0.02164128981530666
-0.0215698666870594
-0.02149857021868229
-0.02142771519720554
-0.02135758101940155
-0.02128838934004307
-0.02122026495635509
-0.02115324512124062
-0.02108726650476456
-0.02102218940854073
-0.02095781825482845
-0.02089393138885498
-0.020830312743783
-0.02076677046716213
-0.02070316858589649
-0.0206394400447607
-0.02057557739317417
-0.02051164396107197
-0.02044774778187275
-0.02038402855396271
-0.02032063901424408
-0.02025771513581276
-0.0201953649520874
-0.02013365551829338
-0.02007261104881763
-0.02001220919191837
-0.01995238475501537
-0.01989304646849632
-0.01983408816158772
-0.01977540925145149
-0.01971692405641079
-0.01965856552124023
-0.01960030011832714
-0.01954212412238121
-0.01948406547307968
-0.01942617073655128
-0.01936850696802139
-0.01931114122271538
-0.01925413496792316
-0.01919753476977348
-0.01914136670529842
-0.01908563636243343
-0.01903032697737217
-0.01897540502250195
-0.01892082951962948
-0.01886655017733574
-0.01881252229213715
-0.01875870861113071
-0.01870507933199406
-0.01865162514150143
-0.01859834790229797
-0.01854526624083519
-0.01849239878356457
-0.01843977719545364
-0.01838743314146996
-0.01833538338541985
-0.01828364282846451
-0.01823222078382969
-0.01818111911416054
-0.01813032291829586
-0.01807981543242931
-0.01802957430481911
-0.01797958090901375
-0.01792981289327145
-0.01788025349378586
-0.01783089525997639
-0.01778173819184303
-0.01773278042674065
-0.01768403314054012
-0.01763550378382206
-0.0175872091203928
-0.01753916032612324
-0.01749136298894882
-0.0174438189715147
-0.01739653013646603
-0.0173494927585125
-0.01730269752442837
-0.01725613698363304
-0.01720979809761047
-0.01716367155313492
-0.01711775362491608
-0.0170720349997282
-0.01702651008963585
-0.01698118261992931
-0.01693605445325375
-0.01689112931489944
-0.01684641279280186
-0.01680190674960613
-0.01675761863589287
-0.01671354286372662
-0.01666968315839767
-0.01662603765726089
-0.01658259890973568
-0.01653936505317688
-0.01649633049964905
-0.01645348593592644
-0.0164108294993639
-0.01636835932731628
-0.01632607355713844
-0.01628397218883038
-0.01624205522239208
-0.01620032638311386
-0.01615878194570541
-0.01611742563545704
-0.01607625745236874
-0.01603527925908566
-0.01599448919296265
-0.01595388352870941
-0.0159134641289711
-0.01587322354316711
-0.01583316177129745
-0.01579327881336212
-0.01575357094407082
-0.01571403816342354
-0.01567467674612999
-0.01563548482954502
-0.01559646241366863
-0.01555760856717825
-0.01551892422139645
-0.01548040751367807
-0.01544205844402313
-0.01540387328714132
-0.0153658539056778
-0.01532799936830997
-0.01529030967503786
-0.01525278110057116
-0.01521541364490986
-0.01517820544540882
-0.01514115277677774
-0.0151042565703392
-0.0150675168260932
-0.01503093261271715
-0.01499450206756592
-0.0149582251906395
-0.01492210011929274
-0.01488612778484821
-0.01485030725598335
-0.01481463853269815
-0.01477911975234747
-0.01474374998360872
-0.01470853202044964
-0.01467346120625734
-0.01463853567838669
-0.01460375543683767
-0.01456911861896515
-0.01453462336212397
-0.01450026780366898
-0.01446605380624533
-0.01443197950720787
-0.01439804397523403
-0.01436424721032381
-0.01433058641850948
-0.0142970634624362
-0.01426367554813623
-0.01423042267560959
-0.01419730391353369
-0.01416431926190853
-0.01413146685808897
-0.01409874763339758
-0.01406616065651178
-0.01403370313346386
-0.01400137692689896
-0.0139691811054945
-0.01393711101263762
-0.01390516944229603
-0.01387335546314716
-0.01384166814386845
-0.01381010748445988
-0.01377867255359888
-0.01374736055731773
-0.01371617335826159
-0.01368510909378529
-0.01365416683256626
-0.01362334471195936
-0.01359264180064201
-0.01356205809861422
-0.01353159267455339
-0.0135012436658144
-0.01347101107239723
-0.01344089303165674
-0.01341088954359293
-0.01338099874556065
-0.01335122063755989
-0.01332155428826809
-0.01329199783504009
-0.01326254941523075
-0.01323320902884007
-0.01320397295057774
-0.01317484211176634
-0.01314581464976072
-0.01311688777059317
-0.01308806147426367
-0.01305933110415936
-0.01303069479763508
-0.01300214882940054
-0.01297368854284286
-0.01294530648738146
-0.0129169998690486
-0.01288876123726368
-0.01286058500409126
-0.01283246278762817
-0.01280438806861639
-0.01277635153383017
-0.01274834480136633
-0.01272035762667656
-0.01269237790256739
-0.01266439165920019
-0.01263638399541378
-0.01260833814740181
-0.01258023642003536
-0.01255205739289522
-0.01252377592027187
-0.01249536965042353
-0.01246680878102779
-0.01243806164711714
-0.01240909937769175
-0.01237988658249378
-0.01235038693994284
-0.01232055760920048
-0.0122903548181057
-0.01225973293185234
-0.01222864352166653
-0.0121970335021615
-0.01216484978795052
-0.01213203556835651
-0.01209853403270245
-0.01206428464502096
-0.01202922873198986
-0.01199330482631922
-0.01195644959807396
-0.01191860344260931
-0.01187970489263535
-0.01183969620615244
-0.01179851964116096
-0.01175612676888704
-0.01171246822923422
-0.01166750304400921
-0.01162119768559933
-0.01157352607697248
-0.01152447145432234
-0.01147402729839087
-0.01142219919711351
-0.01136900577694178
-0.01131447963416576
-0.01125866826623678
-0.01120163034647703
-0.01114344503730536
-0.01108420360833406
-0.01102401688694954
-0.01096300687640905
-0.0109013170003891
-0.01083910185843706
-0.01077653095126152
-0.01071378774940968
-0.01065106596797705
-0.01058856956660748
-0.01052650902420282
-0.01046509761363268
-0.01040455047041178
-0.01034508179873228
-0.01028689835220575
-0.01023019663989544
-0.01017516106367111
-0.01012196112424135
-0.0100707458332181
-0.01002163998782635
-0.009974741376936436
-0.009930118918418884
-0.009887810796499252
-0.009847823530435562
-0.009810121729969978
-0.009774642065167427
-0.009741281159222126
-0.009709903970360756
-0.009680340997874737
-0.00965239480137825
-0.009625840000808239
-0.009600427001714706
-0.009575889445841312
-0.009551949799060822
-0.009528322145342827
-0.009504723362624645
-0.009480875916779041
-0.009456516243517399
-0.00943139661103487
-0.00940530002117157
-0.009378035552799702
-0.009349453262984753
-0.009319440461695194
-0.009287931956350803
-0.00925490353256464
-0.009220379404723644
-0.009184431284666061
-0.009147170931100845
-0.009108754806220531
-0.009069371037185192
-0.009029245004057884
-0.008988618850708008
-0.008947756141424179
-0.008906926028430462
-0.008866396732628345
-0.008826429955661297
-0.008787267841398716
-0.008749129250645638
-0.008712197653949261
-0.008676620200276375
-0.008642501197755337
-0.008609897457063198
-0.00857881736010313
-0.008549220860004425
-0.008521022275090218
-0.008494093082845211
-0.008468265645205975
-0.008443339727818966
-0.008419093675911427
-0.008395285345613956
-0.008371667936444283
-0.008348001167178154
-0.008324052207171917
-0.008299614302814007
-0.008274508640170097
-0.008248589932918549
-0.008221754804253578
-0.008193944580852985
-0.008165149018168449
-0.008135400712490082
-0.00810477789491415
-0.008073397912085056
-0.008041411638259888
-0.008008996024727821
-0.007976346649229527
-0.007943667471408844
-0.007911165244877338
-0.007879037410020828
-0.00784746278077364
-0.007816593162715435
-0.007786551956087351
-0.007757422979921103
-0.007729250937700272
-0.00770203722640872
-0.007675745524466038
-0.007650299929082394
-0.007625591941177845
-0.007601483725011349
-0.007577819749712944
-0.0075544323772192
-0.007531149312853813
-0.007507804781198502
-0.007484246045351028
-0.007460339926183224
-0.007435983046889305
-0.007411101832985878
-0.007385657634586096
-0.007359647192060947
-0.007333100307732821
-0.007306081242859364
-0.007278678938746452
-0.00725100701674819
-0.007223191671073437
-0.007195368409156799
-0.007167672272771597
-0.007140230853110552
-0.007113156840205193
-0.007086543831974268
-0.007060459349304438
-0.007034944370388985
-0.007010010071098804
-0.006985638290643692
-0.006961784325540066
-0.006938380654901266
-0.006915341597050428
-0.006892566569149494
-0.006869950331747532
-0.006847386714071035
-0.006824776064604521
-0.006802028510719538
-0.006779072806239128
-0.006755857262760401
-0.006732352543622255
-0.006708555854856968
-0.006684483028948307
-0.006660172715783119
-0.006635681260377169
-0.006611078511923552
-0.006586442701518536
-0.006561853922903538
-0.006537391804158688
-0.006513128988444805
-0.00648912601172924
-0.006465428043156862
-0.006442064419388771
-0.006419044453650713
-0.006396359764039516
-0.006373985204845667
-0.006351881194859743
-0.006329995114356279
-0.006308268755674362
-0.006286639254540205
-0.006265046074986458
-0.006243433337658644
-0.006221754010766745
-0.006199972238391638
-0.00617806613445282
-0.006156028714030981
-0.006133866496384144
-0.006111598573625088
-0.006089257076382637
-0.006066881120204926
-0.006044515408575535
-0.006022205110639334
-0.005999996326863766
-0.005977928638458252
-0.005956035573035479
-0.005934340413659811
-0.005912855733186007
-0.005891584791243076
-0.005870521068572998
-0.005849647801369429
-0.005828941706568003
-0.005808375775814056
-0.005787919741123915
-0.005767544731497765
-0.005747224204242229
-0.005726938135921955
-0.005706673488020897
-0.005686426069587469
-0.005666200071573257
-0.005646009929478168
-0.005625877063721418
-0.005605831276625395
-0.005585908424109221
-0.005566148087382317
-0.005546593107283115
-0.005527287721633911
-0.005508274771273136
-0.005489595700055361
-0.005471289157867432
-0.005453391466289759
-0.005435937084257603
-0.005418957211077213
-0.005402482580393553
-0.005386545322835445
-0.005371179897338152
-0.005356424488127232
-0.005342321470379829
-0.005328919738531113
-0.00531627656891942
-0.005304456688463688
-0.005293531809002161
-0.005283581092953682
-0.005274691618978977
-0.005266954656690359
-0.005260465200990438
-0.005255318712443113
-0.005251612979918718
-0.005249441601336002
-0.005248893518000841
-0.005250053014606237
-0.005252993665635586
-0.005257781129330397
-0.005264468025416136
-0.005273095332086086
-0.005283691454678774
-0.005296266637742519
-0.005310815759003162
-0.005327317863702774
-0.005345731973648071
-0.005365998018532991
-0.005388037301599979
-0.005411749240010977
-0.005437010433524847
-0.005463675130158663
-0.005491576623171568
-0.005520523060113192
-0.005550301633775234
-0.005580677185207605
-0.005611395463347435
-0.005642184056341648
-0.005672756116837263
-0.005702812224626541
-0.005732049234211445
-0.005760160740464926
-0.005786844063550234
-0.005811805836856365
-0.005834771785885096
-0.00585548859089613
-0.005873731337487698
-0.005889310967177153
-0.005902079399675131
-0.005911934189498425
-0.005918822251260281
-0.005922744981944561
-0.005923757329583168
-0.005921970587223768
-0.005917553324252367
-0.005910725332796574
-0.005901757627725601
-0.005890966393053532
-0.005878705997020006
-0.005865363404154778
-0.005851347465068102
-0.005837079603224993
-0.005822983104735613
-0.005809472873806953
-0.005796943325549364
-0.005785757675766945
-0.005776236765086651
-0.005768648814409971
-0.005763201043009758
-0.005760034546256065
-0.005759216379374266
-0.0057607376947999
-0.00576451513916254
-0.005770388524979353
-0.005778129678219557
-0.005787445697933435
-0.005797990597784519
-0.005809375084936619
-0.005821180995553732
-0.00583297573029995
-0.005844328086823225
-0.005854823160916567
-0.005864078644663095
-0.005871760193258524
-0.005877592135220766
-0.005881370976567268
-0.005882974248379469
-0.005882363300770521
-0.005879586096853018
-0.005874777212738991
-0.00586814945563674
-0.00585998734459281
-0.005850634071975946
-0.005840477999299765
-0.005829934496432543
-0.005819427780807018
-0.00580937322229147
-0.005800157785415649
-0.005792122334241867
-0.005785547662526369
-0.005780640989542007
-0.005777525715529919
-0.005776239093393087
-0.005776726640760899
-0.005778849590569735
-0.00578239094465971
-0.005787066649645567
-0.005792541895061731
-0.005798445083200932
-0.005804389715194702
-0.005809995345771313
-0.005814907141029835
-0.005818812176585197
-0.005821458529680967
-0.005822665989398956
-0.00582233676686883
-0.005820459686219692
-0.005817110184580088
-0.005812446121126413
-0.005806696601212025
-0.005800150334835052
-0.005793137941509485
-0.005786013323813677
-0.005779134575277567
-0.005772842094302177
-0.00576744182035327
-0.005763188004493713
-0.005760267842561007
-0.005758795421570539
-0.005758804734796286
-0.0057602534070611
-0.005763024091720581
-0.005766937974840403
-0.005771765019744635
-0.005777244456112385
-0.005783101543784142
-0.005789067130535841
-0.005794897209852934
-0.005800390616059303
-0.005805402062833309
-0.005809854250401258
-0.005813741125166416
-0.005817129742354155
-0.005820158869028091
-0.005823025014251471
-0.005825976375490427
-0.005829292349517345
-0.005833268631249666
-0.005838197190314531
-0.005844348575919867
-0.005851955153048038
-0.00586119806393981
-0.005872199311852455
-0.005885011982172728
-0.005899622570723295
-0.00591595470905304
-0.005933874752372503
-0.005953206215053797
-0.005973742343485355
-0.005995260551571846
-0.006017541047185659
-0.006040379870682955
-0.00606360100209713
-0.006087068933993578
-0.006110690999776125
-0.006134421098977327
-0.006158257368952036
-0.006182236131280661
-0.006206421181559563
-0.006230891682207584
-0.006255730055272579
-0.006281005684286356
-0.006306763272732496
-0.006333012599498034
-0.00635971873998642
-0.006386798340827227
-0.006414118222892284
-0.006441499572247267
-0.006468722596764565
-0.006495540495961905
-0.006521689705550671
-0.00654690433293581
-0.006570931058377028
-0.006593539379537106
-0.006614537909626961
-0.006633780431002378
-0.006651172414422035
-0.006666672881692648
-0.006680293940007687
-0.00669209798797965
-0.006702186539769173
-0.006710695568472147
-0.006717780139297247
-0.006723608821630478
-0.006728352978825569
-0.006732175592333078
-0.006735229399055243
-0.006737648509442806
-0.006739551667124033
-0.00674104131758213
-0.006742206402122974
-0.006743128877133131
-0.006743887439370155
-0.006744563113898039
-0.006745247635990381
-0.006746041588485241
-0.006747059989720583
-0.006748429499566555
-0.006750287022441626
-0.006752772722393274
-0.006756025832146406
-0.006760174874216318
-0.006765330210328102
-0.006771575659513474
-0.006778961513191462
-0.006787499878555536
-0.006797158624976873
-0.00680786557495594
-0.006819505244493484
-0.006831928621977568
-0.006844955496490002
-0.006858383771032095
-0.006872001569718122
-0.006885594222694635
-0.006898954510688782
-0.006911893840879202
-0.006924242712557316
-0.006935862824320793
-0.006946647074073553
-0.006956522818654776
-0.006965448148548603
-0.006973412819206715
-0.006980433594435453
-0.006986550055444241
-0.006991822272539139
-0.006996323354542255
-0.007000138983130455
-0.007003363221883774
-0.007006094790995121
-0.007008438464254141
-0.007010499946773052
-0.007012388668954372
-0.007014213595539331
-0.007016086019575596
-0.007018114905804396
-0.007020405493676662
-0.007023057900369167
-0.007026162464171648
-0.007029797416180372
-0.007034024689346552
-0.007038885727524757
-0.007044400554150343
-0.007050562184303999
-0.007057338953018188
-0.007064672652631998
-0.007072481326758862
-0.007080661598592997
-0.007089092396199703
-0.00709764426574111
-0.007106182165443897
-0.007114571984857321
-0.007122690323740244
-0.007130424957722425
-0.007137684617191553
-0.007144399452954531
-0.007150525692850351
-0.007156046107411385
-0.007160968612879515
-0.007165324874222279
-0.007169167976826429
-0.0071725700981915
-0.007175613660365343
-0.007178392726927996
-0.007181003224104643
-0.007183542940765619
-0.007186105009168386
-0.007188774645328522
-0.007191627752035856
-0.007194729056209326
-0.007198127917945385
-0.007201859727501869
-0.007205944508314133
-0.007210385985672474
-0.007215174380689859
-0.0072202836163342
-0.007225677371025085
-0.007231306750327349
-0.007237114943563938
-0.007243036758154631
-0.00724900234490633
-0.007254940457642078
-0.007260782644152641
-0.007266463246196508
-0.007271924521774054
-0.007277121301740408
-0.007282017730176449
-0.007286591921001673
-0.007290839683264494
-0.007294769398868084
-0.007298403419554234
-0.007301777601242065
-0.007304938975721598
-0.007307940628379583
-0.007310843095183372
-0.00731370598077774
-0.007316587958484888
-0.007319541648030281
-0.007322614081203938
-0.007325839251279831
-0.007329239509999752
-0.007332824170589447
-0.00733658904209733
-0.007340517826378345
-0.007344583515077829
-0.007348747923970222
-0.007352966349571943
-0.00735718896612525
-0.007361362688243389
-0.007365434430539608
-0.007369352970272303
-0.007373069413006306
-0.007376542780548334
-0.007379737216979265
-0.007382623851299286
-0.007385180797427893
-0.007387393154203892
-0.007389252539724112
-0.007390753831714392
-0.00739189749583602
-0.00739268446341157
-0.007393116597086191
-0.00739319296553731
-0.007392911240458488
-0.007392263039946556
-0.007391233928501606
-0.007389799226075411
-0.007387928664684296
-0.007385582663118839
-0.0073827113956213
-0.007379257585853338
-0.007375155109912157
-0.007370332255959511
-0.007364714052528143
-0.007358219008892775
-0.007350767496973276
-0.007342279888689518
-0.007332678884267807
-0.007321893237531185
-0.007309857755899429
-0.007296514697372913
-0.007281816564500332
-0.007265725638717413
-0.00724821537733078
-0.007229270413517952
-0.007208884693682194
-0.007187064737081528
-0.007163827773183584
-0.007139201276004314
-0.007113222498446703
-0.007085938937962055
-0.007057407405227423
-0.00702769635245204
-0.006996882613748312
-0.006965055130422115
-0.006932312622666359
-0.006898765917867422
-0.006864536553621292
-0.006829759106040001
-0.006794578395783901
-0.00675915228202939
-0.006723647005856037
-0.006688240449875593
-0.006653117947280407
-0.006618470884859562
-0.006584495771676302
-0.006551390513777733
-0.006519350223243237
-0.006488566286861897
-0.006459219846874475
-0.006431479938328266
-0.00640550022944808
-0.0063814134337008
-0.006359328515827656
-0.006339328829199076
-0.0063214679248631
-0.006305767223238945
-0.006292215082794428
-0.00628076633438468
-0.006271340884268284
-0.006263826508074999
-0.006258076056838036
-0.006253915373235941
-0.006251141428947449
-0.006249529775232077
-0.006248836405575275
-0.006248801480978727
-0.00624915910884738
-0.006249639205634594
-0.006249973550438881
-0.006249903701245785
-0.006249184720218182
-0.006247591227293015
-0.006244923453778028
-0.006241010967642069
-0.006235717795789242
-0.006228945218026638
-0.00622063409537077
-0.00621076812967658
-0.006199372466653585
-0.00618651369586587
-0.006172298453748226
-0.006156871560961008
-0.006140409968793392
-0.006123119965195656
-0.006105231586843729
-0.006086989771574736
-0.006068650633096695
-0.006050470750778913
-0.006032703910022974
-0.006015587132424116
-0.005999339744448662
-0.005984151735901833
-0.005970180500298738
-0.005957544315606356
-0.005946319084614515
-0.005936536472290754
-0.005928181577473879
-0.005921194329857826
-0.005915472283959389
-0.00591087294742465
-0.005907218903303146
-0.005904305260628462
-0.005901907104998827
-0.00589978601783514
-0.005897699855268002
-0.005895412992686033
-0.005892702378332615
-0.005889368709176779
-0.005885240621864796
-0.005880183540284634
-0.005874103866517544
-0.00586695084348321
-0.005858719814568758
-0.005849449429661036
-0.005839222110807896
-0.005828158929944038
-0.005816414952278137
-0.005804168991744518
-0.005791619885712862
-0.00577897671610117
-0.005766448099166155
-0.00575423426926136
-0.005742518231272697
-0.005731458775699139
-0.005721183959394693
-0.005711784586310387
-0.005703313276171684
-0.005695779342204332
-0.005689152516424656
-0.005683363880962133
-0.005678308196365833
-0.005673852283507586
-0.005669840611517429
-0.005666102282702923
-0.005662460345774889
-0.005658741574734449
-0.005654782056808472
-0.005650435108691454
-0.005645581986755133
-0.005640130955725908
-0.005634025204926729
-0.005627244710922241
-0.005619804840534925
-0.005611754953861237
-0.005603176541626453
-0.005594174843281507
-0.005584876984357834
-0.005575421266257763
-0.005565951112657785
-0.005556607618927956
-0.005547521635890007
-0.00553880725055933
-0.005530557129532099
-0.005522835999727249
-0.005515679251402617
-0.005509092938154936
-0.00550305237993598
-0.005497504025697708
-0.005492371041327715
-0.005487558431923389
-0.005482957232743502
-0.005478452425450087
-0.005473928526043892
-0.005469278898090124
-0.005464406684041023
-0.005459235515445471
-0.005453708115965128
-0.005447793286293745
-0.005441486369818449
-0.005434805061668158
-0.005427791737020016
-0.005420506931841373
-0.005413026548922062
-0.005405438132584095
-0.005397831089794636
-0.005390295758843422
-0.005382913630455732
-0.005375755950808525
-0.005368877667933702
-0.005362314637750387
-0.00535608408972621
-0.005350182764232159
-0.005344587843865156
-0.005339257419109344
-0.005334137938916683
-0.005329165607690811
-0.005324271507561207
-0.005319384392350912
-0.005314438603818417
-0.00530937546864152
-0.005304149352014065
-0.005298726726323366
-0.005293090827763081
-0.005287241190671921
-0.005281192716211081
-0.005274973344057798
-0.005268624518066645
-0.005262194201350212
-0.005255735479295254
-0.005249300971627235
-0.005242940969765186
-0.005236699711531401
-0.005230611190199852
-0.005224699154496193
-0.005218974780291319
-0.005213436204940081
-0.005208070389926434
-0.005202852189540863
-0.005197750404477119
-0.005192727316170931
-0.005187742412090302
-0.005182755179703236
-0.005177729763090611
-0.005172634497284889
-0.005167446564882994
-0.005162152927368879
-0.005156748928129673
-0.005151238758116961
-0.005145636387169361
-0.005139962770044804
-0.005134243983775377
-0.00512850983068347
-0.005122790113091469
-0.005117112770676613
-0.005111502949148417
-0.005105979740619659
-0.005100555252283812
-0.005095235072076321
-0.005090018268674612
-0.00508489552885294
-0.005079852417111397
-0.005074870306998491
-0.005069928243756294
-0.005065003409981728
-0.005060074850916862
-0.005055123940110207
-0.005050134845077991
-0.005045097786933184
-0.00504000810906291
-0.005034867208451033
-0.005029679741710424
-0.005024457350373268
-0.005019214004278183
-0.005013964138925076
-0.005008723121136427
-0.005003507249057293
-0.004998330026865005
-0.004993201233446598
-0.004988128319382668
-0.004983114544302225
-0.004978158045560122
-0.004973253700882196
-0.004968393128365278
-0.004963565617799759
-0.004958759993314743
-0.004953964613378048
-0.004949168767780066
-0.00494436314329505
-0.004939540755003691
-0.00493469787761569
-0.004929833114147186
-0.004924948327243328
-0.004920048173516989
-0.004915138240903616
-0.004910226445645094
-0.004905320703983307
-0.004900429863482714
-0.004895560443401337
-0.004890719894319773
-0.004885911010205746
-0.004881135188043118
-0.004876392893493176
-0.004871681798249483
-0.004866997711360455
-0.004862335976213217
-0.00485768960788846
-0.004853053018450737
-0.004848421085625887
-0.00484378868713975
-0.004839153029024601
-0.004834511317312717
-0.004829863552004099
-0.004825211130082607
-0.004820556379854679
-0.004815902095288038
-0.00481125246733427
-0.004806611686944962
-0.004801983945071697
-0.004797372501343489
-0.004792779218405485
-0.004788205493241549
-0.004783651791512966
-0.004779117181897163
-0.004774600733071566
-0.004770099185407162
-0.004765609744936228
-0.00476112961769104
-0.004756656475365162
-0.004752187989652157
-0.004747722763568163
-0.004743260331451893
-0.004738799761980772
-0.004734340589493513
-0.004729884210973978
-0.004725431557744741
-0.00472098495811224
-0.004716546274721622
-0.004712117370218039
-0.004707701038569212
-0.004703298676759005
-0.004698909353464842
-0.004694534465670586
-0.004690173547714949
-0.004685825202614069
-0.004681488033384085
-0.004677161574363708
-0.004672844428569078
-0.004668533336371183
-0.004664228763431311
-0.004659929778426886
-0.004655635915696621
-0.004651347175240517
-0.004647063557058573
-0.004642784595489502
-0.004638511687517166
-0.004634245298802853
-0.004629987291991711
-0.004625738132745028
-0.004621497821062803
-0.004617266822606325
-0.004613046068698168
-0.004608835559338331
-0.004604634363204241
-0.004600442480295897
-0.004596258047968149
-0.004592081997543573
-0.004587912932038307
-0.004583750851452351
-0.004579595290124416
-0.004575445782393217
-0.004571301862597466
-0.004567163530737162
-0.00456303171813488
-0.004558905959129333
-0.004554787185043097
-0.004550675395876169
-0.004546571522951126
-0.004542476031929255
-0.004538388922810555
-0.004534311126917601
-0.004530241712927818
-0.00452618021517992
-0.004522127099335194
-0.004518080502748489
-0.004514041356742382
-0.004510009195655584
-0.004505984019488096
-0.004501964896917343
-0.004497951827943325
-0.004493944812566042
-0.004489944782108068
-0.004485951736569405
-0.004481964744627476
-0.004477984271943569
-0.00447401124984026
-0.00447004521265626
-0.004466086160391569
-0.004462134093046188
-0.004458189010620117
-0.004454251378774643
-0.004450321197509766
-0.004446397069841623
-0.004442478995770216
-0.004438568372279406
-0.00443466380238533
-0.004430766217410564
-0.004426875617355108
-0.004422991536557674
-0.004419113509356976
-0.004415242932736874
-0.004411378409713507
-0.004407521337270737
-0.004403670318424702
-0.004399825353175402
-0.004395986907184124
-0.004392155446112156
-0.004388329572975636
-0.004384510219097137
-0.004380697384476662
-0.004376890137791634
-0.004373088944703341
-0.004369293805211782
-0.004365504253655672
-0.004361719824373722
-0.004357941448688507
-0.00435416866093874
-0.00435040146112442
-0.004346639849245548
-0.004342884290963411
-0.004339135251939297
-0.004335392266511917
-0.004331655334681273
-0.00432792492210865
-0.004324200097471476
-0.004320480860769749
-0.004316768608987331
-0.004313062410801649
-0.004309362731873989
-0.004305669572204351
-0.004301982931792736
-0.004298302344977856
-0.004294628277420998
-0.004290958866477013
-0.004287295043468475
-0.004283637274056673
-0.004279984626919031
-0.004276336636394262
-0.004272694233804941
-0.004269057419151068
-0.004265425726771355
-0.004261798691004515
-0.00425817770883441
-0.004254562314599752
-0.004250952508300543
-0.004247348755598068
-0.004243751522153616
-0.004240160342305899
-0.004236575216054916
-0.004232996143400669
-0.004229423124343157
-0.00422585429623723
-0.004222291521728039
-0.004218734335154295
-0.004215181805193424
-0.004211634863168001
-0.004208092577755451
-0.004204555414617062
-0.00420102383941412
-0.004197497852146626
-0.004193977918475866
-0.004190463107079268
-0.004186953883618116
-0.004183450248092413
-0.004179951269179583
-0.004176457412540913
-0.004172968678176403
-0.004169485066086054
-0.00416600564494729
-0.004162530414760113
-0.004159060306847095
-0.004155594855546951
-0.004152134526520967
-0.004148678854107857
-0.004145228303968906
-0.004141783341765404
-0.004138343967497349
-0.004134909715503454
-0.00413148058578372
-0.004128056578338146
-0.00412463815882802
-0.004121225327253342
-0.004117817617952824
-0.004114415496587753
-0.004111018963158131
-0.004107627552002668
-0.004104241728782654
-0.004100860562175512
-0.004097484052181244
-0.004094112664461136
-0.004090746399015188
-0.004087384790182114
-0.004084027837961912
-0.004080676008015871
-0.004077328834682703
-0.004073985852301121
-0.004070647060871124
-0.004067312460392714
-0.004063982050865889
-0.004060655832290649
-0.004057333804666996
-0.004054016899317503
-0.004050704650580883
-0.004047397524118423
-0.004044095054268837
-0.004040797241032124
-0.004037504084408283
-0.004034216050058603
-0.004030932672321796
-0.004027653951197863
-0.004024380818009377
-0.004021112341433764
-0.004017848987132311
-0.004014589823782444
-0.00401133531704545
-0.004008085932582617
-0.004004841670393944
-0.004001601599156857
-0.003998367115855217
-0.003995136823505163
-0.003991911187767982
-0.003988689742982388
-0.003985472489148378
-0.003982259891927242
-0.003979051485657692
-0.00397584680467844
-0.003972646314650774
-0.003969450015574694
-0.003966257441788912
-0.003963068593293428
-0.003959883935749531
-0.003956703469157219
-0.003953527193516493
-0.003950356040149927
-0.003947189077734947
-0.003944026306271553
-0.003940868657082319
-0.003937715198844671
-0.003934565465897322
-0.003931419923901558
-0.003928279038518667
-0.00392514280974865
-0.00392201030626893
-0.00391888152807951
-0.003915756940841675
-0.003912636544555426
-0.00390952080488205
-0.003906409721821547
-0.003903302829712629
-0.003900200361385942
-0.003897102549672127
-0.003894009161740541
-0.003890920663252473
-0.003887836821377277
-0.003884757403284311
-0.003881681710481644
-0.003878610208630562
-0.003875542432069778
-0.00387247814796865
-0.003869417356327176
-0.003866360289976001
-0.003863307414576411
-0.003860258497297764
-0.003857213538140059
-0.003854172537103295
-0.003851135261356831
-0.003848101943731308
-0.003845073049888015
-0.003842048114165664
-0.003839026903733611
-0.003836010117083788
-0.003832997754216194
-0.003829989582300186
-0.003826985834166408
-0.003823985578492284
-0.003820989280939102
-0.003817996708676219
-0.003815007861703634
-0.003812022972851992
-0.003809042042121291
-0.003806065302342176
-0.003803092520684004
-0.003800123929977417
-0.003797159297391772
-0.003794198855757713
-0.003791242139413953
-0.003788289148360491
-0.003785339649766684
-0.003782393876463175
-0.003779451595619321
-0.003776512574404478
-0.003773577278479934
-0.003770645242184401
-0.003767716698348522
-0.003764791181311011
-0.003761869622394443
-0.003758951788768172
-0.0037560376804322
-0.003753127064555883
-0.003750220173969865
-0.003747316775843501
-0.003744417335838079
-0.003741522086784244
-0.00373863079585135
-0.003735743695870042
-0.003732861252501607
-0.003729983000084758
-0.003727108938619494
-0.003724239068105817
-0.003721372922882438
-0.003718510968610644
-0.003715652972459793
-0.00371279870159924
-0.003709947690367699
-0.003707099705934525
-0.003704254748299718
-0.003701412584632635
-0.003698573214933276
-0.003695737104862928
-0.003692903788760304
-0.003690073965117335
-0.003687247168272734
-0.0036844233982265
-0.003681603586301208
-0.00367878726683557
-0.003675974672660232
-0.003673166036605835
-0.003670361591503024
-0.003667560638859868
-0.003664763644337654
-0.003661970142275095
-0.003659180831164122
-0.00365639547817409
-0.003653614083305001
-0.003650836180895567
-0.003648062003776431
-0.003645291784778237
-0.003642524825409055
-0.003639761591330171
-0.003637002082541585
-0.003634245600551367
-0.003631491679698229
-0.003628741018474102
-0.003625993151217699
-0.003623247845098376
-0.003620505332946777
-0.003617765614762902
-0.003615028690546751
-0.003612294560298324
-0.003609563922509551
-0.00360683654434979
-0.003604112658649683
-0.003601392731070518
-0.003598676063120365
-0.003595963353291154
-0.003593254368752241
-0.00359054934233427
-0.003587847575545311
-0.003585149068385363
-0.003582453820854425
-0.003579761600121856
-0.003577072406187654
-0.003574386006221175
-0.003571702865883708
-0.003569022519513965
-0.003566345199942589
-0.003563670441508293
-0.003560998477041721
-0.003558329539373517
-0.003555662930011749
-0.003552999580278993
-0.00355033902451396
-0.003547681262716651
-0.003545026760548353
-0.003542375285178423
-0.003539726370945573
-0.003537079785019159
-0.003534435294568539
-0.003531792899593711
-0.003529152367264032
-0.003526513930410147
-0.003523876890540123
-0.003521241480484605
-0.003518606536090374
-0.003515972523018718
-0.003513339441269636
-0.003510706825181842
-0.003508074209094048
-0.003505441127344966
-0.00350280711427331
-0.003500171937048435
-0.003497534897178411
-0.003494895761832595
-0.003492253599688411
-0.003489608177915215
-0.003486958798021078
-0.00348430429585278
-0.003481644438579679
-0.003478978062048554
-0.003476303769275546
-0.003473620163276792
-0.00347092654556036
-0.003468221519142389
-0.003465503454208374
-0.003462770953774452
-0.003460022388026118
-0.003457255894318223
-0.003454469610005617
-0.003451661439612508
-0.003448829054832458
-0.003445969661697745
-0.003443080931901932
-0.00344015983864665
-0.003437203587964177
-0.00343420822173357
-0.003431170014664531
-0.003428085707128048
-0.003424951108172536
-0.003421762026846409
-0.003418513806536794
-0.003415201790630817
-0.003411821089684963
-0.003408366814255714
-0.003404832910746336
-0.00340121379122138
-0.003397503634914756
-0.003393696388229728
-0.003389785764738917
-0.003385765012353659
-0.003381626680493355
-0.003377363551408052
-0.003372968407347798
-0.003368433797731996
-0.003363751573488116
-0.003358914516866207
-0.00335391447879374
-0.003348743310198188
-0.003343393560498953
-0.003337857080623507
-0.003332125954329967
-0.00332619296386838
-0.00332005019299686
-0.00331369019113481
-0.003307105973362923
-0.003300291020423174
-0.003293239278718829
-0.003285945393145084
-0.003278403775766492
-0.003270610235631466
-0.003262561047449708
-0.003254252951592207
-0.003245684551075101
-0.003236854448914528
-0.003227762412279844
-0.003218409372493625
-0.003208798123523593
-0.003198931459337473
-0.003188814735040069
-0.003178453771397471
-0.003167856484651566
-0.003157031489536166
-0.003145989961922169
-0.003134744009003043
-0.003123306902125478
-0.00311169377528131
-0.003099921392276883
-0.003088008146733046
-0.003075973130762577
-0.00306383753195405
-0.003051623702049255
-0.003039355389773846
-0.003027056809514761
-0.003014754503965378
-0.003002474550157785
-0.002990244422107935
-0.002978092059493065
-0.002966044936329126
-0.00295413238927722
-0.002942382358014584
-0.0029308230150491
-0.00291948183439672
-0.002908386057242751
-0.002897560829296708
-0.002887031063437462
-0.00287681957706809
-0.00286694779060781
-0.002857435029000044
-0.002848298521712422
-0.002839552704244852
-0.00283121014945209
-0.002823279937729239
-0.002815768821164966
-0.002808679826557636
-0.002802012953907251
-0.0027957649435848
-0.002789929276332259
-0.002784496638923883
-0.002779453760012984
-0.002774785039946437
-0.002770470920950174
-0.00276648998260498
-0.002762818243354559
-0.002759429160505533
-0.002756294328719378
-0.00275338301435113
-0.002750663552433252
-0.002748103113844991
-0.002745668636634946
-0.002743327524513006
-0.002741046249866486
-0.002738792914897203
-0.002736536785960197
-0.002734248293563724
-0.002731900895014405
-0.002729469910264015
-0.002726934384554625
-0.002724276622757316
-0.002721483586356044
-0.002718544797971845
-0.002715455368161201
-0.002712214598432183
-0.002708827145397663
-0.002705301623791456
-0.002701652469113469
-0.002697898540645838
-0.002694063819944859
-0.002690175315365195
-0.002686265623196959
-0.002682371297851205
-0.002678531687706709
-0.002674788702279329
-0.002671187277883291
-0.002667773980647326
-0.002664596540853381
-0.002661703852936625
-0.002659143647179008
-0.002656963421031833
-0.002655209274962544
-0.002653924748301506
-0.002653151517733932
-0.002652926370501518
-0.002653283765539527
-0.002654252573847771
-0.002655857475474477
-0.002658117096871138
-0.002661044942215085
-0.002664648462086916
-0.002668928820639849
-0.002673881128430367
-0.002679494675248861
-0.002685752930119634
-0.002692633541300893
-0.0027001085691154
-0.002708145184442401
-0.002716705901548266
-0.00272574950940907
-0.002735231071710587
-0.002745102625340223
-0.002755313646048307
-0.002765811746940017
-0.002776543609797955
-0.002787455450743437
-0.002798493020236492
-0.002809603000059724
-0.002820733934640884
-0.002831835532560945
-0.002842859365046024
-0.002853759564459324
-0.002864493522793055
-0.002875020960345864
-0.002885305089876056
-0.002895311918109655
-0.002905011409893632
-0.002914376324042678
-0.00292338221333921
-0.002932008123025298
-0.002940235892310739
-0.002948049223050475
-0.002955435309559107
-0.002962382510304451
-0.002968881512060761
-0.00297492416575551
-0.002980504184961319
-0.002985617145895958
-0.002990258857607841
-0.002994426293298602
-0.002998118987306952
-0.003001336706802249
-0.00300408061593771
-0.003006353508681059
-0.003008160041645169
-0.003009506268426776
-0.003010401502251625
-0.003010856686159968
-0.003010885324329138
-0.003010504646226764
-0.003009734209626913
-0.003008597763255239
-0.003007122548297048
-0.003005339531227946
-0.003003282938152552
-0.003000991186127067
-0.002998506417497993
-0.002995873102918267
-0.002993139205500484
-0.002990354551002383
-0.002987571060657501
-0.002984841819852591
-0.002982219448313117
-0.002979756100103259
-0.002977503463625908
-0.0029755097348243
-0.002973819617182016
-0.002972474554553628
-0.002971510402858257
-0.002970957430079579
-0.002970838686451316
-0.002971170004457235
-0.002971959998831153
-0.002973209368065
-0.002974909264594316
-0.002977042924612761
-0.002979584969580173
-0.002982502104714513
-0.002985754050314426
-0.002989293076097965
-0.002993065398186445
-0.002997012808918953
-0.003001072211191058
-0.003005179110914469
-0.003009266452863812
-0.003013268345966935
-0.003017120528966188
-0.003020761301741004
-0.003024132922291756
-0.003027184400707483
-0.003029870800673962
-0.003032155567780137
-0.003034010296687484
-0.003035415895283222
-0.003036363050341606
-0.003036851529031992
-0.003036892041563988
-0.003036503912881017
-0.003035715315490961
-0.003034563269466162
-0.003033091779798269
-0.003031351137906313
-0.003029396291822195
-0.003027286846190691
-0.003025083802640438
-0.003022848861292005
-0.003020643489435315
-0.003018526127561927
-0.003016551723703742
-0.00301477056927979
-0.003013226669281721
-0.003011957043781877
-0.003010991262272
-0.00301034958101809
-0.003010043874382973
-0.003010077401995659
-0.003010444110259414
-0.003011129563674331
-0.003012111177667975
-0.003013359615579247
-0.003014838788658381
-0.003016507718712091
-0.003018320770934224
-0.00302023021504283
-0.003022186458110809
-0.003024139907211065
-0.003026042366400361
-0.003027848433703184
-0.003029515733942389
-0.003031007247045636
-0.003032291773706675
-0.003033343702554703
-0.003034145105630159
-0.003034685039892793
-0.003034959547221661
-0.003034972120076418
-0.003034733468666673
-0.003034260356798768
-0.003033574903383851
-0.00303270504809916
-0.003031682688742876
-0.003030541818588972
-0.003029319457709789
-0.003028053790330887
-0.003026781836524606
-0.003025539685040712
-0.003024361561983824
-0.003023277735337615
-0.003022314747795463
-0.003021494718268514
-0.003020834876224399
-0.003020346164703369
-0.003020034171640873
-0.003019899362698197
-0.003019936382770538
-0.003020133823156357
-0.003020477015525103
-0.003020946402102709
-0.003021519398316741
-0.003022170392796397
-0.003022872842848301
-0.00302359857596457
-0.003024320583790541
-0.003025011625140905
-0.003025646321475506
-0.003026202786713839
-0.003026661230251193
-0.003027005819603801
-0.003027224680408835
-0.003027310129255056
-0.003027259139344096
-0.003027072641998529
-0.003026755759492517
-0.003026318270713091
-0.003025772515684366
-0.003025134094059467
-0.003024420933797956
-0.003023653058335185
-0.003022850723937154
-0.003022034885361791
-0.003021226031705737
-0.003020443953573704
-0.003019706578925252
-0.003019029274582863
-0.003018424846231937
-0.003017902839928865
-0.003017469542101026
-0.003017128445208073
-0.003016878850758076
-0.00301671726629138
-0.003016636474058032
-0.003016626928001642
-0.003016676753759384
-0.003016771515831351
-0.00301689631305635
-0.003017035312950611
-0.003017172683030367
-0.003017292357981205
-0.003017380135133862
-0.003017422975972295
-0.003017410170286894
-0.003017332404851913
-0.003017184557393193
-0.003016962902620435
-0.003016667207702994
-0.003016299335286021
-0.003015864174813032
-0.003015368478372693
-0.00301482155919075
-0.003014233196154237
-0.003013615729287267
-0.00301298126578331
-0.003012341912835836
-0.00301171001046896
-0.003011096967384219
-0.003010511863976717
-0.003009964013472199
-0.003009459236636758
-0.003009002190083265
-0.003008595434948802
-0.003008239436894655
-0.003007931867614388
-0.003007668536156416
-0.003007443388924003
-0.003007249906659126
-0.003007079241797328
-0.003006922546774149
-0.003006770508363843
-0.003006614046171308
-0.003006443846970797
-0.003006252227351069
-0.003006032202392817
-0.003005778416991234
-0.003005487145856023
-0.003005156293511391
-0.003004785627126694
-0.003004376543685794
-0.00300393276847899
-0.003003459190949798
-0.003002961399033666
-0.003002446377649903
-0.003001921810209751
-0.003001395845785737
-0.003000875934958458
-0.003000369295477867
-0.002999882912263274
-0.00299942260608077
-0.002998993033543229
-0.002998597687110305
-0.002998238895088434
-0.002997917123138905
-0.002997631905600429
-0.002997381845489144
-0.002997164614498615
-0.002996976487338543
-0.00299681443721056
-0.002996674040332437
-0.002996551804244518
-0.002996444469317794
-0.002996349241584539
-0.002996262861415744
-0.002996185095980763
-0.002996115013957024
-0.002996053779497743
-0.002996003720909357
-0.002995968097820878
-0.002995951566845179
-0.002995959483087063
-0.002995997900143266
-0.002996073570102453
-0.00299619440920651
-0.002996368100866675
-0.002996602561324835
-0.002996905473992229
-0.00299728405661881
-0.002997745294123888
-0.002998296171426773
-0.002998942974954844
-0.002999690128490329
-0.003000542754307389
-0.003001504112035036
-0.003002579091116786
-0.003003770252689719
-0.00300508108921349
-0.003006514394655824
-0.003008072730153799
-0.003009759588167071
-0.003011577529832721
-0.003013530513271689
-0.003015622263774276
-0.003017857205122709
-0.003020240226760507
-0.003022776218131185
-0.003025471465662122
-0.003028331557288766
-0.003031362546607852
-0.003034570720046759
-0.003037962596863508
-0.003041543997824192
-0.003045320045202971
-0.003049295861274004
-0.003053476102650166
-0.003057863563299179
-0.003062460804358125
-0.003067268757149577
-0.00307228765450418
-0.003077516099438071
-0.003082951297983527
-0.003088589524850249
-0.003094425424933434
-0.003100452246144414
-0.003106662770733237
-0.003113048383966088
-0.003119599539786577
-0.003126305993646383
-0.003133156104013324
-0.003140137065201998
-0.003147236537188292
-0.003154441015794873
-0.00316173629835248
-0.003169107716530561
-0.003176539205014706
-0.003184014931321144
-0.003191517200320959
-0.00319902878254652
-0.00320653198286891
-0.003214007709175348
-0.003221436403691769
-0.00322879827581346
-0.003236073302105069
-0.003243240993469954
-0.003250281093642116
-0.003257172415032983
-0.003263894468545914
-0.003270427463576198
-0.003276751609519124
-0.003282847814261913
-0.003288698149845004
-0.003294285153970122
-0.0032995929941535
-0.003304607700556517
-0.003309316234663129
-0.003313707886263728
-0.003317773574963212
-0.003321506548672915
-0.003324902383610606
-0.003327958518639207
-0.003330674720928073
-0.00333305262029171
-0.003335097106173635
-0.003336814697831869
-0.003338213311508298
-0.003339303890243173
-0.003340098075568676
-0.003340610070154071
-0.003340854775160551
-0.00334084895439446
-0.003340610070154071
-0.00334015698172152
-0.003339509246870875
-0.003338686190545559
-0.003337707603350282
-0.003336593741551042
-0.003335363697260618
-0.003334036562591791
-0.003332630498334765
-0.003331162733957171
-0.00332964863628149
-0.003328103106468916
-0.003326538018882275
-0.003324964083731174
-0.003323388984426856
-0.00332181784324348
-0.003320253221318126
-0.003318694187328219
-0.003317138180136681
-0.003315577749162912
-0.003314003814011812
-0.003312403103336692
-0.003310760483145714
-0.003309057326987386
-0.003307272447273135
-0.003305382095277309
-0.003303360426798463
-0.003301179269328713
-0.003298809519037604
-0.003296220907941461
-0.003293382469564676
-0.003290263237431645
-0.003286832477897406
-0.003283059922978282
-0.00327891600318253
-0.003274373942986131
-0.003269408829510212
-0.003263998543843627
-0.003258123528212309
-0.003251768881455064
-0.003244922962039709
-0.003237578552216291
-0.003229733323678374
-0.003221389371901751
-0.003212553448975086
-0.003203237894922495
-0.00319345947355032
-0.003183240769430995
-0.003172608558088541
-0.003161595435813069
-0.003150237491354346
-0.003138575237244368
-0.003126653376966715
-0.003114519407972693
-0.003102224320173264
-0.003089821897447109
-0.003077366622164845
-0.00306491507217288
-0.003052524290978909
-0.003040251554921269
-0.00302815274335444
-0.003016283502802253
-0.003004695987328887
-0.002993440721184015
-0.002982564968988299
-0.002972112037241459
-0.002962120808660984
-0.002952626207843423
-0.002943657804280519
-0.002935240045189857
-0.002927391789853573
-0.002920126542448997
-0.002913451986387372
-0.002907370217144489
-0.002901877509430051
-0.002896964782848954
-0.002892617834731936
-0.002888817107304931
-0.002885539550334215
-0.002882756758481264
-0.002880437532439828
-0.002878546714782715
-0.002877045888453722
-0.002875895239412785
-0.002875052625313401
-0.002874475438147783
-0.002874118974432349
-0.002873938996344805
-0.002873891266062856
-0.002873932011425495
-0.002874019090086222
-0.002874111291021109
-0.002874169731512666
-0.002874156925827265
-0.002874038182199001
-0.002873782068490982
-0.002873358782380819
-0.002872742246836424
-0.002871908945962787
-0.002870839321985841
-0.002869516843929887
-0.002867928240448236
-0.002866063266992569
-0.002863915171474218
-0.002861480694264174
-0.002858759602531791
-0.002855754690244794
-0.002852471778169274
-0.002848919713869691
-0.00284511037170887
-0.002841058652848005
-0.002836781553924084
-0.002832299098372459
-0.00282763410359621
-0.002822809852659702
-0.002817852655425668
-0.002812790218740702
-0.002807651646435261
-0.002802467439323664
-0.00279726879671216
-0.002792086452245712
-0.00278695160523057
-0.00278189592063427
-0.0027769492007792
-0.002772141015157104
-0.002767498604953289
-0.002763047348707914
-0.002758810296654701
-0.00275480723939836
-0.002751055639237165
-0.002747568069025874
-0.002744353376328945
-0.002741416916251183
-0.00273875892162323
-0.002736375201493502
-0.00273425760678947
-0.002732392400503159
-0.002730761887505651
-0.002729343948885798
-0.002728113671764731
-0.002727041253820062
-0.002726095030084252
-0.002725240075960755
-0.002724440302699804
-0.002723658224567771
-0.002722856588661671
-0.00272199884057045
-0.002721049124374986
-0.002719973912462592
-0.002718742936849594
-0.002717328956350684
-0.002715709619224072
-0.00271386606618762
-0.002711785258725286
-0.002709459513425827
-0.002706887200474739
-0.002704073209315538
-0.002701026620343328
-0.002697763266041875
-0.002694304101169109
-0.002690674038603902
-0.00268690288066864
-0.002683023456484079
-0.002679070923477411
-0.002675082767382264
-0.002671097405254841
-0.002667151624336839
-0.002663282910361886
-0.0026595254894346
-0.002655911026522517
-0.002652466995641589
-0.002649216912686825
-0.002646178938448429
-0.002643365180119872
-0.002640782622620463
-0.002638431265950203
-0.002636305522173643
-0.002634394215419888
-0.002632679883390665
-0.002631140640005469
-0.002629750408232212
-0.002628480084240437
-0.002627296606078744
-0.002626166213303804
-0.00262505398131907
-0.002623925684019923
-0.002622747793793678
-0.002621489344164729
-0.002620122628286481
-0.002618623664602637
-0.002616972662508488
-0.002615155186504126
-0.002613162621855736
-0.002610991010442376
-0.002608642680570483
-0.002606124384328723
-0.002603448927402496
-0.00260063330642879
-0.002597698708996177
-0.002594669349491596
-0.002591572003439069
-0.002588434610515833
-0.002585286973044276
-0.002582157962024212
-0.002579075051471591
-0.002576064085587859
-0.002573147183284163
-0.002570343669503927
-0.002567668911069632
-0.002565133618190885
-0.002562744077295065
-0.002560501918196678
-0.002558404114097357
-0.002556442515924573
-0.002554605482146144
-0.002552877413108945
-0.002551240613684058
-0.002549674129113555
-0.002548156073316932
-0.00254666362889111
-0.002545173279941082
-0.002543663373216987
-0.002542113186791539
-0.002540504559874535
-0.002538821427151561
-0.002537052147090435
-0.002535187639296055
-0.002533222315832973
-0.002531155711039901
-0.002528990153223276
-0.002526732161641121
-0.002524390118196607
-0.002521976362913847
-0.002519504632800817
-0.002516991458833218
-0.002514454070478678
-0.002511909231543541
-0.002509374404326081
-0.002506865886971354
-0.002504398580640554
-0.002501985989511013
-0.002499639056622982
-0.002497366396710277
-0.002495173597708344
-0.002493063686415553
-0.002491036197170615
-0.002489088801667094
-0.002487216610461473
-0.002485412172973156
-0.002483666175976396
-0.002481968607753515
-0.002480307826772332
-0.002478671725839376
-0.002477048663422465
-0.00247542723082006
-0.002473796717822552
-0.002472148276865482
-0.002470473758876324
-0.002468768274411559
-0.002467027865350246
-0.00246525090187788
-0.002463438780978322
-0.002461593830958009
-0.002459720708429813
-0.002457825001329184
-0.002455913927406073
-0.002453996567055583
-0.00245208153501153
-0.002450178377330303
-0.002448296407237649
-0.002446444239467382
-0.002444629790261388
-0.002442860044538975
-0.002441140823066235
-0.002439476316794753
-0.002437869552522898
-0.002436321228742599
-0.002434831345453858
-0.002433398272842169
-0.002432018285617232
-0.002430686494335532
-0.002429397311061621
-0.002428143983706832
-0.002426919061690569
-0.002425715327262878
-0.002424524864181876
-0.002423340221866965
-0.002422153716906905
-0.00242095859721303
-0.002419749740511179
-0.002418521791696548
-0.002417270792648196
-0.002415993949398398
-0.002414689399302006
-0.002413357142359018
-0.002411997178569436
-0.002410611370578408
-0.002409202046692371
-0.002407772000879049
-0.002406325191259384
-0.002404864877462387
-0.002403395483270288
-0.002401920733973384
-0.002400445053353906
-0.00239897146821022
-0.002397503005340695
-0.002396043157204986
-0.002394594019278884
-0.002393157687038183
-0.002391736023128033
-0.002390330424532294
-0.002388942521065474
-0.002387573011219501
-0.00238622329197824
-0.002384895225986838
-0.002383590443059802
-0.002382311271503568
-0.002381060272455215
-0.002379841171205044
-0.002378657460212708
-0.002377513330429792
-0.002376413671299815
-0.002375363605096936
-0.002374369418248534
-0.002373437164351344
-0.002372573362663388
-0.002371784765273333
-0.002371077658608556
-0.002370459260419011
-0.002369934925809503
-0.002369510941207409
-0.002369192196056247
-0.002368983114138246
-0.00236888718791306
-0.002368907444179058
-0.002369045745581388
-0.002369302324950695
-0.002369677415117621
-0.002370170783251524
-0.002370780799537897
-0.002371505368500948
-0.002372342394664884
-0.002373288851231337
-0.002374341478571296
-0.002375498181208968
-0.002376755699515343
-0.002378111472353339
-0.002379563171416521
-0.002381108934059739
-0.002382747828960419
-0.002384478691965342
-0.002386300591751933
-0.00238821329548955
-0.002390216570347548
-0.00239231064915657
-0.002394495531916618
-0.002396770752966404
-0.002399136079475284
-0.002401590114459395
-0.00240413099527359
-0.002406756160780787
-0.002409462351351976
-0.002412245143204927
-0.002415098948404193
-0.002418016782030463
-0.002420991193503141
-0.002424012869596481
-0.002427072264254093
-0.002430158434435725
-0.002433260204270482
-0.00243636523373425
-0.002439461415633559
-0.002442535944283009
-0.002445576013997197
-0.002448569284752011
-0.002451503882184625
-0.002454368164762855
-0.002457152353599668
-0.00245984666980803
-0.002462442265823483
-0.002464933088049293
-0.002467312617227435
-0.002469577128067613
-0.002471724059432745
-0.00247375201433897
-0.002475661458447576
-0.002477454487234354
-0.002479134127497673
-0.002480705035850406
-0.002482173498719931
-0.00248354603536427
-0.002484831493347883
-0.002486038021743298
-0.002487174235284328
-0.002488250378519297
-0.002489276695996523
-0.002490262500941753
-0.002491218270733953
-0.002492153784260154
-0.00249307812191546
-0.002494001062586904
-0.00249493052251637
-0.00249587488360703
-0.002496841130778193
-0.002497835084795952
-0.002498863497748971
-0.002499930560588837
-0.002501040929928422
-0.002502197166904807
-0.002503401599824429
-0.002504655625671148
-0.00250595947727561
-0.002507313387468457
-0.002508715726435184
-0.002510164864361286
-0.002511657774448395
-0.002513191429898143
-0.00251476070843637
-0.002516361186280847
-0.002517987042665482
-0.002519632689654827
-0.002521291142329574
-0.002522955648601055
-0.002524619456380606
-0.002526274649426341
-0.002527914242818952
-0.002529529621824622
-0.002531113568693399
-0.002532659098505974
-0.002534158760681748
-0.002535606035962701
-0.002536994870752096
-0.002538319444283843
-0.002539575332775712
-0.002540758112445474
-0.002541864756494761
-0.002542893402278423
-0.002543842419981956
-0.002544712042436004
-0.002545502735301852
-0.002546216128394008
-0.002546853851526976
-0.00254741869866848
-0.002547913696616888
-0.002548342570662498
-0.00254870904609561
-0.002549016615375876
-0.00254926853813231
-0.002549467608332634
-0.002549616387113929
-0.002549716038629413
-0.002549767261371017
-0.002549770753830671
-0.002549725351855159
-0.002549628727138042
-0.002549478551372886
-0.00254927109926939
-0.002549001714214683
-0.002548664808273315
-0.002548255026340485
-0.002547766780480742
-0.002547194017097354
-0.002546531148254871
-0.00254577212035656
-0.002544912276789546
-0.002543947193771601
-0.002542874310165644
-0.002541691996157169
-0.002540399553254247
-0.002538997447118163
-0.00253748893737793
-0.002535877982154489
-0.002534169238060713
-0.002532370388507843
-0.002530490281060338
-0.002528538927435875
-0.002526527270674706
-0.0025244674179703
-0.002522372407838702
-0.002520256210118532
-0.002518133027479053
-0.002516016596928239
-0.002513921353965998
-0.002511860569939017
-0.00250984774902463
-0.002507894998416305
-0.002506013493984938
-0.002504212316125631
-0.002502500545233488
-0.002500884234905243
-0.002499368507415056
-0.002497957088053226
-0.002496651606634259
-0.00249545113183558
-0.002494354266673326
-0.002493357053026557
-0.002492454368621111
-0.002491639461368322
-0.002490904647856951
-0.002490241313353181
-0.002489639213308692
-0.002489088103175163
-0.002488576807081699
-0.002488094149157405
-0.002487629652023315
-0.002487171674147248
-0.00248671043664217
-0.002486235927790403
-0.00248573930002749
-0.002485212637111545
-0.002484648721292615
-0.002484042663127184
-0.002483389340341091
-0.002482685958966613
-0.002481930423527956
-0.00248112203553319
-0.002480261027812958
-0.002479349263012409
-0.002478389069437981
-0.002477383706718683
-0.002476336434483528
-0.002475252142176032
-0.002474135486409068
-0.002472990658134222
-0.002471823710948229
-0.002470639534294605
-0.002469442784786224
-0.002468237886205316
-0.002467029262334108
-0.002465820405632257
-0.002464615041390061
-0.002463416662067175
-0.002462227595970035
-0.002461050404235721
-0.002459887182340026
-0.002458740025758743
-0.002457610098645091
-0.002456498332321644
-0.002455406589433551
-0.002454334869980812
-0.002453284803777933
-0.002452256390824914
-0.002451250329613686
-0.002450266620144248
-0.002449305728077888
-0.002448367420583963
-0.002447451232001185
-0.00244655623100698
-0.002445681253448129
-0.00244482490234077
-0.002443986013531685
-0.002443162258714437
-0.002442351309582591
-0.002441550139337778
-0.002440756186842918
-0.002439965959638357
-0.002439176430925727
-0.002438384341076016
-0.002437586430460215
-0.002436778973788023
-0.002435958944261074
-0.002435122849419713
-0.002434268360957503
-0.002433393383398652
-0.002432496286928654
-0.002431575674563646
-0.002430631080642343
-0.002429663436487317
-0.002428672974929214
-0.002427661791443825
-0.002426631981506944
-0.002425586339086294
-0.002424528123810887
-0.002423461526632309
-0.002422390971332788
-0.002421320416033268
-0.002420254051685333
-0.002419195836409926
-0.002418150659650564
-0.002417121548205614
-0.002416111761704087
-0.00241512362845242
-0.002414158778265119
-0.002413218608126044
-0.002412302885204554
-0.002411410911008716
-0.002410541754215956
-0.00240969262085855
-0.002408860949799418
-0.002408042782917619
-0.002407234162092209
-0.002406430663540959
-0.002405627863481641
-0.002404821570962667
-0.002404007129371166
-0.002403180347755551
-0.002402337733656168
-0.002401475794613361
-0.002400592202320695
-0.002399685094133019
-0.002398753305897117
-0.002397796139121056
-0.002396814525127411
-0.002395809628069401
-0.002394783543422818
-0.002393738366663456
-0.002392677124589682
-0.002391603076830506
-0.002390519250184298
-0.002389429602771997
-0.002388337161391973
-0.00238724472001195
-0.002386154374107718
-0.002385068219155073
-0.002383988350629807
-0.002382915932685137
-0.002381851198151708
-0.002380793681368232
-0.002379742916673422
-0.002378696575760841
-0.002377653494477272
-0.00237661087885499
-0.002375566400587559
-0.002374517498537898
-0.002373460680246353
-0.002372393850237131
-0.002371314447373152
-0.002370219910517335
-0.002369109308347106
-0.002367981243878603
-0.002366835251450539
-0.002365671563893557
-0.002364491578191519
-0.002363296458497643
-0.002362088765949011
-0.002360870828852057
-0.002359645441174507
-0.002358416328206658
-0.002357186982408166
-0.002355960896238685
-0.002354741794988513
-0.002353533171117306
-0.002352337818592787
-0.002351158065721393
-0.002349996706470847
-0.002348855137825012
-0.002347734523937106
-0.002346635796129704
-0.002345558488741517
-0.002344502601772547
-0.002343467436730862
-0.002342451829463243
-0.002341453684493899
-0.00234047113917768
-0.002339502330869436
-0.002338545164093375
-0.002337597077712417
-0.00233665551058948
-0.002335718600079417
-0.002334783785045147
-0.002333849435672164
-0.002332913689315319
-0.002331975614652038
-0.002331033581867814
-0.00233008642680943
-0.002329133916646242
-0.002328175585716963
-0.002327210968360305
-0.002326239366084337
-0.002325261011719704
-0.002324275206774473
-0.002323281718418002
-0.002322280080989003
-0.002321271225810051
-0.002320253988727927
-0.002319228369742632
-0.002318193903192878
-0.002317150356248021
-0.002316097263246775
-0.002315034391358495
-0.002313961973413825
-0.002312879776582122
-0.002311788499355316
-0.002310688374564052
-0.002309579635038972
-0.002308463677763939
-0.002307341434061527
-0.002306213369593024
-0.002305080648511648
-0.002303945133462548
-0.002302807755768299
-0.002301669446751475
-0.002300531603395939
-0.002299395389854908
-0.002298261504620314
-0.002297130413353443
-0.002296001883223653
-0.002294876147061586
-0.0022937529720366
-0.002292630961164832
-0.002291508484631777
-0.002290383679792285
-0.002289253985509276
-0.002288116374984384
-0.002286968287080526
-0.002285805996507406
-0.002284625777974725
-0.002283424371853471
-0.002282197121530771
-0.002280940534546971
-0.002279651118442416
-0.002278325147926807
-0.002276959363371134
-0.002275550272315741
-0.00227409484796226
-0.002272591227665544
-0.002271036151796579
-0.002269428689032793
-0.002267766743898392
-0.002266048220917583
-0.002264272421598434
-0.002262438181787729
-0.002260544104501605
-0.002258589491248131
-0.002256573177874088
-0.002254493534564972
-0.002252349397167563
-0.002250139368698001
-0.002247862052172422
-0.002245514886453748
-0.002243095776066184
-0.002240602159872651
-0.002238031476736069
-0.00223538139835
-0.002232648665085435
-0.002229830017313361
-0.002226921729743481
-0.002223920775577426
-0.002220823895186186
-0.002217627596110106
-0.00221432838588953
-0.002210923936218023
-0.002207411220297217
-0.002203788608312607
-0.00220005470328033
-0.002196208108216524
-0.002192248124629259
-0.002188174752518535
-0.002183989156037569
-0.002179692732170224
-0.00217528804205358
-0.002170777646824718
-0.002166165504604578
-0.002161455573514104
-0.002156653208658099
-0.002151763997972012
-0.002146793529391289
-0.002141748322173953
-0.002136635361239314
-0.002131461864337325
-0.002126235049217939
-0.002120962599292397
-0.002115651965141296
-0.002110311295837164
-0.002104948041960597
-0.002099570352584124
-0.002094185445457697
-0.002088801469653845
-0.002083425410091877
-0.002078065183013678
-0.0020727280061692
-0.002067420864477754
-0.002062150277197361
-0.002056922763586044
-0.002051744610071182
-0.002046621637418866
-0.0020415592007339
-0.002036561956629157
-0.002031634794548154
-0.002026782371103764
-0.002022008644416928
-0.002017316641286016
-0.002012708922848105
-0.002008187351748347
-0.002003753557801247
-0.001999408006668091
-0.00199515069834888
-0.001990980701521039
-0.00198689685203135
-0.001982896355912089
-0.001978976419195533
-0.001975132618099451
-0.001971360528841615
-0.001967654330655932
-0.001964008202776313
-0.001960415160283446
-0.001956867752596736
-0.001953358994796872
-0.001949880388565361
-0.001946424134075642
-0.001942982315085828
-0.001939547015354037
-0.001936110784299672
-0.001932666287757456
-0.001929206890054047
-0.001925726654008031
-0.001922220457345247
-0.001918684225529432
-0.001915114349685609
-0.001911508967168629
-0.001907867146655917
-0.001904188888147473
-0.001900475355796516
-0.001896728877909482
-0.001892953179776669
-0.001889153150841594
-0.001885334146209061
-0.001881502568721771
-0.001877665519714355
-0.001873831264674664
-0.001870008418336511
-0.001866205944679677
-0.001862433622591197
-0.00185870099812746
-0.001855018432252109
-0.001851395587436855
-0.001847842126153409
-0.001844367478042841
-0.001840980839915574
-0.001837690826505423
-0.00183450523763895
-0.001831431407481432
-0.001828476088121533
-0.001825645100325346
-0.001822943217121065
-0.001820374047383666
-0.001817940617911518
-0.001815644558519125
-0.001813486684113741
-0.001811466529034078
-0.001809582463465631
-0.001807831926271319
-0.00180621154140681
-0.001804716768674552
-0.00180334213655442
-0.001802081358619034
-0.001800927566364408
-0.001799872959963977
-0.001798909390345216
-0.001798028126358986
-0.001797220669686794
-0.001796477939933538
-0.001795790973119438
-0.001795151038095355
-0.001794549520127475
-0.001793978619389236
-0.00179343088530004
-0.001792898983694613
-0.001792376744560897
-0.00179185823071748
-0.001791338669136167
-0.001790813286788762
-0.001790278241969645
-0.001789730507880449
-0.001789167290553451
-0.001788586261682212
-0.001787985675036907
-0.001787364017218351
-0.001786719774827361
-0.001786051783710718
-0.001785358879715204
-0.001784640015102923
-0.001783894142135978
-0.001783119980245829
-0.001782316132448614
-0.001781481201760471
-0.001780613209120929
-0.001779710524715483
-0.001778771402314305
-0.001777793746441603
-0.001776775578036904
-0.001775714918039739
-0.001774610253050923
-0.001773459720425308
-0.001772262156009674
-0.001771016628481448
-0.001769722672179341
-0.001768380403518677
-0.001766990520991385
-0.001765554305166006
-0.001764073851518333
-0.001762551721185446
-0.001760991173796356
-0.001759396633133292
-0.001757772988639772
-0.001756125595420599
-0.001754460739903152
-0.001752785174176097
-0.001751105999574065
-0.001749430899508297
-0.001747767208144069
-0.001746122259646654
-0.001744503737427294
-0.001742918509989977
-0.00174137344583869
-0.00173987471498549
-0.001738427556119859
-0.001737036160193384
-0.00173570413608104
-0.001734433462843299
-0.001733225537464023
-0.001732080127112567
-0.001730996300466359
-0.001729971147142351
-0.001729001058265567
-0.001728081377223134
-0.001727206283248961
-0.001726369024254382
-0.001725562033243477
-0.001724777044728398
-0.001724005793221295
-0.001723239431157708
-0.001722468878142536
-0.001721685868687928
-0.001720882020890713
-0.001720049767754972
-0.001719182473607361
-0.001718273968435824
-0.001717319479212165
-0.001716315164230764
-0.001715258578769863
-0.001714148791506886
-0.001712985686026514
-0.001711771124973893
-0.001710507669486105
-0.001709199510514736
-0.001707851537503302
-0.001706469687633216
-0.001705060247331858
-0.001703630783595145
-0.001702188514173031
-0.0017007413553074
-0.001699296873994172
-0.00169786240439862
-0.001696444815024734
-0.001695050392299891
-0.001693684724159539
-0.001692352467216551
-0.001691057346761227
-0.001689802156761289
-0.001688588177785277
-0.001687415991909802
-0.00168628478422761
-0.001685192924924195
-0.001684137620031834
-0.001683115609921515
-0.001682122354395688
-0.001681153196841478
-0.001680203131400049
-0.001679265988059342
-0.001678336644545197
-0.001677409163676202
-0.001676477957516909
-0.001675538253039122
-0.001674584927968681
-0.001673614024184644
-0.001672622049227357
-0.001671606674790382
-0.001670565805397928
-0.001669498393312097
-0.001668404322117567
-0.001667284173890948
-0.001666139462031424
-0.001664972282014787
-0.00166378531139344
-0.001662581344135106
-0.001661364338360727
-0.001660138019360602
-0.001658906228840351
-0.00165767315775156
-0.001656442298553884
-0.001655217609368265
-0.001654002466239035
-0.001652799779549241
-0.001651612110435963
-0.001650441554374993
-0.001649289508350194
-0.001648156670853496
-0.001647043274715543
-0.001645949319936335
-0.001644873758777976
-0.001643815427087247
-0.001642772462219
-0.001641742652282119
-0.001640723668970168
-0.001639712951146066
-0.001638708054088056
-0.001637706067413092
-0.001636704546399415
-0.001635700813494623
-0.001634692423976958
-0.001633677631616592
-0.001632654806599021
-0.001631622551940382
-0.001630579819902778
-0.0016295260284096
-0.001628460944630206
-0.001627385034225881
-0.001626298879273236
-0.001625203294679523
-0.001624099677428603
-0.001622989540919662
-0.001621874282136559
-0.001620756229385734
-0.001619637128897011
-0.00161851872690022
-0.001617403235286474
-0.001616292167454958
-0.001615186687558889
-0.001614088308997452
-0.001612998079508543
-0.001611917046830058
-0.001610845443792641
-0.001609783503226936
-0.00160873110871762
-0.001607687794603407
-0.001606652862392366
-0.001605625497177243
-0.001604604651220143
-0.001603589160367846
-0.00160257751122117
-0.001601568423211575
-0.001600560732185841
-0.001599552808329463
-0.00159854325465858
-0.001597531023435295
-0.001596515299752355
-0.001595495385117829
-0.001594470697455108
-0.001593440771102905
-0.001592405955307186
-0.001591366017237306
-0.001590321538969874
-0.001589273218996823
-0.001588221988640726
-0.001587168546393514
-0.001586113823577762
-0.001585059333592653
-0.00158400577493012
-0.001582954311743379
-0.001581905875355005
-0.001580861047841609
-0.001579820993356407
-0.001578785828314722
-0.001577756134793162
-0.001576732262037694
-0.001575713977217674
-0.001574701396748424
-0.001573694054968655
-0.001572691486217082
-0.00157169287558645
-0.00157069752458483
-0.00156970473472029
-0.001568713574670255
-0.001567723113112152
-0.001566732418723404
-0.001565740793012083
-0.001564747653901577
-0.001563752419315279
-0.001562754856422544
-0.001561754732392728
-0.001560752047225833
-0.001559746917337179
-0.001558739808388054
-0.001557730720378458
-0.001556720468215644
-0.001555709750391543
-0.001554699265398085
-0.001553689478896558
-0.001552681205794215
-0.001551675028167665
-0.001550671411678195
-0.001549670705571771
-0.001548673491925001
-0.001547679887153208
-0.001546689658425748
-0.001545703038573265
-0.001544719678349793
-0.001543739577755332
-0.001542762387543917
-0.001541787525638938
-0.001540814526379108
-0.001539843156933784
-0.001538872718811035
-0.001537902979180217
-0.00153693335596472
-0.00153596349991858
-0.001534992828965187
-0.001534021575935185
-0.001533049158751965
-0.001532075926661491
-0.0015311015304178
-0.001530126552097499
-0.001529150875285268
-0.001528174849227071
-0.00152719859033823
-0.001526222797110677
-0.001525247935205698
-0.001524274353869259
-0.001523302518762648
-0.001522332662716508
-0.001521365251392126
-0.001520400168374181
-0.001519437879323959
-0.001518478384241462
-0.001517521333880723
-0.001516566728241742
-0.001515614450909197
-0.001514664036221802
-0.001513715018518269
-0.001512767281383276
-0.001511820359155536
-0.001510873902589083
-0.001509927911683917
-0.00150898180436343
-0.00150803558062762
-0.001507089356891811
-0.001506142667494714
-0.001505195978097618
-0.001504248823039234
-0.001503301784396172
-0.001502354745753109
-0.001501408172771335
-0.001500462298281491
-0.0014995172386989
-0.001498573459684849
-0.001497630844824016
-0.001496689859777689
-0.001495750388130546
-0.001494812546297908
-0.001493876450695097
-0.001492941984906793
-0.001492009381763637
-0.001491078641265631
-0.001490149181336164
-0.001489221234805882
-0.001488294452428818
-0.00148736871778965
-0.001486443914473057
-0.001485519926063716
-0.001484596403315663
-0.001483673346228898
-0.001482750521972775
-0.001481828163377941
-0.001480905921198428
-0.001479984144680202
-0.001479062717407942
-0.001478141988627613
-0.001477221958339214
-0.001476302510127425
-0.001475383876822889
-0.001474466174840927
-0.001473549637012184
-0.00147263437975198
-0.001471720519475639
-0.001470808056183159
-0.001469896989874542
-0.001468987320549786
-0.001468078931793571
-0.001467171590775251
-0.001466265530325472
-0.001465360284782946
-0.001464455970562994
-0.001463552471250296
-0.00146264978684485
-0.001461747800931334
-0.00146084651350975
-0.001459945808164775
-0.001459045568481088
-0.001458145794458687
-0.001457246602512896
-0.001456347992643714
-0.001455450081266463
-0.001454552868381143
-0.001453656353987753
-0.001452760887332261
-0.001451866119168699
-0.00145097216591239
-0.001450079376809299
-0.001449187751859426
-0.001448297058232129
-0.001447407645173371
-0.001446519163437188
-0.001445631845854223
-0.001444745459593832
-0.001443860004656017
-0.001442975481040776
-0.001442091888748109
-0.001441209111362696
-0.001440327148884535
-0.001439446001313627
-0.001438565435819328
-0.001437685685232282
-0.001436806633137167
-0.001435928395949304
-0.001435050973668694
-0.00143417448271066
-0.001433298806659877
-0.001432423945516348
-0.001431549899280071
-0.001430676551535726
-0.001429804251529276
-0.001428932882845402
-0.00142806232906878
-0.001427192473784089
-0.001426323549821973
-0.001425455557182431
-0.001424588263034821
-0.001423721783794463
-0.001422856003046036
-0.00142199092078954
-0.001421126537024975
-0.001420262968167663
-0.00141939998138696
-0.001418538042344153
-0.001417676685377955
-0.001416816259734333
-0.001415956648997962
-0.001415097853168845
-0.001414239872246981
-0.001413382589817047
-0.001412526238709688
-0.001411670818924904
-0.001410816214047372
-0.001409962424077094
-0.001409109565429389
-0.001408257870934904
-0.001407407107762992
-0.001406557392328978
-0.001405708491802216
-0.001404860522598028
-0.001404013484716415
-0.001403167261742055
-0.00140232197009027
-0.001401477493345737
-0.001400633598677814
-0.001399790402501822
-0.001398947788402438
-0.001398105872794986
-0.001397264655679464
-0.001396424020640552
-0.001395583967678249
-0.001394744380377233
-0.001393905491568148
-0.001393067184835672
-0.001392229693010449
-0.001391393248923123
-0.001390557736158371
-0.001389723154716194
-0.001388889388181269
-0.001388056436553597
-0.001387224299833179
-0.001386393094435334
-0.001385562471114099
-0.001384732546284795
-0.001383903436362743
-0.001383075024932623
-0.001382247428409755
-0.00138142064679414
-0.001380594563670456
-0.001379769411869347
-0.001378945191390812
-0.00137812178581953
-0.001377299311570823
-0.001376477652229369
-0.001375656807795167
-0.00137483689468354
-0.001374017796479166
-0.001373199396766722
-0.001372381579130888
-0.001371564343571663
-0.001370747690089047
-0.001369931385852396
-0.001369115663692355
-0.001368300523608923
-0.001367486314848065
-0.001366672920994461
-0.001365860342048109
-0.001365048810839653
-0.00136423809453845
-0.0013634281931445
-0.001362618990242481
-0.001361810602247715
-0.001361003029160202
-0.001360196270979941
-0.001359390444122255
-0.001358585548587143
-0.001357781235128641
-0.001356977736577392
-0.001356174703687429
-0.001355372602120042
-0.00135457084979862
-0.001353769795969129
-0.001352969324216247
-0.001352169550955296
-0.001351370592601597
-0.00135057233273983
-0.001349774422124028
-0.001348977326415479
-0.001348180812783539
-0.001347384881228209
-0.001346589415334165
-0.001345794531516731
-0.001345000346191227
-0.001344206742942333
-0.00134341383818537
-0.001342621864750981
-0.001341830589808524
-0.001341040013357997
-0.001340250251814723
-0.00133946118876338
-0.001338673057034612
-0.001337885623797774
-0.001337099121883512
-0.001336313667707145
-0.00133552891202271
-0.001334745087660849
-0.001333962078206241
-0.001333179650828242
-0.001332398038357496
-0.001331617124378681
-0.001330837141722441
-0.001330057857558131
-0.001329279271885753
-0.001328501617535949
-0.001327724545262754
-0.00132694817148149
-0.001326172612607479
-0.001325397635810077
-0.001324623241089284
-0.001323849428445101
-0.001323076081462204
-0.001322303432971239
