0
0
0
0
0
0
0
0
0
0
0
0
0
0
0
0
0
0
0
0
0
0
0
0
0
0
0
0
0
0
0
0
0
0
0
0
0
0
0
0
0
0
0
0
0
0
0
0
0
0
0
0
0
0
0
0
0
0
0
0
0
0
0
0
0
0
0
0
0
0
0
0
0
0
0
0
0
0
0
0
0
0
0
0
0
0
0
0
0
0
0
0
0
0
0
0
0
0
0
0
0
0
0
0
0
0
0
0
0
0
0
0
0
0
0
0
0
0
0
0
0
0
0
0
0
0
0
0
0
0
0
0
0
0
0
0
0
0
0
0
0
0
0
0
0
0
0
0
0
0
0
0
0
0
0
0
0
0
0
0
0
0
0
0
0
0
0
0
0
0
0
0
0
0
0
0
0
0
0
0
0
0
0
0
0
0
0
0
0
0
0
0
0
0
0
0
0
0
0
0
0
0
0
0
0
0
0
0
0
0
0
0
0
0
0
0
0
0
0
0
0
0
0
0
0
0
0
0
0
0
0
0
0
0
0
0
0
0
0
0
0
0
0
0
0
0
0
0
0
0
0
0
0
0
0
0
0
0
0
0
0
0
0
0
0
0
0
0
0
0
0
0
0
0
0
0
0
0
0
0
0
0
0
0
0
0
0
0
0
0
0
0
0
0
0
0
0
0
0
0
0
0
0
0
0
0
0
0
0
0
0
0
0
0
0
0
0
0
0
0
0
0
0
0
0
0
0
0
0
0
0
0
0
0
0
0
0
0
0
0
0
0
0
0
0
0
0
0
0
0
0
0
0
0
0
0
0
0
0
0
0
0
0
0
0
0
0
0
0
0
0
0
0
0
0
0
0
0
0
0
0
0
0
0
0
0
0
0
0
0
0
0
0
0
0
0
0
0
0
0
0
0
0
0
0
0
0
0
0
0
0
0
0
0
0
0
0
0
0
0
0
0
0
0
0
0
0
0
0
0
0
0
0
0
0
0
0
0
0
0
0
0
0
0
0
0
0
0
0
0
0
0
0
0
0
0
0
0
0
0
0
0
0
0
0
0
0
0
0
0
0
0
0
0
0
0
0
0
0
0
0
0
0
0
0
0
0
0
0
0
0
0
0
0
0
0
0
0
0
0
0
0
0
0
0
0
0
0
0
0
0
0
0
0
0
0
0
0
0
0
0
0
0
0
0
0
0
0
0
0
0
0
0
0
0
0
0
0
0
0
0
0
0
0
0
0
0
0
0
0
0
0
0
0
0
0
0
0
0
0
0
0
0
0
0
0
0
0
0
0
0
0
0
0
0
0
0
0
0
0
0
0
0
0
0
0
0
0
0
0
0
0
0
0
0
0
0
0
0
0
0
0
0
0
0
0
0
0
0
0
0
0
0
0
0
0
0
0
0
0
0
0
0
0
0
0
0
0
0
0
0
0
0
0
0
0
0
0
0
0
0
0
0
0
0
0
0
0
0
0
0
0
0
0
0
0
0
0
0
0
0
0
0
0
0
0
0
0
0
0
0
0
0
0
0
0
0
0
0
0
0
0
0
0
0
0
0
0
0
0
0
0
0
0
0
0
0
0
0
0
0
0
0
0
0
0
0
0
0
0
0
0
0
0
0
0
0
0
0
0
0
0
0
0
0
0
0
0
0
0
0
0
0
0
0
0
0
0
0
0
0
0
0
0
0
0
0
0
0
0
0
0
0
0
0
0
0
0
0
0
0
0
0
0
0
0
0
0
0
0
0
0
0
0
0
0
0
0
0
0
0
0
0
0
0
0
0
0
0
0
0
0
0
0
0
0
0
0
0
0
0
0
0
0
0
0
0
0
0
0
0
0
0
0
0
0
0
0
0
0
0
0
0
0
0
0
0
0
0
0
0
0
0
0
0
0
0
0
0
0
0
0
0
0
0
0
0
0
2.802596928649634e-45
1.68155815718978e-44
4.484155085839415e-44
9.809089250273719e-44
1.961817850054744e-43
3.811531822963502e-43
7.42688186092153e-43
1.412508852039416e-42
2.698900842289598e-42
5.123147185571531e-42
9.708195760842333e-42
1.834720079340483e-41
3.456723051796459e-41
6.497540719381312e-41
1.218148755037563e-40
2.278160978376071e-40
4.249970086481451e-40
7.90850814310997e-40
1.46799746862975e-39
2.718172900069457e-39
5.020580545773741e-39
9.250416775919773e-39
1.700208038451479e-38
3.11730726400033e-38
5.701601510086659e-38
1.040296290257089e-37
1.893490985349774e-37
3.438101700971493e-37
6.227680678991427e-37
1.125354232631364e-36
2.0286656610462e-36
3.648320057275967e-36
6.545450867248048e-36
1.171529783754554e-35
2.091882167375903e-35
3.726438774139061e-35
6.62256814672413e-35
1.174187531711959e-34
2.076968800264659e-34
3.665274956165396e-34
6.453124194678574e-34
1.133503947736488e-33
1.986407475698112e-33
3.473031120283065e-33
6.058241112090812e-33
1.054349666268069e-32
1.830735326184976e-32
3.171552231064467e-32
5.481835032708005e-32
9.453454873691427e-32
1.626552457032244e-31
2.792292790830278e-31
4.782684964625647e-31
8.173400300363497e-31
1.393658861289703e-30
2.371020065778067e-30
4.02477266275218e-30
6.816747035672708e-30
1.151980401297365e-29
1.942438624666003e-29
3.268029874314279e-29
5.486098113434539e-29
9.189294867948652e-29
1.535833074892844e-28
2.561245362568246e-28
4.261925522155999e-28
7.076365913016787e-28
1.172374609127748e-27
1.938100666077797e-27
3.196996714992168e-27
5.262183335124257e-27
8.642705381190985e-27
1.416430878352228e-26
2.316354308639021e-26
3.779900983076343e-26
6.154937452674469e-26
1.000084082531694e-25
1.621515177076335e-25
2.623486855842803e-25
4.235572186873353e-25
6.823737549165853e-25
1.097012260120912e-24
1.759873146116402e-24
2.817303127026492e-24
4.500595825831528e-24
7.174510861559617e-24
1.141306129417302e-23
1.811762325980442e-23
2.870061513278949e-23
4.537051139300144e-23
7.157317322585963e-23
1.126736972903137e-22
1.770076896264646e-22
2.774984210449368e-22
4.341393629292777e-22
6.777971657531711e-22
1.056023683307517e-21
1.641921406123474e-21
2.547635305358239e-21
3.944844132207779e-21
6.095810588981504e-21
9.400338167200462e-21
1.446662635642526e-20
2.221796139324922e-20
3.405301602841359e-20
5.208620284809742e-20
7.950726277245016e-20
1.211181246601842e-19
1.841327049503826e-19
2.793659313254303e-19
4.22997572889138e-19
6.391831388350383e-19
9.639110862662055e-19
1.450687851599574e-18
2.178900232968541e-18
3.266090802212046e-18
4.885935848307795e-18
7.294522837481539e-18
1.086867596573334e-17
1.616173604946932e-17
2.398457169956297e-17
3.552299016468151e-17
5.250752276945732e-17
7.745847634377619e-17
1.14038798545925e-16
1.675612090612584e-16
2.45715390622306e-16
3.596085789106421e-16
5.252515892186145e-16
7.65676015005676e-16
1.113945416790984e-15
1.617426671078387e-15
2.343839903182188e-15
3.389803832055081e-15
4.89288624333094e-15
7.048557142005875e-15
1.013399196644286e-14
1.454141609913157e-14
2.082471836032523e-14
2.976449720915909e-14
4.245857002571282e-14
6.044774056301883e-14
8.589010985727771e-14
1.218022129554144e-13
1.723917097398373e-13
2.435158736983911e-13
3.433113981900909e-13
4.830582548548401e-13
6.783620431875803e-13
9.507681100751064e-13
1.329960989428225e-12
1.856755417820044e-12
2.587154015326609e-12
3.59783925742152e-12
4.993594947266811e-12
6.91730830601478e-12
9.563420368119413e-12
1.319598423588086e-11
1.817283996896624e-11
2.497791903866009e-11
3.426432748643293e-11
4.691164123826752e-11
6.410198066797435e-11
8.742075813250594e-11
1.189898318765259e-10
1.616430739259656e-10
2.191574144383424e-10
2.965561129997241e-10
4.005058784617432e-10
5.398361757613657e-10
7.262160317544897e-10
9.7503471963023e-10
1.30654498331495e-09
1.747343492120024e-09
2.332283477457509e-09
3.106941148800502e-09
4.130788155976006e-09
5.481259002237948e-09
7.258965428746933e-09
9.59434842684459e-09
1.265615967582789e-08
1.666223958807223e-08
2.189318593082135e-08
2.870965687407079e-08
3.757419264616146e-08
4.907869666226361e-08
6.397896612497789e-08
8.323793565523374e-08
1.080797034092029e-07
1.400569971110599e-07
1.811349079616775e-07
2.337949212005697e-07
3.011635385519185e-07
3.871710134717432e-07
4.967468498762173e-07
6.360597240018251e-07
8.128116064654023e-07
1.036596017911506e-06
1.319335865446192e-06
1.67581436016917e-06
2.124317916241125e-06
2.687413370949798e-06
3.392884991626488e-06
4.274857928976417e-06
5.375146884034621e-06
6.744863185303984e-06
8.446331776212901e-06
1.055536631611176e-05
1.316395901085343e-05
1.638346293475479e-05
2.03483177756425e-05
2.5220444513252e-05
3.119434768450446e-05
3.85030907636974e-05
4.742521559819579e-05
5.829273140989244e-05
7.150034798542038e-05
8.751606947043911e-05
0.0001068933052010834
0.0001302846503676847
0.0001584575657034293
0.000192312101717107
0.0002329007547814399
0.0002814508334267884
0.0003393891674932092
0.0004083699313923717
0.0004903047811239958
0.0005873965565115213
0.0007021754863671958
0.0008375386823900044
0.0009967929217964411
0.001183699583634734
0.001402523834258318
0.001658084220252931
0.001955806044861674
0.002301776083186269
0.002702797064557672
0.00316644343547523
0.003701115259900689
0.004316090140491724
0.005021572113037109
0.005828736815601587
0.006749762687832117
0.007797863334417343
0.008987301029264927
0.01033338997513056
0.01185247674584389
0.0135619156062603
0.01548000331968069
0.01762590371072292
0.0200195349752903
0.02268143370747566
0.0256325751543045
0.02889417298138142
0.0324874259531498
0.03643323108553886
0.04075185209512711
0.04546257480978966
0.05058326572179794
0.05612996220588684
0.06211637705564499
0.06855340301990509
0.07544857263565063
0.08280552923679352
0.09062348306179047
0.09889663755893707
0.1076137274503708
0.1167574375867844
0.1263040453195572
0.1362229734659195
0.1464765518903732
0.1570197939872742
0.1678003072738647
0.178758442401886
0.1898273378610611
0.200933426618576
0.2119969576597214
0.2229327410459518
0.2336510419845581
0.2440587282180786
0.2540606260299683
0.2635608315467834
0.2724645733833313
0.2806797325611115
0.288118839263916
0.2947008907794952
0.300353467464447
0.305014431476593
0.3086338043212891
0.3111754655838013
0.3126187920570374
0.3129596412181854
0.3122114837169647
0.3104060888290405
0.3075935244560242
0.303842157125473
0.299237996339798
0.2938836514949799
0.2878966331481934
0.2814076244831085
0.2745578587055206
0.2674964368343353
0.2603774070739746
0.2533560991287231
0.2465859800577164
0.2402147203683853
0.2343808114528656
0.2292100340127945
0.2248120903968811
0.2212778031826019
0.2186765074729919
0.2170540243387222
0.2164313644170761
0.2168038040399551
0.218141034245491
0.2203878164291382
0.2234655022621155
0.2272742539644241
0.2316960394382477
0.2365981936454773
0.2418375611305237
0.2472650557756424
0.2527304291725159
0.2580872774124146
0.2631978988647461
0.2679378986358643
0.2722005546092987
0.2759004533290863
0.2789765000343323
0.281393975019455
0.2831457555294037
0.2842524349689484
0.2847614586353302
0.2847452461719513
0.2842983603477478
0.2835335433483124
0.2825774252414703
0.2815654873847961
0.2806365191936493
0.2799271047115326
0.2795660793781281
0.2796691954135895
0.2803345918655396
0.2816386222839355
0.2836326062679291
0.2863407731056213
0.2897592484951019
0.2938560545444489
0.2985723912715912
0.3038251101970673
0.3095099925994873
0.3155059516429901
0.3216801881790161
0.3278933465480804
0.3340052366256714
0.3398804664611816
0.3453938364982605
0.3504350185394287
0.3549128770828247
0.3587586581707001
0.3619279861450195
0.3644021153450012
0.3661880195140839
0.367316871881485
0.3678420186042786
0.3678358197212219
0.3673857450485229
0.3665900528430939
0.365553081035614
0.3643803298473358
0.3631740510463715
0.3620288074016571
0.3610280454158783
0.3602409660816193
0.3597206175327301
0.3595025837421417
0.3596049547195435
0.3600286543369293
0.3607591092586517
0.361768364906311
0.3630175888538361
0.3644601702690125
0.3660450279712677
0.3677195012569427
0.3694323897361755
0.371136486530304
0.3727908730506897
0.3743622601032257
0.3758261799812317
0.3771669566631317
0.378377765417099
0.3794596195220947
0.3804202079772949
0.381272554397583
0.3820330500602722
0.3827199041843414
0.3833514750003815
0.3839447796344757
0.3845145106315613
0.3850719630718231
0.3856248557567596
0.3861771821975708
0.3867296278476715
0.3872800171375275
0.3878243565559387
0.3883576691150665
0.388874888420105
0.3893719911575317
0.3898465037345886
0.3902983963489532
0.390730082988739
0.3911464512348175
0.3915546834468842
0.3919637799263
0.3923835456371307
0.3928240239620209
0.3932944238185883
0.3938023149967194
0.3943527340888977
0.3949476778507233
0.3955858647823334
0.3962623476982117
0.3969689011573792
0.3976945281028748
0.3984261751174927
0.3991495072841644
0.3998501896858215
0.4005146324634552
0.4011311531066895
0.4016909897327423
0.4021885693073273
0.4026225209236145
0.4029951691627502
0.4033128321170807
0.4035852551460266
0.4038247764110565
0.4040454924106598
0.4042623937129974
0.4044899642467499
0.404741495847702
0.4050278961658478
0.4053570330142975
0.4057332873344421
0.4061572551727295
0.4066258072853088
0.4071325361728668
0.4076681137084961
0.4082212150096893
0.4087794125080109
0.4093300998210907
0.4098615050315857
0.4103634655475616
0.410828173160553
0.4112507104873657
0.4116291999816895
0.4119649827480316
0.4122622311115265
0.4125276207923889
0.4127696752548218
0.4129980206489563
0.4132225811481476
0.4134527742862701
0.4136969745159149
0.41396164894104
0.4142512083053589
0.4145674705505371
0.4149100482463837
0.4152760803699493
0.4156608879566193
0.4160583913326263
0.4164616465568542
0.4168634116649628
0.4172568917274475
0.4176360666751862
0.4179963767528534
0.4183348417282104
0.4186502397060394
0.4189431667327881
0.4192158877849579
0.4194719791412354
0.419715940952301
0.4199528992176056
0.4201879799365997
0.4204259812831879
0.4206709861755371
0.420926034450531
0.4211930632591248
0.4214727282524109
0.4217644929885864
0.4220668971538544
0.4223775267601013
0.4226935803890228
0.4230120778083801
0.4233303368091583
0.4236460030078888
0.4239576160907745
0.4242646098136902
0.4245675504207611
0.4248679876327515
0.4251685738563538
0.4254729747772217
0.4257857203483582
0.4261117577552795
0.42645663022995
0.4268262386322021
0.4272266924381256
0.4276640117168427
0.4281445443630219
0.428674727678299
0.4292612671852112
0.429911196231842
0.4306321442127228
0.4314324557781219
0.4323213398456573
0.4333091080188751
0.434407114982605
0.4356279373168945
0.4369853138923645
0.4384941160678864
0.4401699006557465
0.4420288503170013
0.4440876245498657
0.4463626146316528
0.4488697648048401
0.4516240060329437
0.4546387791633606
0.457925409078598
0.4614927768707275
0.4653465747833252
0.4694889485836029
0.4739179909229279
0.4786272644996643
0.4836054146289825
0.4888359010219574
0.4942968487739563
0.499960720539093
0.5057944655418396
0.5117596983909607
0.5178128480911255
0.523905873298645
0.5299868583679199
0.536000669002533
0.5418906807899475
0.5475992560386658
0.5530699491500854
0.5582484602928162
0.5630847811698914
0.5675345659255981
0.5715610384941101
0.5751366019248962
0.5782439708709717
0.5808776021003723
0.5830443501472473
0.5847638249397278
0.5860685110092163
0.5870030522346497
0.5876234173774719
0.5879949927330017
0.5881906747817993
0.5882886648178101
0.5883690118789673
0.5885112881660461
0.5887908935546875
0.5892759561538696
0.5900248289108276
0.5910826921463013
0.5924800038337708
0.5942305326461792
0.5963307619094849
0.5987600088119507
0.6014807820320129
0.6044409275054932
0.6075758337974548
0.610811710357666
0.6140694618225098
0.6172686219215393
0.6203315854072571
0.6231881380081177
0.6257790923118591
0.6280599236488342
0.6300030946731567
0.6315998435020447
0.6328604817390442
0.6338140368461609
0.6345064043998718
0.634997546672821
0.6353573799133301
0.6356619596481323
0.635988175868988
0.6364091634750366
0.6369891762733459
0.6377798914909363
0.6388166546821594
0.6401166319847107
0.6416777372360229
0.6434791684150696
0.6454827785491943
0.6476361751556396
0.6498767733573914
0.6521362662315369
0.6543461680412292
0.6564424633979797
0.6583704352378845
0.6600888967514038
0.6615726351737976
0.6628146171569824
0.6638258099555969
0.6646339297294617
0.6652809977531433
0.6658198237419128
0.6663092374801636
0.6668093204498291
0.6673761606216431
0.668057382106781
0.6688888072967529
0.6698909401893616
0.6710680723190308
0.6724082827568054
0.6738848686218262
0.6754589080810547
0.6770831942558289
0.6787065863609314
0.6802782416343689
0.6817528009414673
0.6830935478210449
0.6842758655548096
0.6852887272834778
0.686134934425354
0.6868305802345276
0.6874025464057922
0.6878854632377625
0.6883177161216736
0.6887372136116028
0.6891777515411377
0.6896651983261108
0.6902146935462952
0.690829336643219
0.6914997696876526
0.692205011844635
0.6929143667221069
0.6935902833938599
0.6941918730735779
0.6946781873703003
0.6950116157531738
0.6951607465744019
0.6951024532318115
0.6948227286338806
0.6943163871765137
0.6935864686965942
0.6926416158676147
0.6914940476417542
0.6901565790176392
0.6886393427848816
0.6869476437568665
0.6850801110267639
0.6830278635025024
0.6807739734649658
0.6782944202423096
0.675559937953949
0.672538161277771
0.6691961288452148
0.6655027270317078
0.6614314913749695
0.6569623947143555
0.6520828008651733
0.6467888951301575
0.6410845518112183
0.6349812150001526
0.6284962892532349
0.6216516494750977
0.614471971988678
0.6069833636283875
0.5992118716239929
0.5911832451820374
0.5829229950904846
0.5744566917419434
0.56581050157547
0.5570133328437805
0.5480973720550537
0.5390998125076294
0.5300636887550354
0.521038830280304
0.5120814442634583
0.503254234790802
0.4946248531341553
0.4862649142742157
0.4782480597496033
0.4706480205059052
0.4635363817214966
0.4569811820983887
0.4510450661182404
0.4457840025424957
0.4412464499473572
0.4374725222587585
0.4344938099384308
0.4323330819606781
0.4310043454170227
0.4305124580860138
0.4308532476425171
0.4320130348205566
0.4339683353900909
0.4366852939128876
0.4401192963123322
0.4442145526409149
0.4489038586616516
0.4541089236736298
0.4597404003143311
0.4656992256641388
0.47187739610672
0.4781601130962372
0.4844276905059814
0.4905580580234528
0.4964292943477631
0.5019223690032959
0.5069236755371094
0.5113279819488525
0.5150402784347534
0.5179780721664429
0.5200731754302979
0.5212733149528503
0.5215429663658142
0.5208643078804016
0.5192374587059021
0.516680896282196
0.5132308602333069
0.5089409351348877
0.5038810968399048
0.498136430978775
0.491805374622345
0.4849977493286133
0.4778322577476501
0.4704339802265167
0.4629312753677368
0.4554527699947357
0.4481240510940552
0.4410649836063385
0.4343859553337097
0.4281855523586273
0.4225479960441589
0.4175412058830261
0.4132151305675507
0.4096009731292725
0.4067107141017914
0.4045373201370239
0.4030552506446838
0.4022221267223358
0.4019804298877716
0.4022596478462219
0.402978926897049
0.4040498435497284
0.4053793847560883
0.4068731069564819
0.4084384143352509
0.409987211227417
0.4114388525485992
0.4127227067947388
0.4137801229953766
0.4145661294460297
0.4150505363941193
0.4152184426784515
0.4150703251361847
0.4146212637424469
0.4138999283313751
0.4129468500614166
0.4118121862411499
0.4105534851551056
0.4092328548431396
0.4079141914844513
0.4066603779792786
0.405530720949173
0.4045785069465637
0.4038489758968353
0.4033778011798859
0.4031897783279419
0.403298556804657
0.4037066698074341
0.4044061303138733
0.4053796827793121
0.4066023528575897
0.4080435037612915
0.4096691310405731
0.4114446938037872
0.4133373200893402
0.4153186082839966
0.4173669219017029
0.4194693267345428
0.4216233789920807
0.4238381385803223
0.4261345863342285
0.4285458028316498
0.4311158061027527
0.4338987171649933
0.4369563162326813
0.4403559565544128
0.4441675245761871
0.448460191488266
0.4532991349697113
0.4587421417236328
0.4648363590240479
0.4716152250766754
0.4790959358215332
0.4872772395610809
0.4961380064487457
0.50563645362854
0.5157099962234497
0.5262760519981384
0.5372335910797119
0.5484652519226074
0.5598403811454773
0.5712183713912964
0.5824528932571411
0.5933960676193237
0.6039029359817505
0.6138362288475037
0.623071014881134
0.6314985752105713
0.6390303373336792
0.6456013917922974
0.6511726975440979
0.6557332277297974
0.6593005657196045
0.6619212627410889
0.6636690497398376
0.6646437644958496
0.66496741771698
0.6647809743881226
0.6642394065856934
0.6635066866874695
0.6627498269081116
0.662132740020752
0.6618104577064514
0.6619225740432739
0.6625884175300598
0.6639014482498169
0.6659252643585205
0.6686908602714539
0.6721945405006409
0.6763978600502014
0.6812285780906677
0.6865835785865784
0.6923325657844543
0.69832444190979
0.7043939828872681
0.7103692889213562
0.7160806059837341
0.7213691473007202
0.7260951399803162
0.7301455736160278
0.7334408760070801
0.7359395027160645
0.7376407980918884
0.7385851740837097
0.7388524413108826
0.7385571002960205
0.7378419637680054
0.7368689179420471
0.7358090877532959
0.7348313331604004
0.7340914011001587
0.7337208390235901
0.733817458152771
0.7344382405281067
0.7355942130088806
0.7372483611106873
0.7393174767494202
0.7416772842407227
0.7441696524620056
0.7466137409210205
0.7488184571266174
0.7505961060523987
0.751776397228241
0.7522187829017639
0.7518241405487061
0.7505419850349426
0.7483755946159363
0.7453820109367371
0.7416682839393616
0.7373837828636169
0.7327088117599487
0.7278411984443665
0.7229810357093811
0.7183154225349426
0.7140039801597595
0.710167407989502
0.7068787813186646
0.7041592597961426
0.7019789218902588
0.7002615928649902
0.6988943219184875
0.6977400779724121
0.6966527104377747
0.6954932808876038
0.6941450238227844
0.6925262808799744
0.690600574016571
0.688381552696228
0.6859331130981445
0.6833640933036804
0.680818498134613
0.678461492061615
0.6764634251594543
0.6749820113182068
0.6741462349891663
0.6740418076515198
0.6747013330459595
0.6760993599891663
0.6781525015830994
0.6807258725166321
0.6836445331573486
0.6867086291313171
0.6897113919258118
0.6924576759338379
0.6947811245918274
0.6965583562850952
0.6977187991142273
0.6982488632202148
0.6981900930404663
0.6976321935653687
0.6967005729675293
0.6955412626266479
0.6943036913871765
0.6931241750717163
0.6921119689941406
0.6913385987281799
0.6908326745033264
0.6905800104141235
0.6905292868614197
0.6906023621559143
0.690707266330719
0.6907532215118408
0.6906649470329285
0.6903948783874512
0.6899306774139404
0.6892987489700317
0.6885617971420288
0.6878107190132141
0.6871538162231445
0.6867018938064575
0.6865533590316772
0.6867803931236267
0.6874176859855652
0.6884567737579346
0.6898443698883057
0.6914874911308289
0.6932628750801086
0.6950309276580811
0.6966512799263
0.6979990005493164
0.6989786028862
0.6995346546173096
0.6996574401855469
0.6993827819824219
0.6987865567207336
0.6979745626449585
0.697068452835083
0.6961914300918579
0.6954529881477356
0.6949370503425598
0.6946938633918762
0.6947361826896667
0.6950412392616272
0.6955569982528687
0.6962121725082397
0.6969279050827026
0.6976301074028015
0.6982599496841431
0.6987811326980591
0.6991840004920959
0.6994840502738953
0.6997174024581909
0.6999325752258301
0.70018070936203
0.7005058526992798
0.7009362578392029
0.7014788389205933
0.702117383480072
0.7028146982192993
0.7035182118415833
0.7041682004928589
0.7047077417373657
0.7050920724868774
0.7052963972091675
0.7053206562995911
0.7051903009414673
0.7049534916877747
0.7046746611595154
0.7044252157211304
0.70427405834198
0.7042773962020874
0.704471230506897
0.7048661708831787
0.7054469585418701
0.706174910068512
0.7069938778877258
0.7078388333320618
0.7086452841758728
0.7093579769134521
0.7099384665489197
0.7103689908981323
0.710654079914093
0.7108176946640015
0.7108983397483826
0.7109420895576477
0.7109946012496948
0.7110946774482727
0.7112681269645691
0.7115256190299988
0.7118621468544006
0.7122600078582764
0.7126927375793457
0.7131314277648926
0.7135502099990845
0.7139307856559753
0.7142657041549683
0.7145591378211975
0.7148250341415405
0.7150841951370239
0.715359091758728
0.7156699895858765
0.7160297632217407
0.7164417505264282
0.7168989181518555
0.7173846960067749
0.7178760766983032
0.7183477282524109
0.7187769412994385
0.7191472053527832
0.7194514274597168
0.7196935415267944
0.7198876142501831
0.7200552225112915
0.7202221751213074
0.7204141020774841
0.7206519246101379
0.7209490537643433
0.7213089466094971
0.7217251062393188
0.7221825122833252
0.7226608395576477
0.723137378692627
0.7235916256904602
0.7240080237388611
0.7243784666061401
0.724702775478363
0.7249884605407715
0.7252485752105713
0.7254984378814697
0.7257534265518188
0.7260258197784424
0.7263228893280029
0.7266461253166199
0.7269911170005798
0.7273494005203247
0.7277103662490845
0.72806316614151
0.7283992767333984
0.7287135124206543
0.7290048003196716
0.7292759418487549
0.72953200340271
0.7297792434692383
0.7300229072570801
0.7302658557891846
0.7305071949958801
0.7307422161102295
0.7309626340866089
0.7311577796936035
0.7313159108161926
0.7314261794090271
0.731479287147522
0.731468677520752
0.7313904762268066
0.7312430143356323
0.7310255169868469
0.7307369709014893
0.7303745746612549
0.7299327254295349
0.7294024229049683
0.7287710905075073
0.7280236482620239
0.7271429896354675
0.7261120080947876
0.7249142527580261
0.7235358953475952
0.7219661474227905
0.7201974987983704
0.7182257771492004
0.7160502076148987
0.7136723399162292
0.7110957503318787
0.7083259224891663
0.7053706645965576
0.7022403478622437
0.6989489793777466
0.6955152153968811
0.6919640302658081
0.688327431678772
0.6846453547477722
0.6809664964675903
0.6773480176925659
0.6738553643226624
0.6705613732337952
0.6675459146499634
0.6648944020271301
0.6626969575881958
0.6610479354858398
0.6600437164306641
0.6597824692726135
0.6603626012802124
0.6618809103965759
0.6644309163093567
0.6681004166603088
0.6729686856269836
0.679103672504425
0.6865586638450623
0.6953691840171814
0.7055504322052002
0.7170941233634949
0.7299667596817017
0.7441080212593079
0.7594294548034668
0.775814950466156
0.7931206226348877
0.8111763596534729
0.8297878503799438
0.8487390875816345
0.8677963018417358
0.8867122530937195
0.9052314758300781
0.9230965375900269
0.9400547742843628
0.9558653831481934
0.9703069925308228
0.9831852316856384
0.9943399429321289
1.003651261329651
1.011045455932617
1.016498446464539
1.020038723945618
1.021747350692749
1.02175760269165
1.020250797271729
1.017451882362366
1.013623118400574
1.009054660797119
1.004056215286255
0.998945951461792
0.99403977394104
0.9896396398544312
0.9860232472419739
0.9834334254264832
0.9820687770843506
0.9820764660835266
0.9835460782051086
0.9865069389343262
0.9909264445304871
0.9967123866081238
1.003716707229614
1.011742115020752
1.020552039146423
1.029880404472351
1.039443850517273
1.048954844474792
1.058134794235229
1.066727161407471
1.07450807094574
1.081297159194946
1.086964845657349
1.091437816619873
1.094701409339905
1.096798300743103
1.097825884819031
1.097928762435913
1.097291111946106
1.09612512588501
1.094659090042114
1.093125581741333
1.091748118400574
1.090730309486389
1.090245366096497
1.090427756309509
1.091367959976196
1.093109369277954
1.09564745426178
1.098933458328247
1.102878332138062
1.107360124588013
1.112232804298401
1.117335677146912
1.122503757476807
1.127577066421509
1.132410168647766
1.136879444122314
1.140889048576355
1.144374847412109
1.147306442260742
1.149686455726624
1.151548504829407
1.152952551841736
1.153980016708374
1.154727101325989
1.155298233032227
1.155799269676208
1.156331300735474
1.15698504447937
1.157836675643921
1.158944964408875
1.160348415374756
1.162065744400024
1.164096117019653
1.166420578956604
1.169004678726196
1.171801328659058
1.17475426197052
1.177801370620728
1.180878281593323
1.183921575546265
1.186871767044067
1.189676642417908
1.19229257106781
1.194687008857727
1.196839690208435
1.19874382019043
1.200405836105347
1.201845049858093
1.2030930519104
1.204192042350769
1.205192565917969
1.206150770187378
1.207124710083008
1.208171486854553
1.209342837333679
1.210681915283203
1.212219715118408
1.213972568511963
1.215940833091736
1.21810781955719
1.220440745353699
1.222892999649048
1.225407361984253
1.227920293807983
1.230367064476013
1.232686519622803
1.234827399253845
1.236752271652222
1.238440752029419
1.239892244338989
1.241126298904419
1.242180109024048
1.243106722831726
1.243969559669495
1.244836688041687
1.245774984359741
1.246843695640564
1.248088359832764
1.249536991119385
1.251197218894958
1.253055572509766
1.25507926940918
1.257219076156616
1.259414076805115
1.261598467826843
1.263707637786865
1.265684843063354
1.267487049102783
1.269088745117188
1.270484924316406
1.271690487861633
1.272738814353943
1.273677945137024
1.27456521987915
1.275460958480835
1.276422619819641
1.277497529983521
1.278719425201416
1.280104279518127
1.281649589538574
1.283334970474243
1.285124778747559
1.286972761154175
1.288827419281006
1.290637731552124
1.292358636856079
1.293956637382507
1.295412182807922
1.296721816062927
1.297897815704346
1.2989661693573
1.299963355064392
1.300931215286255
1.301912665367126
1.302946090698242
1.304061532020569
1.305276989936829
1.306597590446472
1.3080153465271
1.309510707855225
1.311055421829224
1.312616229057312
1.314159631729126
1.315654873847961
1.317078351974487
1.318415880203247
1.319663286209106
1.32082724571228
1.3219233751297
1.322973728179932
1.324003577232361
1.325038552284241
1.326101660728455
1.327209711074829
1.328372478485107
1.329591274261475
1.330859780311584
1.332165837287903
1.333492040634155
1.334819078445435
1.336128234863281
1.337403416633606
1.338633298873901
1.3398118019104
1.340939283370972
1.342020750045776
1.343065738677979
1.344085574150085
1.34509265422821
1.346097826957703
1.347109198570251
1.348130583763123
1.349161863327026
1.350198030471802
1.351230025291443
1.352246284484863
1.353233218193054
1.35417640209198
1.3550626039505
1.355879306793213
1.356616139411926
1.357264518737793
1.357817053794861
1.358267307281494
1.358608484268188
1.358832716941833
1.358930110931396
1.358888030052185
1.358690619468689
1.358318090438843
1.357747912406921
1.356954216957092
1.355908155441284
1.354579567909241
1.352936625480652
1.350947141647339
1.348578572273254
1.345798373222351
1.342575073242188
1.338877201080322
1.334674715995789
1.329938411712646
1.324640274047852
1.318753719329834
1.312254548072815
1.305121064186096
1.297335147857666
1.288883209228516
1.279756665229797
1.269953489303589
1.259478449821472
1.248344779014587
1.236574053764343
1.224197626113892
1.211256265640259
1.197801113128662
1.183892726898193
1.169601798057556
1.155008435249329
1.140201330184937
1.125277161598206
1.110339403152466
1.095497012138367
1.080862879753113
1.066552519798279
1.052681088447571
1.03936243057251
1.026705622673035
1.01481294631958
1.003777384757996
0.9936794638633728
0.984585702419281
0.9765456318855286
0.9695899486541748
0.9637286067008972
0.9589494466781616
0.9552170634269714
0.9524728655815125
0.9506352543830872
0.9496009945869446
0.9492462873458862
0.9494299292564392
0.9499963521957397
0.9507794976234436
0.9516077637672424
0.9523088335990906
0.9527155160903931
0.9526711106300354
0.9520353674888611
0.9506897926330566
0.9485424757003784
0.9455323815345764
0.9416326880455017
0.9368528723716736
0.9312390685081482
0.9248737096786499
0.9178733229637146
0.9103846549987793
0.9025797247886658
0.8946496844291687
0.8867971301078796
0.8792284727096558
0.8721458315849304
0.8657377958297729
0.8601723909378052
0.8555891513824463
0.8520933389663696
0.8497514724731445
0.8485881090164185
0.8485856652259827
0.8496856093406677
0.8517919182777405
0.8547770977020264
0.858489990234375
0.8627645969390869
0.8674311637878418
0.8723267912864685
0.8773071765899658
0.8822572827339172
0.8871004581451416
0.8918064832687378
0.8963966965675354
0.9009466767311096
0.9055855870246887
0.9104926586151123
0.9158903956413269
0.9220349192619324
0.9292042255401611
0.9376842379570007
0.9477543830871582
0.959672749042511
0.9736619591712952
0.9898966550827026
1.008493661880493
1.02950394153595
1.052909731864929
1.078624606132507
1.106496691703796
1.136317253112793
1.167830467224121
1.200746893882751
1.234758496284485
1.269552946090698
1.304829001426697
1.340309381484985
1.375750541687012
1.41094970703125
1.445747971534729
1.48002827167511
1.513709425926208
1.546738028526306
1.579075932502747
1.610687017440796
1.64152204990387
1.671508193016052
1.700537323951721
1.728459477424622
1.75508189201355
1.780171990394592
1.803467035293579
1.824687004089355
1.843553304672241
1.859809398651123
1.873243093490601
1.883708715438843
1.891144394874573
1.895588040351868
1.89718496799469
1.896190285682678
1.89296281337738
1.887952327728271
1.881679534912109
1.874711394309998
1.867632269859314
1.861014842987061
1.855390787124634
1.851224184036255
1.84889018535614
1.848660707473755
1.850695490837097
1.855042934417725
1.861646175384521
1.870356321334839
1.880951762199402
1.893158078193665
1.906670928001404
1.921177744865417
1.936375975608826
1.951987028121948
1.96776556968689
1.983502864837646
1.999025225639343
2.014187574386597
2.028864145278931
2.042938709259033
2.05629563331604
2.068812370300293
2.080356359481812
2.090786457061768
2.099960803985596
2.107747316360474
2.114037990570068
2.118766069412231
2.121922016143799
2.123566865921021
2.123841047286987
2.122966766357422
2.121243953704834
2.119036912918091
2.116755485534668
2.114828586578369
2.113675832748413
2.113678216934204
2.115147113800049
2.118301868438721
2.123251914978027
2.129987955093384
2.138383626937866
2.148205041885376
2.159130096435547
2.170775651931763
2.182726621627808
2.194568634033203
2.205919981002808
2.216456651687622
2.225932598114014
2.23419189453125
2.241170406341553
2.246892213821411
2.251455783843994
2.255017280578613
2.257769346237183
2.259919166564941
2.261671304702759
2.263212203979492
2.264700412750244
2.266261577606201
2.267990827560425
2.269957542419434
2.272212743759155
2.274797916412354
2.277751207351685
2.281112432479858
2.284924745559692
2.28922963142395
2.294061660766602
2.299439430236816
2.305354595184326
2.311764717102051
2.318586349487305
2.32569432258606
2.332926273345947
2.340090990066528
2.346984386444092
2.353405237197876
2.359177350997925
2.364166736602783
2.368297576904297
2.371563196182251
2.374027252197266
2.375821590423584
2.377134084701538
2.378190994262695
2.379234313964844
2.380498886108398
2.382189750671387
2.384462833404541
2.387411832809448
2.391061544418335
2.395369291305542
2.400233030319214
2.405506610870361
2.411017894744873
2.416587591171265
2.422049522399902
2.427265644073486
2.432136297225952
2.436606407165527
2.440664768218994
2.444337129592896
2.447677373886108
2.450756549835205
2.453649282455444
2.456425905227661
2.459144115447998
2.461844921112061
2.464553594589233
2.467283964157104
2.470041036605835
2.472829341888428
2.475656509399414
2.478538274765015
2.481497049331665
2.484562158584595
2.487764120101929
2.491127014160156
2.494663715362549
2.498369932174683
2.502218961715698
2.506163120269775
2.510135173797607
2.514056921005249
2.517844676971436
2.521422147750854
2.524730205535889
2.527734279632568
2.530429363250732
2.532842397689819
2.535028457641602
2.53706431388855
2.539037227630615
2.541035175323486
2.543135166168213
2.545392036437988
2.54783296585083
2.550452947616577
2.55321741104126
2.556066513061523
2.558922290802002
2.561699867248535
2.564316034317017
2.566698312759399
2.568791389465332
2.570559501647949
2.571986675262451
2.573073387145996
2.573829889297485
2.574270725250244
2.574406623840332
2.574239253997803
2.573757886886597
2.57293701171875
2.571738481521606
2.570113182067871
2.568005800247192
2.565358877182007
2.562117576599121
2.558231830596924
2.553657054901123
2.548354625701904
2.542289257049561
2.535426139831543
2.527729272842407
2.519158840179443
2.509669780731201
2.499213933944702
2.487742185592651
2.475208044052124
2.461572408676147
2.446807861328125
2.430903911590576
2.413868427276611
2.395729064941406
2.376531839370728
2.356340169906616
2.335229158401489
2.313283205032349
2.29059100151062
2.267244815826416
2.24333643913269
2.218958377838135
2.194206237792969
2.169179916381836
2.143987417221069
2.118746042251587
2.093586206436157
2.068650245666504
2.044091701507568
2.020071268081665
1.996754884719849
1.974305391311646
1.952879548072815
1.932620882987976
1.913656711578369
1.896093130111694
1.880013823509216
1.865478277206421
1.852522373199463
1.841158270835876
1.831374526023865
1.823137164115906
1.816389560699463
1.811052322387695
1.807023048400879
1.804175496101379
1.8023601770401
1.801405429840088
1.801119804382324
1.801294803619385
1.801710963249207
1.802142024040222
1.802363038063049
1.802157044410706
1.801321983337402
1.799677848815918
1.797071218490601
1.793381452560425
1.788522243499756
1.782445073127747
1.775139927864075
1.766635179519653
1.756997227668762
1.746328115463257
1.734763622283936
1.722469925880432
1.709639549255371
1.69648551940918
1.683235883712769
1.670125484466553
1.657388091087341
1.645248055458069
1.633910655975342
1.623554110527039
1.614320874214172
1.60631251335144
1.599583148956299
1.594138622283936
1.589934706687927
1.586879014968872
1.584836006164551
1.583631753921509
1.583062171936035
1.582900643348694
1.582908272743225
1.582844018936157
1.58247447013855
1.581583738327026
1.579982399940491
1.577516436576843
1.574073553085327
1.569588661193848
1.564046859741211
1.557484745979309
1.549988985061646
1.541692018508911
1.532766222953796
1.523414492607117
1.513860821723938
1.504337787628174
1.495074391365051
1.486284494400024
1.478154063224792
1.470832228660583
1.464422583580017
1.458978056907654
1.454497814178467
1.450927734375
1.448163151741028
1.446054816246033
1.444416880607605
1.443036913871765
1.44168758392334
1.440138578414917
1.438168406486511
1.435577273368835
1.432196259498596
1.427896857261658
1.42259681224823
1.416263461112976
1.408913850784302
1.400612115859985
1.391463875770569
1.381607055664062
1.371201395988464
1.360415935516357
1.349416375160217
1.338351964950562
1.327343583106995
1.316473603248596
1.305779457092285
1.295247435569763
1.284812927246094
1.274361729621887
1.263736367225647
1.252744078636169
1.241166949272156
1.228774547576904
1.215336322784424
1.200634717941284
1.184476613998413
1.166702508926392
1.147194623947144
1.125881314277649
1.102738261222839
1.077786803245544
1.05108904838562
1.022740244865417
0.9928595423698425
0.9615787267684937
0.9290316104888916
0.8953428864479065
0.8606191277503967
0.8249408602714539
0.7883580923080444
0.7508881092071533
0.7125166058540344
0.6732016801834106
0.6328805685043335
0.5914781093597412
0.5489170551300049
0.5051281452178955
0.4600608348846436
0.4136921167373657
0.3660334944725037
0.3171362280845642
0.2670929729938507
0.2160375118255615
0.1641408950090408
0.1116055622696877
0.05865751579403877
0.00553701538592577
-0.04751115292310715
-0.10024743527174
-0.1524463295936584
-0.2039038091897964
-0.2544428706169128
-0.3039166331291199
-0.3522093296051025
-0.3992347717285156
-0.4449328482151031
-0.489264577627182
-0.5322057604789734
-0.5737407207489014
-0.6138553619384766
-0.6525319218635559
-0.6897445917129517
-0.7254567742347717
-0.7596207857131958
-0.7921789884567261
-0.823067307472229
-0.852220356464386
-0.87957763671875
-0.9050902128219604
-0.9287278056144714
-0.9504852294921875
-0.9703878164291382
-0.9884949326515198
-1.004902243614197
-1.019741058349609
-1.033176898956299
-1.04540491104126
-1.056643486022949
-1.06712794303894
-1.077102184295654
-1.086811184883118
-1.096492409706116
-1.106369376182556
-1.11664605140686
-1.127502083778381
-1.139090538024902
-1.151536345481873
-1.164936542510986
-1.179362177848816
-1.194860816001892
-1.211458444595337
-1.229162931442261
-1.247966408729553
-1.267847418785095
-1.288771748542786
-1.310692667961121
-1.333550810813904
-1.35727334022522
-1.38177227973938
-1.406942963600159
-1.432663679122925
-1.458795666694641
-1.485182762145996
-1.511654019355774
-1.538026571273804
-1.564110279083252
-1.589712381362915
-1.614644527435303
-1.638728618621826
-1.661803722381592
-1.683732628822327
-1.70440661907196
-1.723751068115234
-1.741727113723755
-1.758334159851074
-1.773608922958374
-1.787623763084412
-1.800483584403992
-1.812321186065674
-1.823292016983032
-1.83356773853302
-1.843330025672913
-1.85276472568512
-1.862055659294128
-1.871379375457764
-1.880901098251343
-1.890770196914673
-1.901118278503418
-1.912055611610413
-1.923671007156372
-1.936030626296997
-1.949176907539368
-1.963128566741943
-1.97788143157959
-1.993407845497131
-2.009658575057983
-2.026562213897705
-2.044028282165527
-2.061947584152222
-2.080196619033813
-2.098638772964478
-2.117130041122437
-2.135521173477173
-2.153663873672485
-2.171415567398071
-2.188645362854004
-2.205236911773682
-2.221095561981201
-2.23615026473999
-2.250357627868652
-2.263702869415283
-2.276201725006104
-2.287898063659668
-2.298862457275391
-2.309189558029175
-2.318993330001831
-2.328402042388916
-2.337552547454834
-2.346584320068359
-2.355634450912476
-2.36483097076416
-2.374289989471436
-2.384109497070312
-2.39436674118042
-2.405116558074951
-2.416389942169189
-2.428193092346191
-2.440509796142578
-2.453302383422852
-2.466513395309448
-2.480069160461426
-2.493882656097412
-2.507858514785767
-2.521895885467529
-2.53589129447937
-2.549745082855225
-2.563363313674927
-2.576661586761475
-2.589568376541138
-2.602027416229248
-2.613999605178833
-2.62546443939209
-2.636420249938965
-2.646884441375732
-2.656893730163574
-2.666499853134155
-2.675769329071045
-2.684778690338135
-2.693612575531006
-2.702358245849609
-2.711102962493896
-2.719928503036499
-2.728909254074097
-2.738106489181519
-2.747568130493164
-2.757324695587158
-2.767390012741089
-2.777760028839111
-2.788413763046265
-2.799314737319946
-2.810413599014282
-2.821650505065918
-2.832959413528442
-2.844270467758179
-2.855513334274292
-2.866622686386108
-2.877538442611694
-2.888210773468018
-2.898600339889526
-2.90868067741394
-2.918438673019409
-2.927873134613037
-2.936996221542358
-2.94582986831665
-2.954406261444092
-2.962762832641602
-2.970941781997681
-2.978986024856567
-2.986937284469604
-2.994832754135132
-3.002702474594116
-3.010568618774414
-3.018441677093506
-3.026320695877075
-3.034191846847534
-3.042029142379761
-3.04979395866394
-3.057435750961304
-3.06489372253418
-3.072098731994629
-3.078973054885864
-3.085435390472412
-3.091400623321533
-3.096782922744751
-3.101495742797852
-3.105454683303833
-3.108577966690063
-3.110786437988281
-3.112004041671753
-3.112157344818115
-3.111173868179321
-3.108982801437378
-3.105511665344238
-3.100686311721802
-3.094428539276123
-3.086654901504517
-3.07727575302124
-3.066195487976074
-3.053311109542847
-3.038513422012329
-3.021687030792236
-3.002713203430176
-2.981472015380859
-2.957844734191895
-2.931718111038208
-2.902987957000732
-2.871562242507935
-2.837368488311768
-2.80035662651062
-2.760503768920898
-2.717820405960083
-2.67235279083252
-2.624188184738159
-2.573457717895508
-2.520338535308838
-2.465056419372559
-2.407886028289795
-2.34915018081665
-2.289219617843628
-2.228507995605469
-2.167468786239624
-2.106590270996094
-2.046386241912842
-1.987389802932739
-1.930142879486084
-1.875185370445251
-1.823043823242188
-1.774219989776611
-1.729177832603455
-1.688331365585327
-1.652033567428589
-1.620565056800842
-1.594125032424927
-1.572823286056519
-1.556675434112549
-1.54559862613678
-1.539410471916199
-1.537831902503967
-1.540490984916687
-1.546929597854614
-1.556613802909851
-1.568944573402405
-1.583271622657776
-1.598909139633179
-1.615151286125183
-1.63128936290741
-1.646629333496094
-1.660508871078491
-1.672314167022705
-1.681495547294617
-1.687581658363342
-1.690192580223083
-1.689049363136292
-1.683983683586121
-1.674941539764404
-1.661987066268921
-1.645301103591919
-1.625177621841431
-1.602014899253845
-1.576305985450745
-1.548623442649841
-1.519602656364441
-1.489921450614929
-1.460278272628784
-1.431369066238403
-1.403863191604614
-1.378379940986633
-1.355465888977051
-1.335575103759766
-1.319052338600159
-1.306120157241821
-1.296870470046997
-1.291260719299316
-1.289117574691772
-1.290142893791199
-1.29392683506012
-1.299964785575867
-1.307677268981934
-1.316435098648071
-1.325583219528198
-1.334467887878418
-1.342463135719299
-1.348994970321655
-1.353563904762268
-1.355764985084534
-1.355302572250366
-1.352001309394836
-1.345812439918518
-1.336813569068909
-1.325204133987427
-1.3112952709198
-1.295495629310608
-1.278291821479797
-1.260225534439087
-1.241869211196899
-1.223799109458923
-1.206568717956543
-1.190683722496033
-1.176577568054199
-1.164593458175659
-1.154967665672302
-1.147820115089417
-1.143150448799133
-1.140839576721191
-1.140658259391785
-1.142279386520386
-1.145297169685364
-1.149248480796814
-1.153637290000916
-1.157961130142212
-1.161736607551575
-1.164523601531982
-1.165947318077087
-1.165716290473938
-1.163636326789856
-1.15961766242981
-1.153677940368652
-1.145939350128174
-1.136618971824646
-1.126015901565552
-1.114492177963257
-1.102452158927917
-1.090318322181702
-1.078508257865906
-1.067410111427307
-1.057361960411072
-1.048633217811584
-1.041410684585571
-1.035790085792542
-1.031772255897522
-1.029265642166138
-1.028094291687012
-1.028010487556458
-1.028711557388306
-1.02985942363739
-1.031102061271667
-1.032095313072205
-1.032523512840271
-1.032117962837219
-1.030672192573547
-1.028053045272827
-1.024206638336182
-1.019159555435181
-1.013014674186707
-1.005942821502686
-0.9981689453125
-0.989957332611084
-0.9815925359725952
-0.9733610153198242
-0.9655320048332214
-0.9583406448364258
-0.9519736766815186
-0.9465583562850952
-0.9421560168266296
-0.9387601017951965
-0.9362985491752625
-0.9346413016319275
-0.9336103796958923
-0.9329938888549805
-0.9325615763664246
-0.9320809841156006
-0.9313337206840515
-0.9301295280456543
-0.928318977355957
-0.9258018136024475
-0.9225321412086487
-0.9185203909873962
-0.913829505443573
-0.9085692763328552
-0.9028863906860352
-0.8969528079032898
-0.8909525871276855
-0.8850681185722351
-0.8794670701026917
-0.8742910027503967
-0.8696459531784058
-0.8655962944030762
-0.8621618747711182
-0.8593183755874634
-0.8570010662078857
-0.8551113605499268
-0.8535258769989014
-0.852107048034668
-0.8507137298583984
-0.849212646484375
-0.8474879264831543
-0.8454494476318359
-0.8430386781692505
-0.8402316570281982
-0.8370395302772522
-0.8335057497024536
-0.8297016620635986
-0.8257191181182861
-0.8216621875762939
-0.8176383972167969
-0.8137498497962952
-0.8100849986076355
-0.8067118525505066
-0.8036733269691467
-0.8009846806526184
-0.7986330389976501
-0.7965798377990723
-0.7947646975517273
-0.7931109070777893
-0.7915326952934265
-0.7899423241615295
-0.7882574796676636
-0.7864072918891907
-0.7843382358551025
-0.7820170521736145
-0.7794332504272461
-0.7765985727310181
-0.7735451459884644
-0.7703219056129456
-0.7669899463653564
-0.7636169791221619
-0.7602712512016296
-0.7570160031318665
-0.7539046406745911
-0.7509767413139343
-0.7482555508613586
-0.745746910572052
-0.7434400320053101
-0.7413091659545898
-0.7393169403076172
-0.737417995929718
-0.7355635166168213
-0.7337058782577515
-0.7318026423454285
-0.729819655418396
-0.7277341485023499
-0.7255354523658752
-0.7232255935668945
-0.7208179831504822
-0.7183358073234558
-0.7158088684082031
-0.7132707834243774
-0.7107551097869873
-0.7082926630973816
-0.7059084177017212
-0.7036195397377014
-0.701434314250946
-0.6993516683578491
-0.6973615288734436
-0.6954466104507446
-0.6935840845108032
-0.6917481422424316
-0.6899126768112183
-0.6880531907081604
-0.6861498951911926
-0.6841885447502136
-0.682161808013916
-0.6800696849822998
-0.6779189109802246
-0.6757221817970276
-0.673496425151825
-0.6712613105773926
-0.6690370440483093
-0.6668426990509033
-0.66469407081604
-0.6626030802726746
-0.660576343536377
-0.6586153507232666
-0.6567164063453674
-0.6548715829849243
-0.6530694365501404
-0.6512969732284546
-0.6495403051376343
-0.647786557674408
-0.6460248827934265
-0.6442474722862244
-0.6424499750137329
-0.6406315565109253
-0.638795018196106
-0.6369458436965942
-0.6350916624069214
-0.6332410573959351
-0.6314029097557068
-0.6295850276947021
-0.627793550491333
-0.6260324716567993
-0.6243032217025757
-0.6226047277450562
-0.6209338307380676
-0.6192857623100281
-0.61765456199646
-0.6160340905189514
-0.6144186854362488
-0.6128038167953491
-0.6111866235733032
-0.6095662117004395
-0.6079437136650085
-0.6063222289085388
-0.6047064661979675
-0.6031020879745483
-0.6015152931213379
-0.5999523401260376
-0.598418653011322
-0.5969184041023254
-0.5954545140266418
-0.5940278768539429
-0.5926377177238464
-0.5912818908691406
-0.5899566411972046
-0.5886576175689697
-0.587380051612854
-0.5861192345619202
-0.5848712921142578
-0.5836328864097595
-0.5824020504951477
-0.5811776518821716
-0.5799601674079895
-0.5787509083747864
-0.5775520801544189
-0.5763661861419678
-0.5751960873603821
-0.5740442276000977
-0.5729126930236816
-0.5718027353286743
-0.5707148909568787
-0.5696485638618469
-0.568602442741394
-0.5675742626190186
-0.5665611624717712
-0.5655598044395447
-0.5645667314529419
-0.5635786056518555
-0.5625919699668884
-0.5616037249565125
-0.5606113076210022
-0.5596123337745667
-0.558604896068573
-0.5575873851776123
-0.5565582513809204
-0.5555160641670227
-0.554459273815155
-0.5533862113952637
-0.5522949695587158
-0.5511835813522339
-0.5500497221946716
-0.548891007900238
-0.5477049946784973
-0.5464893579483032
-0.54524165391922
-0.5439599752426147
-0.5426427125930786
-0.5412886142730713
-0.5398966670036316
-0.5384664535522461
-0.5369980335235596
-0.5354915857315063
-0.5339479446411133
-0.5323681235313416
-0.5307531952857971
-0.5291045904159546
-0.5274239182472229
-0.5257128477096558
-0.5239733457565308
-0.5222076177597046
-0.5204182863235474
-0.5186079144477844
-0.5167796611785889
-0.5149369835853577
-0.5130836367607117
-0.511224091053009
-0.5093628168106079
-0.5075047016143799
-0.5056549310684204
-0.5038187503814697
-0.5020015239715576
-0.5002084970474243
-0.4984447956085205
-0.496715247631073
-0.4950242936611176
-0.4933759570121765
-0.4917736351490021
-0.4902201592922211
-0.4887176752090454
-0.4872677028179169
-0.4858709871768951
-0.4845275580883026
-0.4832366108894348
-0.4819966852664948
-0.480805367231369
-0.4796595871448517
-0.4785556197166443
-0.4774889647960663
-0.4764547348022461
-0.4754472672939301
-0.4744606614112854
-0.4734886288642883
-0.4725247025489807
-0.4715623259544373
-0.470595121383667
-0.4696169197559357
-0.4686219692230225
-0.4676050841808319
-0.4665618240833282
-0.465488463640213
-0.4643823206424713
-0.4632416665554047
-0.4620658755302429
-0.4608554542064667
-0.4596119225025177
-0.4583379924297333
-0.4570373892784119
-0.4557146430015564
-0.4543751180171967
-0.4530247747898102
-0.4516700506210327
-0.450317770242691
-0.448974609375
-0.4476471543312073
-0.4463417232036591
-0.445063978433609
-0.4438187777996063
-0.4426100850105286
-0.4414407014846802
-0.4403121769428253
-0.4392249286174774
-0.4381779134273529
-0.4371688067913055
-0.4361940026283264
-0.4352488815784454
-0.4343277812004089
-0.4334242939949036
-0.432531476020813
-0.4316422343254089
-0.4307495653629303
-0.4298466742038727
-0.4289274513721466
-0.4279868006706238
-0.4270206391811371
-0.4260262250900269
-0.4250021874904633
-0.4239487051963806
-0.4228674471378326
-0.42176154255867
-0.420635461807251
-0.4194947481155396
-0.4183458089828491
-0.4171957075595856
-0.4160516858100891
-0.4149210155010223
-0.4138104915618896
-0.4127262532711029
-0.4116733074188232
-0.4106554687023163
-0.4096751809120178
-0.4087333083152771
-0.4078291356563568
-0.4069604277610779
-0.4061236381530762
-0.4053139388561249
-0.4045255780220032
-0.4037522077560425
-0.4029872715473175
-0.4022242724895477
-0.4014571309089661
-0.4006806015968323
-0.3998905420303345
-0.3990841209888458
-0.3982599675655365
-0.3974182605743408
-0.3965607881546021
-0.3956907093524933
-0.3948125243186951
-0.3939316868782043
-0.3930544257164001
-0.392187088727951
-0.3913360834121704
-0.3905073702335358
-0.389706164598465
-0.3889364004135132
-0.3882007002830505
-0.3875001966953278
-0.3868343234062195
-0.3862009346485138
-0.3855964839458466
-0.3850161731243134
-0.384454071521759
-0.3839038014411926
-0.3833585679531097
-0.3828117251396179
-0.3822571337223053
-0.3816895186901093
-0.381104588508606
-0.3804995119571686
-0.3798728883266449
-0.3792246878147125
-0.3785563409328461
-0.3778704404830933
-0.3771706819534302
-0.3764613568782806
-0.3757471144199371
-0.3750325739383698
-0.3743219971656799
-0.3736191093921661
-0.372926652431488
-0.3722462058067322
-0.3715782761573792
-0.3709221184253693
-0.3702760636806488
-0.3696374893188477
-0.3690030574798584
-0.3683691620826721
-0.3677322566509247
-0.3670890927314758
-0.3664370179176331
-0.3657743334770203
-0.3651004135608673
-0.3644158244132996
-0.3637223541736603
-0.363023042678833
-0.3623218238353729
-0.3616235256195068
-0.3609333336353302
-0.3602566719055176
-0.3595987856388092
-0.3589643239974976
-0.3583572506904602
-0.3577804565429688
-0.3572356700897217
-0.3567234873771667
-0.3562431931495667
-0.3557929992675781
-0.3553701937198639
-0.3549713492393494
-0.3545926213264465
-0.3542300164699554
-0.3538796901702881
-0.3535382449626923
-0.353202760219574
-0.3528710901737213
-0.3525418937206268
-0.3522145450115204
-0.3518891334533691
-0.3515662848949432
-0.3512470126152039
-0.3509325385093689
-0.3506239950656891
-0.3503223657608032
-0.3500281870365143
-0.3497416377067566
-0.3494622409343719
-0.3491890728473663
-0.3489205837249756
-0.3486550450325012
-0.3483904302120209
-0.3481247425079346
-0.3478561341762543
-0.3475829064846039
-0.3473039865493774
-0.3470187783241272
-0.3467273116111755
-0.3464300930500031
-0.3461281359195709
-0.345822811126709
-0.3455157577991486
-0.3452086746692657
-0.3449030518531799
-0.3446000516414642
-0.3443004190921783
-0.3440043032169342
-0.343711256980896
-0.3434202075004578
-0.3431295156478882
-0.3428371250629425
-0.3425406515598297
-0.3422375619411469
-0.3419254124164581
-0.3416019678115845
-0.3412652909755707
-0.3409140110015869
-0.3405472934246063
-0.340164989233017
-0.3397674262523651
-0.3393556177616119
-0.3389309644699097
-0.3384953737258911
-0.3380507826805115
-0.3375993967056274
-0.3371434509754181
-0.3366850614547729
-0.3362262547016144
-0.3357689678668976
-0.3353149592876434
-0.3348658978939056
-0.3344234228134155
-0.333989143371582
-0.3335646986961365
-0.3331519663333893
-0.332752913236618
-0.3323696851730347
-0.3320045471191406
-0.3316600024700165
-0.33133864402771
-0.3310430347919464
-0.330775648355484
-0.3305388987064362
-0.3303350210189819
-0.3301660418510437
-0.3300336897373199
-0.3299393653869629
-0.3298843801021576
-0.3298695981502533
-0.3298959136009216
-0.3299640119075775
-0.330074667930603
-0.3302285969257355
-0.3304264843463898
-0.3306690752506256
-0.3309572041034698
-0.3312917351722717
-0.3316734135150909
-0.3321029245853424
-0.3325806260108948
-0.3331066966056824
-0.3336807787418365
-0.3343019187450409
-0.3349686861038208
-0.3356789350509644
-0.3364298641681671
-0.3372179865837097
-0.3380391895771027
-0.3388888537883759
-0.3397617638111115
-0.3406523168087006
-0.3415545523166656
-0.3424622118473053
-0.3433688879013062
-0.3442681133747101
-0.3451534807682037
-0.3460185527801514
-0.346857100725174
-0.3476631343364716
-0.3484309017658234
-0.3491550087928772
-0.3498304486274719
-0.3504527807235718
-0.3510181307792664
-0.3515233993530273
-0.3519661426544189
-0.3523448407649994
-0.3526589274406433
-0.3529088497161865
-0.353096216917038
-0.3532236516475677
-0.3532949388027191
-0.3533149659633636
-0.3532896339893341
-0.3532257080078125
-0.3531309068202972
-0.3530135154724121
-0.3528823554515839
-0.3527467250823975
-0.352616012096405
-0.3524994254112244
-0.3524061143398285
-0.3523446619510651
-0.352323055267334
-0.3523483872413635
-0.3524268567562103
-0.3525633215904236
-0.3527615070343018
-0.3530235588550568
-0.3533502519130707
-0.3537407517433167
-0.3541927337646484
-0.3547023832798004
-0.35526442527771
-0.3558723330497742
-0.3565185070037842
-0.3571945130825043
-0.3578912317752838
-0.3585993051528931
-0.3593092560768127
-0.3600120544433594
-0.3606991767883301
-0.3613629937171936
-0.361997127532959
-0.3625966608524323
-0.3631581366062164
-0.363679826259613
-0.3641618490219116
-0.3646058738231659
-0.3650152087211609
-0.3653945922851562
-0.3657498955726624
-0.3660878837108612
-0.3664158582687378
-0.3667412996292114
-0.3670714795589447
-0.3674129247665405
-0.3677712380886078
-0.3681506812572479
-0.3685537874698639
-0.3689812123775482
-0.3694316744804382
-0.3699018657207489
-0.3703862130641937
-0.3708774745464325
-0.3713665306568146
-0.3718429803848267
-0.3722953200340271
-0.3727114796638489
-0.373079389333725
-0.3733872473239899
-0.3736242353916168
-0.3737809956073761
-0.3738498091697693
-0.3738252818584442
-0.3737044036388397
-0.3734868168830872
-0.3731746971607208
-0.3727728426456451
-0.3722884953022003
-0.3717310130596161
-0.3711114525794983
-0.3704420030117035
-0.3697356879711151
-0.3690056800842285
-0.3682647347450256
-0.367524653673172
-0.3667959272861481
-0.3660872578620911
-0.3654053211212158
-0.3647544980049133
-0.3641370236873627
-0.3635528087615967
-0.3629999160766602
-0.3624747097492218
-0.3619722723960876
-0.3614869713783264
-0.361012876033783
-0.360544353723526
-0.3600764870643616
-0.3596056401729584
-0.3591297268867493
-0.3586485087871552
-0.3581636250019073
-0.3576786816120148
-0.3571991920471191
-0.3567321300506592
-0.3562857806682587
-0.3558690547943115
-0.3554911315441132
-0.3551608026027679
-0.3548860251903534
-0.3546733558177948
-0.3545275926589966
-0.3544513881206512
-0.3544450402259827
-0.3545064330101013
-0.3546311259269714
-0.3548124730587006
-0.355042040348053
-0.3553099632263184
-0.3556055128574371
-0.3559174835681915
-0.3562348186969757
-0.3565472960472107
-0.3568457067012787
-0.3571223318576813
-0.3573710918426514
-0.3575879037380219
-0.3577703535556793
-0.3579177558422089
-0.3580309152603149
-0.358111709356308
-0.3581628799438477
-0.3581872880458832
-0.3581879138946533
-0.3581672310829163
-0.35812708735466
-0.3580686450004578
-0.3579920530319214
-0.3578967154026031
-0.357781320810318
-0.3576442897319794
-0.357483983039856
-0.3572990894317627
-0.357089102268219
-0.3568545281887054
-0.3565973937511444
-0.3563211858272552
-0.3560310006141663
-0.3557336926460266
-0.355437308549881
-0.3551509380340576
-0.3548843562602997
-0.354647308588028
-0.3544489443302155
-0.3542972207069397
-0.3541985154151917
-0.3541569709777832
-0.3541742563247681
-0.3542492985725403
-0.3543782234191895
-0.354554682970047
-0.3547699153423309
-0.3550133407115936
-0.3552731573581696
-0.3555369079113007
-0.3557923138141632
-0.356027752161026
-0.3562330603599548
-0.3563998937606812
-0.3565223217010498
-0.3565968573093414
-0.3566225469112396
-0.3566009104251862
-0.3565356731414795
-0.3564324080944061
-0.3562979698181152
-0.3561401069164276
-0.3559667766094208
-0.3557858169078827
-0.3556045293807983
-0.3554291427135468
-0.355264812707901
-0.3551154732704163
-0.3549837470054626
-0.3548712432384491
-0.354778528213501
-0.3547055125236511
-0.3546516299247742
-0.3546160161495209
-0.3545977473258972
-0.3545959889888763
-0.3546099662780762
-0.354638934135437
-0.3546822071075439
-0.3547389209270477
-0.3548080325126648
-0.3548879027366638
-0.3549764752388
-0.3550710380077362
-0.3551681339740753
-0.355263888835907
-0.3553540408611298
-0.3554341793060303
-0.3555000126361847
-0.3555476665496826
-0.3555740714073181
-0.355577141046524
-0.3555561304092407
-0.3555116653442383
-0.3554457724094391
-0.3553619384765625
-0.3552647233009338
-0.3551594614982605
-0.3550520539283752
-0.3549484014511108
-0.3548541367053986
-0.3547741174697876
-0.3547120988368988
-0.3546704947948456
-0.3546504080295563
-0.3546513915061951
-0.3546716868877411
-0.3547084629535675
-0.354758083820343
-0.354816347360611
-0.3548789620399475
-0.3549419045448303
-0.3550015985965729
-0.3550553023815155
-0.3551010489463806
-0.3551377952098846
-0.3551653325557709
-0.3551841974258423
-0.3551954925060272
-0.3552005589008331
-0.3552008867263794
-0.3551979064941406
-0.3551927208900452
-0.3551860451698303
-0.3551782071590424
-0.355169266462326
-0.3551590442657471
-0.3551473021507263
-0.3551337122917175
-0.3551182448863983
-0.3551011085510254
-0.3550829887390137
-0.355064868927002
-0.3550480902194977
-0.3550341725349426
-0.3550247251987457
-0.3550212979316711
-0.355025053024292
-0.3550367653369904
-0.355056494474411
-0.3550836741924286
-0.3551170229911804
-0.3551546633243561
-0.3551942110061646
-0.3552329540252686
-0.3552680611610413
-0.3552968502044678
-0.355317085981369
-0.3553270101547241
-0.3553254008293152
-0.3553119003772736
-0.3552866876125336
-0.3552506864070892
-0.3552052974700928
-0.3551520705223083
-0.3550927937030792
-0.3550290167331696
-0.3549619913101196
-0.3548924028873444
-0.3548205196857452
-0.3547459244728088
-0.3546676635742188
-0.354584276676178
-0.3544937074184418
-0.3543938398361206
-0.3542822897434235
-0.3541566729545593
-0.3540146052837372
-0.353853851556778
-0.3536723554134369
-0.3534682095050812
-0.3532395958900452
-0.3529846966266632
-0.352701723575592
-0.352388858795166
-0.3520440757274628
-0.3516654968261719
-0.3512510359287262
-0.3507985472679138
-0.3503059148788452
-0.3497712016105652
-0.3491925001144409
-0.348568320274353
-0.3478973805904388
-0.3471787571907043
-0.3464118540287018
-0.3455964326858521
-0.3447325229644775
-0.3438203632831573
-0.3428604304790497
-0.3418534100055695
-0.3408001363277435
-0.3397015929222107
-0.338559091091156
-0.3373741805553436
-0.3361489176750183
-0.3348858058452606
-0.3335880041122437
-0.3322593867778778
-0.3309046924114227
-0.3295294642448425
-0.3281401097774506
-0.3267438113689423
-0.3253483772277832
-0.3239621818065643
-0.3225939869880676
-0.321252852678299
-0.3199476301670074
-0.3186870217323303
-0.3174794316291809
-0.3163325488567352
-0.3152534961700439
-0.3142484128475189
-0.3133226335048676
-0.3124803304672241
-0.3117247521877289
-0.311057835817337
-0.3104803264141083
-0.3099916875362396
-0.3095901012420654
-0.3092722296714783
-0.3090333938598633
-0.3088675737380981
-0.3087673485279083
-0.3087239861488342
-0.3087276816368103
-0.3087674677371979
-0.3088317215442657
-0.3089082539081573
-0.3089845478534698
-0.3090481460094452
-0.309086948633194
-0.3090895116329193
-0.3090453445911407
-0.3089451789855957
-0.3087811768054962
-0.3085473477840424
-0.3082395493984222
-0.3078555464744568
-0.3073953092098236
-0.3068608343601227
-0.3062562644481659
-0.3055877089500427
-0.3048631846904755
-0.3040923476219177
-0.3032863438129425
-0.3024574518203735
-0.3016186952590942
-0.300783634185791
-0.2999658584594727
-0.2991784512996674
-0.2984336614608765
-0.2977424263954163
-0.2971140146255493
-0.2965556681156158
-0.2960723042488098
-0.2956662774085999
-0.2953372299671173
-0.2950822710990906
-0.2948957979679108
-0.2947698831558228
-0.2946944534778595
-0.2946576774120331
-0.2946464717388153
-0.2946469485759735
-0.2946449518203735
-0.2946265935897827
-0.2945787906646729
-0.294489860534668
-0.294349879026413
-0.2941511571407318
-0.2938884198665619
-0.2935592234134674
-0.2931638360023499
-0.2927054762840271
-0.29218989610672
-0.2916253507137299
-0.2910222411155701
-0.2903926074504852
-0.2897495627403259
-0.2891067266464233
-0.288477748632431
-0.2878754436969757
-0.2873114049434662
-0.2867953181266785
-0.2863346636295319
-0.2859342098236084
-0.2855959832668304
-0.2853189408779144
-0.28509920835495
-0.2849302291870117
-0.2848030924797058
-0.2847070097923279
-0.2846298217773438
-0.2845587134361267
-0.2844806909561157
-0.2843834757804871
-0.2842559814453125
-0.2840889096260071
-0.2838752865791321
-0.283610612154007
-0.2832932472229004
-0.2829244434833527
-0.2825082540512085
-0.2820512056350708
-0.281561940908432
-0.2810508906841278
-0.2805294692516327
-0.2800095975399017
-0.279502809047699
-0.2790199518203735
-0.2785702049732208
-0.2781608700752258
-0.2777967751026154
-0.2774801850318909
-0.2772105038166046
-0.2769845724105835
-0.2767967283725739
-0.2766391634941101
-0.2765025496482849
-0.2763765454292297
-0.2762504518032074
-0.2761138379573822
-0.2759571373462677
-0.2757724225521088
-0.2755536735057831
-0.2752971947193146
-0.2750018239021301
-0.2746689915657043
-0.2743024230003357
-0.2739080488681793
-0.2734934985637665
-0.2730675041675568
-0.2726394832134247
-0.2722187340259552
-0.2718139588832855
-0.2714325785636902
-0.2710803747177124
-0.2707611322402954
-0.2704762816429138
-0.2702249884605408
-0.2700042724609375
-0.2698091268539429
-0.269633024930954
-0.2694683074951172
-0.2693068385124207
-0.2691404223442078
-0.2689616680145264
-0.2687641084194183
-0.2685429751873016
-0.2682953178882599
-0.2680201232433319
-0.2677185535430908
-0.267393559217453
-0.2670498192310333
-0.2666932940483093
-0.266330748796463
-0.2659692168235779
-0.2656154930591583
-0.2652756571769714
-0.2649545967578888
-0.2646556794643402
-0.2643806040287018
-0.2641291916370392
-0.2638996243476868
-0.2636884748935699
-0.2634910941123962
-0.2633019983768463
-0.263115257024765
-0.2629251480102539
-0.2627262771129608
-0.2625142931938171
-0.2622861862182617
-0.2620401382446289
-0.2617760300636292
-0.2614952325820923
-0.2612003684043884
-0.2608952820301056
-0.2605844438076019
-0.2602727711200714
-0.2599650919437408
-0.2596657872200012
-0.2593784034252167
-0.2591055631637573
-0.2588485181331635
-0.2586072385311127
-0.2583804726600647
-0.2581658959388733
-0.2579602599143982
-0.257759690284729
-0.2575601637363434
-0.2573577165603638
-0.2571488618850708
-0.2569308280944824
-0.256701797246933
-0.2564609944820404
-0.2562087178230286
-0.2559463977813721
-0.2556762099266052
-0.2554010450839996
-0.2551241517066956
-0.2548487782478333
-0.2545779943466187
-0.2543144524097443
-0.2540600299835205
-0.2538158297538757
-0.2535821199417114
-0.2533581852912903
-0.2531425058841705
-0.2529330253601074
-0.2527272403240204
-0.2525224685668945
-0.2523162066936493
-0.2521062195301056
-0.2518907487392426
-0.2516686916351318
-0.2514397501945496
-0.2512042820453644
-0.250963419675827
-0.2507186532020569
-0.2504720389842987
-0.2502257227897644
-0.2499818056821823
-0.2497422248125076
-0.2495084553956985
-0.2492814958095551
-0.249061718583107
-0.2488489151000977
-0.2486423552036285
-0.2484408169984818
-0.2482427805662155
-0.2480465918779373
-0.2478505522012711
-0.2476531863212585
-0.2474533319473267
-0.2472502142190933
-0.247043564915657
-0.2468335628509521
-0.2466208338737488
-0.2464063763618469
-0.2461913973093033
-0.2459772229194641
-0.2457651346921921
-0.2455562949180603
-0.2453515529632568
-0.2451513707637787
-0.2449558675289154
-0.2447647303342819
-0.2445773482322693
-0.2443928122520447
-0.2442100048065186
-0.2440278232097626
-0.2438451200723648
-0.2436609864234924
-0.2434747219085693
-0.2432859092950821
-0.2430944740772247
-0.2429006397724152
-0.2427049279212952
-0.2425080239772797
-0.2423107624053955
-0.2421139925718307
-0.2419184893369675
-0.241724893450737
-0.2415336668491364
-0.2413449883460999
-0.2411588430404663
-0.2409749776124954
-0.2407929599285126
-0.240612268447876
-0.2404323220252991
-0.2402525693178177
-0.2400725036859512
-0.2398918569087982
-0.2397104948759079
-0.239528477191925
-0.2393460273742676
-0.2391635179519653
-0.2389813959598541
-0.2388002127408981
-0.2386204302310944
-0.2384425103664398
-0.238266721367836
-0.2380931526422501
-0.2379217743873596
-0.2377523630857468
-0.2375845313072205
-0.2374177724123001
-0.2372515499591827
-0.2370852380990982
-0.2369183301925659
-0.2367503494024277
-0.2365809679031372
-0.2364099770784378
-0.2362372875213623
-0.2360629886388779
-0.2358872443437576
-0.2357103079557419
-0.2355325222015381
-0.2353541553020477
-0.2351755648851395
-0.2349970191717148
-0.2348187267780304
-0.2346408665180206
-0.2344635277986526
-0.2342868000268936
-0.2341106981039047
-0.2339353114366531
-0.2337607145309448
-0.2335869967937469
-0.2334143668413162
-0.2332430332899094
-0.2330732792615891
-0.2329054027795792
-0.2327397167682648
-0.2325764894485474
-0.2324159741401672
-0.2322583794593811
-0.2321037501096725
-0.2319520562887192
-0.2318031787872314
-0.2316568642854691
-0.2315127849578857
-0.2313705086708069
-0.2312295883893967
-0.2310895323753357
-0.230949878692627
-0.2308101952075958
-0.230670154094696
-0.2305294126272202
-0.2303877621889114
-0.2302450686693192
-0.2301012575626373
-0.2299562841653824
-0.2298102527856827
-0.229663223028183
-0.2295153439044952
-0.2293667197227478
-0.2292174845933914
-0.2290678173303604
-0.2289178967475891
-0.2287678867578506
-0.228617936372757
-0.22846819460392
-0.2283188104629517
-0.2281699329614639
-0.2280216962099075
-0.2278742343187332
-0.2277276068925858
-0.2275819033384323
-0.2274371385574341
-0.2272932678461075
-0.2271502017974854
-0.2270078361034393
-0.2268659621477127
-0.2267244160175323
-0.2265829294919968
-0.2264412641525269
-0.2262991815805435
-0.22615647315979
-0.2260129749774933
-0.2258685231208801
-0.225723072886467
-0.2255765944719315
-0.2254291325807571
-0.22528076171875
-0.2251316457986832
-0.224981963634491
-0.2248319238424301
-0.2246817648410797
-0.2245316803455353
-0.2243819385766983
-0.2242327183485031
-0.2240842580795288
-0.2239366769790649
-0.2237900942564011
-0.2236446291208267
-0.2235002964735031
-0.223357155919075
-0.22321517765522
-0.2230743169784546
-0.2229344993829727
-0.2227956354618073
-0.2226576656103134
-0.2225205302238464
-0.2223840951919556
-0.2222482562065125
-0.2221129238605499
-0.2219779640436172
-0.2218432873487473
-0.2217088490724564
-0.2215745449066162
-0.2214403003454208
-0.2213060855865479
-0.2211718857288361
-0.2210376113653183
-0.2209032624959946
-0.2207688391208649
-0.220634326338768
-0.2204997390508652
-0.2203650623559952
-0.2202302664518356
-0.2200953364372253
-0.2199602872133255
-0.2198251485824585
-0.2196898460388184
-0.2195543795824051
-0.2194187939167023
-0.2192830592393875
-0.219147190451622
-0.219011202454567
-0.2188751250505447
-0.2187389880418777
-0.2186028212308884
-0.218466654419899
-0.218330517411232
-0.2181944400072098
-0.2180584669113159
-0.2179226279258728
-0.217786893248558
-0.2176512777805328
-0.2175157815217972
-0.2173803895711899
-0.2172450721263885
-0.2171097844839096
-0.2169745117425919
-0.2168392091989517
-0.216703861951828
-0.2165684551000595
-0.2164330035448074
-0.2162974774837494
-0.2161619067192078
-0.2160263210535049
-0.2158907353878021
-0.2157551646232605
-0.2156196385622025
-0.2154841423034668
-0.2153486758470535
-0.2152132391929626
-0.2150777876377106
-0.2149422466754913
-0.2148065716028214
-0.2146707028150558
-0.2145345211029053
-0.2143979519605637
-0.2142608910799026
-0.2141232639551163
-0.2139850109815598
-0.2138461023569107
-0.2137065082788467
-0.2135662138462067
-0.2134252786636353
-0.2132837474346161
-0.2131416648626328
-0.212999165058136
-0.2128563523292542
-0.2127133160829544
-0.2125701904296875
-0.2124270796775818
-0.2122841030359268
-0.2121413499116898
-0.2119989097118378
-0.2118568420410156
-0.2117151767015457
-0.2115739434957504
-0.2114331126213074
-0.2112926691770554
-0.2111526131629944
-0.2110128849744797
-0.2108734548091888
-0.2107343077659607
-0.2105954140424728
-0.2104567289352417
-0.210318312048912
-0.2101801484823227
-0.2100422829389572
-0.209904745221138
-0.2097675800323486
-0.2096308469772339
-0.2094946056604385
-0.2093589007854462
-0.2092237174510956
-0.2090891301631927
-0.2089550793170929
-0.2088215798139572
-0.2086886018514633
-0.2085560709238052
-0.2084239572286606
-0.2082921862602234
-0.2081607282161713
-0.2080295383930206
-0.2078985422849655
-0.2077676951885223
-0.2076370120048523
-0.2075064331293106
-0.2073759883642197
-0.2072456628084183
-0.2071154564619064
-0.2069853842258453
-0.2068555057048798
-0.2067257910966873
-0.2065962553024292
-0.206466868519783
-0.2063376307487488
-0.2062085121870041
-0.2060795277357101
-0.2059505730867386
-0.205821618437767
-0.2056925743818283
-0.2055634111166
-0.2054340541362762
-0.2053044587373734
-0.2051745802164078
-0.2050443887710571
-0.2049138695001602
-0.2047830075025558
-0.204651802778244
-0.2045202404260635
-0.2043883502483368
-0.2042561769485474
-0.2041236907243729
-0.2039909362792969
-0.203857958316803
-0.2037247270345688
-0.2035912573337555
-0.2034575194120407
-0.2033235132694244
-0.2031892389059067
-0.2030546367168427
-0.2029197067022324
-0.202784389257431
-0.2026486545801163
-0.2025124579668045
-0.2023757249116898
-0.2022383958101273
-0.2021004110574722
-0.2019616961479187
-0.2018221914768219
-0.2016818672418594
-0.201540619134903
-0.2013983875513077
-0.2012551128864288
-0.201110765337944
-0.2009652554988861
-0.2008185535669327
-0.2006705850362778
-0.2005212604999542
-0.2003706097602844
-0.2002185881137848
-0.2000652104616165
-0.1999104619026184
-0.1997544020414352
-0.199597105383873
-0.199438601732254
-0.1992789953947067
-0.1991184055805206
-0.1989569365978241
-0.1987947821617126
-0.1986321061849594
-0.1984691023826599
-0.1983059644699097
-0.1981429606676102
-0.1979802995920181
-0.1978182196617126
-0.1976569890975952
-0.1974968314170837
-0.1973380446434021
-0.1971808224916458
-0.1970253735780716
-0.1968719512224197
-0.1967207342386246
-0.196571871638298
-0.1964255422353745
-0.1962818205356598
-0.1961407959461212
-0.1960025429725647
-0.1958670169115067
-0.1957342028617859
-0.1956040114164352
-0.195476308465004
-0.1953509598970413
-0.1952277421951294
-0.1951064020395279
-0.1949866712093353
-0.1948682516813278
-0.1947507858276367
-0.1946339309215546
-0.1945173293352127
-0.1944006383419037
-0.1942834705114365
-0.1941654533147812
-0.1940462589263916
-0.1939256191253662
-0.1938032060861588
-0.1936788409948349
-0.1935523599386215
-0.1934235990047455
-0.193292498588562
-0.1931590735912323
-0.1930234134197235
-0.192885622382164
-0.1927459239959717
-0.1926045566797256
-0.1924618482589722
-0.1923181414604187
-0.1921737939119339
-0.1920292228460312
-0.1918848603963852
-0.1917411088943481
-0.1915983855724335
-0.191457062959671
-0.1913174986839294
-0.1911799758672714
-0.1910447478294373
-0.1909120082855225
-0.190781831741333
-0.1906542479991913
-0.1905292421579361
-0.1904066503047943
-0.190286248922348
-0.1901677995920181
-0.1900509595870972
-0.1899352967739105
-0.1898203939199448
-0.1897058039903641
-0.1895910501480103
-0.1894757151603699
-0.1893593668937683
-0.1892416626214981
-0.1891223192214966
-0.1890010237693787
-0.1888776868581772
-0.1887521892786026
-0.1886245608329773
-0.1884949207305908
-0.1883634477853775
-0.1882304400205612
-0.1880962550640106
-0.1879612654447556
-0.187825933098793
-0.1876907050609589
-0.1875560581684113
-0.1874224096536636
-0.1872901618480682
-0.1871596574783325
-0.1870311945676804
-0.1869049668312073
-0.186781033873558
-0.1866594105958939
-0.1865400224924088
-0.1864227056503296
-0.1863071620464325
-0.1861930638551712
-0.1860800534486771
-0.1859676986932755
-0.1858555376529694
-0.1857431381940842
-0.1856301128864288
-0.1855160892009735
-0.1854008138179779
-0.1852840930223465
-0.1851658225059509
-0.1850459575653076
-0.1849246174097061
-0.1848019808530807
-0.1846783012151718
-0.1845539212226868
-0.1844292283058167
-0.1843046844005585
-0.1841807216405869
-0.1840577721595764
-0.1839361935853958
-0.1838163882493973
-0.1836986243724823
-0.1835830956697464
-0.1834699213504791
-0.1833591014146805
-0.1832505762577057
-0.183144137263298
-0.183039590716362
-0.1829366236925125
-0.1828349232673645
-0.1827341169118881
-0.1826338618993759
-0.1825338900089264
-0.1824339181184769
-0.182333767414093
-0.1822333186864853
-0.1821325570344925
-0.182031512260437
-0.181930348277092
-0.1818292737007141
-0.1817285716533661
-0.181628629565239
-0.1815297901630402
-0.1814324259757996
-0.1813368946313858
-0.1812435239553452
-0.1811525523662567
-0.1810641884803772
-0.1809785664081573
-0.1808957010507584
-0.1808155626058578
-0.1807380020618439
-0.1806628257036209
-0.1805897504091263
-0.1805184781551361
-0.1804487109184265
-0.1803801208734512
-0.1803124099969864
-0.1802453398704529
-0.1801786869764328
-0.1801123470067978
-0.1800462305545807
-0.1799803227186203
-0.1799146831035614
-0.1798494458198547
-0.179784744977951
-0.1797207295894623
-0.1796575635671616
-0.1795954406261444
-0.1795344650745392
-0.1794746965169907
-0.17941614985466
-0.1793587952852249
-0.1793024986982346
-0.179247111082077
-0.1791923642158508
-0.1791379898786545
-0.1790836751461029
-0.1790290772914886
-0.1789738684892654
-0.1789177656173706
-0.1788605004549026
-0.1788018643856049
-0.1787416636943817
-0.1786798387765884
-0.1786163449287415
-0.1785511821508408
-0.1784844696521759
-0.1784162819385529
-0.1783467680215836
-0.1782761216163635
-0.1782044917345047
-0.178132027387619
-0.1780588924884796
-0.1779851168394089
-0.1779108196496964
-0.1778360307216644
-0.1777607649564743
-0.1776849776506424
-0.1776085942983627
-0.1775316447019577
-0.1774540543556213
-0.1773757934570312
-0.1772968471050262
-0.1772172749042511
-0.1771371215581894
-0.1770565360784531
-0.1769756525754929
-0.1768946498632431
-0.1768137216567993
-0.176733136177063
-0.1766530871391296
-0.1765738129615784
-0.1764954924583435
-0.1764183044433594
-0.1763423830270767
-0.1762677729129791
-0.1761945635080338
-0.1761226952075958
-0.1760521233081818
-0.175982728600502
-0.1759143769741058
-0.1758469343185425
-0.1757802218198776
-0.1757140904664993
-0.1756483614444733
-0.1755828708410263
-0.1755174994468689
-0.1754520982503891
-0.1753865778446198
-0.1753208488225937
-0.1752548068761826
-0.175188422203064
-0.1751216202974319
-0.1750543415546417
-0.1749864518642426
-0.1749179065227509
-0.1748485714197159
-0.1747783571481705
-0.1747071146965027
-0.1746347099542618
-0.174561008810997
-0.1744858920574188
-0.1744092702865601
-0.1743310391902924
-0.1742511242628098
-0.1741695255041122
-0.1740862280130386
-0.1740012913942337
-0.1739147901535034
-0.1738267987966537
-0.1737374812364578
-0.1736469715833664
-0.1735554486513138
-0.1734630465507507
-0.173369973897934
-0.1732763051986694
-0.1731822043657303
-0.1730877757072449
-0.1729931086301804
-0.1728982478380203
-0.1728032976388931
-0.1727082580327988
-0.172613188624382
-0.1725180894136429
-0.1724229902029037
-0.1723278611898422
-0.1722327321767807
-0.1721376031637192
-0.1720425188541412
-0.1719474643468857
-0.1718524545431137
-0.1717575192451477
-0.1716626435518265
-0.1715677976608276
-0.17147296667099
-0.1713781505823135
-0.1712832897901535
-0.1711883693933487
-0.1710933148860931
-0.1709981113672256
-0.1709026694297791
-0.170806959271431
-0.1707109957933426
-0.1706147193908691
-0.1705181300640106
-0.170421302318573
-0.1703242510557175
-0.1702270358800888
-0.170129731297493
-0.1700324416160583
-0.1699352711439133
-0.1698382794857025
-0.169741615653038
-0.1696453541517258
-0.1695495843887329
-0.1694543808698654
-0.1693598330020905
-0.1692660003900528
-0.1691728830337524
-0.1690805554389954
-0.1689890325069427
-0.168898269534111
-0.1688083112239838
-0.1687191277742386
-0.1686307042837143
-0.1685430258512497
-0.1684560626745224
-0.1683697253465652
-0.1682839840650558
-0.168198749423027
-0.1681139469146729
-0.1680294871330261
-0.1679452806711197
-0.1678611934185028
-0.1677771508693695
-0.1676930338144302
-0.167608767747879
-0.1675242036581039
-0.1674392372369766
-0.1673537790775299
-0.167267769575119
-0.167181134223938
-0.1670938283205032
-0.1670058369636536
-0.1669171303510666
-0.1668277233839035
-0.1667376160621643
-0.166646882891655
-0.1665555387735367
-0.166463702917099
-0.1663714051246643
-0.1662787348031998
-0.1661857813596725
-0.1660926342010498
-0.1659993380308151
-0.1659059822559357
-0.1658126264810562
-0.1657193899154663
-0.1656263172626495
-0.1655334979295731
-0.1654409915208817
-0.1653488427400589
-0.1652571260929108
-0.1651658564805984
-0.1650750637054443
-0.1649847775697708
-0.1648950129747391
-0.1648057550191879
-0.1647169888019562
-0.1646286845207214
-0.1645408123731613
-0.1644533425569534
-0.164366215467453
-0.1642794013023376
-0.1641928106546402
-0.1641064137220383
-0.1640201508998871
-0.1639339625835419
-0.1638478189706802
-0.1637616604566574
-0.1636754721403122
-0.163589209318161
-0.1635028421878815
-0.1634163707494736
-0.1633297801017761
-0.1632430553436279
-0.1631561666727066
-0.1630691289901733
-0.1629819571971893
-0.1628946512937546
-0.1628072112798691
-0.162719652056694
-0.1626319885253906
-0.1625442057847977
-0.1624563336372375
-0.1623683720827103
-0.162280336022377
-0.1621922701597214
-0.1621041595935822
-0.1620160490274429
-0.1619279682636261
-0.1618399173021317
-0.1617518961429596
-0.1616639345884323
-0.1615760177373886
-0.1614881902933121
-0.1614004224538803
-0.1613127440214157
-0.1612251549959183
-0.1611377000808716
-0.1610503792762756
-0.1609631925821304
-0.1608761548995972
-0.1607892662286758
-0.1607025563716888
-0.1606159806251526
-0.1605295985937119
-0.1604433655738831
-0.1603572815656662
-0.1602713763713837
-0.1601856350898743
-0.160100057721138
-0.1600146442651749
-0.1599293351173401
-0.1598441302776337
-0.1597590148448944
-0.1596739441156387
-0.1595889180898666
-0.1595039218664169
-0.1594188958406448
-0.1593338549137115
-0.1592487692832947
-0.1591636389493942
-0.159078449010849
-0.1589931696653366
-0.1589078009128571
-0.1588223576545715
-0.15873683989048
-0.1586512476205826
-0.1585655957460403
-0.1584798842668533
-0.1583941131830215
-0.1583083420991898
-0.1582225561141968
-0.1581368148326874
-0.1580511182546616
-0.1579654663801193
-0.1578799039125443
-0.1577944457530975
-0.1577091366052628
-0.1576239466667175
-0.1575389206409454
-0.1574540436267853
-0.1573693454265594
-0.1572848409414291
-0.1572004854679108
-0.1571163088083267
-0.1570322811603546
-0.1569483876228333
-0.1568646281957626
-0.1567809581756592
-0.1566973924636841
-0.1566138863563538
-0.156530424952507
-0.1564470231533051
-0.1563636362552643
-0.1562802195549011
-0.1561967879533768
-0.15611332654953
-0.1560298204421997
-0.1559462547302246
-0.1558626443147659
-0.1557789742946625
-0.1556952446699142
-0.1556114703416824
-0.1555276811122894
-0.1554438918828964
-0.1553600877523422
-0.1552763134241104
-0.155192568898201
-0.155108854174614
-0.1550251990556717
-0.1549416184425354
-0.1548581272363663
-0.1547747850418091
-0.1546915620565414
-0.1546084433794022
-0.1545254588127136
-0.1544425785541534
-0.1543598026037216
-0.1542771309614182
-0.154194563627243
-0.1541120857000351
-0.1540296822786331
-0.1539473384618759
-0.1538650393486023
-0.1537827700376511
-0.1537005007266998
-0.1536182314157486
-0.1535359472036362
-0.1534536182880402
-0.1533712595701218
-0.1532888263463974
-0.1532063186168671
-0.1531237363815308
-0.1530410796403885
-0.1529583334922791
-0.1528755128383636
-0.1527926325798035
-0.1527096927165985
-0.1526266783475876
-0.1525435745716095
-0.1524603962898254
-0.1523771584033966
-0.152293860912323
-0.1522104740142822
-0.1521270275115967
-0.1520435065031052
-0.1519599109888077
-0.151876226067543
-0.1517924517393112
-0.1517085433006287
-0.1516245007514954
-0.1515402942895889
-0.1514559239149094
-0.1513713449239731
-0.1512865424156189
-0.151201456785202
-0.1511160731315613
-0.1510303616523743
-0.1509442925453186
-0.1508578509092331
-0.150770977139473
-0.150683656334877
-0.1505958586931229
-0.1505075544118881
-0.1504187136888504
-0.1503293067216873
-0.1502393335103989
-0.1501487195491791
-0.1500574499368668
-0.1499655246734619
-0.1498729139566422
-0.1497795581817627
-0.1496854722499847
-0.1495905965566635
-0.1494949012994766
-0.1493983566761017
-0.1493009477853775
-0.1492026299238205
-0.1491033732891083
-0.1490031480789185
-0.1489018946886063
-0.1487995982170105
-0.1486962139606476
-0.1485916972160339
-0.148486003279686
-0.1483791321516037
-0.1482710540294647
-0.1481617242097855
-0.1480510979890823
-0.1479391753673553
-0.1478259116411209
-0.1477112621068954
-0.147595226764679
-0.1474777609109879
-0.1473588794469833
-0.1472385376691818
-0.1471167504787445
-0.1469934731721878
-0.1468687504529953
-0.1467425227165222
-0.1466148495674133
-0.1464856863021851
-0.146355077624321
-0.1462230235338211
-0.1460895240306854
-0.1459545791149139
-0.1458182334899902
-0.1456805169582367
-0.1455414593219757
-0.1454010605812073
-0.145259365439415
-0.14511638879776
-0.144972175359726
-0.1448267549276352
-0.1446802020072937
-0.1445325464010239
-0.1443838179111481
-0.1442340612411499
-0.1440833359956741
-0.143931657075882
-0.1437791138887405
-0.1436257809400558
-0.1434716880321503
-0.1433169096708298
-0.1431614905595779
-0.1430055350065231
-0.1428490579128265
-0.1426921486854553
-0.1425348520278931
-0.1423772275447845
-0.1422193646430969
-0.142061322927475
-0.1419031322002411
-0.14174485206604
-0.1415865421295166
-0.1414282768964767
-0.1412700861692429
-0.1411120295524597
-0.1409541666507721
-0.1407965272665024
-0.1406391561031342
-0.140482097864151
-0.1403253972530365
-0.1401690691709518
-0.1400131434202194
-0.1398576498031616
-0.1397026032209396
-0.1395480334758759
-0.1393939107656479
-0.1392402797937393
-0.139087125658989
-0.1389344334602356
-0.1387822031974792
-0.1386304646730423
-0.1384791880846024
-0.1383283734321594
-0.1381779760122299
-0.1380279809236526
-0.1378783732652664
-0.1377291083335876
-0.1375801861286163
-0.1374315619468689
-0.1372831910848618
-0.1371350586414337
-0.1369871199131012
-0.1368393450975418
-0.1366916745901108
-0.1365440785884857
-0.1363965421915054
-0.136248990893364
-0.1361014097929001
-0.1359537690877914
-0.1358060091733932
-0.1356580853462219
-0.1355099827051163
-0.1353616714477539
-0.135213166475296
-0.1350643783807755
-0.1349153518676758
-0.134766086935997
-0.1346165537834167
-0.1344667375087738
-0.1343166679143906
-0.1341663599014282
-0.134015828371048
-0.1338650733232498
-0.1337141245603561
-0.1335630416870117
-0.1334118396043777
-0.1332605928182602
-0.1331093460321426
-0.1329581737518311
-0.1328071504831314
-0.1326563209295273
-0.1325057744979858
-0.132355585694313
-0.1322058439254761
-0.1320566236972809
-0.1319080144166946
-0.1317601352930069
-0.1316131055355072
-0.1314669847488403
-0.1313218623399734
-0.1311778724193573
-0.1310350745916367
-0.1308935731649399
-0.1307534426450729
-0.130614772439003
-0.130477637052536
-0.1303421407938004
-0.1302083432674408
-0.1300763338804245
-0.1299461871385574
-0.129817932844162
-0.1296916604042053
-0.1295673847198486
-0.1294451951980591
-0.1293250918388367
-0.1292071491479874
-0.1290913671255112
-0.1289777457714081
-0.1288663297891617
-0.128757119178772
-0.1286500841379166
-0.1285452246665955
-0.1284425258636475
-0.1283419877290726
-0.1282435655593872
-0.1281472444534302
-0.1280530095100403
-0.1279607862234116
-0.1278705298900604
-0.1277821958065033
-0.1276957392692566
-0.1276110857725143
-0.1275282055139542
-0.1274469643831253
-0.127367302775383
-0.1272891759872437
-0.1272124797105789
-0.127137154340744
-0.1270630955696106
-0.1269901841878891
-0.1269183456897736
-0.1268474757671356
-0.1267774403095245
-0.1267081499099731
-0.1266394704580307
-0.1265712827444077
-0.1265034526586533
-0.126435860991478
-0.1263683438301086
-0.1263007819652557
-0.1262329965829849
-0.1261648833751678
-0.1260962784290314
-0.1260270476341248
-0.1259570419788361
-0.1258861273527145
-0.1258141696453094
-0.1257410198450089
-0.1256665885448456
-0.1255907565355301
-0.1255134344100952
-0.1254344880580902
-0.1253538429737091
-0.1252714693546295
-0.1251873075962067
-0.1251013278961182
-0.125013530254364
-0.1249238699674606
-0.1248323991894722
-0.1247391700744629
-0.1246442496776581
-0.1245477199554443
-0.1244496926665306
-0.1243502870202065
-0.1242496594786644
-0.1241479590535164
-0.1240453645586967
-0.1239420846104622
-0.123838298022747
-0.1237342208623886
-0.1236300766468048
-0.1235260739922523
-0.1234224215149879
-0.1233193352818489
-0.1232170388102531
-0.1231157332658768
-0.1230155974626541
-0.1229168325662613
-0.1228195652365685
-0.1227239519357681
-0.1226301044225693
-0.1225381121039391
-0.1224480271339417
-0.1223599016666412
-0.1222737058997154
-0.1221894323825836
-0.122107021510601
-0.1220263913273811
-0.1219474226236343
-0.1218700036406517
-0.1217939481139183
-0.121719092130661
-0.1216452419757843
-0.1215721815824509
-0.1214996725320816
-0.1214274987578392
-0.1213554218411446
-0.1212832108139992
-0.1212106570601463
-0.1211375445127487
-0.1210636794567108
-0.1209888756275177
-0.1209129616618156
-0.1208358258008957
-0.1207573562860489
-0.1206774637103081
-0.1205961033701897
-0.1205132678151131
-0.1204289644956589
-0.1203432306647301
-0.1202561408281326
-0.1201677843928337
-0.1200782954692841
-0.1199878081679344
-0.1198964864015579
-0.1198045089840889
-0.1197120919823647
-0.1196194216609001
-0.119526706635952
-0.1194341480731964
-0.1193419396877289
-0.1192502751946449
-0.1191593185067177
-0.1190692335367203
-0.1189801618456841
-0.118892215192318
-0.1188054904341698
-0.1187200471758842
-0.1186359226703644
-0.118553139269352
-0.118471659719944
-0.1183914393186569
-0.1183124184608459
-0.1182344853878021
-0.1181575432419777
-0.1180814653635025
-0.118006095290184
-0.1179312542080879
-0.1178567856550217
-0.1177825331687927
-0.1177083104848862
-0.1176339760422707
-0.1175593733787537
-0.1174843460321426
-0.1174087822437286
-0.1173326000571251
-0.117255687713623
-0.1171779930591583
-0.1170994564890862
-0.1170200854539871
-0.1169398725032806
-0.1168588474392891
-0.116777092218399
-0.1166946589946747
-0.1166116371750832
-0.1165281310677528
-0.1164442524313927
-0.1163601279258728
-0.1162758693099022
-0.1161916181445122
-0.1161075085401535
-0.1160236448049545
-0.115940161049366
-0.1158571541309357
-0.1157746985554695
-0.1156928837299347
-0.1156117618083954
-0.1155313923954964
-0.115451768040657
-0.1153729110956192
-0.1152947917580605
-0.115217387676239
-0.1151406466960907
-0.1150644943118095
-0.1149888560175896
-0.114913672208786
-0.1148388311266899
-0.1147642359137535
-0.1146898046135902
-0.11461541056633
-0.1145409941673279
-0.1144664436578751
-0.1143916919827461
-0.1143166720867157
-0.1142413318157196
-0.1141656190156937
-0.1140895187854767
-0.1140130013227463
-0.1139360889792442
-0.1138587966561317
-0.1137811541557312
-0.1137031987309456
-0.1136249974370003
-0.1135465875267982
-0.1134680360555649
-0.1133894175291061
-0.113310806453228
-0.1132322773337364
-0.1131539046764374
-0.1130757406353951
-0.1129978448152542
-0.112920269370079
-0.1128430664539337
-0.1127662658691406
-0.1126898676156998
-0.1126138940453529
-0.1125383600592613
-0.1124632656574249
-0.1123885810375214
-0.1123142540454865
-0.1122402548789978
-0.1121665611863136
-0.1120931059122086
-0.1120198294520378
-0.1119466796517372
-0.1118736043572426
-0.1118005514144897
-0.1117274686694145
-0.1116543337702751
-0.1115810722112656
-0.1115076690912247
-0.1114341095089912
-0.1113603711128235
-0.1112864539027214
-0.1112123653292656
-0.1111381053924561
-0.111063688993454
-0.110989160835743
-0.1109145358204842
-0.1108398512005806
-0.1107651516795158
-0.1106904894113541
-0.1106158941984177
-0.1105414107441902
-0.1104670837521553
-0.1103929355740547
-0.110319010913372
-0.1102453246712685
-0.1101719066500664
-0.1100987568497658
-0.1100258827209473
-0.109953299164772
-0.1098809689283371
-0.1098088845610619
-0.1097370162606239
-0.1096653491258621
-0.109593853354454
-0.1095224991440773
-0.1094512566924095
-0.1093800812959671
-0.1093089357018471
-0.1092377901077271
-0.1091666147112846
-0.1090954020619392
-0.1090241372585297
-0.1089528053998947
-0.1088813990354538
-0.1088099181652069
-0.1087383702397346
-0.1086667701601982
-0.1085951328277588
-0.1085234731435776
-0.1084518060088158
-0.1083801761269569
-0.1083086058497429
-0.108237124979496
-0.1081657335162163
-0.1080944761633873
-0.1080233529210091
-0.1079523861408234
-0.1078815907239914
-0.1078109741210938
-0.1077405363321304
-0.1076702773571014
-0.1076001971960068
-0.1075302734971046
-0.1074604988098145
-0.1073908656835556
-0.1073213592171669
-0.1072519645094872
-0.1071826592087746
-0.1071134060621262
-0.1070442050695419
-0.1069750338792801
-0.1069058924913406
-0.1068367511034012
-0.1067676097154617
-0.1066984534263611
-0.1066292896866798
-0.1065601110458374
-0.106490932404995
-0.1064217686653137
-0.1063526272773743
-0.1062835305929184
-0.1062144711613655
-0.106145478785038
-0.106076568365097
-0.1060077399015427
-0.105939008295536
-0.1058703809976578
-0.1058018580079079
-0.1057334542274475
-0.1056651622056961
-0.1055970191955566
-0.1055289879441261
-0.1054610684514046
-0.105393260717392
-0.1053255647420883
-0.1052579656243324
-0.1051904484629631
-0.1051230132579803
-0.1050556376576424
-0.1049883216619492
-0.1049210652709007
-0.1048538386821747
-0.1047866567969322
-0.1047194972634315
-0.1046523675322533
-0.104585275053978
-0.1045182198286057
-0.1044511944055557
-0.1043841987848282
-0.1043172553181648
-0.1042503640055656
-0.10418351739645
-0.1041167452931404
-0.1040500402450562
-0.1039834097027779
-0.1039168760180473
-0.103850431740284
-0.1037840768694878
-0.1037178188562393
-0.1036516577005386
-0.1035856008529663
-0.1035196334123611
-0.103453740477562
-0.1033879294991493
-0.1033222004771233
-0.1032565459609032
-0.103190965950489
-0.1031254529953003
-0.1030600145459175
-0.1029946282505989
-0.1029292941093445
-0.1028639897704124
-0.1027987375855446
-0.1027335301041603
-0.102668359875679
-0.1026032269001007
-0.1025381535291672
-0.1024731174111366
-0.1024081408977509
-0.1023432165384293
-0.1022783666849136
-0.1022135689854622
-0.1021488383412361
-0.1020841896533966
-0.1020196154713631
-0.1019551381468773
-0.1018907427787781
-0.101826436817646
-0.1017622053623199
-0.101698063313961
-0.1016339957714081
-0.1015699952840805
-0.1015060693025589
-0.1014422103762627
-0.1013784110546112
-0.1013146713376045
-0.1012509763240814
-0.1011873334646225
-0.1011237502098083
-0.1010602191090584
-0.1009967550635338
-0.1009333357214928
-0.1008699685335159
-0.1008066534996033
-0.1007433831691742
-0.1006801575422287
-0.100616991519928
-0.100553885102272
-0.1004908308386803
-0.1004278510808945
-0.100364938378334
-0.1003020852804184
-0.1002392992377281
-0.1001765951514244
-0.1001139581203461
-0.1000513955950737
-0.0999889150261879
-0.09992649406194687
-0.09986413270235062
-0.09980183839797974
-0.09973961859941483
-0.09967745095491409
-0.09961535036563873
-0.09955331683158875
-0.09949134290218353
-0.0994294285774231
-0.09936755150556564
-0.09930573403835297
-0.09924396872520447
-0.09918226301670074
-0.0991206094622612
-0.09905903041362762
-0.09899749606847763
-0.09893602132797241
-0.09887459874153137
-0.09881322085857391
-0.09875188767910004
-0.09869061410427094
-0.09862940758466721
-0.09856824576854706
-0.09850716590881348
-0.09844615310430527
-0.09838519990444183
-0.09832430630922318
-0.09826347231864929
-0.09820270538330078
-0.09814199060201645
-0.09808133542537689
-0.09802073985338211
-0.0979602113366127
-0.09789973497390747
-0.09783933311700821
-0.09777898341417313
-0.09771869331598282
-0.09765846282243729
-0.09759829193353653
-0.09753816574811935
-0.09747810661792755
-0.09741809219121933
-0.09735814481973648
-0.09729824960231781
-0.09723842144012451
-0.09717865288257599
-0.09711894392967224
-0.09705928713083267
-0.09699968248605728
-0.09694012999534607
-0.09688065201044083
-0.09682122617959976
-0.09676186740398407
-0.09670256823301315
-0.09664332866668701
-0.09658414870500565
-0.09652502834796906
-0.09646595269441605
-0.09640692919492722
-0.09634795784950256
