0
0
0
0
0
0
0
0
0
0
0
0
0
0
0
0
0
0
0
0
0
0
0
0
0
0
0
0
0
0
0
0
0
0
0
0
0
0
0
0
0
0
0
0
0
0
0
0
0
0
0
0
0
0
0
0
0
0
0
0
0
0
0
0
0
0
0
0
0
0
0
0
0
0
0
0
0
0
0
0
0
0
0
0
0
0
0
0
0
0
0
0
0
0
0
0
0
0
0
0
0
0
0
0
0
0
0
0
0
0
0
0
0
0
0
0
0
0
0
0
0
0
0
0
0
0
0
0
0
0
0
0
0
0
0
0
0
0
0
0
0
0
0
0
0
0
0
0
0
0
0
0
0
0
0
0
0
0
0
0
0
0
0
0
0
0
0
0
0
0
0
0
0
0
0
0
0
0
0
0
0
0
0
0
0
0
0
0
0
0
0
0
0
0
0
0
0
0
0
0
0
0
0
0
0
0
0
0
0
0
0
0
0
0
0
0
0
0
0
0
0
0
0
0
0
0
0
0
0
0
0
0
0
0
0
0
0
0
0
0
0
0
0
0
0
0
0
0
0
0
0
0
0
0
0
0
0
0
0
0
0
0
0
0
0
0
0
0
0
0
0
0
0
0
0
0
0
0
0
0
0
0
0
0
0
0
0
0
0
0
0
0
0
0
0
0
0
0
0
0
0
0
0
0
0
0
0
0
0
0
0
0
0
0
0
0
0
0
0
0
0
0
0
0
0
0
0
0
0
0
0
0
0
0
0
0
0
0
0
0
0
0
0
0
0
0
0
0
0
0
0
0
0
0
0
0
0
0
0
0
0
0
0
0
0
0
0
0
0
0
0
0
0
0
0
0
0
0
0
0
0
0
0
0
0
0
0
0
0
0
0
0
0
0
0
0
0
0
0
0
0
0
0
0
0
0
0
0
0
0
0
0
0
0
0
0
0
0
0
0
0
0
0
0
0
0
0
0
0
0
0
0
0
0
0
0
0
0
0
0
0
0
0
0
0
0
0
0
0
0
0
0
0
0
0
0
0
0
0
0
0
0
0
0
0
0
0
0
0
0
0
0
0
0
0
0
0
0
0
0
0
0
0
0
0
0
0
0
0
0
0
0
0
0
0
0
0
0
0
0
0
0
0
0
0
0
0
0
0
0
0
0
0
0
0
0
0
0
0
0
0
0
0
0
0
0
0
0
0
0
0
0
0
0
0
0
0
0
0
0
0
0
0
0
0
0
0
0
0
0
0
0
0
0
0
0
0
0
0
0
0
0
0
0
0
0
0
0
0
0
0
0
0
0
0
0
0
0
0
0
0
0
0
0
0
0
0
0
0
0
0
0
0
0
0
0
0
0
0
0
0
0
0
0
0
0
0
0
0
0
0
0
0
0
0
0
0
0
0
0
0
0
0
0
0
0
0
0
0
0
0
0
0
0
0
0
0
0
0
0
0
0
0
0
0
0
0
0
0
0
0
0
0
0
0
0
0
0
0
0
0
0
0
0
0
0
0
0
0
0
0
0
0
0
0
0
0
0
0
0
0
0
0
0
0
0
0
0
0
0
0
0
0
0
0
0
0
0
0
0
0
0
0
0
0
0
0
0
0
0
0
0
0
0
0
0
0
0
0
0
0
0
0
0
0
0
0
0
0
0
0
0
0
0
0
0
0
0
0
0
0
0
0
0
0
0
0
0
0
0
0
0
0
0
0
0
0
0
0
0
0
0
0
0
0
0
0
0
0
0
0
0
0
0
0
0
0
0
0
0
0
0
0
0
0
0
0
0
0
0
0
0
0
0
0
0
0
0
0
0
0
0
0
0
0
0
0
0
0
0
0
0
0
0
0
0
0
0
0
0
0
0
0
0
0
0
0
0
0
0
0
0
0
0
0
0
0
0
0
0
0
0
0
0
0
0
0
0
0
0
0
0
0
0
0
0
0
0
0
0
0
0
0
0
0
0
0
0
0
0
0
0
0
0
0
0
0
0
0
0
0
0
0
0
0
0
0
0
0
0
0
0
0
0
0
0
0
0
0
0
0
0
0
0
0
0
0
0
0
0
0
0
0
0
0
0
0
0
0
0
0
0
0
0
0
0
0
0
0
0
0
0
0
0
0
0
0
0
0
0
0
0
0
0
0
0
0
0
0
0
0
0
0
0
0
0
0
0
0
0
0
0
0
0
0
0
0
0
0
0
0
0
0
0
0
0
0
0
0
0
0
0
0
0
0
0
0
0
0
0
0
0
0
0
0
0
0
0
0
0
0
0
0
0
0
0
0
0
0
0
0
0
0
0
0
0
0
0
0
0
0
0
0
0
0
0
0
0
0
0
0
0
0
0
0
0
0
0
0
0
0
0
0
0
0
0
0
0
0
0
0
0
0
0
0
0
0
0
0
0
0
0
0
0
0
0
0
0
0
0
0
0
0
0
0
0
0
0
0
0
0
0
0
0
0
0
0
0
0
0
0
0
0
0
0
0
0
0
0
0
0
0
0
0
0
0
0
0
0
0
0
0
0
0
0
0
0
0
0
0
0
0
0
0
0
0
0
0
0
0
0
0
0
0
0
0
0
0
0
0
0
0
0
0
0
0
0
0
0
0
0
0
0
0
0
0
0
0
0
0
0
0
0
0
0
0
0
0
0
0
0
0
0
0
0
0
0
0
0
0
0
0
0
0
0
0
0
0
0
0
0
0
0
0
0
0
0
0
0
0
0
0
0
0
0
0
0
0
0
0
0
0
0
0
0
0
0
0
0
0
0
0
0
0
0
0
0
0
0
0
0
0
0
0
0
0
0
0
0
0
0
0
0
0
0
0
0
0
0
0
0
0
0
0
0
0
0
0
0
0
0
0
0
0
0
0
0
0
0
0
0
0
0
0
0
0
0
0
0
0
0
0
0
0
0
0
0
0
0
0
0
0
0
0
0
0
0
0
0
0
0
0
0
0
0
0
0
0
0
0
0
0
0
0
0
0
0
0
0
0
0
0
0
0
0
0
0
0
0
0
0
0
0
0
0
0
0
0
0
0
0
0
0
0
0
0
0
0
0
0
0
0
0
0
0
0
0
0
0
0
0
0
0
0
0
0
0
0
0
0
0
0
0
0
0
0
0
0
0
0
0
0
0
0
0
0
0
0
0
0
0
0
0
0
0
0
0
0
0
0
0
0
0
0
0
0
0
0
0
0
0
0
0
0
0
0
0
0
0
0
0
0
0
0
0
0
0
0
0
0
0
0
0
0
0
0
0
0
0
0
0
0
0
0
0
0
0
0
0
0
0
0
0
0
0
0
0
0
0
0
0
0
2.802596928649634e-45
1.68155815718978e-44
4.764414778704378e-44
9.668959403841238e-44
1.877739942195255e-43
3.531272130098539e-43
6.445972935894159e-43
1.1462621438177e-42
2.022073684020711e-42
3.553692905527736e-42
6.213357390816239e-42
1.081241895073029e-41
1.878860980966715e-41
3.255636722165848e-41
5.629856710271385e-41
9.717724590399741e-41
1.674355483083151e-40
2.879640318218213e-40
4.943724930199382e-40
8.472222489338558e-40
1.449371409441944e-39
2.475138700909282e-39
4.219496048777779e-39
7.180659707755017e-39
1.219870670590526e-38
2.068761865995392e-38
3.50232438668221e-38
5.919069579284613e-38
9.986269428102949e-38
1.681928212088239e-37
2.827923436574455e-37
4.746631516464956e-37
7.953579058501005e-37
1.330456257665997e-36
2.221779566508147e-36
3.703951561468112e-36
6.164461984394042e-36
1.024217325325297e-35
1.698860251651872e-35
2.813152844961144e-35
4.650509921382957e-35
7.675045406611683e-35
1.264549527334096e-34
2.080016590793402e-34
3.415664929664274e-34
5.59967259247588e-34
9.164955682892013e-34
1.497545089130047e-33
2.442938624830779e-33
3.978595812208377e-33
6.468937899774995e-33
1.050082695242981e-32
1.701777130680842e-32
2.753416253912708e-32
4.447668310569967e-32
7.172748391535341e-32
1.154869244492195e-31
1.856415910457009e-31
2.979300541410505e-31
4.773657168011332e-31
7.636374765794854e-31
1.219617330616561e-30
1.944740299028642e-30
3.096010626506472e-30
4.920932316158058e-30
7.809038052851544e-30
1.237240567619004e-29
1.95712459280834e-29
3.090947537238611e-29
4.873879891594078e-29
7.673069806190236e-29
1.206078960933507e-28
1.892761097402513e-28
2.965721706509919e-28
4.639601347215308e-28
7.246824194604668e-28
1.130141083970274e-27
1.759691375307507e-27
2.73564905609195e-27
4.246246815368234e-27
6.580703093628946e-27
1.018268974993071e-26
1.573174304657336e-26
2.426701928509445e-26
3.737508645735655e-26
5.747448886892227e-26
8.824625796324288e-26
1.352840369374055e-25
2.070746810696413e-25
3.164743058361439e-25
4.829275313637541e-25
7.357976340894481e-25
1.119357238299362e-24
1.700253997128193e-24
2.578662645220594e-24
3.904917095537827e-24
5.904275199059166e-24
8.913733798544823e-24
1.343667884268217e-23
2.022386925497004e-23
3.039327082167859e-23
4.560708446758998e-23
6.833287972601001e-23
1.022281249870181e-22
1.527056997923151e-22
2.277639595232453e-22
3.392036006787547e-22
5.044084670372729e-22
7.489477241039985e-22
1.110372236440057e-21
1.643744798152463e-21
2.429682904299872e-21
3.586038789538348e-21
5.284831892000718e-21
7.776764378311432e-21
1.142665036358765e-20
1.676455025396891e-20
2.455943505757408e-20
3.592519071091105e-20
5.247284839215487e-20
7.65289472781647e-20
1.114481894289832e-19
1.620604372048678e-19
2.353088960335723e-19
3.411596318055917e-19
4.93895946974094e-19
7.139575261740529e-19
1.030549686991667e-18
1.485339584832762e-18
2.137683270611096e-18
3.072007140342045e-18
4.408216297091577e-18
6.316345780780938e-18
9.037154987294966e-18
1.291103039306046e-17
1.841847997513854e-17
2.6236809145255e-17
3.731925256950981e-17
5.300538292781829e-17
7.51748755179786e-17
1.064612219474534e-16
1.505485655505455e-16
2.125830616157436e-16
2.99742222492619e-16
4.220217516428219e-16
5.933210097445421e-16
8.329385837097848e-16
1.167629200317659e-15
1.634428845791267e-15
2.284527903358364e-15
3.188574638292351e-15
4.443925323484744e-15
6.184536948994389e-15
8.594453680633649e-15
1.19261476643753e-14
1.652544678247374e-14
2.286533931487346e-14
3.159175395242575e-14
4.358546265873994e-14
6.0045657411089e-14
8.260263268744863e-14
1.13469353542079e-13
1.55645285613952e-13
2.131896547317991e-13
2.91587798828194e-13
3.982407123254844e-13
5.431192605029334e-13
7.396362168565762e-13
1.00580698284003e-12
1.365792461766047e-12
1.851946547504202e-12
2.507529340417536e-12
3.390294121830006e-12
4.577228786967202e-12
6.17080518627855e-12
8.307205617841262e-12
1.116714273136088e-11
1.499005086724736e-11
2.009269313429929e-11
2.689348743700748e-11
3.594429615061401e-11
4.797187994065588e-11
6.393184592834444e-11
8.507881205099821e-11
1.130574800445316e-10
1.500205376592234e-10
1.987812692227919e-10
2.630107520662506e-10
3.474919241241992e-10
4.584467805379688e-10
6.039568845039867e-10
7.945030189304703e-10
1.043656605581589e-09
1.368963720160821e-09
1.793074133615846e-09
2.345180716289974e-09
3.062851083868168e-09
3.99435551301508e-09
5.201618691330623e-09
6.763959170541511e-09
8.782816252050907e-09
1.138771654751736e-08
1.474379196508835e-08
1.906123792139169e-08
2.460718562247166e-08
3.172059948042261e-08
4.083090487938534e-08
5.2481272660998e-08
6.73576749932181e-08
8.632500936300858e-08
1.104720936950798e-07
1.411674332985058e-07
1.801282962787809e-07
2.295060994583764e-07
2.919919666055648e-07
3.709466511736537e-07
4.705603942056769e-07
5.960489488643361e-07
7.538945965279709e-07
9.521401125311968e-07
1.20074832921091e-06
1.512040284978866e-06
1.901228529277432e-06
2.387064569120412e-06
2.992624558828538e-06
3.74625915355864e-06
4.682740836869925e-06
5.844648967467947e-06
7.284035291377222e-06
9.064421647053678e-06
1.126319966715528e-05
1.397450341755757e-05
1.731262818793766e-05
2.141612094419543e-05
2.645262793521397e-05
3.262468089815229e-05
4.017651008325629e-05
4.940212602377869e-05
6.065487104933709e-05
7.435862789861858e-05
9.102102922042832e-05
0.0001112489044317044
0.0001357664441457018
0.0001654362567933276
0.0002012841432588175
0.0002445275604259223
0.0002966090687550604
0.0003592347784433514
0.0004344186454545707
0.0005245337961241603
0.0006323714042082429
0.000761208648327738
0.000914884964004159
0.001097891246899962
0.001315470435656607
0.001573730609379709
0.001879775314591825
0.002241849433630705
0.002669503446668386
0.003173778299242258
0.003767414484173059
0.004465081728994846
0.005283638369292021
0.006242418196052313
0.007363548502326012
0.008672299794852734
0.01019746996462345
0.01197180990129709
0.01403248403221369
0.01642156951129436
0.0191866047680378
0.02238116785883904
0.02606550231575966
0.03030719980597496
0.03518189489841461
0.04077401757240295
0.04717758297920227
0.05449698865413666
0.06284786015748978
0.0723578929901123
0.08316767960786819
0.09543155133724213
0.1093184128403664
0.1250124573707581
0.1427138149738312
0.1626391708850861
0.1850221753120422
0.2101136445999146
0.2381816059350967
0.2695109844207764
0.3044030368328094
0.3431742787361145
0.3861550688743591
0.4336875379085541
0.4861227869987488
0.5438175797462463
0.6071301698684692
0.6764151453971863
0.7520174384117126
0.8342652320861816
0.9234617948532104
1.01987636089325
1.123733878135681
1.235203981399536
1.354388117790222
1.481308102607727
1.615891695022583
1.757960200309753
1.907215595245361
2.063228130340576
2.225426435470581
2.393090009689331
2.565343141555786
2.741153478622437
2.91933536529541
3.098559856414795
3.277366399765015
3.454182863235474
3.627352237701416
3.795164823532104
3.955894708633423
4.107841014862061
4.249373912811279
4.37897777557373
4.495301723480225
4.597198963165283
4.683768749237061
4.754388809204102
4.808742046356201
4.846832275390625
4.868991851806641
4.875876903533936
4.868456363677979
4.84798526763916
4.815977573394775
4.774162292480469
4.724442005157471
4.668843746185303
4.60946798324585
4.548435688018799
4.487840175628662
4.429696559906006
4.375897884368896
4.328170776367188
4.28804349899292
4.256809711456299
4.235506057739258
4.224889278411865
4.225422859191895
4.237269878387451
4.260290622711182
4.294047355651855
4.337820053100586
4.390622138977051
4.451226711273193
4.518202781677246
4.58995532989502
4.664767742156982
4.740856170654297
4.816422939300537
4.889710903167725
4.959060668945312
5.022964000701904
5.080114364624023
5.129448413848877
5.170180320739746
5.201826572418213
5.224216938018799
5.237498760223389
5.242122173309326
5.238819599151611
5.22857141494751
5.212564468383789
5.192145824432373
5.168765068054199
5.143920421600342
5.119101524353027
5.09573221206665
5.075122833251953
5.05842399597168
5.046587944030762
5.040335655212402
5.040139675140381
5.046211242675781
5.058499336242676
5.076698303222656
5.100266933441162
5.128454208374023
5.160333633422852
5.194845676422119
5.230842590332031
5.267135620117188
5.302546501159668
5.335956573486328
5.366348266601562
5.392846584320068
5.414750099182129
5.431558132171631
5.44297981262207
5.448942184448242
5.449580669403076
5.445225715637207
5.436376094818115
5.423669338226318
5.407845020294189
5.389699935913086
5.37005090713501
5.349691867828369
5.329355716705322
5.309680461883545
5.291180610656738
5.274228572845459
5.259040355682373
5.245669841766357
5.234016418457031
5.223835945129395
5.214756965637207
5.206307888031006
5.197947025299072
5.189093589782715
5.17916202545166
5.167597770690918
5.153903961181641
5.137673377990723
5.118607521057129
5.09653377532959
5.071415424346924
5.04335355758667
5.012581825256348
4.97945499420166
4.944431781768799
4.908054828643799
4.870923519134521
4.833667755126953
4.796921730041504
4.761296272277832
4.72735595703125
4.695597171783447
4.666430950164795
4.640172004699707
4.617030620574951
4.597113132476807
4.580420970916748
4.566863059997559
4.556264877319336
4.548381328582764
4.542913436889648
4.539529800415039
4.537878036499023
4.537603855133057
4.53836727142334
4.53985071182251
4.541773319244385
4.543892860412598
4.546010971069336
4.547972679138184
4.549663543701172
4.551002979278564
4.551939487457275
4.552443027496338
4.552496433258057
4.55208683013916
4.551200866699219
4.549818992614746
4.54791259765625
4.545443534851074
4.542365074157715
4.538626194000244
4.534173011779785
4.528959274291992
4.522948741912842
4.516124725341797
4.508495330810547
4.500096797943115
4.490999698638916
4.481307506561279
4.471156120300293
4.460713386535645
4.450168609619141
4.439730644226074
4.429615497589111
4.420037269592285
4.411198616027832
4.403278350830078
4.396424770355225
4.390745162963867
4.386300563812256
4.383101463317871
4.381107330322266
4.380226612091064
4.380321502685547
4.381213665008545
4.382693290710449
4.384530544281006
4.386483669281006
4.388314723968506
4.389796257019043
4.39072847366333
4.390944957733154
4.390318870544434
4.388771057128906
4.386270999908447
4.382838726043701
4.3785400390625
4.373481273651123
4.367805480957031
4.361681938171387
4.355295181274414
4.348837375640869
4.342496395111084
4.336447715759277
4.330843925476074
4.325808525085449
4.321433544158936
4.317772388458252
4.314841747283936
4.312620639801025
4.311055183410645
4.310060977935791
4.309531211853027
4.309342861175537
4.309364318847656
4.309460639953613
4.30950403213501
4.309378623962402
4.308985710144043
4.308248043060303
4.307114124298096
4.305557727813721
4.303579330444336
4.301201820373535
4.298470020294189
4.295448303222656
4.29221248626709
4.288846015930176
4.285436630249023
4.282068252563477
4.278820514678955
4.275760173797607
4.272942066192627
4.27040433883667
4.268167972564697
4.266236305236816
4.264597415924072
4.263223648071289
4.262074947357178
4.26110315322876
4.260253429412842
4.259469032287598
4.258692264556885
4.257872104644775
4.25696325302124
4.255929470062256
4.254745006561279
4.253396987915039
4.251882553100586
4.250211238861084
4.248401165008545
4.246479511260986
4.244480609893799
4.242440223693848
4.240397453308105
4.238388061523438
4.236445903778076
4.234598159790039
4.232867240905762
4.231266498565674
4.229799747467041
4.228464126586914
4.227249145507812
4.226137638092041
4.225107669830322
4.224133968353271
4.223189830780029
4.222249031066895
4.221288204193115
4.22028636932373
4.219227313995361
4.218101501464844
4.216904163360596
4.215635776519775
4.214304447174072
4.212920188903809
4.211497783660889
4.210053443908691
4.208603858947754
4.207165241241455
4.205750942230225
4.204371452331543
4.203033924102783
4.201741218566895
4.200490951538086
4.199276447296143
4.198085784912109
4.196904182434082
4.195714950561523
4.194498062133789
4.193233966827393
4.191901683807373
4.190479755401611
4.188951015472412
4.18729829788208
4.185505390167236
4.183558940887451
4.181445121765137
4.179150581359863
4.176663875579834
4.173970222473145
4.171055793762207
4.167901992797852
4.164489269256592
4.160794258117676
4.156790733337402
4.152447700500488
4.147733688354492
4.142613887786865
4.137051105499268
4.131007671356201
4.124446392059326
4.117331027984619
4.109627723693848
4.101305961608887
4.092339515686035
4.082706451416016
4.072391510009766
4.061384201049805
4.0496826171875
4.037290573120117
4.024221420288086
4.010493755340576
3.996134757995605
3.981180191040039
3.965671539306641
3.949659109115601
3.933199405670166
3.916355133056641
3.899196624755859
3.881798982620239
3.864240884780884
3.846606254577637
3.828981399536133
3.811454057693481
3.794111013412476
3.777037382125854
3.760313987731934
3.744015455245972
3.728208065032959
3.712948083877563
3.69827938079834
3.684230089187622
3.670812368392944
3.658019304275513
3.645825147628784
3.634183168411255
3.623025178909302
3.612261772155762
3.601783275604248
3.591460227966309
3.5811448097229
3.570673704147339
3.55987024307251
3.548547506332397
3.536512136459351
3.523567199707031
3.509516954421997
3.494170188903809
3.477344036102295
3.458868503570557
3.43858814239502
3.416366338729858
3.392085790634155
3.365652322769165
3.336992502212524
3.306057214736938
3.272818326950073
3.237269163131714
3.199419975280762
3.159298181533813
3.116943359375
3.072404623031616
3.025735378265381
2.976991891860962
2.926228523254395
2.873495101928711
2.818833827972412
2.762276887893677
2.703847408294678
2.643556594848633
2.581405162811279
2.51738429069519
2.451476812362671
2.383662939071655
2.313919544219971
2.242226600646973
2.168569803237915
2.092945337295532
2.015363454818726
1.93585193157196
1.854459643363953
1.771257400512695
1.686341524124146
1.599833250045776
1.511878371238708
1.422647356987
1.332331895828247
1.241142988204956
1.149307727813721
1.057064771652222
0.9646604657173157
0.8723453283309937
0.7803692221641541
0.6889773607254028
0.598407506942749
0.5088868141174316
0.4206297099590302
0.3338364958763123
0.2486923635005951
0.1653671413660049
0.08401589095592499
0.004779960960149765
-0.07221196591854095
-0.1468422710895538
-0.2190028131008148
-0.2885934710502625
-0.3555209636688232
-0.4196978509426117
-0.4810422658920288
-0.5394777655601501
-0.5949339866638184
-0.6473484039306641
-0.696667492389679
-0.7428490519523621
-0.7858647704124451
-0.8257030248641968
-0.862371563911438
-0.8959001302719116
-0.9263430833816528
-0.9537810087203979
-0.9783227443695068
-1.000105977058411
-1.019297003746033
-1.036090612411499
-1.050708532333374
-1.063396692276001
-1.074422717094421
-1.08407199382782
-1.092643737792969
-1.100446105003357
-1.107791304588318
-1.114990472793579
-1.122348189353943
-1.130157828330994
-1.138696432113647
-1.148220419883728
-1.158961534500122
-1.171122908592224
-1.184876441955566
-1.20035994052887
-1.21767520904541
-1.236887335777283
-1.258023381233215
-1.28107213973999
-1.30598509311676
-1.332677006721497
-1.361027598381042
-1.390883922576904
-1.422062277793884
-1.454352140426636
-1.487519025802612
-1.521309018135071
-1.555453181266785
-1.589672684669495
-1.623683333396912
-1.657202005386353
-1.68995201587677
-1.721668004989624
-1.752102613449097
-1.781030893325806
-1.808256268501282
-1.833614468574524
-1.856977224349976
-1.878255844116211
-1.897403120994568
-1.914414882659912
-1.929330348968506
-1.942230224609375
-1.953235864639282
-1.962505340576172
-1.970229983329773
-1.976628541946411
-1.981941938400269
-1.9864262342453
-1.990345478057861
-1.993965268135071
-1.997544527053833
-2.001328468322754
-2.005541801452637
-2.010381698608398
-2.016013145446777
-2.022562980651855
-2.03011679649353
-2.038716793060303
-2.048360109329224
-2.058997631072998
-2.070537090301514
-2.082842826843262
-2.095741271972656
-2.109025239944458
-2.122458696365356
-2.135783433914185
-2.148723840713501
-2.160997152328491
-2.172319412231445
-2.182411432266235
-2.191006898880005
-2.197859764099121
-2.20274806022644
-2.205482006072998
-2.205905437469482
-2.203900575637817
-2.199390172958374
-2.192337989807129
-2.182748794555664
-2.170668125152588
-2.156177997589111
-2.139394998550415
-2.120465040206909
-2.099559783935547
-2.076869487762451
-2.052597999572754
-2.026956558227539
-2.000159740447998
-1.972418665885925
-1.943936109542847
-1.914903163909912
-1.885495781898499
-1.855872631072998
-1.826174736022949
-1.796524882316589
-1.76702868938446
-1.737777471542358
-1.708850145339966
-1.680316805839539
-1.652242422103882
-1.624691605567932
-1.597731590270996
-1.571436762809753
-1.545890927314758
-1.521189570426941
-1.497442126274109
-1.47477126121521
-1.453312158584595
-1.433210253715515
-1.414618372917175
-1.397691965103149
-1.382583975791931
-1.369438529014587
-1.35838508605957
-1.349532008171082
-1.342959523200989
-1.338714599609375
-1.33680522441864
-1.337196469306946
-1.339808464050293
-1.344514131546021
-1.351140379905701
-1.359469532966614
-1.369243264198303
-1.380168914794922
-1.391924977302551
-1.40416944026947
-1.416549801826477
-1.428712010383606
-1.44031035900116
-1.451018333435059
-1.460537910461426
-1.468608975410461
-1.475016713142395
-1.479598999023438
-1.482251763343811
-1.48293125629425
-1.481656074523926
-1.478506922721863
-1.473624229431152
-1.4672030210495
-1.459487199783325
-1.450761556625366
-1.44134247303009
-1.431568145751953
-1.42178750038147
-1.412348985671997
-1.403589248657227
-1.395822644233704
-1.389331698417664
-1.384358167648315
-1.381095886230469
-1.379685163497925
-1.38020932674408
-1.38269317150116
-1.38710355758667
-1.393351197242737
-1.40129542350769
-1.410749435424805
-1.42148768901825
-1.433253645896912
-1.445768713951111
-1.458741903305054
-1.47187876701355
-1.484890699386597
-1.497503638267517
-1.509465575218201
-1.520553350448608
-1.53057861328125
-1.539391398429871
-1.546883821487427
-1.552991271018982
-1.557691931724548
-1.561006546020508
-1.562995672225952
-1.563755750656128
-1.563414931297302
-1.562127709388733
-1.56006932258606
-1.557429194450378
-1.554404258728027
-1.551192879676819
-1.547987937927246
-1.544971704483032
-1.542310237884521
-1.540148496627808
-1.538607001304626
-1.53777801990509
-1.537724494934082
-1.53847873210907
-1.540042638778687
-1.542389035224915
-1.545463085174561
-1.549186110496521
-1.55345892906189
-1.558166146278381
-1.563181042671204
-1.568370223045349
-1.573599457740784
-1.578738212585449
-1.583665013313293
-1.588271379470825
-1.592465758323669
-1.596176624298096
-1.59935462474823
-1.601974010467529
-1.604032278060913
-1.605550765991211
-1.606571674346924
-1.60715651512146
-1.607382655143738
-1.607338666915894
-1.607121467590332
-1.606830239295959
-1.606561779975891
-1.606406569480896
-1.606444954872131
-1.606742143630981
-1.607346057891846
-1.608284831047058
-1.609566330909729
-1.61117696762085
-1.613082766532898
-1.61523175239563
-1.617556095123291
-1.619974613189697
-1.622397899627686
-1.624731779098511
-1.62688136100769
-1.628755807876587
-1.630271792411804
-1.631356477737427
-1.631950855255127
-1.63201105594635
-1.631508946418762
-1.630432486534119
-1.628784656524658
-1.626581311225891
-1.623848676681519
-1.620620250701904
-1.616933584213257
-1.612826108932495
-1.608332276344299
-1.603479623794556
-1.598287105560303
-1.592762351036072
-1.586900949478149
-1.58068585395813
-1.574088335037231
-1.567069530487061
-1.559582948684692
-1.55157732963562
-1.542999982833862
-1.533801436424255
-1.523938179016113
-1.513377070426941
-1.502098679542542
-1.490099430084229
-1.477393984794617
-1.464016437530518
-1.450020313262939
-1.43547797203064
-1.42047917842865
-1.405128479003906
-1.389542818069458
-1.373848080635071
-1.358175277709961
-1.34265673160553
-1.327423095703125
-1.312599539756775
-1.298302888870239
-1.284639477729797
-1.271702766418457
-1.259573101997375
-1.248315811157227
-1.237982034683228
-1.228608250617981
-1.220217108726501
-1.212817788124084
-1.206407070159912
-1.200970053672791
-1.19648003578186
-1.192900419235229
-1.190184116363525
-1.188274264335632
-1.187104105949402
-1.18659782409668
-1.186670303344727
-1.187228441238403
-1.188171029090881
-1.189390659332275
-1.190775156021118
-1.192208886146545
-1.193575978279114
-1.194762229919434
-1.195658802986145
-1.196164131164551
-1.19618809223175
-1.195654273033142
-1.194502353668213
-1.192691326141357
-1.190200209617615
-1.187029242515564
-1.183200359344482
-1.178756475448608
-1.173760652542114
-1.168293952941895
-1.162451982498169
-1.156342387199402
-1.150080800056458
-1.143786907196045
-1.137580037117004
-1.131575107574463
-1.125878572463989
-1.120584487915039
-1.115771770477295
-1.111501455307007
-1.10781466960907
-1.104731559753418
-1.102251291275024
-1.100352168083191
-1.098993539810181
-1.098117351531982
-1.097650170326233
-1.097507834434509
-1.097597599029541
-1.097822666168213
-1.098085522651672
-1.098291873931885
-1.098354578018188
-1.098196148872375
-1.097752213478088
-1.096972823143005
-1.0958251953125
-1.094293475151062
-1.092379331588745
-1.090101480484009
-1.087493658065796
-1.084603548049927
-1.081489682197571
-1.078218817710876
-1.074862599372864
-1.071494817733765
-1.068187475204468
-1.065007567405701
-1.062014937400818
-1.059259414672852
-1.056778311729431
-1.054596185684204
-1.052723169326782
-1.051155686378479
-1.049877047538757
-1.048858046531677
-1.048059582710266
-1.047434210777283
-1.046929478645325
-1.046489834785461
-1.04606020450592
-1.04558789730072
-1.045025706291199
-1.044334053993225
-1.043482065200806
-1.042449593544006
-1.041227340698242
-1.039816975593567
-1.038231015205383
-1.036490917205811
-1.034626364707947
-1.032673001289368
-1.030670166015625
-1.028658747673035
-1.026679158210754
-1.024768829345703
-1.02295970916748
-1.021277904510498
-1.019741535186768
-1.018360614776611
-1.017136335372925
-1.016061544418335
-1.015121579170227
-1.01429545879364
-1.013557434082031
-1.012878775596619
-1.012228846549988
-1.011578321456909
-1.010899543762207
-1.010169386863708
-1.009368896484375
-1.008485674858093
-1.007513403892517
-1.006452441215515
-1.005309104919434
-1.004094958305359
-1.002826333045959
-1.001522421836853
-1.00020444393158
-0.9988937377929688
-0.9976105093955994
-0.9963729381561279
-0.9951955080032349
-0.9940886497497559
-0.9930583834648132
-0.9921059012413025
-0.991227924823761
-0.9904170632362366
-0.9896625280380249
-0.9889513254165649
-0.9882687926292419
-0.9876001477241516
-0.9869311451911926
-0.9862493872642517
-0.9855448603630066
-0.9848105311393738
-0.984042763710022
-0.983241081237793
-0.9824087619781494
-0.9815519452095032
-0.9806790351867676
-0.9798004031181335
-0.9789274334907532
-0.9780716300010681
-0.9772441387176514
-0.9764549732208252
-0.9757124185562134
-0.975023090839386
-0.9743911623954773
-0.9738188982009888
-0.9733064770698547
-0.9728525876998901
-0.9724545478820801
-0.9721091985702515
-0.9718132615089417
-0.9715636372566223
-0.9713583588600159
-0.9711965918540955
-0.9710789918899536
-0.971007764339447
-0.9709871411323547
-0.971022367477417
-0.9711199998855591
-0.9712874889373779
-0.9715327024459839
-0.9718630313873291
-0.9722855687141418
-0.972805917263031
-0.9734281897544861
-0.9741545915603638
-0.9749848246574402
-0.9759160876274109
-0.9769430756568909
-0.9780575633049011
-0.9792488217353821
-0.9805033802986145
-0.9818055629730225
-0.9831372499465942
-0.9844783544540405
-0.9858068227767944
-0.9870988726615906
-0.9883289933204651
-0.9894702434539795
-0.9904943108558655
-0.9913718104362488
-0.9920721650123596
-0.9925638437271118
-0.9928146600723267
-0.9927924871444702
-0.9924647808074951
-0.9917998313903809
-0.9907668828964233
-0.989337146282196
-0.9874842166900635
-0.9851848483085632
-0.9824199080467224
-0.979175329208374
-0.9754425883293152
-0.9712197780609131
-0.9665119051933289
-0.9613317847251892
-0.9556999206542969
-0.9496453404426575
-0.943204939365387
-0.9364238381385803
-0.9293547868728638
-0.9220573306083679
-0.9145969748497009
-0.9070442318916321
-0.8994733095169067
-0.8919607400894165
-0.884583592414856
-0.8774182200431824
-0.8705382943153381
-0.8640128374099731
-0.8579053282737732
-0.8522713184356689
-0.84715735912323
-0.8425997495651245
-0.838623583316803
-0.8352417945861816
-0.8324548006057739
-0.8302504420280457
-0.8286041617393494
-0.8274793028831482
-0.8268283605575562
-0.8265939354896545
-0.8267104029655457
-0.8271055221557617
-0.8277025818824768
-0.8284223675727844
-0.8291855454444885
-0.8299148082733154
-0.8305370807647705
-0.8309856653213501
-0.8312018513679504
-0.8311365842819214
-0.8307521939277649
-0.8300227522850037
-0.8289347290992737
-0.8274874091148376
-0.8256921172142029
-0.8235719799995422
-0.8211603760719299
-0.8184998035430908
-0.8156399130821228
-0.8126357793807983
-0.8095455169677734
-0.8064283728599548
-0.8033422827720642
-0.8003419637680054
-0.7974769473075867
-0.7947899103164673
-0.7923156023025513
-0.7900792956352234
-0.7880967259407043
-0.7863735556602478
-0.784905731678009
-0.7836799621582031
-0.7826747298240662
-0.7818613052368164
-0.7812053561210632
-0.7806687355041504
-0.7802107930183411
-0.7797904014587402
-0.7793676853179932
-0.7789055705070496
-0.7783712148666382
-0.7777369022369385
-0.7769815325737
-0.7760907411575317
-0.7750572562217712
-0.7738811373710632
-0.7725690603256226
-0.7711340188980103
-0.7695942521095276
-0.7679721713066101
-0.7662932872772217
-0.7645847797393799
-0.7628741264343262
-0.7611878514289856
-0.7595504522323608
-0.7579832077026367
-0.7565033435821533
-0.7551234364509583
-0.7538506388664246
-0.7526870965957642
-0.7516297101974487
-0.7506706714630127
-0.7497979402542114
-0.7489960789680481
-0.7482472062110901
-0.7475318908691406
-0.7468304634094238
-0.7461239099502563
-0.745394766330719
-0.7446281313896179
-0.7438123226165771
-0.7429393529891968
-0.7420052289962769
-0.7410101890563965
-0.7399581670761108
-0.7388564348220825
-0.7377156019210815
-0.736548125743866
-0.7353678941726685
-0.7341892719268799
-0.7330262064933777
-0.7318913340568542
-0.7307954430580139
-0.7297466993331909
-0.7287502288818359
-0.7278079986572266
-0.7269189357757568
-0.7260787487030029
-0.7252808809280396
-0.7245165705680847
-0.7237757444381714
-0.72304767370224
-0.7223216891288757
-0.7215880751609802
-0.7208383083343506
-0.7200661301612854
-0.7192671895027161
-0.7184399366378784
-0.7175849676132202
-0.7167055010795593
-0.7158064246177673
-0.7148942351341248
-0.7139763832092285
-0.713060736656189
-0.712154746055603
-0.7112652063369751
-0.7103975415229797
-0.7095557451248169
-0.7087417840957642
-0.7079558968544006
-0.7071964144706726
-0.7064602375030518
-0.7057427763938904
-0.7050389051437378
-0.7043430209159851
-0.7036495804786682
-0.7029536366462708
-0.7022508978843689
-0.7015385031700134
-0.7008147835731506
-0.7000794410705566
-0.6993336081504822
-0.6985793709754944
-0.6978198885917664
-0.6970586776733398
-0.6962997317314148
-0.6955466270446777
-0.6948028206825256
-0.6940709352493286
-0.6933526992797852
-0.6926490068435669
-0.6919596195220947
-0.6912835240364075
-0.6906188130378723
-0.6899632811546326
-0.6893142461776733
-0.6886690258979797
-0.6880252361297607
-0.6873807907104492
-0.6867340207099915
-0.6860842108726501
-0.6854310631752014
-0.6847749352455139
-0.6841168403625488
-0.6834580898284912
-0.68280029296875
-0.6821451783180237
-0.6814943552017212
-0.6808493733406067
-0.6802112460136414
-0.6795805692672729
-0.6789575219154358
-0.6783419251441956
-0.6777331829071045
-0.6771304607391357
-0.6765326261520386
-0.6759385466575623
-0.6753470897674561
-0.6747572422027588
-0.6741682291030884
-0.6735796332359314
-0.6729912757873535
-0.6724033355712891
-0.6718160510063171
-0.6712298989295959
-0.6706456542015076
-0.6700640320777893
-0.6694855093955994
-0.6689108610153198
-0.6683403849601746
-0.6677742600440979
-0.6672126650810242
-0.6666552424430847
-0.6661017537117004
-0.6655517816543579
-0.6650047898292542
-0.6644601821899414
-0.663917601108551
-0.66337651014328
-0.6628367304801941
-0.6622979044914246
-0.6617600917816162
-0.6612231135368347
-0.6606871485710144
-0.6601520776748657
-0.6596179604530334
-0.6590847969055176
-0.6585524678230286
-0.6580207943916321
-0.6574894189834595
-0.6569579839706421
-0.6564258337020874
-0.6558921337127686
-0.6553560495376587
-0.6548165082931519
-0.6542722582817078
-0.6537220478057861
-0.6531645655632019
-0.6525982022285461
-0.6520212888717651
-0.6514321565628052
-0.6508286595344543
-0.6502087116241455
-0.6495697498321533
-0.6489091515541077
-0.6482239365577698
-0.6475108861923218
-0.6467663049697876
-0.6459863781929016
-0.64516681432724
-0.644303023815155
-0.6433900594711304
-0.642422616481781
-0.641395092010498
-0.6403018832206726
-0.6391368508338928
-0.6378939151763916
-0.6365667581558228
-0.6351491808891296
-0.6336346864700317
-0.6320171356201172
-0.6302906274795532
-0.6284493207931519
-0.6264880895614624
-0.6244020462036133
-0.6221871972084045
-0.6198402047157288
-0.6173588037490845
-0.6147418618202209
-0.6119893193244934
-0.6091027855873108
-0.6060851812362671
-0.6029413342475891
-0.599677562713623
-0.5963022708892822
-0.592825710773468
-0.5892600417137146
-0.5856194496154785
-0.5819199085235596
-0.5781791806221008
-0.5744169354438782
-0.5706540942192078
-0.5669131278991699
-0.5632170438766479
-0.5595897436141968
-0.5560554265975952
-0.5526381731033325
-0.5493613481521606
-0.5462474822998047
-0.5433176159858704
-0.540590763092041
-0.5380836725234985
-0.5358102917671204
-0.5337815284729004
-0.5320046544075012
-0.5304833054542542
-0.5292173624038696
-0.5282024741172791
-0.5274304151535034
-0.5268892645835876
-0.5265631079673767
-0.5264330506324768
-0.5264773368835449
-0.5266714692115784
-0.5269896388053894
-0.5274046659469604
-0.5278890132904053
-0.5284154415130615
-0.528957724571228
-0.5294913649559021
-0.5299944281578064
-0.5304477214813232
-0.5308356881141663
-0.5311464667320251
-0.5313722491264343
-0.5315096974372864
-0.53155916929245
-0.5315251350402832
-0.5314154624938965
-0.5312410593032837
-0.5310152173042297
-0.5307528972625732
-0.530470073223114
-0.5301824808120728
-0.5299053192138672
-0.5296521186828613
-0.5294341444969177
-0.5292596220970154
-0.5291333794593811
-0.5290564894676208
-0.5290260314941406
-0.5290353298187256
-0.52907395362854
-0.5291283130645752
-0.5291821956634521
-0.5292176008224487
-0.5292152166366577
-0.529155969619751
-0.5290212631225586
-0.5287948846817017
-0.528462827205658
-0.5280148983001709
-0.5274451375007629
-0.5267517566680908
-0.5259382724761963
-0.5250127911567688
-0.5239880681037903
-0.5228810906410217
-0.5217123627662659
-0.5205051302909851
-0.5192843079566956
-0.5180754065513611
-0.5169035792350769
-0.515792191028595
-0.514762282371521
-0.5138310790061951
-0.5130117535591125
-0.5123125910758972
-0.5117368102073669
-0.5112823843955994
-0.5109423995018005
-0.5107052326202393
-0.5105553865432739
-0.5104743242263794
-0.5104412436485291
-0.5104341506958008
-0.5104311108589172
-0.5104109644889832
-0.5103545784950256
-0.5102453231811523
-0.5100699067115784
-0.5098188519477844
-0.5094866752624512
-0.5090720653533936
-0.5085774660110474
-0.5080087184906006
-0.5073747634887695
-0.5066869854927063
-0.5059583187103271
-0.5052024126052856
-0.5044331550598145
-0.5036640763282776
-0.5029074549674988
-0.502173900604248
-0.501471996307373
-0.50080806016922
-0.5001861453056335
-0.4996078908443451
-0.4990730583667755
-0.4985794425010681
-0.498123437166214
-0.4977001249790192
-0.4973039031028748
-0.4969287514686584
-0.4965685307979584
-0.4962173700332642
-0.4958698153495789
-0.4955209195613861
-0.4951665699481964
-0.4948033094406128
-0.4944284558296204
-0.4940399527549744
-0.493636429309845
-0.4932171106338501
-0.4927816987037659
-0.4923304319381714
-0.4918639659881592
-0.4913833737373352
-0.4908900856971741
-0.4903859198093414
-0.489873081445694
-0.4893540740013123
-0.4888316988945007
-0.4883088767528534
-0.4877887070178986
-0.4872742891311646
-0.4867685735225677
-0.4862741827964783
-0.4857933521270752
-0.4853278398513794
-0.4848785698413849
-0.4844457805156708
-0.4840289056301117
-0.4836266040802002
-0.4832368195056915
-0.4828567802906036
-0.4824832081794739
-0.4821126163005829
-0.4817414283752441
-0.4813661575317383
-0.4809837639331818
-0.4805915951728821
-0.4801879823207855
-0.4797719120979309
-0.4793432950973511
-0.4789029657840729
-0.4784525632858276
-0.4779943823814392
-0.4775311946868896
-0.4770661294460297
-0.4766022562980652
-0.4761426150798798
-0.4756897985935211
-0.4752459526062012
-0.474812388420105
-0.4743899405002594
-0.4739784300327301
-0.4735771119594574
-0.4731844961643219
-0.4727985858917236
-0.4724170863628387
-0.4720375537872314
-0.4716575145721436
-0.4712747037410736
-0.4708870351314545
-0.4704930484294891
-0.4700917899608612
-0.4696827530860901
-0.4692660570144653
-0.4688423275947571
-0.4684124290943146
-0.4679776430130005
-0.467539370059967
-0.4670990407466888
-0.4666580259799957
-0.466217428445816
-0.4657780528068542
-0.4653404355049133
-0.4649047553539276
-0.4644708037376404
-0.464038074016571
-0.463605672121048
-0.4631725251674652
-0.462737500667572
-0.4622993171215057
-0.4618567228317261
-0.4614086151123047
-0.4609540104866028
-0.4604920446872711
-0.4600222110748291
-0.4595442116260529
-0.4590578973293304
-0.4585633873939514
-0.458061009645462
-0.4575511515140533
-0.4570342898368835
-0.456510990858078
-0.4559817016124725
-0.455446869134903
-0.4549068212509155
-0.4543619155883789
-0.4538122713565826
-0.4532579183578491
-0.4526989459991455
-0.4521352350711823
-0.4515666663646698
-0.4509931802749634
-0.4504146873950958
-0.4498312175273895
-0.4492427706718445
-0.4486495852470398
-0.4480521082878113
-0.4474507570266724
-0.4468461871147156
-0.446239173412323
-0.4456306099891663
-0.4450215101242065
-0.4444128572940826
-0.4438057541847229
-0.4432012736797333
-0.4426004588603973
-0.4420043528079987
-0.4414138793945312
-0.4408299624919891
-0.4402534365653992
-0.4396850168704987
-0.4391253590583801
-0.4385749995708466
-0.4380343556404114
-0.4375038743019104
-0.4369837939739227
-0.436474472284317
-0.4359759986400604
-0.4354884922504425
-0.4350118637084961
-0.4345459640026093
-0.43409064412117
-0.433645486831665
-0.4332098960876465
-0.4327831566333771
-0.432364284992218
-0.4319521188735962
-0.4315452575683594
-0.4311420917510986
-0.4307407438755035
-0.4303390979766846
-0.4299347996711731
-0.4295253455638885
-0.4291080236434937
-0.428679883480072
-0.4282378554344177
-0.4277786910533905
-0.4272991120815277
-0.4267956614494324
-0.4262648522853851
-0.4257031977176666
-0.4251070916652679
-0.4244731068611145
-0.4237977862358093
-0.4230777323246002
-0.4223097860813141
-0.4214909076690674
-0.4206182062625885
-0.4196892082691193
-0.4187016189098358
-0.4176535606384277
-0.4165436327457428
-0.4153708219528198
-0.4141347706317902
-0.4128355979919434
-0.4114740788936615
-0.4100516140460968
-0.4085702896118164
-0.4070329964160919
-0.4054432809352875
-0.4038055241107941
-0.4021247327327728
-0.4004067182540894
-0.3986579179763794
-0.3968855440616608
-0.3950973451137543
-0.3933015465736389
-0.3915068209171295
-0.3897221684455872
-0.387956827878952
-0.3862201571464539
-0.3845214247703552
-0.3828697800636292
-0.3812738060951233
-0.3797417283058167
-0.3782810866832733
-0.3768984377384186
-0.3755994141101837
-0.374388575553894
-0.3732691407203674
-0.3722428679466248
-0.3713100552558899
-0.3704695701599121
-0.3697185218334198
-0.3690525889396667
-0.368465781211853
-0.3679507970809937
-0.3674989640712738
-0.3671003878116608
-0.3667443096637726
-0.3664191961288452
-0.366113007068634
-0.3658135533332825
-0.3655086159706116
-0.3651864230632782
-0.3648359179496765
-0.3644470572471619
-0.3640110492706299
-0.3635205626487732
-0.3629700839519501
-0.3623560070991516
-0.3616768419742584
-0.3609331250190735
-0.3601275980472565
-0.3592650592327118
-0.3583522737026215
-0.3573978245258331
-0.3564116954803467
-0.3554052710533142
-0.3543907403945923
-0.3533809185028076
-0.3523887097835541
-0.3514268398284912
-0.3505073189735413
-0.3496412932872772
-0.3488384485244751
-0.3481069803237915
-0.3474531471729279
-0.3468812704086304
-0.3463935852050781
-0.3459902405738831
-0.3456693589687347
-0.3454272747039795
-0.3452586233615875
-0.345156729221344
-0.3451139330863953
-0.3451219499111176
-0.3451723158359528
-0.3452568352222443
-0.3453676998615265
-0.345498263835907
-0.3456430435180664
-0.345798134803772
-0.3459613025188446
-0.3461321890354156
-0.3463121354579926
-0.346504271030426
-0.3467132747173309
-0.3469451367855072
-0.3472068607807159
-0.347506195306778
-0.3478510081768036
-0.3482490479946136
-0.3487074971199036
-0.3492326140403748
-0.3498292863368988
-0.3505008518695831
-0.3512488305568695
-0.352072685956955
-0.3529699146747589
-0.3539360165596008
-0.3549645841121674
-0.3560475707054138
-0.3571754693984985
-0.3583375811576843
-0.3595224022865295
-0.3607179522514343
-0.3619123101234436
-0.3630936443805695
-0.3642506897449493
-0.3653731346130371
-0.3664515912532806
-0.3674778938293457
-0.3684451878070831
-0.3693479597568512
-0.3701818883419037
-0.3709439635276794
-0.3716322183609009
-0.3722456991672516
-0.3727843165397644
-0.3732486367225647
-0.373639851808548
-0.373959481716156
-0.3742095828056335
-0.3743925094604492
-0.3745109438896179
-0.3745679259300232
-0.3745669424533844
-0.3745119273662567
-0.3744074106216431
-0.374258428812027
-0.3740709125995636
-0.3738513588905334
-0.3736070692539215
-0.3733459711074829
-0.3730766177177429
-0.372808039188385
-0.3725495636463165
-0.3723105788230896
-0.3721002638339996
-0.3719272911548615
-0.371799647808075
-0.3717242479324341
-0.3717067837715149
-0.3717512190341949
-0.3718601167201996
-0.3720340430736542
-0.3722717463970184
-0.3725701570510864
-0.3729243874549866
-0.373327910900116
-0.3737727999687195
-0.3742499649524689
-0.3747494220733643
-0.3752606511116028
-0.3757729530334473
-0.3762758076190948
-0.3767590224742889
-0.377213180065155
-0.3776298761367798
-0.3780019283294678
-0.3783234059810638
-0.3785900473594666
-0.3787990808486938
-0.3789493143558502
-0.3790411651134491
-0.3790764808654785
-0.3790585696697235
-0.3789919018745422
-0.3788820505142212
-0.3787355124950409
-0.3785593807697296
-0.3783612847328186
-0.3781490623950958
-0.3779306411743164
-0.3777136504650116
-0.3775053918361664
-0.377312570810318
-0.3771411180496216
-0.3769960701465607
-0.376881331205368
-0.3767997026443481
-0.3767527639865875
-0.3767408430576324
-0.3767630755901337
-0.3768173456192017
-0.3769004344940186
-0.3770081996917725
-0.377135843038559
-0.3772777915000916
-0.3774282336235046
-0.3775810599327087
-0.3777304589748383
-0.3778708577156067
-0.3779972791671753
-0.378105491399765
-0.3781921565532684
-0.3782549798488617
-0.3782927393913269
-0.3783053457736969
-0.3782938122749329
-0.3782601356506348
-0.3782071173191071
-0.3781383037567139
-0.3780577778816223
-0.3779699206352234
-0.37787926197052
-0.3777901530265808
-0.3777065873146057
-0.3776320815086365
-0.3775694072246552
-0.3775206506252289
-0.3774870038032532
-0.3774688541889191
-0.3774656355381012
-0.3774759769439697
-0.3774978816509247
-0.3775286972522736
-0.3775654137134552
-0.377604603767395
-0.3776429295539856
-0.3776771426200867
-0.3777041733264923
-0.37772136926651
-0.3777267038822174
-0.3777187168598175
-0.3776966035366058
-0.37766033411026
-0.3776105344295502
-0.377548485994339
-0.3774760663509369
-0.3773956298828125
-0.3773097693920135
-0.3772213757038116
-0.3771333396434784
-0.3770484328269958
-0.3769691586494446
-0.3768977224826813
-0.3768358528614044
-0.3767847120761871
-0.3767448663711548
-0.3767163455486298
-0.3766984641551971
-0.3766900897026062
-0.3766895234584808
-0.3766947686672211
-0.3767035603523254
-0.3767134547233582
-0.3767219483852386
-0.3767268061637878
-0.3767259120941162
-0.3767175078392029
-0.37670037150383
-0.3766736388206482
-0.3766369521617889
-0.3765905499458313
-0.376535028219223
-0.3764714598655701
-0.3764012455940247
-0.3763261139392853
-0.3762479722499847
-0.3761687278747559
-0.3760901987552643
-0.3760141432285309
-0.375942051410675
-0.3758752048015594
-0.3758144676685333
-0.3757603466510773
-0.3757128715515137
-0.3756718039512634
-0.3756365180015564
-0.3756061494350433
-0.3755796253681183
-0.3755556344985962
-0.3755328953266144
-0.3755100965499878
-0.375485897064209
-0.3754591941833496
-0.3754290342330933
-0.3753945827484131
-0.3753553032875061
-0.3753108978271484
-0.3752611875534058
-0.3752061724662781
-0.3751460611820221
-0.3750810027122498
-0.3750112950801849
-0.3749371767044067
-0.3748587965965271
-0.374776154756546
-0.374689131975174
-0.3745974600315094
-0.3745004236698151
-0.3743972778320312
-0.3742868900299072
-0.3741679489612579
-0.3740390241146088
-0.3738982975482941
-0.373743861913681
-0.3735737204551697
-0.3733857870101929
-0.3731777369976044
-0.3729474246501923
-0.3726924955844879
-0.3724106550216675
-0.3720996081829071
-0.3717570900917053
-0.3713808357715607
-0.3709685802459717
-0.3705181479454041
-0.3700273931026459
-0.3694941401481628
-0.3689164519309998
-0.368292361497879
-0.3676200807094574
-0.3668979704380035
-0.3661246597766876
-0.3652988374233246
-0.3644196689128876
-0.363486647605896
-0.3624996244907379
-0.361458957195282
-0.3603655397891998
-0.3592208623886108
-0.3580269813537598
-0.3567865192890167
-0.3555028140544891
-0.3541797995567322
-0.3528220653533936
-0.3514348268508911
-0.3500238656997681
-0.3485955595970154
-0.3471567034721375
-0.345714658498764
-0.3442768752574921
-0.342851310968399
-0.3414459228515625
-0.3400687277317047
-0.3387277722358704
-0.3374308347702026
-0.3361853957176208
-0.334998607635498
-0.3338770270347595
-0.3328265249729156
-0.3318521678447723
-0.3309581875801086
-0.3301477432250977
-0.3294230103492737
-0.3287848830223083
-0.3282331526279449
-0.3277662396430969
-0.3273813426494598
-0.3270744383335114
-0.3268401622772217
-0.3266720771789551
-0.3265626728534698
-0.3265033662319183
-0.326484888792038
-0.3264972269535065
-0.3265299201011658
-0.3265723586082458
-0.3266138434410095
-0.3266439139842987
-0.3266525566577911
-0.3266303837299347
-0.326568990945816
-0.3264610469341278
-0.3263004422187805
-0.3260826170444489
-0.3258045017719269
-0.3254646062850952
-0.3250631392002106
-0.3246019184589386
-0.3240843415260315
-0.3235152959823608
-0.3229008913040161
-0.3222483694553375
-0.3215660452842712
-0.3208627104759216
-0.3201476633548737
-0.3194302618503571
-0.3187197744846344
-0.3180249333381653
-0.3173539042472839
-0.3167137205600739
-0.3161104023456573
-0.3155484795570374
-0.3150311410427094
-0.3145599067211151
-0.314134806394577
-0.3137542307376862
-0.3134151697158813
-0.3131131827831268
-0.3128427863121033
-0.3125975131988525
-0.3123702108860016
-0.3121532499790192
-0.3119389414787292
-0.311719685792923
-0.3114882707595825
-0.3112381994724274
-0.3109638392925262
-0.310660719871521
-0.310325562953949
-0.3099564611911774
-0.309552788734436
-0.3091154098510742
-0.3086463809013367
-0.3081488609313965
-0.3076270520687103
-0.3070860207080841
-0.3065311908721924
-0.3059683740139008
-0.3054033517837524
-0.3048417568206787
-0.3042887151241302
-0.3037486374378204
-0.3032251000404358
-0.3027206063270569
-0.3022367060184479
-0.3017736971378326
-0.3013308644294739
-0.3009064495563507
-0.300497829914093
-0.3001015782356262
-0.2997137308120728
-0.2993300259113312
-0.2989459633827209
-0.2985573709011078
-0.2981602549552917
-0.2977512776851654
-0.2973276972770691
-0.2968876659870148
-0.2964302599430084
-0.2959554195404053
-0.2954641580581665
-0.294958233833313
-0.2944402098655701
-0.293913334608078
-0.2933813631534576
-0.2928482890129089
-0.2923181354999542
-0.2917948663234711
-0.2912822663784027
-0.2907835245132446
-0.2903013229370117
-0.2898377180099487
-0.2893939912319183
-0.2889707088470459
-0.2885677218437195
-0.2881842255592346
-0.2878188192844391
-0.2874695360660553
-0.2871342897415161
-0.2868107557296753
-0.286496490240097
-0.2861891984939575
-0.2858867943286896
-0.2855875790119171
-0.2852900624275208
-0.2849933207035065
-0.2846968173980713
-0.2844003736972809
-0.2841042876243591
-0.2838091552257538
-0.2835157215595245
-0.2832248210906982
-0.2829373478889465
-0.2826540768146515
-0.2823755443096161
-0.2821021676063538
-0.2818339467048645
-0.2815706133842468
-0.281311571598053
-0.2810558676719666
-0.2808023393154144
-0.2805495262145996
-0.2802959382534027
-0.28003990650177
-0.2797799706459045
-0.2795147299766541
-0.2792429625988007
-0.2789638042449951
-0.2786766588687897
-0.2783812880516052
-0.2780777215957642
-0.2777665257453918
-0.277448445558548
-0.2771244943141937
-0.2767959535121918
-0.2764641940593719
-0.2761306762695312
-0.2757968008518219
-0.2754639685153961
-0.2751333713531494
-0.2748060524463654
-0.2744828760623932
-0.2741644382476807
-0.2738511264324188
-0.2735430598258972
-0.273240327835083
-0.2729426920413971
-0.2726498544216156
-0.2723614573478699
-0.2720770835876465
-0.2717962861061096
-0.271518737077713
-0.2712440490722656
-0.2709719240665436
-0.270702064037323
-0.2704342305660248
-0.2701681554317474
-0.2699036598205566
-0.2696403563022614
-0.2693780064582825
-0.2691161334514618
-0.2688542604446411
-0.2685917317867279
-0.2683278024196625
-0.2680617570877075
-0.267792671918869
-0.267519623041153
-0.2672416567802429
-0.2669578194618225
-0.2666672468185425
-0.2663691937923431
-0.266063004732132
-0.2657481729984283
-0.265424370765686
-0.2650914490222931
-0.2647494673728943
-0.2643986642360687
-0.264039546251297
-0.2636727392673492
-0.2632990479469299
-0.2629193961620331
-0.2625348567962646
-0.2621464729309082
-0.2617554366588593
-0.2613629400730133
-0.2609701752662659
-0.2605783641338348
-0.2601886391639709
-0.2598020434379578
-0.2594196796417236
-0.2590424716472626
-0.258671373128891
-0.2583071291446686
-0.2579505443572998
-0.2576023042201996
-0.2572629153728485
-0.2569328844547272
-0.256612628698349
-0.2563023269176483
-0.2560022175312042
-0.2557122707366943
-0.2554323673248291
-0.2551623582839966
-0.2549018263816833
-0.254650354385376
-0.2544073462486267
-0.2541720271110535
-0.2539436817169189
-0.2537213861942291
-0.2535042762756348
-0.2532913684844971
-0.2530816495418549
-0.2528741359710693
-0.2526678442955017
-0.252461850643158
-0.2522552907466888
-0.2520473599433899
-0.2518374621868134
-0.2516249716281891
-0.2514094114303589
-0.2511904239654541
-0.2509677112102509
-0.2507411539554596
-0.2505106329917908
-0.2502761483192444
-0.2500378489494324
-0.2497958093881607
-0.2495503127574921
-0.2493016272783279
-0.2490500062704086
-0.2487957924604416
-0.2485393434762955
-0.2482809871435165
-0.2480211108922958
-0.2477600872516632
-0.2474982738494873
-0.2472360581159592
-0.2469737678766251
-0.2467117160558701
-0.2464502602815628
-0.2461896389722824
-0.2459301203489304
-0.2456719726324081
-0.2454154342412949
-0.2451607435941696
-0.2449080646038055
-0.2446575462818146
-0.244409367442131
-0.2441636323928833
-0.2439204603433609
-0.2436799556016922
-0.2434422224760056
-0.2432073503732681
-0.2429753690958023
-0.2427463233470917
-0.2425202578306198
-0.2422971129417419
-0.2420768439769745
-0.2418593615293503
-0.241644561290741
-0.2414322346448898
-0.2412221729755402
-0.241014152765274
-0.2408078461885452
-0.2406029403209686
-0.2403990626335144
-0.2401958107948303
-0.239992767572403
-0.2397895008325577
-0.2395855784416199
-0.2393805682659149
-0.2391740679740906
-0.2389656901359558
-0.238755077123642
-0.2385419756174088
-0.2383261770009995
-0.2381075620651245
-0.2378860265016556
-0.237661600112915
-0.2374343872070312
-0.2372045665979385
-0.2369723916053772
-0.2367381751537323
-0.2365022897720337
-0.2362651824951172
-0.2360273152589798
-0.2357891350984573
-0.2355511039495468
-0.2353136390447617
-0.2350771427154541
-0.2348419725894928
-0.2346083670854568
-0.2343765497207642
-0.2341466248035431
-0.2339185923337936
-0.2336923778057098
-0.233467772603035
-0.2332444936037064
-0.233022153377533
-0.232800304889679
-0.2325784265995026
-0.2323559373617172
-0.232132226228714
-0.2319067567586899
-0.2316789031028748
-0.2314480990171432
-0.231213852763176
-0.2309757471084595
-0.2307334393262863
-0.2304866760969162
-0.2302353084087372
-0.2299793064594269
-0.2297187298536301
-0.2294537127017975
-0.2291845083236694
-0.2289115190505981
-0.2286351025104523
-0.2283557504415512
-0.2280739694833755
-0.2277903109788895
-0.2275053113698959
-0.2272194623947144
-0.2269333153963089
-0.2266473919153214
-0.2263621389865875
-0.2260779589414597
-0.2257951349020004
-0.2255139797925949
-0.2252347469329834
-0.224957600235939
-0.2246826440095901
-0.2244099676609039
-0.2241396754980087
-0.2238717526197433
-0.2236062586307526
-0.2233432084321976
-0.223082646727562
-0.2228246182203293
-0.2225691825151443
-0.2223163992166519
-0.2220663726329803
-0.2218192517757416
-0.2215751707553864
-0.2213342636823654
-0.2210967540740967
-0.2208628207445145
-0.2206325978040695
-0.2204062640666962
-0.220183938741684
-0.2199657410383224
-0.2197517603635788
-0.2195420414209366
-0.2193365097045898
-0.2191351354122162
-0.2189378142356873
-0.2187443375587463
-0.2185544669628143
-0.2183679789304733
-0.2181845158338547
-0.2180037200450897
-0.2178252190351486
-0.2176485806703568
-0.2174733579158783
-0.2172991186380386
-0.2171254307031631
-0.216951847076416
-0.216777965426445
-0.2166033983230591
-0.2164278030395508
-0.2162509113550186
-0.2160724699497223
-0.2158923447132111
-0.2157104164361954
-0.2155266404151917
-0.2153410613536835
-0.215153768658638
-0.2149649411439896
-0.2147748172283173
-0.2145836800336838
-0.214391902089119
-0.2141998410224915
-0.2140079140663147
-0.2138165384531021
-0.2136261761188507
-0.2134372740983963
-0.2132502645254135
-0.2130655646324158
-0.2128835022449493
-0.2127044349908829
-0.2125286161899567
-0.2123562842607498
-0.2121875584125519
-0.2120224982500076
-0.2118611037731171
-0.2117032706737518
-0.2115487903356552
-0.2113974243402481
-0.2112488746643066
-0.2111027389764786
-0.2109585404396057
-0.210815817117691
-0.2106740474700928
-0.2105326950550079
-0.2103911936283112
-0.2102490216493607
-0.2101056724786758
-0.2099606245756149
-0.2098134309053421
-0.2096637040376663
-0.2095110863447189
-0.2093552649021149
-0.2091960459947586
-0.209033265709877
-0.2088668793439865
-0.2086968719959259
-0.2085233181715012
-0.2083464115858078
-0.2081663906574249
-0.2079835385084152
-0.2077982276678085
-0.2076108902692795
-0.2074219435453415
-0.2072318941354752
-0.2070412337779999
-0.2068504691123962
-0.2066600918769836
-0.2064705938100815
-0.206282377243042
-0.2060958445072174
-0.205911323428154
-0.2057290822267532
-0.2055493146181107
-0.2053721994161606
-0.2051977515220642
-0.2050259709358215
-0.204856738448143
-0.2046898901462555
-0.2045252025127411
-0.2043623477220535
-0.2042009830474854
-0.2040407061576843
-0.2038810551166534
-0.2037215530872345
-0.2035617083311081
-0.2034010887145996
-0.203239232301712
-0.2030757367610931
-0.2029101848602295
-0.2027422934770584
-0.2025718688964844
-0.2023986876010895
-0.2022227048873901
-0.2020439058542252
-0.2018623650074005
-0.2016782760620117
-0.2014918774366379
-0.2013034522533417
-0.2011134028434753
-0.2009220868349075
-0.2007299363613129
-0.2005373984575272
-0.2003449648618698
-0.2001530379056931
-0.1999620497226715
-0.1997723579406738
-0.1995842754840851
-0.1993980556726456
-0.1992138624191284
-0.1990318149328232
-0.1988519430160522
-0.198674201965332
-0.1984984576702118
-0.1983245313167572
-0.198152169585228
-0.1979810893535614
-0.1978109776973724
-0.1976414769887924
-0.1974722295999527
-0.197302907705307
-0.1971331685781479
-0.1969626694917679
-0.1967911720275879
-0.1966184228658676
-0.1964441984891891
-0.1962683796882629
-0.1960909068584442
-0.195911779999733
-0.1957310289144516
-0.1955486983060837
-0.1953648775815964
-0.1951797008514404
-0.1949932873249054
-0.1948058158159256
-0.1946173906326294
-0.1944281458854675
-0.1942381709814072
-0.1940475553274155
-0.1938563287258148
-0.1936644613742828
-0.1934719234704971
-0.1932786703109741
-0.1930845677852631
-0.1928894817829132
-0.1926933228969574
-0.1924959421157837
-0.1922972202301025
-0.1920970678329468
-0.1918954253196716
-0.1916923075914383
-0.1914877593517303
-0.1912818551063538
-0.1910747140645981
-0.1908666044473648
-0.190657764673233
-0.1904485374689102
-0.190239280462265
-0.1900304108858109
-0.1898223757743835
-0.1896156221628189
-0.1894106268882751
-0.1892078369855881
-0.1890076696872711
-0.1888105124235153
-0.1886166930198669
-0.1884265244007111
-0.1882402002811432
-0.1880579441785812
-0.1878797858953476
-0.1877057254314423
-0.187535747885704
-0.1873697191476822
-0.18720743060112
-0.1870486438274384
-0.1868930608034134
-0.1867403835058212
-0.1865902096033096
-0.1864421665668488
-0.1862958669662476
-0.1861508786678314
-0.1860068291425705
-0.1858633160591125
-0.1857200115919113
-0.1855765879154205
-0.1854327172040939
-0.1852881163358688
-0.1851425766944885
-0.1849958896636963
-0.1848478764295578
-0.1846983879804611
-0.1845473200082779
-0.184394583106041
-0.1842401623725891
-0.1840840131044388
-0.1839261800050735
-0.1837666630744934
-0.1836055070161819
-0.1834428459405899
-0.183278813958168
-0.1831135451793671
-0.1829472780227661
-0.1827801614999771
-0.1826125085353851
-0.1824445277452469
-0.1822765469551086
-0.1821088045835495
-0.1819416433572769
-0.1817753165960312
-0.1816101223230362
-0.1814463436603546
-0.1812841892242432
-0.1811238974332809
-0.1809656023979187
-0.1808094382286072
-0.1806554794311523
-0.1805037409067154
-0.1803541481494904
-0.1802066713571548
-0.1800611466169357
-0.1799173951148987
-0.1797751933336258
-0.1796342879533768
-0.1794944107532501
-0.1793552339076996
-0.1792165189981461
-0.1790779680013657
-0.1789393126964569
-0.1788002699613571
-0.1786606311798096
-0.1785202175378799
-0.1783788949251175
-0.1782365441322327
-0.1780931055545807
-0.1779486387968063
-0.1778031587600708
-0.1776567548513412
-0.177509531378746
-0.1773616671562195
-0.1772133558988571
-0.1770647913217545
-0.1769162118434906
-0.1767678260803223
-0.1766199022531509
-0.1764726489782333
-0.1763263195753098
-0.1761810481548309
-0.1760370433330536
-0.1758944541215897
-0.1757534146308899
-0.1756140142679214
-0.1754763275384903
-0.1753403842449188
-0.175206184387207
-0.1750737428665161
-0.1749430000782013
-0.1748139262199402
-0.1746864467859268
-0.1745604574680328
-0.1744359135627747
-0.1743127107620239
-0.1741907596588135
-0.1740699857473373
-0.1739503145217896
-0.1738317161798477
-0.1737141460180283
-0.1735976189374924
-0.1734821498394012
-0.1733677834272385
-0.17325459420681
-0.1731427013874054
-0.1730322241783142
-0.1729232966899872
-0.1728160977363586
-0.1727107763290405
-0.1726075410842896
-0.17250657081604
-0.1724080294370651
-0.1723120659589767
-0.1722187697887421
-0.1721282601356506
-0.1720405668020248
-0.1719557493925095
-0.1718737334012985
-0.1717945039272308
-0.1717179417610168
-0.1716438829898834
-0.1715721786022186
-0.1715025454759598
-0.171434760093689
-0.1713685244321823
-0.1713035255670547
-0.1712394505739212
-0.1711759567260742
-0.1711127161979675
-0.1710493713617325
-0.1709855943918228
-0.1709210425615311
-0.1708554029464722
-0.1707883477210999
-0.1707196235656738
-0.1706489771604538
-0.1705761402845383
-0.1705009043216705
-0.1704230755567551
-0.1703424751758575
-0.1702589839696884
-0.1701725125312805
-0.1700829714536667
-0.1699903011322021
-0.1698945015668869
-0.1697956174612045
-0.1696936637163162
-0.1695887297391891
-0.1694809794425964
-0.1693705022335052
-0.1692575067281723
-0.1691421568393707
-0.1690246909856796
-0.1689054220914841
-0.1687845885753632
-0.1686625182628632
-0.1685395389795303
-0.1684160083532333
-0.1682922691106796
-0.168168693780899
-0.1680456548929214
-0.1679234951734543
-0.167802557349205
-0.1676830947399139
-0.1675654053688049
-0.1674496829509735
-0.1673360913991928
-0.1672247648239136
-0.1671156883239746
-0.1670088917016983
-0.1669042408466339
-0.1668015718460083
-0.1667006462812424
-0.1666011363267899
-0.1665027290582657
-0.1664050370454788
-0.1663076281547546
-0.1662100404500961
-0.1661117970943451
-0.1660124361515045
-0.165911465883255
-0.1658084541559219
-0.1657030284404755
-0.1655948460102081
-0.1654836088418961
-0.1653691381216049
-0.1652512848377228
-0.1651300042867661
-0.1650052815675735
-0.1648772805929184
-0.1647462099790573
-0.1646123379468918
-0.1644760072231293
-0.1643376499414444
-0.1641976833343506
-0.1640566140413284
-0.1639149188995361
-0.1637731343507767
-0.1636317074298859
-0.1634911298751831
-0.1633517742156982
-0.1632140278816223
-0.1630781888961792
-0.1629445105791092
-0.1628131568431854
-0.1626842319965363
-0.1625577807426453
-0.1624337881803513
-0.1623122096061707
-0.1621928960084915
-0.1620756983757019
-0.1619604527950287
-0.1618469208478928
-0.1617349237203598
-0.1616242229938507
-0.1615146398544312
-0.1614059954881668
-0.161298081278801
-0.1611907929182053
-0.1610839664936066
-0.1609775424003601
-0.1608714908361435
-0.1607657819986343
-0.1606604307889938
-0.1605554670095444
-0.1604509204626083
-0.1603468507528305
-0.1602433025836945
-0.1601403206586838
-0.1600379347801208
-0.1599361449480057
-0.1598349362611771
-0.159734234213829
-0.1596339493989944
-0.1595339328050613
-0.1594341099262238
-0.1593342572450638
-0.1592342108488083
-0.1591337323188782
-0.1590326726436615
-0.1589308381080627
-0.15882807970047
-0.1587242782115936
-0.1586193144321442
-0.1585131585597992
-0.1584057807922363
-0.1582971811294556
-0.1581874489784241
-0.1580766886472702
-0.1579650491476059
-0.1578527241945267
-0.1577399373054504
-0.1576269418001175
-0.1575139760971069
-0.1574012786149979
-0.1572891026735306
-0.1571776568889618
-0.1570671498775482
-0.1569577157497406
-0.1568494588136673
-0.1567424684762955
-0.1566367596387863
-0.1565323024988174
-0.1564290076494217
-0.1563267707824707
-0.1562254279851913
-0.1561248004436493
-0.1560247093439102
-0.1559249460697174
-0.1558252722024918
-0.1557254791259766
-0.1556253433227539
-0.1555246859788895
-0.1554233431816101
-0.1553211361169815
-0.1552179902791977
-0.1551138013601303
-0.1550084799528122
-0.1549020260572433
-0.1547944098711014
-0.1546856611967087
-0.1545758247375488
-0.1544649600982666
-0.1543531715869904
-0.1542405784130096
-0.1541272401809692
-0.1540132761001587
-0.1538987904787064
-0.153783917427063
-0.1536687761545181
-0.1535534709692001
-0.153438076376915
-0.1533226668834686
-0.1532073169946671
-0.1530921161174774
-0.1529771089553833
-0.1528623253107071
-0.1527477949857712
-0.1526335328817368
-0.1525195389986038
-0.15240578353405
-0.1522922366857529
-0.1521788239479065
-0.1520655304193497
-0.1519523113965988
-0.1518390774726868
-0.1517257988452911
-0.1516123861074448
-0.1514988094568253
-0.1513850390911102
-0.1512710303068161
-0.1511568576097488
-0.1510425060987473
-0.1509280353784561
-0.1508135050535202
-0.1506990641355515
-0.1505848169326782
-0.1504708826541901
-0.1503574550151825
-0.1502446532249451
-0.1501326858997345
-0.1500217020511627
-0.1499118357896805
-0.1498031914234161
-0.1496959030628204
-0.1495900303125381
-0.1494855582714081
-0.1493825316429138
-0.1492809504270554
-0.1491807550191879
-0.1490818560123444
-0.1489841192960739
-0.1488874405622482
-0.1487916558980942
-0.148696631193161
-0.148602232336998
-0.1485082805156708
-0.1484146416187286
-0.1483211815357208
-0.1482277810573578
-0.1481343656778336
-0.1480408310890198
-0.1479471176862717
-0.1478531956672668
-0.1477590352296829
-0.1476646363735199
-0.147570013999939
-0.1474751830101013
-0.147380143404007
-0.1472849100828171
-0.1471894979476929
-0.147093877196312
-0.1469980925321579
-0.1469021141529083
-0.146805927157402
-0.1467095017433167
-0.1466127932071686
-0.1465157866477966
-0.1464184373617172
-0.1463207304477692
-0.1462226510047913
-0.1461242437362671
-0.1460254639387131
-0.1459263861179352
-0.1458270698785782
-0.1457275599241257
-0.1456279456615448
-0.1455283164978027
-0.1454287618398666
-0.1453293710947037
-0.1452302485704422
-0.1451314687728882
-0.14503313601017
-0.1449352949857712
-0.1448380649089813
-0.1447414308786392
-0.1446455121040344
-0.1445502936840057
-0.1444557905197144
-0.1443620026111603
-0.1442689150571823
-0.1441764980554581
-0.1440846621990204
-0.1439933925867081
-0.143902599811554
-0.1438122093677521
-0.1437220871448517
-0.1436321586370468
-0.1435423195362091
-0.1434524655342102
-0.1433625221252441
-0.1432723850011826
-0.1431819647550583
-0.1430912017822266
-0.1430000215768814
-0.1429083645343781
-0.1428162008523941
-0.1427235007286072
-0.1426302343606949
-0.1425364017486572
-0.1424419730901718
-0.142346978187561
-0.1422514319419861
-0.1421553194522858
-0.1420586854219437
-0.1419615000486374
-0.1418638378381729
-0.141765683889389
-0.1416670680046082
-0.1415679752826691
-0.1414684057235718
-0.1413683593273163
-0.1412678360939026
-0.1411668360233307
-0.1410652995109558
-0.140963226556778
-0.1408606171607971
-0.1407574415206909
-0.1406536400318146
-0.1405491828918457
-0.1404440701007843
-0.1403382271528244
-0.140231654047966
-0.1401243060827255
-0.1400161981582642
-0.1399072408676147
-0.1397974640130997
-0.1396868079900742
-0.1395752876996994
-0.139462873339653
-0.1393495798110962
-0.1392353624105453
-0.1391202807426453
-0.1390043795108795
-0.1388877481222153
-0.1387704163789749
-0.1386525183916092
-0.1385341584682465
-0.1384154707193375
-0.1382966339588165
-0.1381778419017792
-0.1380592882633209
-0.1379412114620209
-0.1378238648176193
-0.1377074271440506
-0.1375921815633774
-0.13747838139534
-0.1373662203550339
-0.1372559517621994
-0.1371477693319321
-0.1370418518781662
-0.1369383633136749
-0.1368374675512314
-0.1367392390966415
-0.1366437673568726
-0.136551097035408
-0.1364612281322479
-0.1363741308450699
-0.1362897902727127
-0.1362081319093704
-0.1361290365457535
-0.1360523849725723
-0.135978028178215
-0.1359058022499084
-0.1358354985713959
-0.135766938328743
-0.1356998533010483
-0.1356340050697327
-0.1355691403150558
-0.1355050206184387
-0.1354413479566574
-0.1353778690099716
-0.1353143453598022
-0.135250523686409
-0.1351861953735352
-0.1351211667060852
-0.1350552290678024
-0.1349882185459137
-0.1349200159311295
-0.1348505169153214
-0.1347796469926834
-0.1347073763608932
-0.1346337199211121
-0.1345586627721786
-0.1344823092222214
-0.134404718875885
-0.1343259811401367
-0.1342462450265884
-0.1341656148433685
-0.1340842247009277
-0.1340022385120392
-0.1339197903871536
-0.1338370442390442
-0.1337541490793228
-0.1336712241172791
-0.1335883438587189
-0.1335056275129318
-0.1334231197834015
-0.1333408951759338
-0.1332589983940125
-0.1331774145364761
-0.1330961138010025
-0.1330150663852692
-0.1329341977834702
-0.1328534334897995
-0.1327726989984512
-0.1326918452978134
-0.1326107978820801
-0.1325294375419617
-0.1324476599693298
-0.1323653757572174
-0.1322825253009796
-0.1321990340948105
-0.1321148723363876
-0.1320300549268723
-0.1319445818662643
-0.1318585425615311
-0.1317720264196396
-0.1316851526498795
-0.1315980553627014
-0.1315108835697174
-0.1314238458871841
-0.1313370913267136
-0.1312508583068848
-0.1311652958393097
-0.1310805678367615
-0.1309968233108521
-0.1309142410755157
-0.1308329403400421
-0.1307529509067535
-0.1306743174791336
-0.1305970102548599
-0.1305209994316101
-0.130446195602417
-0.1303724646568298
-0.1302996575832367
-0.1302275657653809
-0.130156010389328
-0.1300846934318542
-0.1300134360790253
-0.1299419552087784
-0.1298700273036957
-0.1297974437475204
-0.1297240257263184
-0.1296495795249939
-0.1295739710330963
-0.1294971406459808
-0.1294190585613251
-0.1293396949768066
-0.1292591094970703
-0.1291774213314056
-0.129094734787941
-0.1290112286806107
-0.128927081823349
-0.1288425475358963
-0.1287578046321869
-0.1286730915307999
-0.1285886317491531
-0.1285046339035034
-0.1284212917089462
-0.1283387243747711
-0.1282571256160736
-0.1281765550374985
-0.1280971020460129
-0.1280188113451004
-0.1279416680335999
-0.12786565721035
-0.1277907490730286
-0.1277168542146683
-0.1276438981294632
-0.127571776509285
-0.1275004148483276
-0.1274297386407852
-0.1273596882820129
-0.1272902339696884
-0.1272213459014893
-0.1271530091762543
-0.1270852982997894
-0.1270182728767395
-0.1269519925117493
-0.1268865913152695
-0.1268222033977509
-0.1267589926719666
-0.1266971230506897
-0.1266367733478546
-0.126578152179718
-0.1265214830636978
-0.1264669001102448
-0.1264146268367767
-0.1263648420572281
-0.1263177394866943
-0.1262734681367874
-0.1262321621179581
-0.1261939704418182
-0.1261590123176575
-0.1261274069547653
-0.1260992735624313
-0.1260746568441391
-0.126053661108017
-0.1260363012552261
-0.1260226219892502
-0.1260126084089279
-0.1260062456130981
-0.1260034888982773
-0.1260042786598206
-0.1260085254907608
-0.1260160803794861
-0.1260267645120621
-0.1260403841733932
-0.1260567009449005
-0.1260754019021988
-0.1260961592197418
-0.1261185854673386
-0.1261422485113144
-0.1261666566133499
-0.1261913329362869
-0.1262157559394836
-0.1262392848730087
-0.1262613832950592
-0.1262814551591873
-0.1262988746166229
-0.1263130307197571
-0.1263233572244644
-0.1263292580842972
-0.1263301968574524
-0.1263256371021271
-0.1263151168823242
-0.1262982338666916
-0.126274585723877
-0.1262438297271729
-0.126205712556839
-0.1261600404977798
-0.1261067092418671
-0.1260455995798111
-0.1259767562150955
-0.1259002834558487
-0.1258163005113602
-0.125725045800209
-0.1256268620491028
-0.12552210688591
-0.1254112720489502
-0.1252948790788651
-0.1251735538244247
-0.1250479817390442
-0.1249188631772995
-0.1247869879007339
-0.1246531903743744
-0.1245183423161507
-0.1243833228945732
-0.1242490261793137
-0.124116338789463
-0.12398611754179
-0.1238591969013214
-0.1237363368272781
-0.1236182302236557
-0.1235054805874825
-0.123398594558239
-0.1232979670166969
-0.1232038587331772
-0.1231163963675499
-0.1230355650186539
-0.1229612082242966
-0.1228930279612541
-0.1228305920958519
-0.1227733343839645
-0.1227205619215965
-0.1226714625954628
-0.1226251423358917
-0.1225806474685669
-0.1225369498133659
-0.1224929913878441
-0.1224476918578148
-0.1224000304937363
-0.1223490014672279
-0.1222936511039734
-0.1222331076860428
-0.1221666187047958
-0.1220935210585594
-0.1220133155584335
-0.1219256520271301
-0.1218303292989731
-0.1217273250222206
-0.1216167658567429
-0.1214989647269249
-0.1213743835687637
-0.1212436333298683
-0.1211074590682983
-0.1209667399525642
-0.1208224520087242
-0.1206756457686424
-0.1205274164676666
-0.1203789114952087
-0.1202312484383583
-0.1200855225324631
-0.1199427768588066
-0.1198039725422859
-0.1196699663996696
-0.1195414811372757
-0.1194190755486488
-0.1193031743168831
-0.119194008409977
-0.1190916299819946
-0.1189959347248077
-0.1189066171646118
-0.1188232004642487
-0.1187450736761093
-0.1186714470386505
-0.1186014115810394
-0.1185340061783791
-0.1184681430459023
-0.1184027343988419
-0.1183366477489471
-0.1182687506079674
-0.1181979775428772
-0.1181233003735542
-0.1180437803268433
-0.1179586127400398
-0.1178670823574066
-0.1177686229348183
-0.1176628246903419
-0.117549441754818
-0.1174283549189568
-0.1172996014356613
-0.1171633750200272
-0.11701999604702
-0.1168698891997337
-0.1167135983705521
-0.1165517494082451
-0.1163850128650665
-0.1162140667438507
-0.1160396412014961
-0.1158624365925789
-0.1156831234693527
-0.1155023202300072
-0.1153205707669258
-0.1151383519172668
-0.1149560362100601
-0.1147739067673683
-0.114592120051384
-0.1144107580184937
-0.1142298057675362
-0.1140491738915443
-0.1138686910271645
-0.1136881336569786
-0.1135072708129883
-0.1133258193731308
-0.1131435036659241
-0.1129600778222084
-0.1127753481268883
-0.11258914321661
-0.1124013811349869
-0.112212061882019
-0.1120212823152542
-0.1118292137980461
-0.111636146903038
-0.111442469060421
-0.1112486496567726
-0.1110552474856377
-0.1108628883957863
-0.1106722503900528
-0.1104840412735939
-0.1102989763021469
-0.1101177856326103
-0.1099411621689796
-0.1097697541117668
-0.1096041724085808
-0.1094449013471603
-0.1092923730611801
-0.109146885573864
-0.1090086027979851
-0.1088775917887688
-0.1087537780404091
-0.1086369678378105
-0.1085268631577492
-0.1084230542182922
-0.1083250269293785
-0.1082321926951408
-0.1081438884139061
-0.1080594435334206
-0.1079781129956245
-0.1078991889953613
-0.1078219786286354
-0.1077457964420319
-0.1076700463891029
-0.1075941473245621
-0.1075176000595093
-0.1074400246143341
-0.1073610857129097
-0.1072805523872375
-0.1071982681751251
-0.107114166021347
-0.1070282459259033
-0.1069405600428581
-0.1068512201309204
-0.1067603677511215
-0.1066681891679764
-0.1065748706459999
-0.1064805835485458
-0.1063855290412903
-0.1062898486852646
-0.1061936914920807
-0.1060971766710281
-0.1060003936290741
-0.1059034094214439
-0.1058062463998795
-0.1057089418172836
-0.1056114807724953
-0.1055138781666756
-0.1054161265492439
-0.1053182482719421
-0.1052202954888344
-0.1051223129034042
-0.1050244197249413
-0.1049267500638962
-0.1048295050859451
-0.1047329232096672
-0.1046372875571251
-0.1045429185032845
-0.1044501885771751
-0.1043594926595688
-0.1042712181806564
-0.1041857823729515
-0.1041035652160645
-0.1040249392390251
-0.1039502173662186
-0.1038796752691269
-0.1038135215640068
-0.1037518754601479
-0.1036947667598724
-0.103642150759697
-0.1035938709974289
-0.1035496965050697
-0.1035093069076538
-0.1034722998738289
-0.1034381687641144
-0.1034063845872879
-0.1033763438463211
-0.1033474281430244
-0.103318989276886
-0.1032903864979744
-0.1032609939575195
-0.1032302230596542
-0.1031975448131561
-0.1031624674797058
-0.1031245738267899
-0.1030835285782814
-0.1030390933156013
-0.1029911115765572
-0.1029395386576653
-0.1028843820095062
-0.1028257608413696
-0.1027638539671898
-0.1026989296078682
-0.1026312783360481
-0.1025612577795982
-0.1024892702698708
-0.1024157181382179
-0.1023410111665726
-0.1022655218839645
-0.1021896600723267
-0.1021137610077858
-0.1020381450653076
-0.1019630655646324
-0.1018887460231781
-0.101815328001976
-0.1017429158091545
-0.1016715466976166
-0.1016012355685234
-0.1015319526195526
-0.1014635860919952
-0.1013960391283035
-0.1013291627168655
-0.1012627929449081
-0.1011967658996582
-0.101130910217762
-0.1010650619864464
-0.1009990870952606
-0.100932851433754
-0.1008662432432175
-0.1007991656661034
-0.1007315889000893
-0.1006634831428528
-0.1005948483943939
-0.1005257368087769
-0.1004562303423882
-0.1003864258527756
-0.1003164425492287
-0.1002464592456818
-0.1001766324043274
-0.1001071780920029
-0.1000382751226425
-0.09997010231018066
-0.09990285336971283
-0.09983670711517334
-0.09977182745933533
-0.09970833361148834
-0.09964633733034134
-0.0995858907699585
-0.0995270237326622
-0.09946971386671066
-0.0994139164686203
-0.09935951977968216
-0.09930640459060669
-0.09925438463687897
-0.09920325130224228
-0.09915276616811752
-0.09910266101360321
-0.09905266761779785
-0.09900249540805817
-0.09895186871290207
-0.09890052676200867
-0.09884820878505707
-0.09879469871520996
-0.09873980283737183
-0.09868337213993073
-0.0986252948641777
-0.09856551885604858
-0.09850404411554337
-0.09844091534614563
-0.09837625920772552
-0.09831022471189499
-0.09824301302433014
-0.09817488491535187
-0.09810610860586166
-0.098036989569664
-0.09796782582998276
-0.097898930311203
-0.09783061593770981
-0.09776318073272705
-0.09769689291715622
-0.09763195365667343
-0.0975685641169548
-0.0975068211555481
-0.09744681417942047
-0.09738856554031372
-0.09733203053474426
-0.09727712720632553
-0.09722372144460678
-0.09717161953449249
-0.09712059050798416
-0.09707038104534149
-0.09702073037624359
-0.09697133302688599
-0.0969218984246254
-0.09687213599681854
-0.09682179242372513
-0.09677059948444366
-0.09671834856271744
-0.09666487574577332
-0.09661003202199936
-0.09655372053384781
-0.09649591892957687
-0.09643661975860596
-0.09637586772441864
-0.09631374478340149
-0.09625037014484406
-0.09618589282035828
-0.09612049162387848
-0.09605435281991959
-0.09598766267299652
-0.09592060744762421
-0.09585337340831757
-0.09578610956668854
-0.09571897983551025
-0.09565210342407227
-0.09558553993701935
-0.09551937133073807
-0.09545361250638962
-0.095388263463974
-0.09532328695058823
-0.09525861591100693
-0.09519419074058533
-0.09512991458177567
-0.0950656533241272
-0.09500130265951157
-0.09493674337863922
-0.09487186372280121
-0.09480656683444977
-0.09474075585603714
-0.09467438608407974
-0.0946074053645134
-0.09453976154327393
-0.09447146952152252
-0.09440253674983978
-0.09433301538228989
-0.09426295757293701
-0.09419243037700653
-0.0941215306520462
-0.09405035525560379
-0.09397903084754944
-0.0939076691865921
-0.09383638203144073
-0.09376530349254608
-0.0936945453286171
-0.09362423419952393
-0.09355445951223373
-0.09348532557487488
-0.09341692179441452
-0.09334930777549744
-0.0932825431227684
-0.0932166799902916
-0.0931517481803894
-0.09308777004480362
-0.09302473813295364
-0.09296265989542007
-0.09290150552988052
-0.09284123778343201
-0.09278183430433273
-0.09272323548793793
-0.09266539663076401
-0.0926082581281662
-0.09255175292491913
-0.09249579161405563
-0.09244030714035034
-0.09238522499799728
-0.0923304557800293
-0.09227591007947922
-0.09222147613763809
-0.09216706454753876
-0.09211255609989166
-0.09205784648656845
-0.09200280904769897
-0.09194732457399368
-0.09189126640558243
-0.09183450043201447
-0.09177689999341965
-0.09171833842992783
-0.09165868908166885
-0.09159782528877258
-0.09153563529253006
-0.09147198498249054
-0.09140675514936447
-0.09133985638618469
-0.09127117693424225
-0.09120064973831177
-0.09112817794084549
-0.09105370938777924
-0.09097719192504883
-0.09089857339859009
-0.09081783890724182
-0.09073495864868164
-0.09064993262290955
-0.09056277573108673
-0.09047350287437439
-0.09038214385509491
-0.09028875827789307
-0.09019340574741364
-0.09009617567062378
-0.08999716490507126
-0.08989647775888443
-0.08979424834251404
-0.08969061821699142
-0.08958575129508972
-0.08947983384132385
-0.08937303721904755
-0.08926554769277573
-0.08915756642818451
-0.08904930949211121
-0.08894097805023193
-0.0888327956199646
-0.08872498571872711
-0.08861774206161499
-0.08851125091314316
-0.08840572088956833
-0.08830134570598602
-0.08819827437400818
-0.08809667825698853
-0.087996706366539
-0.08789848536252975
-0.08780214190483093
-0.08770778030157089
-0.0876154825091362
-0.08752531558275223
-0.08743733912706375
-0.08735158294439316
-0.08726807683706284
-0.08718683570623398
-0.08710783720016479
-0.08703106641769409
-0.08695649355649948
-0.08688408136367798
-0.086813785135746
-0.08674554526805878
-0.08667932450771332
-0.08661504834890366
-0.08655266463756561
-0.08649211376905441
-0.08643332123756409
-0.08637620508670807
-0.08632069826126099
-0.08626670390367508
-0.08621414005756378
-0.08616291731595993
-0.08611292392015457
-0.08606404066085815
-0.08601614087820053
-0.08596910536289215
-0.08592280000448227
-0.08587709814310074
-0.0858318880200386
-0.08578702807426453
-0.08574236184358597
-0.08569778501987457
-0.08565318584442139
-0.08560843020677567
-0.08556340634822845
-0.08551801741123199
-0.08547215908765793
-0.08542574197053909
-0.08537870645523071
-0.08533099293708801
-0.08528254926204681
-0.08523333817720413
-0.08518335968255997
-0.08513261377811432
-0.08508113026618958
-0.08502894639968872
-0.08497612178325653
-0.08492273837327957
-0.0848688930273056
-0.08481470495462418
-0.08476030826568604
-0.08470586687326431
-0.08465152978897095
-0.08459749072790146
-0.08454393595457077
-0.08449108153581619
-0.08443915098905563
-0.084388367831707
-0.08433897793292999
-0.08429122716188431
-0.08424533158540726
-0.08420154452323914
-0.08416010439395905
-0.08412120491266251
-0.08408507704734802
-0.08405187726020813
-0.08402176201343536
-0.08399485796689987
-0.08397123962640762
-0.0839509591460228
-0.08393402397632599
-0.08392039686441422
-0.08390999585390091
-0.08390269428491592
-0.08389834314584732
-0.08389673382043839
-0.08389765024185181
-0.0839008241891861
-0.08390596508979797
-0.08391274511814117
-0.08392084389925003
-0.08392991125583649
-0.08393961936235428
-0.08394960314035416
-0.08395952731370926
-0.08396905660629272
-0.08397789299488068
-0.08398573845624924
-0.08399232476949692
-0.08399742096662521
-0.08400081098079681
-0.08400233089923859
-0.08400185406208038
-0.08399929106235504
-0.08399457484483719
-0.08398771286010742
-0.08397873491048813
-0.08396770805120468
-0.08395473659038544
-0.08393997699022293
-0.0839235782623291
-0.08390574902296066
-0.08388669043779373
-0.08386664092540741
-0.0838458314538002
-0.0838245302438736
-0.08380298316478729
-0.08378145843744278
-0.08376021683216095
-0.0837395042181015
-0.08371958136558533
-0.08370067179203033
-0.08368298411369324
-0.08366673439741135
-0.08365211635828018
-0.08363930881023407
-0.08362849056720734
-0.08361978083848953
-0.0836133286356926
-0.08360923081636429
-0.08360761404037476
-0.08360856026411057
-0.0836121141910553
-0.08361834287643433
-0.08362729102373123
-0.08363895863294601
-0.08365334570407867
-0.08367045968770981
-0.08369026333093643
-0.08371271193027496
-0.08373773843050003
-0.08376526087522507
-0.08379516750574112
-0.08382732421159744
-0.0838615745306015
-0.08389770984649658
-0.08393550664186478
-0.08397470414638519
-0.08401504158973694
-0.08405619114637375
-0.08409780263900757
-0.08413951098918915
-0.08418090641498566
-0.08422158658504486
-0.08426113426685333
-0.08429910987615585
-0.0843350887298584
-0.08436864614486694
-0.08439937233924866
-0.08442689478397369
-0.08445083349943161
-0.08447087556123734
-0.08448673039674759
-0.08449817448854446
-0.08450500667095184
-0.08450711518526077
-0.08450441062450409
-0.08449689298868179
-0.08448462933301926
-0.08446774631738663
-0.08444646000862122
-0.08442100882530212
-0.08439173549413681
-0.08435899019241333
-0.0843232050538063
-0.08428484946489334
-0.08424441516399384
-0.08420246839523315
-0.08415953069925308
-0.08411616832017899
-0.08407291769981384
-0.08403029292821884
-0.08398880064487457
-0.08394893258810043
-0.08391108363866806
-0.08387564867734909
-0.08384294062852859
-0.08381322026252747
-0.08378668129444122
-0.08376345038414001
-0.08374357968568802
-0.08372707664966583
-0.08371388912200928
-0.08370389044284821
-0.08369689434766769
-0.08369270712137222
-0.08369103819131851
-0.08369159698486328
-0.08369404822587967
-0.08369806408882141
-0.08370327949523926
-0.08370934426784515
-0.08371591567993164
-0.08372265100479126
-0.08372925221920013
-0.08373541384935379
-0.08374088257551193
-0.08374541997909546
-0.08374883979558945
-0.08375100791454315
-0.08375180512666702
-0.08375115692615509
-0.08374901115894318
-0.08374536037445068
-0.08374021947383881
-0.08373362571001053
-0.08372565358877182
-0.08371637016534805
-0.08370587229728699
-0.0836942121386528
-0.08368148654699326
-0.08366777747869492
-0.08365313708782196
-0.08363762497901917
-0.08362128585577011
-0.08360414952039719
-0.08358623832464218
-0.0835675448179245
-0.08354809135198593
-0.08352785557508469
-0.08350682258605957
-0.0834849625825882
-0.08346226811408997
-0.08343872427940369
-0.08341433107852936
-0.08338908106088638
-0.08336300402879715
-0.08333615958690643
-0.08330857753753662
-0.08328033238649368
-0.08325153589248657
-0.08322229981422424
-0.08319275081157684
-0.08316304534673691
-0.08313334733247757
-0.08310383558273315
-0.0830746665596962
-0.08304601907730103
-0.08301806449890137
-0.08299094438552856
-0.08296480029821396
-0.0829397514462471
-0.08291588723659515
-0.0828932523727417
-0.08287188410758972
-0.08285176753997803
-0.08283285796642303
-0.08281508833169937
-0.08279835432767868
-0.08278252929449081
-0.08276744931936264
-0.08275293558835983
-0.08273880928754807
-0.08272486925125122
-0.08271091431379318
-0.08269672840833664
-0.08268211781978607
-0.08266691118478775
-0.08265091478824615
-0.08263399451971054
-0.08261603116989136
-0.08259691298007965
-0.08257660269737244
-0.08255506306886673
-0.08253230154514313
-0.08250834792852402
-0.08248327672481537
-0.08245717734098434
-0.08243017643690109
-0.08240240067243576
-0.08237399905920029
-0.0823451355099678
-0.08231595903635025
-0.08228662610054016
-0.08225728571414948
-0.08222807198762894
-0.08219908177852631
-0.08217039704322815
-0.08214210718870163
-0.08211424946784973
-0.08208684623241425
-0.08205989003181458
-0.08203335851430893
-0.08200721442699432
-0.08198139071464539
-0.08195582032203674
-0.08193040639162064
-0.08190507441759109
-0.08187972754240036
-0.08185426890850067
-0.08182860165834427
-0.08180265873670578
-0.08177633583545685
-0.0817495658993721
-0.08172229677438736
-0.08169447630643845
-0.08166605979204178
-0.08163703978061676
-0.08160740882158279
-0.08157715946435928
-0.08154629170894623
-0.08151482790708542
-0.08148280531167984
-0.08145023882389069
-0.08141715824604034
-0.0813836008310318
-0.08134961128234863
-0.08131519705057144
-0.08128040283918381
-0.08124525845050812
-0.08120979368686676
-0.08117404580116272
-0.0811379998922348
-0.0811016634106636
-0.08106504380702972
-0.08102813363075256
-0.08099093288183212
-0.08095339685678482
-0.08091551065444946
-0.08087723702192307
-0.08083857595920563
-0.08079947531223297
-0.08075990527868271
-0.08071982115507126
-0.08067916333675385
-0.08063784241676331
