0
0
0
0
0
0
0
0
0
0
0
0
0
0
0
0
0
0
0
0
0
0
0
0
0
0
0
0
0
0
0
0
0
0
0
0
0
0
0
0
0
0
0
0
0
0
0
0
0
0
0
0
0
0
0
0
0
0
0
0
0
0
0
0
0
0
0
0
0
0
0
0
0
0
0
0
0
0
0
0
0
0
0
0
0
0
0
0
0
0
0
0
0
0
0
0
0
0
0
0
0
0
0
0
0
0
0
0
0
0
0
0
0
0
0
0
0
0
0
0
0
0
0
0
0
0
0
0
0
0
0
0
0
0
0
0
0
0
0
0
0
0
0
0
0
0
0
0
0
0
0
0
0
0
0
0
0
0
0
0
0
0
0
0
0
0
0
0
0
0
0
0
0
0
0
0
0
0
0
0
0
0
0
0
0
0
0
0
0
0
0
0
0
0
0
0
0
0
0
0
0
0
0
0
0
0
0
0
0
0
0
0
0
0
0
0
0
0
0
0
0
0
0
0
0
0
0
0
0
0
0
0
0
0
0
0
0
0
0
0
0
0
0
0
0
0
0
0
0
0
0
0
0
0
0
0
0
0
0
0
0
0
0
0
0
0
0
0
0
0
0
0
0
0
0
0
0
0
0
0
0
0
0
0
0
0
0
0
0
0
0
0
0
0
0
0
0
0
0
0
0
0
0
0
0
0
0
0
0
0
0
0
0
0
0
0
0
0
0
0
0
0
0
0
0
0
0
0
0
0
0
0
0
0
0
0
0
0
0
0
0
0
0
0
0
0
0
0
0
0
0
0
0
0
0
0
0
0
0
0
0
0
0
0
0
0
0
0
0
0
0
0
0
0
0
0
0
0
0
0
0
0
0
0
0
0
0
0
0
0
0
0
0
0
0
0
0
0
0
0
0
0
0
0
0
0
0
0
0
0
0
0
0
0
0
0
0
0
0
0
0
0
0
0
0
0
0
0
0
0
0
0
0
0
0
0
0
0
0
0
0
0
0
0
0
0
0
0
0
0
0
0
0
0
0
0
0
0
0
0
0
0
0
0
0
0
0
0
0
0
0
0
0
0
0
0
0
0
0
0
0
0
0
0
0
0
0
0
0
0
0
0
0
0
0
0
0
0
0
0
0
0
0
0
0
0
0
0
0
0
0
0
0
0
0
0
0
0
0
0
0
0
0
0
0
0
0
0
0
0
0
0
0
0
0
0
0
0
0
0
0
0
0
0
0
0
0
0
0
0
0
0
0
0
0
0
0
0
0
0
0
0
0
0
0
0
0
0
0
0
0
0
0
0
0
0
0
0
0
0
0
0
0
0
0
0
0
0
0
0
0
0
0
0
0
0
0
0
0
0
0
0
0
0
0
0
0
0
0
0
0
0
0
0
0
0
0
0
0
0
0
0
0
0
0
0
0
0
0
0
0
0
0
0
0
0
0
0
0
0
0
0
0
0
0
0
0
0
0
0
0
0
0
0
0
0
0
0
0
0
0
0
0
0
0
0
0
0
0
0
0
0
0
0
0
0
0
0
0
0
0
0
0
0
0
0
0
0
0
0
0
0
0
0
0
0
0
0
0
0
0
0
0
0
0
0
0
0
0
0
0
0
0
0
0
0
0
0
0
0
0
0
0
0
0
0
0
0
0
0
0
0
0
0
0
0
0
0
0
0
0
0
0
0
0
0
0
0
0
0
0
0
0
0
0
0
0
0
0
0
0
0
0
0
0
0
0
0
0
0
0
0
0
0
0
0
0
0
0
0
0
0
0
0
0
0
0
0
0
0
0
0
0
0
0
0
0
0
0
0
0
0
0
0
0
0
0
0
0
0
0
0
0
0
0
0
0
0
0
0
0
0
0
0
0
0
0
0
0
0
0
0
0
0
0
0
0
0
0
0
0
0
0
0
0
0
0
0
0
0
0
0
0
0
0
0
0
0
0
0
0
0
0
0
0
0
0
0
0
0
0
0
0
0
0
0
0
0
0
0
0
0
0
0
0
0
0
0
0
0
0
0
0
0
0
0
0
0
0
0
0
0
0
0
0
0
0
0
0
0
0
0
0
0
0
0
0
0
0
0
0
0
0
0
0
0
0
0
0
0
0
0
0
0
0
0
0
0
0
0
0
0
0
0
0
0
0
0
0
0
0
0
0
0
0
0
0
0
0
0
0
0
0
0
0
0
0
0
0
0
0
0
0
0
0
0
0
0
0
0
0
0
0
0
0
0
0
0
0
0
0
0
0
0
0
0
0
0
0
0
0
0
0
0
0
0
0
0
0
0
0
0
0
0
0
0
0
0
0
0
0
0
0
0
0
0
0
0
0
0
0
0
0
0
0
0
0
0
0
0
0
0
0
0
0
0
0
0
0
0
0
0
0
0
0
0
0
0
0
0
0
0
0
0
0
0
0
0
0
0
0
0
0
0
0
0
0
0
0
0
0
0
0
0
0
0
0
0
0
0
0
0
0
0
0
0
0
0
0
0
0
0
0
0
0
0
0
0
0
0
0
0
0
0
0
0
0
0
0
0
0
0
0
0
0
0
0
0
0
0
0
0
0
0
0
0
0
0
0
0
0
0
0
0
0
0
0
0
0
0
0
0
0
0
0
0
0
0
0
0
0
0
0
0
0
0
0
0
0
0
0
0
0
0
0
0
0
0
0
0
0
0
0
0
0
0
0
0
0
0
0
0
0
0
0
0
0
0
0
0
0
0
0
0
0
0
0
0
0
0
0
0
0
0
0
0
0
0
0
0
0
0
0
0
0
0
0
0
0
0
0
0
0
0
0
0
0
0
0
0
0
0
0
0
0
0
0
0
0
0
0
0
0
0
0
0
0
0
0
0
0
0
0
0
0
0
0
0
0
0
0
0
0
0
0
0
0
0
0
0
0
0
0
0
0
0
0
0
0
0
0
0
0
0
0
0
0
0
0
0
0
0
0
0
0
0
0
0
0
0
0
0
0
0
0
0
0
0
0
0
0
0
0
0
0
0
0
0
0
0
0
0
0
0
0
0
0
0
0
0
0
0
0
0
0
0
0
0
0
0
0
0
0
0
0
0
0
0
0
0
0
0
0
0
0
0
0
0
0
0
0
0
0
0
0
0
0
0
0
0
0
0
0
0
0
0
0
0
0
0
0
0
0
0
0
0
0
0
0
0
0
0
0
0
0
0
0
0
0
0
0
0
0
0
0
0
0
0
0
0
0
0
0
0
0
0
0
0
0
0
0
0
0
0
0
0
0
0
0
0
0
0
0
0
0
0
0
0
0
0
0
0
0
0
0
0
0
0
0
0
0
0
0
0
0
0
0
0
0
0
0
0
0
0
0
0
0
0
0
0
0
0
0
0
0
0
0
0
0
0
0
0
0
0
0
0
0
0
0
0
0
0
0
0
0
0
0
0
0
0
0
0
0
0
0
0
0
0
0
0
0
0
0
0
0
0
0
0
0
0
0
0
0
0
0
0
0
0
0
0
0
0
0
0
0
0
0
0
0
0
0
0
0
0
0
0
0
0
0
0
0
0
0
0
0
0
0
0
0
0
0
0
0
0
0
0
0
0
0
0
0
0
0
0
0
0
0
0
0
0
0
0
0
0
0
0
0
0
0
0
0
0
0
0
0
0
0
0
0
0
0
0
0
0
0
0
0
0
0
0
0
0
0
0
0
0
0
0
0
0
0
0
0
0
0
0
0
0
0
0
0
0
0
0
0
0
0
0
0
0
0
0
0
0
0
0
0
0
0
0
0
0
0
0
0
0
0
0
0
0
0
0
0
0
0
0
0
0
0
0
0
0
0
0
0
0
0
0
0
0
0
0
0
0
0
0
0
0
0
0
0
0
0
0
0
0
0
0
0
0
0
0
0
0
0
0
0
0
0
0
0
0
0
0
0
0
0
0
0
0
0
0
0
0
0
0
0
0
0
0
0
0
0
0
0
0
0
0
0
0
0
0
0
0
0
0
0
0
0
0
0
0
0
0
0
0
0
0
0
0
0
0
0
0
2.802596928649634e-45
1.401298464324817e-44
3.503246160812043e-44
6.305843089461677e-44
1.093012802173357e-43
1.793662034335766e-43
2.91470080579562e-43
4.624284932271896e-43
7.42688186092153e-43
1.188301097747445e-42
1.888950329909853e-42
2.995976116726459e-42
4.75040179406113e-42
7.517966261102644e-42
1.187600448515282e-41
1.872835397570118e-41
2.948331968939415e-41
4.632692723057845e-41
7.272458770152936e-41
1.14034866429825e-40
1.786319230382704e-40
2.795142020819426e-40
4.368912300133342e-40
6.821254677624988e-40
1.063834965549186e-39
1.657324101547747e-39
2.57909122488829e-39
4.009168155774946e-39
6.225450596563362e-39
9.656420585182459e-39
1.49620280411968e-38
2.315762300328992e-38
3.580362978420152e-38
5.529555129311329e-38
8.530684661270189e-38
1.31464452147239e-37
2.023782595523924e-37
3.11208075704003e-37
4.780459982432529e-37
7.335346803154291e-37
1.124356956540273e-36
1.721553950696213e-36
2.633117390349316e-36
4.023031840474611e-36
6.140031590021576e-36
9.360993730996704e-36
1.425633292384095e-35
2.168845478902958e-35
3.295980261899187e-35
5.003525568614275e-35
7.587583575958216e-35
1.149388963095677e-34
1.739270051054421e-34
2.629080129746656e-34
3.969882735839395e-34
5.988098170315796e-34
9.022727294927247e-34
1.358078010863759e-33
2.041972358977512e-33
3.066998473777754e-33
4.6016768784373e-33
6.896960372164345e-33
1.032615877747319e-32
1.544399008256877e-32
2.307385355005555e-32
3.44366594896838e-32
5.134076783960739e-32
7.646178741329017e-32
1.137542222662204e-31
1.690564824752317e-31
2.509791640771172e-31
3.722075673390014e-31
5.514101999989771e-31
8.160309054877259e-31
1.206371013915563e-30
1.781549333529974e-30
2.62819603640464e-30
3.873119221326607e-30
5.701739674482717e-30
8.384892610856097e-30
1.231775064317059e-29
1.807629396626696e-29
2.649912890166026e-29
3.880595365397837e-29
5.676880733725538e-29
8.295948050272879e-29
1.211064832447661e-28
1.766094610890109e-28
2.572799738528354e-28
3.744067274975819e-28
5.442860023218073e-28
7.904176825433086e-28
1.146653814720456e-27
1.66170680049189e-27
2.405597626697449e-27
3.47887042904884e-27
5.025743849199636e-27
7.252861888683825e-27
1.045600386094254e-26
1.505807124095418e-26
2.166308804457304e-26
3.113286401070971e-26
4.46956755984647e-26
6.410026103436581e-26
9.183369537437276e-26
1.314294037095111e-25
1.879019467841653e-25
2.683603726758401e-25
3.828723584500471e-25
5.456803316903409e-25
7.76910993709691e-25
1.10497650121241e-24
1.5699425572328e-24
2.228248067323479e-24
3.159311800332798e-24
4.47476970308595e-24
6.3313763260594e-24
8.949009291643591e-24
1.263575862080304e-23
1.78228527607941e-23
2.511323861186073e-23
3.53490622667889e-23
4.970531468896539e-23
6.981963640774919e-23
9.797205000939525e-23
1.373335901617184e-22
1.923097231651287e-22
2.690145186209851e-22
3.759241544272555e-22
5.247770828020201e-22
7.318119991683663e-22
1.01946971173865e-21
1.41872844747299e-21
1.972306551623816e-21
2.739048655343096e-21
3.79992717798796e-21
5.266243350334933e-21
7.290826464592072e-21
1.0083302586453e-20
1.393089443165219e-20
1.922672604865402e-20
2.650830004573029e-20
3.65097198294762e-20
5.023254602532863e-20
6.904176720008072e-20
9.479569952979538e-20
1.300215607315811e-19
1.781525251637481e-19
2.438475971536217e-19
3.334224170003179e-19
4.554292050570225e-19
6.214363406842311e-19
8.470752368631171e-19
1.153445047972012e-18
1.568993807746322e-18
2.132037969725574e-18
2.894129187442876e-18
3.924551385222633e-18
5.316321643331892e-18
7.194182520456407e-18
9.725243525485977e-18
1.313313004189217e-17
1.771677438970369e-17
2.387533588223044e-17
3.214124420999321e-17
4.322391262737463e-17
5.806755622307541e-17
7.792754069065296e-17
1.044710650983202e-16
1.399099905517091e-16
1.871754216252342e-16
2.501475169885937e-16
3.339570596057724e-16
4.453813056715398e-16
5.933624084798392e-16
7.89686169747224e-16
1.049869386034446e-15
1.394318722167196e-15
1.849842665046955e-15
2.451619763522614e-15
3.245763338275646e-15
4.292652862401651e-15
5.671260817463174e-15
7.484764286765262e-15
9.867816097932931e-15
1.299595366488927e-14
1.709775814581326e-14
2.247055419881717e-14
2.950065661048475e-14
3.868945975767958e-14
5.068697672412463e-14
6.633497191214227e-14
8.672231633982327e-14
1.132559418969524e-13
1.47751724592117e-13
1.92550782176365e-13
2.506679759595176e-13
3.25981456454974e-13
4.234743252676948e-13
5.495421283828461e-13
7.123841989399582e-13
9.225004657734126e-13
1.193321374874656e-12
1.542007624019681e-12
1.99045988025226e-12
2.566597542136284e-12
3.30597094838625e-12
4.253797834807838e-12
5.467525304031495e-12
7.020053809092541e-12
9.003788166428439e-12
1.153572376511036e-11
1.476381863985132e-11
1.887497103059133e-11
2.410500271610161e-11
3.075112040007433e-11
3.91874449556795e-11
4.98843986951325e-11
6.343277986209372e-11
8.057371436720473e-11
1.022358517288602e-10
1.295813734092377e-10
1.640631241972557e-10
2.074950766761674e-10
2.621394767921004e-10
3.308143203817338e-10
4.170256640012582e-10
5.251304946440882e-10
6.605368474410511e-10
8.299492204599801e-10
1.041669639434417e-09
1.305966224052213e-09
1.635522606235895e-09
2.04598804565137e-09
2.556647782370192e-09
3.191238828748055e-09
3.978941176541184e-09
4.955583055021862e-09
6.165102650612653e-09
7.661316914209237e-09
9.510061182993468e-09
1.179177200327786e-08
1.460461085400766e-08
1.806821181560281e-08
2.232820506264943e-08
2.756164185768739e-08
3.398349335270723e-08
4.185446655924352e-08
5.149031423457018e-08
6.327299217900872e-08
7.766389131802498e-08
9.521975385951009e-08
1.166114174111499e-07
1.426462290510244e-07
1.742944988336603e-07
2.127208915680967e-07
2.593216095192474e-07
3.157682044729881e-07
3.840590636627894e-07
4.665803885472997e-07
5.661776185661438e-07
6.862392751827429e-07
8.307951020469773e-07
1.004630917122995e-06
1.213423047374818e-06
1.463894818698463e-06
1.763998284332047e-06
2.123126250808127e-06
2.552358182583703e-06
3.064744532821351e-06
3.675635298350244e-06
4.403060756885679e-06
5.268169388727983e-06
6.295731964200968e-06
7.514717253798153e-06
8.958959369920194e-06
1.066791446646675e-05
1.26875293062767e-05
1.507122669863747e-05
1.788103145372588e-05
2.1188854589127e-05
2.507792669348419e-05
2.964445229736157e-05
3.499944796203636e-05
4.12708286603447e-05
4.860575427301228e-05
5.717326712328941e-05
6.716720235999674e-05
7.880951307015494e-05
9.235391917172819e-05
0.0001080899601220153
0.0001263475569430739
0.0001475019817007706
0.0001719793217489496
0.0002002627006731927
0.0002328987757209688
0.000270505144726485
0.0003137782623525709
0.0003635021857917309
0.0004205578588880599
0.0004859333566855639
0.0005607348284684122
0.0006461983430199325
0.0007437024614773691
0.0008547815377824008
0.0009811401832848787
0.001124668167904019
0.00128745601978153
0.001471812254749238
0.00168028031475842
0.001915655680932105
0.002181005198508501
0.002479685237631202
0.002815359504893422
0.003192020114511251
0.003614003770053387
0.004086011555045843
0.004613125696778297
0.005200824700295925
0.005855000577867031
0.006581970956176519
0.007388487458229065
0.008281745947897434
0.009269391186535358
0.01035952009260654
0.01156067010015249
0.01288182009011507
0.0143323689699173
0.01592212170362473
0.01766125857830048
0.01956029608845711
0.02163005247712135
0.0238815862685442
0.0263261441141367
0.02897508256137371
0.03183978796005249
0.03493158519268036
0.03826162964105606
0.0418407991528511
0.04567956179380417
0.04978784546256065
0.05417487397789955
0.0588490217924118
0.06381766498088837
0.06908697634935379
0.07466176897287369
0.08054526895284653
0.08673899620771408
0.09324251860380173
0.1000532731413841
0.1071664094924927
0.1145746186375618
0.1222679316997528
0.1302336305379868
0.1384560614824295
0.1469166129827499
0.1555935740470886
0.1644621640443802
0.1734944432973862
0.1826594471931458
0.191923201084137
0.2012488842010498
0.210597038269043
0.219925731420517
0.229190930724144
0.2383468002080917
0.2473461478948593
0.2561408281326294
0.26468226313591
0.27292200922966
0.2808124423027039
0.2883072197437286
0.2953620254993439
0.3019353151321411
0.3079888522624969
0.313488632440567
0.3184051811695099
0.3227145969867706
0.3263989686965942
0.3294468224048615
0.3318537175655365
0.3336227834224701
0.3347647488117218
0.3352982997894287
0.3352500796318054
0.3346547186374664
0.3335547745227814
0.3320001661777496
0.3300478160381317
0.3277611136436462
0.3252092301845551
0.322466105222702
0.3196096122264862
0.3167203664779663
0.3138807415962219
0.3111732006072998
0.3086793422698975
0.3064782917499542
0.304645448923111
0.3032510280609131
0.3023587167263031
0.3020243048667908
0.3022946715354919
0.3032064437866211
0.304785281419754
0.3070449829101562
0.3099868297576904
0.3135993778705597
0.3178582191467285
0.3227261304855347
0.3281534910202026
0.334078848361969
0.3404297530651093
0.3471240699291229
0.3540714383125305
0.3611746728420258
0.3683316707611084
0.3754374980926514
0.3823862969875336
0.3890738785266876
0.3953995108604431
0.4012683033943176
0.4065935015678406
0.4112982153892517
0.415317565202713
0.4186001121997833
0.421109139919281
0.4228237569332123
0.423739492893219
0.4238686561584473
0.4232401549816132
0.4218989908695221
0.4199053049087524
0.4173330366611481
0.4142683148384094
0.4108075499534607
0.4070548713207245
0.4031199216842651
0.399115264415741
0.3951533436775208
0.3913439810276031
0.3877915740013123
0.384592592716217
0.3818329870700836
0.3795863687992096
0.3779120147228241
0.3768534660339355
0.3764374554157257
0.3766734898090363
0.3775536119937897
0.3790528774261475
0.3811301589012146
0.383729487657547
0.3867816030979156
0.3902063965797424
0.3939150273799896
0.3978126645088196
0.4018012881278992
0.4057826399803162
0.4096611142158508
0.4133465886116028
0.4167569875717163
0.4198207259178162
0.4224787056446075
0.4246861040592194
0.4264132678508759
0.4276465475559235
0.4283887445926666
0.4286584556102753
0.4284894466400146
0.4279291033744812
0.4270369708538055
0.4258826375007629
0.4245433211326599
0.4231013357639313
0.4216413795948029
0.4202477931976318
0.419001966714859
0.4179797768592834
0.4172493517398834
0.4168692529201508
0.4168868660926819
0.4173371493816376
0.4182421267032623
0.4196106493473053
0.4214386343955994
0.4237097799777985
0.4263968467712402
0.4294629395008087
0.4328635632991791
0.4365485608577728
0.4404642581939697
0.4445557594299316
0.4487691521644592
0.4530535936355591
0.4573631584644318
0.4616585373878479
0.4659081995487213
0.4700894057750702
0.4741887152194977
0.4782018661499023
0.4821337163448334
0.4859972894191742
0.4898127317428589
0.4936060309410095
0.4974071979522705
0.5012485384941101
0.50516277551651
0.5091810822486877
0.513331413269043
0.517636775970459
0.522113561630249
0.5267707705497742
0.5316088199615479
0.5366194248199463
0.5417852401733398
0.5470802783966064
0.5524707436561584
0.5579158067703247
0.5633688569068909
0.5687793493270874
0.5740940570831299
0.5792595148086548
0.5842231512069702
0.5889354944229126
0.5933519601821899
0.5974337458610535
0.6011496782302856
0.6044768691062927
0.6074015498161316
0.6099193096160889
0.6120350956916809
0.6137627959251404
0.6151248812675476
0.6161512732505798
0.6168783903121948
0.6173477172851562
0.6176047325134277
0.6176972985267639
0.6176741719245911
0.6175836324691772
0.6174724698066711
0.6173844933509827
0.6173598766326904
0.6174341440200806
0.6176377534866333
0.61799556016922
0.618526816368103
0.6192449331283569
0.6201580166816711
0.6212686896324158
0.6225749254226685
0.6240703463554382
0.6257445812225342
0.6275842189788818
0.629572868347168
0.6316921710968018
0.6339219808578491
0.6362408399581909
0.6386263966560364
0.6410560011863708
0.6435068845748901
0.6459563970565796
0.6483823657035828
0.6507634520530701
0.6530795097351074
0.6553115844726562
0.6574423313140869
0.6594565510749817
0.6613412499427795
0.6630860567092896
0.6646835803985596
0.6661297678947449
0.6674236059188843
0.6685677170753479
0.6695684194564819
0.6704355478286743
0.6711823344230652
0.671825110912323
0.6723831295967102
0.6728780269622803
0.6733328700065613
0.673771858215332
0.6742192506790161
0.6746989488601685
0.6752331256866455
0.6758418083190918
0.6765422821044922
0.6773478984832764
0.6782681345939636
0.6793079376220703
0.6804673075675964
0.6817419528961182
0.6831228137016296
0.6845964789390564
0.6861460208892822
0.6877516508102417
0.6893911957740784
0.6910413503646851
0.6926784515380859
0.6942795515060425
0.6958233714103699
0.6972910165786743
0.6986668109893799
0.6999391317367554
0.7011005282402039
0.7021479606628418
0.7030833959579468
0.7039128541946411
0.7046464681625366
0.7052980661392212
0.7058842778205872
0.7064237594604492
0.7069362998008728
0.7074421644210815
0.7079610228538513
0.7085110545158386
0.7091082334518433
0.7097655534744263
0.7104927897453308
0.7112959623336792
0.7121773362159729
0.7131354212760925
0.7141650915145874
0.7152583599090576
0.7164044380187988
0.7175905704498291
0.7188027501106262
0.7200265526771545
0.7212479114532471
0.7224538326263428
0.7236331701278687
0.7247769236564636
0.7258791923522949
0.7269368171691895
0.7279502153396606
0.728922963142395
0.7298620343208313
0.7307772040367126
0.7316809296607971
0.732587456703186
0.733512818813324
0.7344738841056824
0.7354879975318909
0.7365723848342896
0.7377434968948364
0.739016592502594
0.7404056787490845
0.7419232130050659
0.7435796856880188
0.745384156703949
0.7473441362380981
0.7494657635688782
0.7517544031143188
0.7542145848274231
0.7568508982658386
0.7596678733825684
0.7626707553863525
0.7658657431602478
0.7692602276802063
0.77286297082901
0.7766841053962708
0.7807350158691406
0.7850280404090881
0.7895766496658325
0.7943947315216064
0.7994958162307739
0.8048930764198303
0.8105980753898621
0.8166207075119019
0.8229681849479675
0.8296446800231934
0.8366503715515137
0.8439812660217285
0.851628839969635
0.8595794439315796
0.8678146600723267
0.8763105273246765
0.8850382566452026
0.8939642906188965
0.903050422668457
0.9122546911239624
0.9215313196182251
0.9308319687843323
0.9401058554649353
0.9493009448051453
0.9583643078804016
0.9672433137893677
0.9758861660957336
0.9842429757118225
0.9922662377357483
0.9999117851257324
1.007139682769775
1.013914704322815
1.020207166671753
1.025993227958679
1.031255841255188
1.035985469818115
1.040179014205933
1.043842077255249
1.046987891197205
1.04963743686676
1.051819801330566
1.053571224212646
1.054935216903687
1.055961489677429
1.056705236434937
1.057226181030273
1.057587504386902
1.057854056358337
1.058091402053833
1.058364272117615
1.058734178543091
1.059258460998535
1.059988737106323
1.060969114303589
1.062234401702881
1.063810229301453
1.065710425376892
1.067937731742859
1.070482611656189
1.073323726654053
1.076428055763245
1.079751372337341
1.083239793777466
1.086831212043762
1.09045672416687
1.094042897224426
1.09751296043396
1.100790619850159
1.103801369667053
1.106474637985229
1.108746647834778
1.110561609268188
1.111873745918274
1.112648844718933
1.11286473274231
1.112512111663818
1.111593961715698
1.11012589931488
1.108134388923645
1.105656623840332
1.102737426757812
1.099428653717041
1.095785856246948
1.091866493225098
1.087727308273315
1.083422541618347
1.079001188278198
1.07450544834137
1.069969177246094
1.065416693687439
1.060862064361572
1.05630886554718
1.051750779151917
1.04717230796814
1.042549610137939
1.037852644920349
1.033047199249268
1.028097033500671
1.022966861724854
1.01762330532074
1.012038826942444
1.006193518638611
1.000076770782471
0.9936885833740234
0.9870409369468689
0.9801581501960754
0.9730772376060486
0.9658467173576355
0.9585257768630981
0.9511826634407043
0.9438925981521606
0.9367354512214661
0.9297930002212524
0.9231461882591248
0.9168727397918701
0.9110443592071533
0.9057245850563049
0.9009667634963989
0.8968126773834229
0.8932912945747375
0.8904184103012085
0.8881966471672058
0.8866161108016968
0.8856550455093384
0.8852819204330444
0.885456383228302
0.8861318826675415
0.8872573375701904
0.8887788057327271
0.890641987323761
0.8927933573722839
0.8951815962791443
0.8977586627006531
0.900480329990387
0.9033063054084778
0.9062001705169678
0.9091287851333618
0.9120614528656006
0.9149691462516785
0.9178232550621033
0.9205946922302246
0.9232533574104309
0.9257669448852539
0.9281008243560791
0.930218517780304
0.9320813417434692
0.9336497783660889
0.9348843097686768
0.9357472062110901
0.9362037181854248
0.9362244009971619
0.9357866644859314
0.9348767399787903
0.9334909915924072
0.9316376447677612
0.9293371438980103
0.9266228675842285
0.9235408306121826
0.920149028301239
0.9165164232254028
0.9127210378646851
0.9088479280471802
0.9049869775772095
0.9012296795845032
0.8976671099662781
0.8943865299224854
0.8914692401885986
0.8889880776405334
0.8870050311088562
0.8855701684951782
0.8847202658653259
0.8844777345657349
0.8848509192466736
0.8858337998390198
0.8874070048332214
0.8895387649536133
0.8921857476234436
0.8952948451042175
0.8988048434257507
0.9026479125022888
0.9067511558532715
0.9110385775566101
0.915432333946228
0.9198543429374695
0.9242276549339294
0.9284773468971252
0.9325323104858398
0.9363255500793457
0.9397958517074585
0.9428885579109192
0.9455562233924866
0.9477600455284119
0.9494705200195312
0.9506683945655823
0.9513449668884277
0.9515029788017273
0.95115727186203
0.9503345489501953
0.9490736126899719
0.9474247097969055
0.9454488754272461
0.9432172775268555
0.9408091902732849
0.9383105039596558
0.9358119368553162
0.9334065914154053
0.9311877489089966
0.9292461276054382
0.9276682734489441
0.926533579826355
0.9259127974510193
0.9258659482002258
0.9264416694641113
0.9276756644248962
0.9295908212661743
0.9321966171264648
0.9354903697967529
0.9394575357437134
0.9440736770629883
0.9493052959442139
0.9551122784614563
0.9614495635032654
0.9682689905166626
0.9755216240882874
0.9831591248512268
0.9911355376243591
0.999408483505249
1.007940411567688
1.016698956489563
1.025657057762146
1.034793376922607
1.044091939926147
1.053540825843811
1.06313157081604
1.07285737991333
1.082712650299072
1.0926913022995
1.102784752845764
1.112981081008911
1.123263597488403
1.133609890937805
1.143990635871887
1.154369473457336
1.164702296257019
1.174937963485718
1.185018539428711
1.19488000869751
1.204453825950623
1.213668942451477
1.222453474998474
1.230737328529358
1.238454580307007
1.245545864105225
1.251961469650269
1.257663488388062
1.262628555297852
1.266849637031555
1.270337820053101
1.273123145103455
1.275255084037781
1.27680230140686
1.277851343154907
1.278505563735962
1.278882145881653
1.279108643531799
1.279319524765015
1.279651761054993
1.280240178108215
1.281212687492371
1.28268563747406
1.284758687019348
1.287510871887207
1.29099702835083
1.295244693756104
1.300252676010132
1.305989623069763
1.312394618988037
1.319378137588501
1.326825499534607
1.334600210189819
1.342549443244934
1.35050904750824
1.358310341835022
1.365787029266357
1.372782230377197
1.37915575504303
1.384789228439331
1.389593005180359
1.39350962638855
1.396517753601074
1.398633480072021
1.399909973144531
1.400436401367188
1.400334239006042
1.399752140045166
1.398860335350037
1.397842407226562
1.396888017654419
1.396183371543884
1.395903348922729
1.396203279495239
1.397210717201233
1.399019956588745
1.401687145233154
1.405227303504944
1.409613490104675
1.414777517318726
1.420613408088684
1.426982164382935
1.43371856212616
1.440639615058899
1.447553515434265
1.454269766807556
1.460608601570129
1.466410040855408
1.471542835235596
1.475911140441895
1.479458928108215
1.482172966003418
1.484083533287048
1.485261559486389
1.485814929008484
1.485881567001343
1.48562216758728
1.485209345817566
1.484818458557129
1.484617471694946
1.484756827354431
1.485361576080322
1.486523389816284
1.488296389579773
1.490694284439087
1.493689775466919
1.497217893600464
1.501179337501526
1.505448341369629
1.509880185127258
1.514320969581604
1.518617391586304
1.522626161575317
1.526223063468933
1.529309749603271
1.531819343566895
1.533720016479492
1.535014390945435
1.535739183425903
1.53596031665802
1.535767197608948
1.535264134407043
1.534562945365906
1.533772826194763
1.532992482185364
1.532302141189575
1.531757354736328
1.531385183334351
1.531182169914246
1.531114459037781
1.531121492385864
1.53112006187439
1.53101122379303
1.530688405036926
1.5300452709198
1.528984546661377
1.527425169944763
1.525308132171631
1.522601127624512
1.519301295280457
1.515434384346008
1.511052370071411
1.506229877471924
1.501057744026184
1.495636105537415
1.490066647529602
1.484445333480835
1.47885537147522
1.473361849784851
1.468008637428284
1.462816119194031
1.457781672477722
1.452882766723633
1.448080897331238
1.443328142166138
1.438573002815247
1.433768153190613
1.428876519203186
1.423876881599426
1.418768286705017
1.413572788238525
1.408335089683533
1.403121113777161
1.398014187812805
1.393109798431396
1.388508677482605
1.384309649467468
1.380603194236755
1.377463698387146
1.374945163726807
1.373077154159546
1.371862292289734
1.371277093887329
1.371273756027222
1.37178361415863
1.372723340988159
1.3739994764328
1.375516295433044
1.37718141078949
1.378910779953003
1.380634069442749
1.382296442985535
1.383859872817993
1.385303020477295
1.38661789894104
1.387807965278625
1.388883352279663
1.389856338500977
1.390737175941467
1.391530632972717
1.39223313331604
1.392831444740295
1.393303632736206
1.393619298934937
1.393743276596069
1.393639206886292
1.393272995948792
1.39261794090271
1.391658186912537
1.390392303466797
1.388835072517395
1.387017369270325
1.384986162185669
1.382802128791809
1.380536675453186
1.378267168998718
1.37607204914093
1.374026894569397
1.372199177742004
1.370644688606262
1.369405269622803
1.368506789207458
1.367959141731262
1.367757201194763
1.367882966995239
1.368308186531067
1.36899733543396
1.369911789894104
1.371012210845947
1.372261881828308
1.373628497123718
1.375085115432739
1.376611113548279
1.378192067146301
1.379818677902222
1.3814857006073
1.383191108703613
1.384935140609741
1.386719822883606
1.388548374176025
1.390426635742188
1.39236319065094
1.394371509552002
1.396471619606018
1.398692011833191
1.401070713996887
1.403656959533691
1.406512141227722
1.409708976745605
1.413330912590027
1.417470574378967
1.422227263450623
1.427704095840454
1.434004426002502
1.441229581832886
1.449474692344666
1.458826303482056
1.469360709190369
1.481142401695251
1.4942227602005
1.508640289306641
1.524421095848083
1.541579127311707
1.560117602348328
1.580029010772705
1.601296305656433
1.623892664909363
1.647781491279602
1.672915458679199
1.699235916137695
1.726670622825623
1.755132436752319
1.784517645835876
1.814704298973083
1.845551252365112
1.876897573471069
1.908562660217285
1.9403475522995
1.972036480903625
2.003399610519409
2.034196853637695
2.064181804656982
2.093106508255005
2.120727777481079
2.146812200546265
2.171142816543579
2.193522453308105
2.213783979415894
2.231792211532593
2.247450828552246
2.260706663131714
2.271553516387939
2.280035018920898
2.286245822906494
2.290332555770874
2.292493104934692
2.292972087860107
2.292057752609253
2.290076732635498
2.287384271621704
2.284356117248535
2.281378269195557
2.27883505821228
2.277096509933472
2.276506900787354
2.277371883392334
2.279947519302368
2.284429550170898
2.290945768356323
2.299548149108887
2.310210466384888
2.322825908660889
2.33720850944519
2.353097915649414
2.370168685913086
2.388038635253906
2.406283855438232
2.4244544506073
2.44209098815918
2.458743095397949
2.47398829460144
2.487449645996094
2.498813152313232
2.507840871810913
2.514383554458618
2.518386363983154
2.519894361495972
2.519049167633057
2.516083955764771
2.511312246322632
2.50511360168457
2.497914791107178
2.490168809890747
2.482334136962891
2.474848747253418
2.468109130859375
2.462449550628662
2.458123445510864
2.455290079116821
2.454005241394043
2.454217672348022
2.455770492553711
2.458409786224365
2.461797952651978
2.465530633926392
2.469162464141846
2.472230434417725
2.474281787872314
2.474901914596558
2.47374153137207
2.470538139343262
2.465134620666504
2.457491874694824
2.447694301605225
2.435947895050049
2.422571182250977
2.407979488372803
2.392663478851318
2.377161026000977
2.362029075622559
2.347810506820679
2.335004568099976
2.32403826713562
2.315243244171143
2.308835983276367
2.304906845092773
2.303418874740601
2.304208278656006
2.306999444961548
2.311422109603882
2.317039012908936
2.323374271392822
2.329946041107178
2.336297750473022
2.342030048370361
2.346826553344727
2.350473403930664
2.352871894836426
2.354042530059814
2.354118585586548
2.353332757949829
2.351995468139648
2.350466012954712
2.349121809005737
2.348323822021484
2.348385095596313
2.349542379379272
2.351932764053345
2.355578660964966
2.360383749008179
2.366135597229004
2.372521638870239
2.379150152206421
2.385582208633423
2.391366243362427
2.396073818206787
2.399338006973267
2.400883197784424
2.400553464889526
2.398326635360718
2.394322395324707
2.388795137405396
2.382118225097656
2.374757528305054
2.367235660552979
2.360095262527466
2.353855848312378
2.348974227905273
2.345809459686279
2.344595432281494
2.345422744750977
2.348234176635742
2.352828741073608
2.358881711959839
2.36596941947937
2.373607635498047
2.381289958953857
2.388530969619751
2.394903898239136
2.400076150894165
2.40383243560791
2.406089305877686
2.406897306442261
2.406429529190063
2.404961585998535
2.402840137481689
2.400446891784668
2.398160696029663
2.396320581436157
2.395193576812744
2.394949913024902
2.395651578903198
2.397248029708862
2.399586915969849
2.402433633804321
2.405500650405884
2.408480405807495
2.411081790924072
2.413063287734985
2.41426157951355
2.414610624313354
2.414150238037109
2.413023948669434
2.411463022232056
2.409762859344482
2.40825080871582
2.407250165939331
2.407043695449829
2.407841920852661
2.409755945205688
2.412784814834595
2.416810035705566
2.421606063842773
2.426861047744751
2.432207345962524
2.437257766723633
2.441647052764893
2.445068359375
2.447305917739868
2.448257923126221
2.447948694229126
2.446526288986206
2.444247245788574
2.44145131111145
2.438525915145874
2.435866594314575
2.433836936950684
2.432730913162231
2.43274450302124
2.433957576751709
2.436327219009399
2.439695596694946
2.443809509277344
2.448348999023438
2.452964544296265
2.457314252853394
2.461101531982422
2.464103698730469
2.466196298599243
2.467360973358154
2.467682838439941
2.467336416244507
2.466562032699585
2.465634107589722
2.464827060699463
2.464383363723755
2.464484453201294
2.465232610702515
2.466641426086426
2.468637466430664
2.471074819564819
2.473755598068237
2.476458311080933
2.478967428207397
2.481103181838989
2.482742309570312
2.483835458755493
2.484410524368286
2.484567880630493
2.4844651222229
2.484294652938843
2.484255313873291
2.48452615737915
2.48523998260498
2.486464500427246
2.488192319869995
2.490339756011963
2.492757797241211
2.49524998664856
2.497597694396973
2.499586343765259
2.501033782958984
2.501812696456909
2.501866102218628
2.501212120056152
2.499941110610962
2.498201847076416
2.496178388595581
2.494064569473267
2.492035627365112
2.490221977233887
2.488689661026001
2.487428188323975
2.486347675323486
2.485286951065063
2.484030723571777
2.482332229614258
2.479938983917236
2.47662091255188
2.47219181060791
2.466526985168457
2.459569454193115
2.451329231262207
2.441873788833618
2.431307792663574
2.419750928878784
2.407315969467163
2.394084692001343
2.380090475082397
2.365309000015259
2.349657297134399
2.33299994468689
2.315163373947144
2.295957326889038
2.27519416809082
2.252712249755859
2.228393316268921
2.202174186706543
2.17405104637146
2.144077301025391
2.112353563308716
2.079012870788574
2.044202327728271
2.008065223693848
1.9707270860672
1.932284474372864
1.892800331115723
1.852306365966797
1.810810804367065
1.768311023712158
1.724808692932129
1.68032443523407
1.634911298751831
1.588662266731262
1.541714429855347
1.494244813919067
1.446463108062744
1.398598194122314
1.350883722305298
1.303542613983154
1.256772994995117
1.210739254951477
1.165565490722656
1.121336817741394
1.07810389995575
1.03589129447937
0.9947090744972229
0.9545642137527466
0.9154704809188843
0.8774557709693909
0.8405646085739136
0.8048566579818726
0.7704005241394043
0.7372644543647766
0.7055050730705261
0.6751552820205688
0.6462147831916809
0.6186426281929016
0.5923544764518738
0.5672245025634766
0.5430914163589478
0.5197685360908508
0.497056245803833
0.4747553765773773
0.4526797235012054
0.430666595697403
0.4085838496685028
0.3863335251808167
0.3638512194156647
0.3411024510860443
0.3180767595767975
0.2947807610034943
0.2712315917015076
0.2474515289068222
0.2234649509191513
0.1992982178926468
0.1749817579984665
0.1505540758371353
0.1260668188333511
0.1015895158052444
0.0772128701210022
0.05304995179176331
0.0292341522872448
0.005914055742323399
-0.01675455644726753
-0.03861888125538826
-0.05954044312238693
-0.07940629124641418
-0.09813882410526276
-0.1157031953334808
-0.1321116089820862
-0.1474240273237228
-0.1617453694343567
-0.1752197742462158
-0.1880224943161011
-0.2003506869077682
-0.2124137282371521
-0.2244241237640381
-0.2365894913673401
-0.249106228351593
-0.2621544301509857
-0.2758944034576416
-0.2904636859893799
-0.3059747815132141
-0.3225123286247253
-0.3401302099227905
-0.3588480949401855
-0.378647655248642
-0.3994691073894501
-0.4212086498737335
-0.4437174797058105
-0.4668028652667999
-0.4902325570583344
-0.5137419104576111
-0.5370439887046814
-0.5598422884941101
-0.5818451046943665
-0.6027809977531433
-0.6224135756492615
-0.6405547857284546
-0.6570760011672974
-0.6719157695770264
-0.6850829720497131
-0.6966579556465149
-0.7067879438400269
-0.7156804800033569
-0.7235934138298035
-0.7308233976364136
-0.7376924157142639
-0.7445345520973206
-0.7516817450523376
-0.7594507336616516
-0.768129825592041
-0.7779675126075745
-0.7891616225242615
-0.8018504977226257
-0.8161056637763977
-0.831926703453064
-0.8492390513420105
-0.8678950071334839
-0.8876772522926331
-0.9083070158958435
-0.9294556975364685
-0.9507590532302856
-0.9718350768089294
-0.9923030734062195
-1.011804461479187
-1.030022025108337
-1.046698808670044
-1.061652898788452
-1.07478940486908
-1.086105704307556
-1.095693945884705
-1.1037358045578
-1.110493421554565
-1.116294860839844
-1.121515393257141
-1.12655770778656
-1.131829261779785
-1.13771915435791
-1.144577860832214
-1.152697086334229
-1.162294268608093
-1.173501014709473
-1.186355710029602
-1.200801730155945
-1.216690182685852
-1.233788728713989
-1.25179386138916
-1.270347952842712
-1.28905975818634
-1.307525992393494
-1.325354933738708
-1.342190027236938
-1.357730507850647
-1.371750593185425
-1.384113311767578
-1.394780158996582
-1.403813481330872
-1.411374568939209
-1.417712569236755
-1.423150181770325
-1.428062200546265
-1.432852745056152
-1.43792724609375
-1.443666696548462
-1.450402617454529
-1.458394169807434
-1.467812538146973
-1.478729367256165
-1.491112589836121
-1.504830002784729
-1.519658803939819
-1.53530216217041
-1.551409602165222
-1.567601799964905
-1.583496689796448
-1.598735213279724
-1.613005757331848
-1.626065254211426
-1.637753963470459
-1.648006558418274
-1.65685510635376
-1.66442608833313
-1.670931100845337
-1.676650166511536
-1.681912422180176
-1.687072515487671
-1.69248378276825
-1.698473930358887
-1.705320596694946
-1.713232040405273
-1.722332119941711
-1.732651472091675
-1.744127154350281
-1.756607532501221
-1.769865036010742
-1.783614635467529
-1.797536015510559
-1.811299443244934
-1.824590802192688
-1.837135791778564
-1.848721385002136
-1.859210729598999
-1.868552923202515
-1.87678599357605
-1.884031534194946
-1.890484213829041
-1.896394729614258
-1.902047872543335
-1.907739996910095
-1.913754224777222
-1.920338273048401
-1.927684187889099
-1.935914993286133
-1.945075392723083
-1.955129861831665
-1.965967655181885
-1.977413535118103
-1.989243984222412
-2.001206874847412
-2.013043642044067
-2.024510383605957
-2.035398006439209
-2.045551061630249
-2.054877519607544
-2.063355445861816
-2.071035146713257
-2.078030824661255
-2.084510564804077
-2.090680122375488
-2.096764087677002
-2.10298490524292
-2.109545469284058
-2.116609334945679
-2.124287605285645
-2.132630825042725
-2.141625642776489
-2.151198148727417
-2.161221504211426
-2.171529531478882
-2.181933164596558
-2.192238330841064
-2.202264070510864
-2.21185827255249
-2.220912456512451
-2.229369163513184
-2.237226963043213
-2.244537830352783
-2.251401424407959
-2.257953405380249
-2.264352321624756
-2.270762920379639
-2.277339696884155
-2.28421425819397
-2.291481494903564
-2.299192428588867
-2.307350635528564
-2.315914154052734
-2.324799537658691
-2.333893299102783
-2.343062877655029
-2.352170944213867
-2.361088752746582
-2.369709968566895
-2.37795877456665
-2.385796785354614
-2.393227100372314
-2.400290489196777
-2.407061576843262
-2.413638114929199
-2.420132637023926
-2.426657915115356
-2.433317184448242
-2.440191745758057
-2.447335481643677
-2.454768657684326
-2.462477684020996
-2.47041654586792
-2.478514671325684
-2.486682653427124
-2.494823932647705
-2.50284481048584
-2.510663509368896
-2.518218994140625
-2.525475263595581
-2.532423496246338
-2.539082288742065
-2.545492649078369
-2.551712036132812
-2.557806015014648
-2.563838720321655
-2.569865703582764
-2.575924873352051
-2.582031488418579
-2.588175058364868
-2.594318389892578
-2.600400447845459
-2.606341123580933
-2.612047910690308
-2.61742115020752
-2.622363805770874
-2.626785516738892
-2.630609035491943
-2.633771657943726
-2.636227130889893
-2.637941837310791
-2.638891935348511
-2.639057874679565
-2.638417482376099
-2.636940479278564
-2.634580850601196
-2.631274938583374
-2.626937866210938
-2.621464252471924
-2.614729166030884
-2.606591463088989
-2.596900701522827
-2.585502862930298
-2.572247505187988
-2.556993722915649
-2.539614677429199
-2.520003080368042
-2.498072862625122
-2.473760604858398
-2.447025060653687
-2.417845726013184
-2.386221170425415
-2.352169513702393
-2.315725564956665
-2.276941776275635
-2.235891580581665
-2.192671775817871
-2.147407531738281
-2.100257635116577
-2.051420211791992
-2.001139879226685
-1.949709296226501
-1.897473812103271
-1.844829916954041
-1.792222261428833
-1.740137577056885
-1.689094543457031
-1.639632105827332
-1.592295289039612
-1.547618746757507
-1.506110668182373
-1.468236446380615
-1.434403777122498
-1.404948711395264
-1.38012421131134
-1.360092401504517
-1.344918012619019
-1.334565162658691
-1.328896522521973
-1.327675580978394
-1.330570220947266
-1.337159037590027
-1.346939206123352
-1.359336495399475
-1.373716711997986
-1.389399409294128
-1.405672669410706
-1.421810388565063
-1.437090277671814
-1.45081353187561
-1.462324500083923
-1.471030712127686
-1.476422429084778
-1.478090047836304
-1.475739359855652
-1.46920382976532
-1.458453178405762
-1.443597435951233
-1.424885630607605
-1.402701020240784
-1.377549529075623
-1.350044250488281
-1.320885896682739
-1.290838837623596
-1.260704159736633
-1.231291890144348
-1.20339024066925
-1.177736163139343
-1.154987215995789
-1.135695099830627
-1.120282530784607
-1.109025835990906
-1.102041125297546
-1.099278211593628
-1.100520133972168
-1.105389714241028
-1.113363862037659
-1.12379252910614
-1.135925650596619
-1.148943185806274
-1.161990165710449
-1.174213528633118
-1.184800028800964
-1.193012595176697
-1.198224902153015
-1.199950695037842
-1.197868585586548
-1.191838264465332
-1.181909680366516
-1.168322443962097
-1.151497006416321
-1.132015109062195
-1.110593318939209
-1.088047742843628
-1.065253973007202
-1.043101787567139
-1.022449135780334
-1.004076719284058
-0.9886461496353149
-0.9766628742218018
-0.9684492945671082
-0.9641258120536804
-0.9636039137840271
-0.966590940952301
-0.9726057648658752
-0.9810061454772949
-0.9910234212875366
-1.001806616783142
-1.01246976852417
-1.022141575813293
-1.030015230178833
-1.035393476486206
-1.037729263305664
-1.036657333374023
-1.032016158103943
-1.023857712745667
-1.012446284294128
-0.9982430934906006
-0.9818803071975708
-0.9641236066818237
-0.9458250999450684
-0.9278712272644043
-0.9111266136169434
-0.8963785767555237
-0.8842856884002686
-0.8753344416618347
-0.8698062896728516
-0.8677586317062378
-0.8690206408500671
-0.8732044696807861
-0.8797318935394287
-0.887873649597168
-0.8967992067337036
-0.9056341052055359
-0.9135196208953857
-0.9196715950965881
-0.9234344363212585
-0.9243255257606506
-0.9220680594444275
-0.9166101217269897
-0.9081273078918457
-0.8970097899436951
-0.8838342428207397
-0.8693225383758545
-0.8542892932891846
-0.8395826816558838
-0.8260226249694824
-0.8143401145935059
-0.8051232695579529
-0.7987738847732544
-0.7954775094985962
-0.7951897978782654
-0.7976410984992981
-0.8023577928543091
-0.8086994290351868
-0.8159087896347046
-0.8231711387634277
-0.8296774625778198
-0.8346876502037048
-0.8375877141952515
-0.8379372358322144
-0.8355035781860352
-0.8302792310714722
-0.8224812150001526
-0.8125332593917847
-0.8010302186012268
-0.7886897325515747
-0.7762926816940308
-0.764618992805481
-0.7543829083442688
-0.7461735606193542
-0.7404063940048218
-0.7372888922691345
-0.7368043065071106
-0.7387144565582275
-0.7425814867019653
-0.7478072047233582
-0.753685474395752
-0.7594642043113708
-0.7644107937812805
-0.7678755521774292
-0.7693473696708679
-0.76849764585495
-0.7652071714401245
-0.7595750689506531
-0.7519080638885498
-0.7426918745040894
-0.7325463891029358
-0.7221683859825134
-0.7122687697410583
-0.7035074830055237
-0.6964336037635803
-0.6914360523223877
-0.6887090802192688
-0.6882361173629761
-0.6897931694984436
-0.69297194480896
-0.6972196102142334
-0.7018923759460449
-0.7063170075416565
-0.7098548412322998
-0.7119616270065308
-0.7122383117675781
-0.710467517375946
-0.7066325545310974
-0.7009167075157166
-0.6936835050582886
-0.6854397058486938
-0.6767845153808594
-0.6683499813079834
-0.6607382893562317
-0.6544633507728577
-0.6498998999595642
-0.6472483277320862
-0.6465162038803101
-0.6475199460983276
-0.649905800819397
-0.6531872153282166
-0.6567962765693665
-0.6601420044898987
-0.6626710891723633
-0.6639238595962524
-0.663580060005188
-0.661490261554718
-0.6576886177062988
-0.652387261390686
-0.6459519863128662
-0.6388618946075439
-0.631658136844635
-0.6248860955238342
-0.6190378665924072
-0.6145009398460388
-0.611518383026123
-0.6101648211479187
-0.6103413701057434
-0.6117885112762451
-0.6141165494918823
-0.6168496608734131
-0.6194789409637451
-0.6215181946754456
-0.6225565671920776
-0.6223024129867554
-0.6206136345863342
-0.6175104975700378
-0.6131715774536133
-0.6079117059707642
-0.6021445393562317
-0.5963356494903564
-0.5909496545791626
-0.5863979458808899
-0.5829936861991882
-0.5809180736541748
-0.5802018642425537
-0.5807247161865234
-0.5822312831878662
-0.5843625068664551
-0.5866989493370056
-0.5888094305992126
-0.5903013348579407
-0.5908649563789368
-0.5903077721595764
-0.5885747075080872
-0.5857519507408142
-0.5820543766021729
-0.5777978897094727
-0.5733603239059448
-0.5691360831260681
-0.5654882788658142
-0.5627066493034363
-0.5609740614891052
-0.5603461861610413
-0.5607472062110901
-0.5619807243347168
-0.5637557506561279
-0.5657228231430054
-0.567517101764679
-0.5688028335571289
-0.569312572479248
-0.5688785314559937
-0.5674504637718201
-0.56509929895401
-0.5620057582855225
-0.5584357976913452
-0.5547055602073669
-0.5511413812637329
-0.5480390191078186
-0.5456272959709167
-0.5440407395362854
-0.5433051586151123
-0.5433359742164612
-0.5439522862434387
-0.5449008345603943
-0.5458905696868896
-0.5466301441192627
-0.5468655824661255
-0.5464116930961609
-0.5451748967170715
-0.5431635975837708
-0.5404855608940125
-0.5373321175575256
-0.5339524149894714
-0.5306206941604614
-0.5276005864143372
-0.5251117944717407
-0.5233030319213867
-0.5222347974777222
-0.5218736529350281
-0.5220995545387268
-0.5227235555648804
-0.5235146880149841
-0.5242313742637634
-0.5246539711952209
-0.5246132016181946
-0.5240112543106079
-0.5228331089019775
-0.5211459994316101
-0.5190884470939636
-0.5168494582176208
-0.5146416425704956
-0.5126710534095764
-0.5111096501350403
-0.5100719928741455
-0.5096007585525513
-0.5096622705459595
-0.5101523995399475
-0.510912299156189
-0.5117513537406921
-0.5124735236167908
-0.5129044055938721
-0.5129148364067078
-0.5124373435974121
-0.5114741921424866
-0.5100952982902527
-0.5084272623062134
-0.5066344141960144
-0.5048954486846924
-0.5033786296844482
-0.5022187829017639
-0.5014995932579041
-0.5012437701225281
-0.5014118552207947
-0.5019094944000244
-0.5026028156280518
-0.5033383965492249
-0.5039654970169067
-0.5043573379516602
-0.5044283866882324
-0.5041446685791016
-0.5035269260406494
-0.5026454329490662
-0.5016077160835266
-0.500541090965271
-0.4995729923248291
-0.498811274766922
-0.4983285665512085
-0.498151570558548
-0.4982578456401825
-0.4985795617103577
-0.4990141987800598
-0.4994401037693024
-0.4997342824935913
-0.4997904598712921
-0.4995341897010803
-0.498932957649231
-0.4979998469352722
-0.4967908561229706
-0.4953954219818115
-0.4939229786396027
-0.4924865067005157
-0.4911863505840302
-0.4900961518287659
-0.4892533123493195
-0.4886553585529327
-0.4882617890834808
-0.4880021214485168
-0.4877877831459045
-0.487526535987854
-0.4871366918087006
-0.4865595102310181
-0.4857674241065979
-0.4847672581672668
-0.4835979640483856
-0.4823237955570221
-0.4810232818126678
-0.4797767996788025
-0.4786540269851685
-0.4777035713195801
-0.476946085691452
-0.4763721525669098
-0.475944995880127
-0.47560715675354
-0.4752906858921051
-0.4749283492565155
-0.4744645655155182
-0.4738641977310181
-0.4731178283691406
-0.4722429513931274
-0.4712806344032288
-0.4702884256839752
-0.4693311452865601
-0.4684702455997467
-0.4677543044090271
-0.4672114551067352
-0.4668450653553009
-0.4666337966918945
-0.4665350914001465
-0.4664919376373291
-0.4664417207241058
-0.4663254618644714
-0.4660965800285339
-0.4657268822193146
-0.4652099311351776
-0.4645604193210602
-0.463810920715332
-0.463005393743515
-0.4621917307376862
-0.4614136517047882
-0.4607042074203491
-0.4600808620452881
-0.4595441222190857
-0.4590783417224884
-0.4586557447910309
-0.4582423269748688
-0.4578042030334473
-0.4573140740394592
-0.4567561745643616
-0.4561288356781006
-0.4554449617862701
-0.4547293782234192
-0.4540145993232727
-0.4533350467681885
-0.4527210295200348
-0.4521935284137726
-0.4517607390880585
-0.4514164924621582
-0.451141357421875
-0.4509056806564331
-0.4506746232509613
-0.4504135549068451
-0.4500932693481445
-0.4496946334838867
-0.449211061000824
-0.4486490488052368
-0.4480264484882355
-0.4473692178726196
-0.4467068016529083
-0.4460673034191132
-0.4454729557037354
-0.4449368119239807
-0.4444612860679626
-0.4440383017063141
-0.4436514675617218
-0.4432792663574219
-0.442899227142334
-0.4424917995929718
-0.4420437216758728
-0.4415499269962311
-0.4410142004489899
-0.4404481053352356
-0.4398685395717621
-0.4392946064472198
-0.4387443065643311
-0.4382314085960388
-0.4377633333206177
-0.4373404085636139
-0.4369558990001678
-0.4365980327129364
-0.4362522959709167
-0.4359042346477509
-0.4355419874191284
-0.4351584911346436
-0.4347524344921112
-0.4343281686306
-0.4338943362236023
-0.4334619343280792
-0.4330419898033142
-0.4326429665088654
-0.4322690665721893
-0.4319189488887787
-0.431585967540741
-0.4312590360641479
-0.4309244751930237
-0.4305684566497803
-0.4301792085170746
-0.4297493398189545
-0.4292769730091095
-0.4287663400173187
-0.4282270967960358
-0.4276729226112366
-0.4271197021007538
-0.4265827834606171
-0.4260751903057098
-0.425605833530426
-0.4251786172389984
-0.4247921109199524
-0.4244406223297119
-0.4241152107715607
-0.4238055348396301
-0.4235015511512756
-0.423194944858551
-0.4228801727294922
-0.4225547909736633
-0.4222192466259003
-0.4218760430812836
-0.4215285181999207
-0.4211799204349518
-0.4208323061466217
-0.4204859137535095
-0.4201391041278839
-0.4197885394096375
-0.4194301962852478
-0.4190601408481598
-0.4186754524707794
-0.4182751476764679
-0.4178605973720551
-0.417435348033905
-0.4170048236846924
-0.4165754020214081
-0.4161534607410431
-0.4157442152500153
-0.415351003408432
-0.4149746298789978
-0.4146134853363037
-0.4142636656761169
-0.4139198064804077
-0.4135759770870209
-0.4132266938686371
-0.4128677546977997
-0.4124967157840729
-0.4121132791042328
-0.411718875169754
-0.4113162457942963
-0.4109086394309998
-0.4104991853237152
-0.4100898802280426
-0.4096811711788177
-0.4092717468738556
-0.4088587760925293
-0.4084381461143494
-0.4080052077770233
-0.4075555503368378
-0.4070855677127838
-0.4065929353237152
-0.4060771465301514
-0.4055391252040863
-0.4049812257289886
-0.4044066667556763
-0.4038188755512238
-0.403221070766449
-0.4026155769824982
-0.4020038545131683
-0.4013862311840057
-0.4007620811462402
-0.4001301229000092
-0.3994888067245483
-0.3988366425037384
-0.3981724381446838
-0.3974955677986145
-0.396806001663208
-0.3961041569709778
-0.3953907787799835
-0.3946665525436401
-0.3939321041107178
-0.3931878209114075
-0.3924340307712555
-0.3916708827018738
-0.3908987045288086
-0.3901182413101196
-0.3893308043479919
-0.3885383903980255
-0.3877438604831696
-0.386950671672821
-0.3861626982688904
-0.3853838741779327
-0.384617805480957
-0.3838675022125244
-0.3831350207328796
-0.3824214935302734
-0.3817268013954163
-0.3810501098632812
-0.3803898096084595
-0.3797439932823181
-0.3791107535362244
-0.3784884512424469
-0.3778757452964783
-0.377271831035614
-0.3766762316226959
-0.3760885000228882
-0.3755082190036774
-0.3749346435070038
-0.3743664622306824
-0.373801589012146
-0.373237133026123
-0.372669517993927
-0.3720944225788116
-0.3715070188045502
-0.3709021806716919
-0.370274692773819
-0.3696192800998688
-0.3689308762550354
-0.3682045638561249
-0.3674357235431671
-0.3666198551654816
-0.3657527267932892
-0.3648304343223572
-0.3638491928577423
-0.3628056347370148
-0.3616968989372253
-0.3605208098888397
-0.3592758178710938
-0.3579612672328949
-0.3565775156021118
-0.3551257848739624
-0.3536083698272705
-0.3520285487174988
-0.3503905534744263
-0.3486994206905365
-0.3469611704349518
-0.3451826274394989
-0.3433713316917419
-0.3415358066558838
-0.3396852612495422
-0.3378297388553619
-0.3359800577163696
-0.3341474831104279
-0.3323438167572021
-0.3305809497833252
-0.3288707733154297
-0.3272248804569244
-0.3256541192531586
-0.3241684436798096
-0.3227767050266266
-0.3214863836765289
-0.3203034102916718
-0.3192321360111237
-0.3182750940322876
-0.3174330592155457
-0.3167049586772919
-0.3160877823829651
-0.3155767321586609
-0.3151650726795197
-0.3148441314697266
-0.3146034181118011
-0.3144307136535645
-0.3143123090267181
-0.3142332136631012
-0.3141773343086243
-0.3141281306743622
-0.3140689134597778
-0.3139832317829132
-0.3138554096221924
-0.3136709332466125
-0.3134168684482574
-0.3130823373794556
-0.3126587271690369
-0.3121398687362671
-0.3115223944187164
-0.3108057379722595
-0.3099919557571411
-0.3090859949588776
-0.3080953061580658
-0.3070297241210938
-0.3059012293815613
-0.3047235310077667
-0.3035116195678711
-0.3022816181182861
-0.3010499477386475
-0.2998331189155579
-0.2986471056938171
-0.2975069284439087
-0.2964261174201965
-0.2954164147377014
-0.294487327337265
-0.2936459481716156
-0.2928966283798218
-0.2922409474849701
-0.2916775941848755
-0.2912023961544037
-0.2908084690570831
-0.2904863059520721
-0.2902242541313171
-0.2900087535381317
-0.2898247838020325
-0.2896564602851868
-0.2894874215126038
-0.2893016338348389
-0.2890837788581848
-0.2888199687004089
-0.2884981632232666
-0.2881088554859161
-0.2876451909542084
-0.2871034443378448
-0.2864829897880554
-0.285786509513855
-0.2850197553634644
-0.2841913104057312
-0.2833122611045837
-0.2823958098888397
-0.2814566195011139
-0.2805102169513702
-0.2795723378658295
-0.2786583006381989
-0.2777823209762573
-0.2769569456577301
-0.2761925458908081
-0.275496780872345
-0.2748742699623108
-0.274326503276825
-0.2738517224788666
-0.2734449803829193
-0.2730984389781952
-0.2728017568588257
-0.2725426256656647
-0.272307276725769
-0.2720811665058136
-0.2718498110771179
-0.2715993523597717
-0.271317183971405
-0.270992785692215
-0.2706180512905121
-0.2701878547668457
-0.2697001397609711
-0.2691559791564941
-0.2685596644878387
-0.2679184079170227
-0.2672420144081116
-0.2665423154830933
-0.2658326327800751
-0.2651270627975464
-0.264439731836319
-0.2637841403484344
-0.2631725966930389
-0.2626153230667114
-0.2621200978755951
-0.2616919279098511
-0.2613328099250793
-0.2610416412353516
-0.2608144879341125
-0.2606445550918579
-0.2605229616165161
-0.2604391574859619
-0.2603816986083984
-0.2603387236595154
-0.2602987587451935
-0.2602516114711761
-0.2601887583732605
-0.2601039111614227
-0.2599935233592987
-0.2598569095134735
-0.2596963047981262
-0.2595168352127075
-0.2593260705471039
-0.2591337859630585
-0.2589511275291443
-0.2587901651859283
-0.2586630880832672
-0.2585815489292145
-0.2585559487342834
-0.2585946917533875
-0.2587040066719055
-0.2588872313499451
-0.2591449320316315
-0.2594746649265289
-0.259871244430542
-0.2603271305561066
-0.2608327567577362
-0.261377215385437
-0.2619488537311554
-0.2625359892845154
-0.263127475976944
-0.2637134492397308
-0.2642855942249298
-0.264837771654129
-0.2653660774230957
-0.2658689022064209
-0.2663468718528748
-0.2668024897575378
-0.2672398686408997
-0.2676640748977661
-0.2680807113647461
-0.268495112657547
-0.2689119279384613
-0.2693345844745636
-0.2697647511959076
-0.2702022194862366
-0.2706446349620819
-0.2710875570774078
-0.2715246677398682
-0.2719480991363525
-0.2723488211631775
-0.2727172374725342
-0.2730438411235809
-0.2733198404312134
-0.2735375165939331
-0.2736910581588745
-0.2737767398357391
-0.2737933099269867
-0.2737420499324799
-0.2736267745494843
-0.273453563451767
-0.2732304036617279
-0.2729668319225311
-0.2726733684539795
-0.2723610103130341
-0.2720405161380768
-0.2717219591140747
-0.2714142203330994
-0.2711246907711029
-0.2708590924739838
-0.27062126994133
-0.2704132795333862
-0.270235538482666
-0.2700871527194977
-0.2699662744998932
-0.2698703110218048
-0.2697964906692505
-0.2697422206401825
-0.2697052657604218
-0.2696841061115265
-0.2696779370307922
-0.2696866989135742
-0.2697111368179321
-0.2697523534297943
-0.2698117792606354
-0.2698906660079956
-0.2699898183345795
-0.2701092958450317
-0.270248144865036
-0.2704043090343475
-0.2705742716789246
-0.2707532048225403
-0.2709353268146515
-0.2711136937141418
-0.271280974149704
-0.2714294791221619
-0.2715519070625305
-0.2716415524482727
-0.2716929018497467
-0.2717019617557526
-0.2716664373874664
-0.271586000919342
-0.2714622914791107
-0.2712988555431366
-0.2711009979248047
-0.2708753347396851
-0.2706295847892761
-0.2703720033168793
-0.2701110541820526
-0.2698549032211304
-0.2696110308170319
-0.2693859338760376
-0.2691847383975983
-0.2690111994743347
-0.2688676118850708
-0.2687546908855438
-0.268671989440918
-0.2686178386211395
-0.2685896754264832
-0.268584281206131
-0.2685979902744293
-0.2686269879341125
-0.2686675190925598
-0.2687159776687622
-0.2687689363956451
-0.2688233554363251
-0.2688764333724976
-0.2689256966114044
-0.2689688503742218
-0.269003838300705
-0.2690286040306091
-0.2690412998199463
-0.2690401375293732
-0.2690235376358032
-0.2689901888370514
-0.2689391076564789
-0.2688698172569275
-0.2687824666500092
-0.2686778903007507
-0.2685576975345612
-0.2684243321418762
-0.2682811319828033
-0.2681320309638977
-0.2679816782474518
-0.2678351402282715
-0.2676975429058075
-0.2675740122795105
-0.2674692869186401
-0.2673873901367188
-0.2673315107822418
-0.2673037648200989
-0.2673051655292511
-0.2673354148864746
-0.2673929631710052
-0.2674752771854401
-0.2675787508487701
-0.267699271440506
-0.2678321599960327
-0.2679726481437683
-0.2681161761283875
-0.2682584524154663
-0.2683960199356079
-0.2685261070728302
-0.2686469256877899
-0.2687577605247498
-0.2688588500022888
-0.2689513862133026
-0.2690372467041016
-0.269118994474411
-0.2691996395587921
-0.2692824602127075
-0.2693707644939423
-0.2694678008556366
-0.2695764899253845
-0.2696993350982666
-0.26983842253685
-0.2699952125549316
-0.270170658826828
-0.2703649997711182
-0.2705779671669006
-0.2708088159561157
-0.2710562348365784
-0.2713184356689453
-0.2715932726860046
-0.2718783617019653
-0.2721709012985229
-0.2724679708480835
-0.2727665603160858
-0.273063600063324
-0.2733561396598816
-0.2736412584781647
-0.2739163339138031
-0.2741790413856506
-0.2744274437427521
-0.2746600806713104
-0.2748759984970093
-0.2750747501850128
-0.2752563059329987
-0.2754213213920593
-0.2755707204341888
-0.2757057547569275
-0.2758279144763947
-0.2759387493133545
-0.2760399580001831
-0.2761328518390656
-0.2762186825275421
-0.2762982845306396
-0.2763720750808716
-0.2764401733875275
-0.2765021622180939
-0.2765573859214783
-0.276604950428009
-0.276643693447113
-0.2766725420951843
-0.2766905128955841
-0.2766967713832855
-0.2766909599304199
-0.2766731083393097
-0.2766435742378235
-0.2766033411026001
-0.2765538990497589
-0.276497095823288
-0.2764352858066559
-0.276371031999588
-0.276307076215744
-0.276246190071106
-0.2761910259723663
-0.2761440575122833
-0.276107519865036
-0.2760830819606781
-0.2760719954967499
-0.2760750949382782
-0.2760926187038422
-0.2761244773864746
-0.2761699259281158
-0.2762279212474823
-0.2762970328330994
-0.2763755917549133
-0.2764618396759033
-0.2765538990497589
-0.2766498625278473
-0.2767478227615356
-0.2768459916114807
-0.2769428193569183
-0.2770368456840515
-0.2771269083023071
-0.2772119343280792
-0.2772911787033081
-0.2773639857769012
-0.27742999792099
-0.2774889171123505
-0.2775406539440155
-0.2775852084159851
-0.2776226401329041
-0.2776530086994171
-0.2776764929294586
-0.2776931822299957
-0.2777031660079956
-0.2777065634727478
-0.2777035236358643
-0.2776941359043121
-0.2776786088943481
-0.2776572406291962
-0.277630478143692
-0.2775987088680267
-0.2775625884532928
-0.2775229215621948
-0.2774806320667267
-0.2774368822574615
-0.2773928046226501
-0.2773497700691223
-0.2773090600967407
-0.2772720754146576
-0.2772400677204132
-0.2772140800952911
-0.2771950960159302
-0.2771837413311005
-0.2771804630756378
-0.277185320854187
-0.2771980762481689
-0.2772181928157806
-0.2772447764873505
-0.2772768139839172
-0.2773129642009735
-0.2773518264293671
-0.2773919701576233
-0.2774318754673004
-0.2774701714515686
-0.2775056064128876
-0.2775371074676514
-0.2775637805461884
-0.2775850296020508
-0.2776005566120148
-0.2776102423667908
-0.2776142954826355
-0.2776130139827728
-0.2776070237159729
-0.2775968909263611
-0.2775834798812866
-0.277567595243454
-0.2775500416755676
-0.277531623840332
-0.2775131165981293
-0.2774951756000519
-0.2774783968925476
-0.2774632275104523
-0.2774500548839569
-0.2774391174316406
-0.2774306237697601
-0.277424693107605
-0.2774213850498199
-0.2774205207824707
-0.2774219810962677
-0.2774256467819214
-0.2774312496185303
-0.2774385511875153
-0.2774471640586853
-0.2774567902088165
-0.2774670124053955
-0.2774773240089417
-0.2774873375892639
-0.2774965167045593
-0.2775043547153473
-0.2775104641914368
-0.2775143682956696
-0.2775156199932098
-0.2775139510631561
-0.2775090336799622
-0.277500718832016
-0.2774889767169952
-0.2774738371372223
-0.2774553894996643
-0.2774339616298676
-0.2774099707603455
-0.2773838341236115
-0.2773560881614685
-0.2773272693157196
-0.2772979736328125
-0.2772687077522278
-0.2772400379180908
-0.2772122621536255
-0.2771857082843781
-0.2771604359149933
-0.2771364450454712
-0.2771135270595551
-0.2770913243293762
-0.2770692408084869
-0.2770466804504395
-0.2770227193832397
-0.2769965529441833
-0.2769671380519867
-0.276933491230011
-0.2768945097923279
-0.2768492698669434
-0.2767966687679291
-0.2767358124256134
-0.2766658961772919
-0.2765861749649048
-0.276496022939682
-0.2763948440551758
-0.2762821912765503
-0.2761576175689697
-0.2760207056999207
-0.275871068239212
-0.2757083773612976
-0.2755322754383087
-0.2753423154354095
-0.2751380205154419
-0.2749188244342804
-0.2746841311454773
-0.2744330763816833
-0.2741648852825165
-0.2738786041736603
-0.2735732197761536
-0.273247629404068
-0.2729005813598633
-0.2725309133529663
-0.2721373438835144
-0.2717186212539673
-0.2712734937667847
-0.2708007395267487
-0.2702993452548981
-0.2697683274745941
-0.2692068219184875
-0.2686142027378082
-0.2679899632930756
-0.267333984375
-0.2666462957859039
-0.2659271657466888
-0.2651772201061249
-0.2643973827362061
-0.2635888755321503
-0.2627531290054321
-0.2618919610977173
-0.2610075175762177
-0.2601020336151123
-0.2591781318187714
-0.2582386136054993
-0.2572864890098572
-0.2563248574733734
-0.2553571164608002
-0.2543866336345673
-0.2534169852733612
-0.2524517178535461
-0.2514944970607758
-0.2505489885807037
-0.2496188580989838
-0.2487076818943024
-0.2478190660476685
-0.2469565272331238
-0.2461234927177429
-0.2453231811523438
-0.2445587515830994
-0.2438331246376038
-0.2431489229202271
-0.2425085753202438
-0.2419140934944153
-0.2413671910762787
-0.2408690601587296
-0.2404204308986664
-0.2400215864181519
-0.2396722733974457
-0.2393715530633926
-0.2391179949045181
-0.2389094978570938
-0.2387433797121048
-0.2386163324117661
-0.2385245263576508
-0.2384635955095291
-0.2384286969900131
-0.2384145706892014
-0.2384156733751297
-0.2384262382984161
-0.2384403496980667
-0.2384520769119263
-0.2384555786848068
-0.2384452074766159
-0.2384156137704849
-0.2383618354797363
-0.238279402256012
-0.2381644546985626
-0.2380138337612152
-0.2378250807523727
-0.2375965416431427
-0.2373273223638535
-0.2370174080133438
-0.2366676330566406
-0.236279621720314
-0.2358558624982834
-0.235399529337883
-0.2349144816398621
-0.2344052046537399
-0.2338766604661942
-0.2333342432975769
-0.2327836155891418
-0.2322305738925934
-0.2316810488700867
-0.2311408072710037
-0.2306154519319534
-0.2301101833581924
-0.2296298444271088
-0.2291785627603531
-0.2287598997354507
-0.2283766120672226
-0.228030651807785
-0.2277231067419052
-0.2274541407823563
-0.2272230237722397
-0.2270280718803406
-0.2268667817115784
-0.2267358154058456
-0.2266311198472977
-0.2265479862689972
-0.2264812290668488
-0.2264252752065659
-0.2263743579387665
-0.2263226062059402
-0.2262643128633499
-0.226193979382515
-0.2261065691709518
-0.2259976118803024
-0.2258633375167847
-0.2257007956504822
-0.225507989525795
-0.2252838313579559
-0.2250282764434814
-0.2247422784566879
-0.2244277745485306
-0.2240876406431198
-0.2237255126237869
-0.2233457565307617
-0.2229532897472382
-0.2225534170866013
-0.2221516668796539
-0.2217535972595215
-0.2213645577430725
-0.2209896594285965
-0.2206334173679352
-0.2202997505664825
-0.2199917733669281
-0.2197117507457733
-0.2194610238075256
-0.2192398756742477
-0.2190476953983307
-0.2188828736543655
-0.2187429517507553
-0.2186246812343597
-0.2185241729021072
-0.2184370458126068
-0.21835857629776
-0.2182838618755341
-0.218208059668541
-0.2181264907121658
-0.2180348634719849
-0.217929407954216
-0.2178070247173309
-0.217665359377861
-0.2175029218196869
-0.2173191010951996
-0.2171141803264618
-0.2168893218040466
-0.2166464924812317
-0.2163883894681931
-0.2161183059215546
-0.2158399969339371
-0.2155575752258301
-0.2152752876281738
-0.2149973213672638
-0.2147276401519775
-0.2144699096679688
-0.2142271846532822
-0.2140019536018372
-0.213795930147171
-0.2136100381612778
-0.2134443819522858
-0.2132982164621353
-0.2131700217723846
-0.2130575180053711
-0.212957888841629
-0.2128677815198898
-0.2127835303544998
-0.2127013057470322
-0.2126172482967377
-0.2125276923179626
-0.2124292254447937
-0.2123189717531204
-0.2121945768594742
-0.2120544463396072
-0.2118976563215256
-0.2117240279912949
-0.2115341424942017
-0.2113293260335922
-0.2111114710569382
-0.2108830362558365
-0.2106468677520752
-0.2104060500860214
-0.2101637870073318
-0.209923267364502
-0.2096874266862869
-0.2094589322805405
-0.2092400193214417
-0.2090322971343994
-0.2088369131088257
-0.2086542993783951
-0.2084843069314957
-0.2083262205123901
-0.208178773522377
-0.2080402076244354
-0.2079084813594818
-0.2077813446521759
-0.2076563984155655
-0.2075313329696655
-0.2074039876461029
-0.2072724550962448
-0.2071352005004883
-0.206991121172905
-0.2068395912647247
-0.2066804617643356
-0.2065141201019287
-0.2063413709402084
-0.2061634063720703
-0.2059817612171173
-0.2057981491088867
-0.2056143879890442
-0.2054323256015778
-0.2052536606788635
-0.2050799131393433
-0.2049123048782349
-0.2047517150640488
-0.2045986205339432
-0.2044530659914017
-0.204314723610878
-0.2041828185319901
-0.2040562480688095
-0.2039336264133453
-0.2038134038448334
-0.2036938518285751
-0.2035733014345169
-0.2034501582384109
-0.2033229917287827
-0.2031906694173813
-0.2030523270368576
-0.2029074877500534
-0.2027560621500015
-0.2025983333587646
-0.2024349272251129
-0.2022667974233627
-0.202095165848732
-0.2019213736057281
-0.2017468810081482
-0.2015731930732727
-0.2014017552137375
-0.2012337893247604
-0.2010702937841415
-0.2009120434522629
-0.2007594406604767
-0.2006125599145889
-0.2004711776971817
-0.2003347128629684
-0.2002023160457611
-0.2000729590654373
-0.1999454349279404
-0.19981849193573
-0.1996908485889435
-0.1995613276958466
-0.1994288712739944
-0.1992926299571991
-0.1991520673036575
-0.1990068256855011
-0.198856920003891
-0.1987026035785675
-0.1985443979501724
-0.198383092880249
-0.1982195973396301
-0.1980550438165665
-0.1978904753923416
-0.1977270245552063
-0.1975657194852829
-0.1974074691534042
-0.1972529888153076
-0.1971027851104736
-0.196957141160965
-0.1968161165714264
-0.19667948782444
-0.1965468376874924
-0.1964175701141357
-0.1962909549474716
-0.1961661577224731
-0.1960423290729523
-0.1959186047315598
-0.1957941353321075
-0.1956682503223419
-0.1955403089523315
-0.1954098492860794
-0.1952766329050064
-0.1951405107975006
-0.1950015872716904
-0.19486004114151
-0.194716215133667
-0.1945705264806747
-0.1944234520196915
-0.1942755579948425
-0.1941273212432861
-0.1939792186021805
-0.1938316822052002
-0.1936850696802139
-0.1935396790504456
-0.1933956742286682
-0.1932531446218491
-0.1931120753288269
-0.1929723620414734
-0.1928338706493378
-0.1926964223384857
-0.1925598084926605
-0.1924238055944443
-0.1922882050275803
-0.1921528428792953
-0.192017525434494
-0.1918821930885315
-0.1917467415332794
-0.1916111558675766
-0.1914754509925842
-0.1913396269083023
-0.1912038177251816
-0.1910680681467056
-0.1909324824810028
-0.1907971352338791
-0.1906621009111404
-0.1905274838209152
-0.1903932839632034
-0.1902595460414886
-0.1901262253522873
-0.1899933367967606
-0.1898608356714249
-0.1897286623716354
-0.1895967721939087
-0.189465120434761
-0.1893336176872253
-0.189202219247818
-0.1890708655118942
-0.1889395266771317
-0.1888082027435303
-0.1886768639087677
-0.1885455399751663
-0.1884142309427261
-0.1882829666137695
-0.1881517767906189
-0.1880207061767578
-0.1878898441791534
-0.1877592206001282
-0.1876288950443268
-0.1874989569187164
-0.1873694211244583
-0.1872403472661972
-0.1871117800474167
-0.1869837939739227
-0.1868563890457153
-0.1867295801639557
-0.1866033971309662
-0.1864777952432632
-0.1863527595996857
-0.1862282454967499
-0.1861041933298111
-0.1859805583953857
-0.1858572214841843
-0.1857340633869171
-0.1856109946966171
-0.1854878664016724
-0.1853645741939545
-0.1852409988641739
-0.1851170510053635
-0.184992641210556
-0.1848677396774292
-0.1847423166036606
-0.1846164166927338
-0.1844901144504547
-0.1843635141849518
-0.1842367351055145
-0.1841099113225937
-0.1839832365512848
-0.1838568449020386
-0.1837309300899506
-0.1836056262254715
-0.1834810972213745
-0.1833574026823044
-0.1832346320152283
-0.1831127852201462
-0.1829918175935745
-0.1828716695308685
-0.1827522218227386
-0.1826333403587341
-0.1825148463249207
-0.1823965162038803
-0.1822782009840012
-0.1821597516536713
-0.1820410490036011
-0.1819220036268234
-0.1818025410175323
-0.1816826313734055
-0.1815623342990875
-0.1814417243003845
-0.1813208609819412
-0.1811999082565308
-0.1810790151357651
-0.1809583008289337
-0.180837944149971
-0.1807180643081665
-0.1805987805128098
-0.1804801523685455
-0.1803622543811798
-0.1802450269460678
-0.1801284402608871
-0.180012434720993
-0.1798969060182571
-0.1797817200422287
-0.1796667724847794
-0.1795519143342972
-0.1794370412826538
-0.1793220490217209
-0.1792068779468536
-0.1790914833545685
-0.1789758503437042
-0.1788599789142609
-0.1787439286708832
-0.1786277443170547
-0.1785115152597427
-0.1783953458070755
-0.1782793253660202
-0.1781635284423828
-0.1780480295419693
-0.1779328584671021
-0.1778180748224258
-0.1777036786079407
-0.1775896549224854
-0.1774759739637375
-0.1773625910282135
-0.177249476313591
-0.1771365851163864
-0.1770238727331161
-0.1769112944602966
-0.1767988204956055
-0.1766864657402039
-0.176574170589447
-0.1764620095491409
-0.1763499677181244
-0.1762380599975586
-0.1761263012886047
-0.1760146915912628
-0.175903245806694
-0.1757919490337372
-0.1756808161735535
-0.1755698174238205
-0.1754589229822159
-0.1753480732440948
-0.175237238407135
-0.1751263588666916
-0.1750154346227646
-0.174904391169548
-0.1747932434082031
-0.1746819615364075
-0.1745705455541611
-0.1744590252637863
-0.1743474155664444
-0.1742357313632965
-0.1741239875555038
-0.1740122139453888
-0.1739004254341125
-0.1737886071205139
-0.1736767441034317
-0.1735648065805435
-0.1734527498483658
-0.1733405292034149
-0.1732280254364014
-0.1731151938438416
-0.1730019152164459
-0.1728881448507309
-0.1727737933397293
-0.1726587861776352
-0.172543078660965
-0.1724266111850739
-0.1723093539476395
-0.1721913367509842
-0.1720725446939468
-0.1719529926776886
-0.1718326807022095
-0.1717116236686707
-0.1715898364782333
-0.1714673638343811
-0.1713441610336304
-0.1712202727794647
-0.1710956394672394
-0.170970231294632
-0.1708440333604813
-0.1707170307636261
-0.1705891937017441
-0.1704605221748352
-0.1703310161828995
-0.1702007353305817
-0.1700697094202042
-0.1699380278587341
-0.1698057949542999
-0.1696731001138687
-0.1695400774478912
-0.169406920671463
-0.1692738234996796
-0.1691409349441528
-0.1690084636211395
-0.1688766032457352
-0.1687455028295517
-0.1686153709888458
-0.1684863716363907
-0.1683586835861206
-0.1682324707508087
-0.168107882142067
-0.1679850220680237
-0.167864054441452
-0.1677450835704803
-0.1676282286643982
-0.1675136089324951
-0.1674013137817383
-0.1672914326190948
-0.1671840697526932
-0.1670792549848557
-0.1669770181179047
-0.166877344250679
-0.1667801886796951
-0.166685476899147
-0.1665931195020676
-0.1665029525756836
-0.1664148271083832
-0.1663285344839096
-0.166243851184845
-0.1661604940891266
-0.166078194975853
-0.1659966558218002
-0.1659155488014221
-0.1658346354961395
-0.1657536029815674
-0.165672168135643
-0.1655900329351425
-0.1655069440603256
-0.1654226928949356
-0.1653370559215546
-0.1652498692274094
-0.1651609987020493
-0.1650703549385071
-0.1649778634309769
-0.1648834943771362
-0.1647873073816299
-0.1646893471479416
-0.1645897626876831
-0.1644886881113052
-0.1643863618373871
-0.1642830222845078
-0.1641789078712463
-0.1640743762254715
-0.1639697253704071
-0.1638653129339218
-0.1637614667415619
-0.1636584848165512
-0.1635566502809525
-0.1634562611579895
-0.1633575707674026
-0.163260743021965
-0.1631659418344498
-0.163073256611824
-0.1629826873540878
-0.1628941744565964
-0.1628076881170273
-0.162723034620285
-0.1626399904489517
-0.1625583320856094
-0.1624777466058731
-0.1623978763818741
-0.1623183786869049
-0.1622388809919357
-0.1621589958667755
-0.1620783507823944
-0.161996603012085
-0.1619134247303009
-0.1618285626173019
-0.161741778254509
-0.1616529077291489
-0.1615618765354156
-0.1614686250686646
-0.1613732129335403
-0.161275789141655
-0.1611765623092651
-0.1610758304595947
-0.16097392141819
-0.160871222615242
-0.1607681512832642
-0.1606651395559311
-0.1605626344680786
-0.1604610532522202
-0.1603607982397079
-0.1602622717618942
-0.1601657569408417
-0.1600715219974518
-0.1599796861410141
-0.1598903685808182
-0.1598035544157028
-0.1597191542387009
-0.1596370041370392
-0.1595568656921387
-0.1594784110784531
-0.1594012677669525
-0.1593250185251236
-0.1592492312192917
-0.1591734737157822
-0.1590972989797592
-0.1590203195810318
-0.1589421331882477
-0.1588624268770218
-0.1587809920310974
-0.1586976796388626
-0.1586124002933502
-0.1585251688957214
-0.1584360748529434
-0.1583453267812729
-0.1582531481981277
-0.1581598818302155
-0.1580658853054047
-0.1579715460538864
-0.1578772217035294
-0.1577833294868469
-0.1576902121305466
-0.1575981825590134
-0.1575074642896652
-0.1574182510375977
-0.157330647110939
-0.1572446674108505
-0.1571602523326874
-0.1570772230625153
-0.1569953709840775
-0.1569143980741501
-0.1568339765071869
-0.156753733754158
-0.1566732823848724
-0.1565922647714615
-0.1565103381872177
-0.1564272195100784
-0.1563426703214645
-0.1562565416097641
-0.1561687141656876
-0.1560792326927185
-0.1559881716966629
-0.1558956801891327
-0.1558020114898682
-0.1557074636220932
-0.1556123942136765
-0.1555171608924866
-0.1554220914840698
-0.1553275585174561
-0.1552338302135468
-0.1551411747932434
-0.1550497859716415
-0.1549597531557083
-0.1548711061477661
-0.1547838002443314
-0.1546977013349533
-0.1546125710010529
-0.1545281857252121
-0.1544442027807236
-0.1543603092432022
-0.1542761325836182
-0.1541913449764252
-0.1541056483983994
-0.1540188193321228
-0.1539306342601776
-0.1538409888744354
-0.1537498533725739
-0.1536572277545929
-0.1535632610321045
-0.1534681618213654
-0.1533721387386322
-0.1532754749059677
-0.1531785130500793
-0.1530815809965134
-0.1529849767684937
-0.1528889983892441
-0.1527938991785049
-0.1526998728513718
-0.1526070237159729
-0.1525154113769531
-0.1524250209331512
-0.1523357480764389
-0.1522474437952042
-0.1521599441766739
-0.1520729959011078
-0.1519863456487656
-0.1518997550010681
-0.1518130153417587
-0.1517259627580643
-0.1516384184360504
-0.1515503078699112
-0.1514616310596466
-0.1513723880052567
-0.1512826830148697
-0.1511926203966141
-0.1511024087667465
-0.1510122418403625
-0.1509223133325577
-0.150832861661911
-0.1507440358400345
-0.1506560146808624
-0.1505688726902008
-0.150482714176178
-0.1503975093364716
-0.1503131836652756
-0.1502296626567841
-0.1501467674970627
-0.1500643342733383
-0.1499821692705154
-0.149900034070015
-0.1498177349567413
-0.1497350931167603
-0.1496519446372986
-0.149568185210228
-0.1494837254285812
-0.1493985801935196
-0.1493127644062042
-0.1492263376712799
-0.1491394639015198
-0.1490522772073746
-0.148964911699295
-0.1488775759935379
-0.1487904191017151
-0.1487035751342773
-0.1486171633005142
-0.1485312432050705
-0.1484458595514297
-0.1483609974384308
-0.14827661216259
-0.1481926292181015
-0.1481089442968369
-0.1480254381895065
-0.1479419618844986
-0.1478583812713623
-0.1477745771408081
-0.1476904153823853
-0.1476058661937714
-0.147520899772644
-0.1474355608224869
-0.1473498791456223
-0.1472639292478561
-0.1471778005361557
-0.1470916420221329
-0.1470055431127548
-0.1469196528196335
-0.1468340903520584
-0.146748960018158
-0.1466643065214157
-0.1465801596641541
-0.1464965492486954
-0.1464134156703949
-0.1463307291269302
-0.1462484151124954
-0.1461663693189621
-0.1460845023393631
-0.1460027396678925
-0.145920991897583
-0.1458391845226288
-0.1457572281360626
-0.1456751376390457
-0.1455928981304169
-0.1455105096101761
-0.1454280316829681
-0.1453454941511154
-0.1452629864215851
-0.1451805680990219
-0.1450982838869095
-0.1450161784887314
-0.1449343264102936
-0.1448527276515961
-0.1447713524103165
-0.1446901857852936
-0.1446092128753662
-0.1445283740758896
-0.1444476097822189
-0.1443668156862259
-0.1442859321832657
-0.1442049294710159
-0.1441237479448318
-0.1440423727035522
-0.1439608037471771
-0.1438790261745453
-0.1437971144914627
-0.143715038895607
-0.1436329185962677
-0.1435507833957672
-0.1434687077999115
-0.1433867663145065
-0.1433050036430359
-0.143223449587822
-0.1431421935558319
-0.1430612206459045
-0.1429805308580399
-0.1429001241922379
-0.1428199708461761
-0.1427400261163712
-0.1426602751016617
-0.1425806432962418
-0.1425011157989502
-0.1424216479063034
-0.142342209815979
-0.1422627717256546
-0.1421833485364914
-0.1421039253473282
-0.1420244872570038
-0.1419450789690018
-0.1418657004833221
-0.1417863965034485
-0.1417071670293808
-0.1416280120611191
-0.1415489763021469
-0.1414700448513031
-0.1413912177085876
-0.1413124799728394
-0.1412338316440582
-0.1411552578210831
-0.1410766988992691
-0.1409981250762939
-0.1409195512533188
-0.14084093272686
-0.1407622843980789
-0.1406835913658142
-0.1406048685312271
-0.1405261307954788
-0.1404474228620529
-0.140368714928627
-0.1402900964021683
-0.1402115374803543
-0.1401330977678299
-0.1400548070669174
-0.1399766802787781
-0.1398987174034119
-0.1398209035396576
-0.1397432386875153
-0.1396657526493073
-0.13958840072155
-0.1395111531019211
-0.1394340246915817
-0.1393569707870483
-0.1392799913883209
-0.1392030715942383
-0.1391262114048004
-0.1390494108200073
-0.1389726549386978
-0.1388959884643555
-0.1388193815946579
-0.1387428492307663
-0.1386664360761642
-0.1385900974273682
-0.1385138630867004
-0.1384377032518387
-0.1383616477251053
-0.1382857114076614
-0.1382098942995071
-0.13813416659832
-0.1380585432052612
-0.137983039021492
-0.1379076242446899
-0.137832298874855
-0.1377570778131485
-0.1376819461584091
-0.1376069188117981
-0.137532040476799
-0.1374572962522507
-0.1373827010393143
-0.137308269739151
-0.1372340619564056
-0.1371600478887558
-0.1370862871408463
-0.1370127648115158
-0.136939525604248
-0.136866569519043
-0.1367939114570618
-0.1367215812206268
-0.1366495490074158
-0.1365777999162674
-0.1365063637495041
-0.1364352256059647
