0
0
0
0
0
0
0
0
0
0
0
0
0
0
0
0
0
0
0
0
0
0
0
0
0
0
0
0
0
0
0
0
0
0
0
0
0
0
0
0
0
0
0
0
0
0
0
0
0
0
0
0
0
0
0
0
0
0
0
0
0
0
0
0
0
0
0
0
0
0
0
0
0
0
0
0
0
0
0
0
0
0
0
0
0
0
0
0
0
0
0
0
0
0
0
0
0
0
0
0
0
0
0
0
0
0
0
0
0
0
0
0
0
0
0
0
0
0
0
0
0
0
0
0
0
0
0
0
0
0
0
0
0
0
0
0
0
0
0
0
0
0
0
0
0
0
0
0
0
0
0
0
0
0
0
0
0
0
0
0
0
0
0
0
0
0
0
0
0
0
0
0
0
0
0
0
0
0
0
0
0
0
0
0
0
0
0
0
0
0
0
0
0
0
0
0
0
0
0
0
0
0
0
0
0
0
0
0
0
0
0
0
0
0
0
0
0
0
0
0
0
0
0
0
0
0
0
0
0
0
0
0
0
0
0
0
0
0
0
0
0
0
0
0
0
0
0
0
0
0
0
0
0
0
0
0
0
0
0
0
0
0
0
0
0
0
0
0
0
0
0
0
0
0
0
0
0
0
0
0
0
0
0
0
0
0
0
0
0
0
0
0
0
0
0
0
0
0
0
0
0
0
0
0
0
0
0
0
0
0
0
0
0
0
0
0
0
0
0
0
0
0
0
0
0
0
0
0
0
0
0
0
0
0
0
0
0
0
0
0
0
0
0
0
0
0
0
0
0
0
0
0
0
0
0
0
0
0
0
0
0
0
0
0
0
0
0
0
0
0
0
0
0
0
0
0
0
0
0
0
0
0
0
0
0
0
0
0
0
0
0
0
0
0
0
0
0
0
0
0
0
0
0
0
0
0
0
0
0
0
0
0
0
0
0
0
0
0
0
0
0
0
0
0
0
0
0
0
0
0
0
0
0
0
0
0
0
0
0
0
0
0
0
0
0
0
0
0
0
0
0
0
0
0
0
0
0
0
0
0
0
0
0
0
0
0
0
0
0
0
0
0
0
0
0
0
0
0
0
0
0
0
0
0
0
0
0
0
0
0
0
0
0
0
0
0
0
0
0
0
0
0
0
0
0
0
0
0
0
0
0
0
0
0
0
0
0
0
0
0
0
0
0
0
0
0
0
0
0
0
0
0
0
0
0
0
0
0
0
0
0
0
0
0
0
0
0
0
0
0
0
0
0
0
0
0
0
0
0
0
0
0
0
0
0
0
0
0
0
0
0
0
0
0
0
0
0
0
0
0
0
0
0
0
0
0
0
0
0
0
0
0
0
0
0
0
0
0
0
0
0
0
0
0
0
0
0
0
0
0
0
0
0
0
0
0
0
0
0
0
0
0
0
0
0
0
0
0
0
0
0
0
0
0
0
0
0
0
0
0
0
0
0
0
0
0
0
0
0
0
0
0
0
0
0
0
0
0
0
0
0
0
0
2.802596928649634e-45
1.401298464324817e-44
3.082856621514598e-44
7.006492321624085e-44
1.513402341470802e-43
3.166934529374087e-43
6.670180690186129e-43
1.395693270467518e-42
2.923108596581568e-42
6.120871692170801e-42
1.278404589003531e-41
2.661065783752828e-41
5.519014001743292e-41
1.140586885037185e-40
2.348996615747691e-40
4.821027236663101e-40
9.860586968837657e-40
2.009921623738086e-39
4.082949322518576e-39
8.265996196940803e-39
1.66782571249909e-38
3.353874190487953e-38
6.721871227418757e-38
1.342726206385828e-37
2.673283312699706e-37
5.304801204929903e-37
1.049218391210608e-36
2.068433659474272e-36
4.064454671495561e-36
7.96075065741289e-36
1.554185337370864e-35
3.024506499650251e-35
5.866984714422046e-35
1.134462021550157e-34
2.186679846161063e-34
4.201519866976177e-34
8.047467386507997e-34
1.5365582772659e-33
2.924700841848885e-33
5.549602135096116e-33
1.049773466760318e-32
1.9796479791047e-32
3.721725317298752e-32
6.975411689643874e-32
1.303375558402199e-31
2.428000038544346e-31
4.509331276505769e-31
8.349587155246664e-31
1.541388690651328e-30
2.836995054240637e-30
5.206057216627974e-30
9.525068716690414e-30
1.737564065249888e-29
3.1603243486603e-29
5.731197374835227e-29
1.036302097434075e-28
1.868354870552887e-28
3.358680989384156e-28
6.020311116961212e-28
1.076005022866996e-27
1.917605112202622e-27
3.407673036050722e-27
6.038299976717269e-27
1.066924436512905e-26
1.879832117833547e-26
3.302744289709023e-26
5.786359451042253e-26
1.01091440320328e-25
1.761189163321537e-25
3.059736550672305e-25
5.300934262793053e-25
9.15830237283823e-25
1.577885499079857e-24
2.711051451702274e-24
4.645210990268002e-24
7.937473463262223e-24
1.352607729362724e-23
2.298675833447619e-23
3.895861524548523e-23
6.58495203528253e-23
1.110014257672155e-22
1.866099696220789e-22
3.12877759793268e-22
5.231805293040486e-22
8.725067173879524e-22
1.451207504393397e-21
2.407337718651003e-21
3.982855666294005e-21
6.572115968311812e-21
1.08161353337674e-20
1.775408606436821e-20
2.906610567404477e-20
4.746142311861637e-20
7.729706202510261e-20
1.255614933415747e-19
2.034342407612715e-19
3.287521552618435e-19
5.298988797378879e-19
8.519221016623716e-19
1.366130347457106e-18
2.185105535128761e-18
3.486127876186359e-18
5.547631121103771e-18
8.80577850789347e-18
1.394204319779758e-17
2.201841797744485e-17
3.468560876081447e-17
5.450276512499648e-17
8.542717040564254e-17
1.335624447589936e-16
2.082983719218373e-16
3.240431477630917e-16
5.028488912527183e-16
7.783809798188985e-16
1.201902059187699e-15
1.851272668420157e-15
2.844449504020162e-15
4.359681120616726e-15
6.665642769188886e-15
1.016628255645809e-14
1.546739251706997e-14
2.347517423777635e-14
3.554179045799251e-14
5.36797508028132e-14
8.087685387939483e-14
1.215576847079375e-13
1.822581121397812e-13
2.726084332230205e-13
4.067630563972524e-13
6.054736790064852e-13
8.990880414304347e-13
1.331876774667007e-12
1.968259322887578e-12
2.901741347205444e-12
4.267708582361696e-12
6.261695155440616e-12
9.16540714851477e-12
1.338368825487546e-11
1.949689541758115e-11
2.833492121490089e-11
4.108156176352296e-11
5.942122488500345e-11
8.574469606559276e-11
1.234369551017522e-10
1.772787472376081e-10
2.540053722910329e-10
3.630823142142248e-10
5.177789308419278e-10
7.366512955186977e-10
1.045583841730036e-09
1.480594424840831e-09
2.091677941962189e-09
2.94805779788021e-09
4.145344512096472e-09
5.815266490571958e-09
8.138865581486243e-09
1.136434413240295e-08
1.583113018455151e-08
2.200226489890156e-08
3.050784513902727e-08
4.22031796176725e-08
5.824639615070737e-08
8.020176522904876e-08
1.101768773992262e-07
1.510043290409158e-07
2.064815873836778e-07
2.816870789956738e-07
3.833952462173329e-07
5.206206310504058e-07
7.053285457914171e-07
9.533611660117458e-07
1.285641587855935e-06
1.729733980937453e-06
2.321860847587232e-06
3.109502813458676e-06
4.154742327955319e-06
5.538548975891899e-06
7.36626134312246e-06
9.774574209586717e-06
1.294042613153579e-05
1.70922667166451e-05
2.252431113447528e-05
2.96145099127898e-05
3.884714533342049e-05
5.08411721966695e-05
6.638564809691161e-05
8.648394577903673e-05
0.0001124086702475324
0.0001457697653677315
0.0001885988021967933
0.0002434527268633246
0.0003135414444841444
0.0004028842668049037
0.0005165010807104409
0.0006606450770050287
0.0008430856978520751
0.001073451479896903
0.00136364356148988
0.001728333998471498
0.002185564022511244
0.002757459646090865
0.003471085568889976
0.004359461832791567
0.005462767090648413
0.00682976096868515
0.00851946696639061
0.01060313545167446
0.01316655613481998
0.0163127463310957
0.02016507834196091
0.02487090975046158
0.03060576692223549
0.03757816180586815
0.04603509604930878
0.05626837536692619
0.06862174719572067
0.08349896222352982
0.1013728901743889
0.1227956190705299
0.1484097987413406
0.1789609789848328
0.215311199426651
0.2584536373615265
0.3095282018184662
0.3698377311229706
0.4408650398254395
0.5242893099784851
0.6220020651817322
0.7361212372779846
0.8690023422241211
1.023244857788086
1.201691508293152
1.407418489456177
1.643712520599365
1.914031267166138
2.221943378448486
2.571041584014893
2.964825868606567
3.406551361083984
3.899036645889282
4.444431304931641
5.043945789337158
5.697548389434814
6.403637409210205
7.158721446990967
7.957118034362793
8.790717124938965
9.648848533630371
10.51829433441162
11.38348960876465
12.22692775726318
13.02979469299316
13.77280044555664
14.43716335296631
15.00568771362305
15.46381378173828
15.8005485534668
16.00918579101562
16.08774375915527
16.03906440734863
15.87059307098389
15.59385013580322
15.22369575500488
14.77745532989502
14.27398586273193
13.7327709197998
13.17311382293701
12.61344528198242
12.07079315185547
11.56038951873779
11.09542274475098
10.68688488006592
10.34350776672363
10.07176208496094
9.875874519348145
9.757872581481934
9.717631340026855
9.752924919128418
9.859487533569336
10.03108692169189
10.25964069366455
10.53537654876709
10.84706115722656
11.18231010437012
11.52797889709473
11.87062835693359
12.19706630706787
12.49490451812744
12.75312900543213
12.96262264251709
13.11660099029541
13.21092414855957
13.24425792694092
13.2180757522583
13.13649082183838
13.00594520568848
12.8347864151001
12.63275623321533
12.41043186187744
12.17866897583008
11.94805717468262
11.728440284729
11.52849006652832
11.35536861419678
11.21447658538818
11.10928440093994
11.04125499725342
11.00984573364258
11.01260566711426
11.04533576965332
11.1023416519165
11.17674922943115
11.26086330413818
11.34658336639404
11.42584133148193
11.49101734161377
11.53535270690918
11.5532922744751
11.5407657623291
11.49535751342773
11.41638660430908
11.30487155914307
11.16339874267578
10.99590015411377
10.80735969543457
10.60348796844482
10.39036464691162
10.1740837097168
9.960431098937988
9.754607200622559
9.560995101928711
9.382993698120117
9.222927093505859
9.082011222839355
8.960395812988281
8.857254981994629
8.770931243896484
8.69912052154541
8.639078140258789
8.587839126586914
8.54243278503418
8.500090599060059
8.458414077758789
8.415513038635254
8.370094299316406
8.32149600982666
8.269682884216309
8.215176582336426
8.158966064453125
8.102372169494629
8.046900749206543
7.994085311889648
7.945332050323486
7.90178918838501
7.864236354827881
7.833007335662842
7.80795431137085
7.788445949554443
7.773416042327881
7.761435031890869
7.75081729888916
7.739748001098633
7.726417541503906
7.709157943725586
7.686569213867188
7.657623291015625
7.621737957000732
7.578823566436768
7.529284954071045
7.473991870880127
7.4142165184021
7.351540088653564
7.287740230560303
7.224667072296143
7.164117336273193
7.10771369934082
7.056798934936523
7.012357234954834
6.974954605102539
6.944711208343506
6.92131233215332
6.904038429260254
6.891829967498779
6.883367538452148
6.877172470092773
6.871711730957031
6.865501880645752
6.857210636138916
6.845736503601074
6.830278396606445
6.810367584228516
6.785889625549316
6.757067203521729
6.724428176879883
6.688749313354492
6.650987148284912
6.612200260162354
6.573466300964355
6.535806655883789
6.500114440917969
6.467103004455566
6.437262058258057
6.410841464996338
6.38784646987915
6.368055820465088
6.351052761077881
6.336265563964844
6.323023796081543
6.310611724853516
6.298324584960938
6.285520553588867
6.271661281585693
6.256344795227051
6.239327430725098
6.220526695251465
6.200015068054199
6.178007125854492
6.154825687408447
6.130871772766113
6.106587886810303
6.082417488098145
6.058773517608643
6.036008834838867
6.014390468597412
5.994086742401123
5.975162982940674
5.957582950592041
5.941221237182617
5.925877094268799
5.91130256652832
5.897217750549316
5.883341789245605
5.869414329528809
5.855211734771729
5.840566158294678
5.825372695922852
5.809591293334961
5.793247699737549
5.77642297744751
5.759243011474609
5.741865634918213
5.724461555480957
5.707200527191162
5.690236568450928
5.673696041107178
5.657669544219971
5.642204284667969
5.627306938171387
5.612944602966309
5.599050045013428
5.585531234741211
5.572281837463379
5.559191226959229
5.546154975891113
5.533082485198975
5.519904613494873
5.506577014923096
5.49308443069458
5.47943639755249
5.465667724609375
5.451828956604004
5.43798303604126
5.424197673797607
5.410537242889404
5.397059917449951
5.383809089660645
5.370811939239502
5.358078956604004
5.345601558685303
5.333358764648438
5.321315288543701
5.309431552886963
5.297660350799561
5.28596019744873
5.274293422698975
5.262630939483643
5.250954627990723
5.239258289337158
5.227547645568848
5.215836048126221
5.204144954681396
5.19249963760376
5.18092679977417
5.169450759887695
5.158091068267822
5.146863460540771
5.135775566101074
5.124825954437256
5.114007949829102
5.103310108184814
5.092715263366699
5.082207202911377
5.07176685333252
5.061379432678223
5.051031112670898
5.040716171264648
5.030431270599365
5.020176887512207
5.009958267211914
4.999783039093018
4.989660263061523
4.979598999023438
4.969610214233398
4.959701061248779
4.949875831604004
4.940136909484863
4.930482387542725
4.920907974243164
4.911409378051758
4.901978492736816
4.892608165740967
4.883291244506836
4.874022006988525
4.864795207977295
4.855608463287354
4.846461296081543
4.837353229522705
4.828285694122314
4.819260597229004
4.810280323028564
4.801344871520996
4.792455673217773
4.783610343933105
4.774805545806885
4.766036510467529
4.757294654846191
4.748571872711182
4.739857196807861
4.731137752532959
4.722399711608887
4.713627338409424
4.704803943634033
4.695910453796387
4.68692684173584
4.677830696105957
4.668599605560303
4.659206390380859
4.649622440338135
4.639815807342529
4.629751682281494
4.619394302368164
4.608705520629883
4.597646236419678
4.58617639541626
4.574258327484131
4.561854839324951
4.54893159866333
4.535460948944092
4.521420001983643
4.506792068481445
4.491572856903076
4.475765705108643
4.45938777923584
4.44246768951416
4.425046920776367
4.407183170318604
4.388946533203125
4.370420455932617
4.351701736450195
4.332895755767822
4.314120769500732
4.295498371124268
4.277154922485352
4.25921630859375
4.241803646087646
4.225030899047852
4.208998203277588
4.193790912628174
4.17947244644165
4.166084289550781
4.153642177581787
4.14213228225708
4.131514549255371
4.121719837188721
4.112654209136963
4.104199886322021
4.096222877502441
4.088573455810547
4.081097602844238
4.073640823364258
4.066055774688721
4.058209419250488
4.049988269805908
4.041305541992188
4.032100200653076
4.022345066070557
4.012043476104736
4.001228332519531
3.989959001541138
3.978316307067871
3.966394662857056
3.954295635223389
3.942118406295776
3.929953098297119
3.917871236801147
3.905920505523682
3.894118070602417
3.882448196411133
3.870859861373901
3.859268426895142
3.847556591033936
3.835579633712769
3.823169469833374
3.810143709182739
3.796309471130371
3.781471252441406
3.765435457229614
3.748016357421875
3.729036331176758
3.708327770233154
3.685731172561646
3.661092519760132
3.634259223937988
3.605073690414429
3.57336950302124
3.538962841033936
3.501649618148804
3.461201667785645
3.417363882064819
3.369853496551514
3.318362951278687
3.26256275177002
3.202105760574341
3.136633157730103
3.06578254699707
2.989194869995117
2.906519889831543
2.817423582077026
2.721593379974365
2.6187424659729
2.508613109588623
2.390976667404175
2.265635967254639
2.13242506980896
1.991207480430603
1.841878414154053
1.684361815452576
1.518611788749695
1.344611763954163
1.162376403808594
0.9719529151916504
0.773421585559845
0.5668986439704895
0.3525368869304657
0.1305269598960876
-0.09890201687812805
-0.33548304438591
-0.5789121389389038
-0.8288503885269165
-1.08492648601532
-1.346739649772644
-1.613863587379456
-1.885849237442017
-2.162228584289551
-2.442517042160034
-2.726216316223145
-3.0128173828125
-3.301800489425659
-3.592636585235596
-3.884788036346436
-4.177707672119141
-4.470839500427246
-4.763617992401123
-5.055466175079346
-5.34579610824585
-5.634007930755615
-5.919487476348877
-6.201609134674072
-6.479730606079102
-6.753195762634277
-7.021331787109375
-7.283448696136475
-7.538837432861328
-7.78677225112915
-8.026506423950195
-8.25727367401123
-8.478287696838379
-8.688743591308594
-8.8878173828125
-9.074672698974609
-9.248455047607422
-9.408307075500488
-9.55336856842041
-9.68278694152832
-9.795727729797363
-9.891386985778809
-9.969005584716797
-10.0278902053833
-10.06742763519287
-10.08711338043213
-10.08657646179199
-10.06559753417969
-10.02414989471436
-9.96242618560791
-9.880861282348633
-9.780165672302246
-9.66135311126709
-9.525755882263184
-9.37503719329834
-9.211202621459961
-9.036587715148926
-8.853843688964844
-8.665903091430664
-8.475933074951172
-8.287273406982422
-8.103354454040527
-7.927611827850342
-7.763387680053711
-7.613823890686035
-7.48175048828125
-7.369589328765869
-7.279253482818604
-7.212071418762207
-7.168719291687012
-7.149186134338379
-7.152755260467529
-7.178014278411865
-7.222884654998779
-7.28468132019043
-7.360186100006104
-7.445738792419434
-7.537339210510254
-7.630757331848145
-7.721649169921875
-7.805667400360107
-7.878577709197998
-7.936361312866211
-7.97531270980835
-7.992136478424072
-7.984026432037354
-7.948744297027588
-7.884681224822998
-7.790913105010986
-7.667243957519531
-7.514232635498047
-7.333205223083496
-7.126252174377441
-6.896202087402344
-6.646572589874268
-6.381495475769043
-6.105617523193359
-5.823973655700684
-5.541840553283691
-5.264569759368896
-4.997405529022217
-4.74530029296875
-4.512736320495605
-4.303555011749268
-4.120817184448242
-3.966692209243774
-3.842384576797485
-3.748108386993408
-3.683104991912842
-3.645702838897705
-3.633418560028076
-3.643090963363647
-3.671038150787354
-3.713231801986694
-3.765475988388062
-3.823582887649536
-3.883538722991943
-3.941651344299316
-3.994672536849976
-4.039895057678223
-4.075220108032227
-4.099191188812256
-4.111002445220947
-4.110475540161133
-4.09801197052002
-4.074520587921143
-4.041329860687256
-4.000081539154053
-3.952623844146729
-3.900896549224854
-3.846820831298828
-3.792200088500977
-3.738632917404175
-3.687445878982544
-3.639646053314209
-3.595897436141968
-3.556519508361816
-3.521509408950806
-3.490578651428223
-3.463210105895996
-3.438723564147949
-3.416344881057739
-3.395281076431274
-3.374786615371704
-3.354222297668457
-3.333103179931641
-3.311129808425903
-3.288204669952393
-3.264429569244385
-3.240089178085327
-3.215619087219238
-3.191561698913574
-3.16851544380188
-3.147079706192017
-3.127797603607178
-3.111107110977173
-3.097297430038452
-3.086477041244507
-3.078556537628174
-3.073246479034424
-3.070069551467896
-3.068388223648071
-3.067443609237671
-3.066405773162842
-3.064428329467773
-3.060706377029419
-3.054532527923584
-3.045345544815063
-3.032772541046143
-3.016654968261719
-2.997065544128418
-2.974303960800171
-2.94888162612915
-2.921489715576172
-2.892956256866455
-2.864192008972168
-2.836132526397705
-2.809677362442017
-2.78563117980957
-2.764652490615845
-2.747210741043091
-2.733558654785156
-2.723717212677002
-2.717477083206177
-2.714415073394775
-2.713926315307617
-2.715266704559326
-2.717602729797363
-2.720069169998169
-2.721826791763306
-2.72211742401123
-2.720309734344482
-2.715940952301025
-2.708740711212158
-2.698644638061523
-2.685794115066528
-2.670519590377808
-2.653313636779785
-2.634793758392334
-2.615657329559326
-2.59662938117981
-2.57841682434082
-2.561658620834351
-2.546885013580322
-2.534487247467041
-2.524693727493286
-2.517563581466675
-2.512988090515137
-2.510706663131714
-2.510330677032471
-2.511378049850464
-2.513309001922607
-2.515568256378174
-2.517624616622925
-2.519005060195923
-2.519326210021973
-2.518315315246582
-2.515822649002075
-2.511824607849121
-2.506415605545044
-2.499793529510498
-2.492236137390137
-2.484073400497437
-2.47565746307373
-2.467331171035767
-2.459400177001953
-2.452108144760132
-2.44561767578125
-2.440000534057617
-2.435232877731323
-2.431199312210083
-2.427704572677612
-2.424490451812744
-2.421257257461548
-2.417686700820923
-2.413467168807983
-2.408315896987915
-2.401999711990356
-2.394348621368408
-2.38526725769043
-2.374738454818726
-2.362820625305176
-2.349640130996704
-2.335380077362061
-2.320263862609863
-2.304538488388062
-2.288455724716187
-2.272255420684814
-2.256150007247925
-2.240312337875366
-2.224869966506958
-2.209899425506592
-2.195428609848022
-2.181441068649292
-2.167885780334473
-2.154685735702515
-2.141752243041992
-2.128996133804321
-2.116338729858398
-2.103723526000977
-2.091121196746826
-2.078536033630371
-2.066004991531372
-2.05359673500061
-2.041405439376831
-2.029543876647949
-2.018134832382202
-2.007299423217773
-1.997149586677551
-1.987777471542358
-1.979248285293579
-1.971594095230103
-1.964811563491821
-1.958860635757446
-1.953665971755981
-1.949121594429016
-1.945096850395203
-1.941443800926208
-1.938004374504089
-1.934619903564453
-1.931138277053833
-1.927422285079956
-1.923354506492615
-1.918843030929565
-1.91382360458374
-1.908261656761169
-1.902151703834534
-1.895515561103821
-1.888399600982666
-1.880871176719666
-1.873013854026794
-1.864922523498535
-1.856698513031006
-1.84844434261322
-1.840259671211243
-1.832237005233765
-1.824458360671997
-1.816992402076721
-1.809891700744629
-1.803192853927612
-1.79691469669342
-1.791058301925659
-1.785608410835266
-1.780534625053406
-1.775793313980103
-1.771329879760742
-1.767081499099731
-1.762980580329895
-1.758957624435425
-1.754944443702698
-1.75087833404541
-1.746703743934631
-1.742375612258911
-1.737860918045044
-1.733140468597412
-1.728209137916565
-1.72307562828064
-1.717761993408203
-1.71230161190033
-1.706736922264099
-1.70111620426178
-1.695491790771484
-1.689915180206299
-1.684435129165649
-1.679094076156616
-1.673925757408142
-1.668953776359558
-1.664190530776978
-1.6596360206604
-1.655279636383057
-1.651100158691406
-1.647068500518799
-1.643149375915527
-1.639304280281067
-1.635494351387024
-1.631682515144348
-1.627836346626282
-1.623929619789124
-1.619944334030151
-1.615871071815491
-1.611709475517273
-1.607467174530029
-1.603159189224243
-1.598806500434875
-1.594434022903442
-1.590068221092224
-1.585735321044922
-1.581459760665894
-1.577261805534363
-1.573156356811523
-1.569152474403381
-1.565253138542175
-1.56145453453064
-1.557747840881348
-1.554119110107422
-1.550552010536194
-1.547027945518494
-1.543528318405151
-1.540035963058472
-1.53653609752655
-1.533017635345459
-1.529473781585693
-1.525901675224304
-1.522303819656372
-1.518685698509216
-1.515056252479553
-1.511426568031311
-1.507808446884155
-1.504213929176331
-1.500653862953186
-1.497137069702148
-1.493669986724854
-1.49025571346283
-1.486894726753235
-1.483584403991699
-1.480319738388062
-1.477093935012817
-1.473899006843567
-1.470726490020752
-1.467568635940552
-1.464418768882751
-1.461271405220032
-1.458123207092285
-1.454972982406616
-1.451821684837341
-1.448671698570251
-1.445526838302612
-1.442391872406006
-1.439272046089172
-1.436172246932983
-1.433096766471863
-1.430048704147339
-1.427030205726624
-1.424041867256165
-1.421083331108093
-1.418152451515198
-1.415246486663818
-1.412362337112427
-1.409495949745178
-1.406644582748413
-1.403805017471313
-1.400974869728088
-1.398153066635132
-1.395339012145996
-1.392532825469971
-1.38973593711853
-1.386949777603149
-1.38417637348175
-1.381417632102966
-1.378675103187561
-1.375950455665588
-1.373244762420654
-1.370558619499207
-1.367891788482666
-1.365243792533875
-1.362613558769226
-1.359999895095825
-1.357401251792908
-1.354816317558289
-1.352244019508362
-1.349683046340942
-1.347132921218872
-1.344593048095703
-1.342063665390015
-1.339545130729675
-1.337037920951843
-1.334542751312256
-1.33206033706665
-1.329591631889343
-1.327136635780334
-1.324695706367493
-1.322268962860107
-1.319856405258179
-1.317457795143127
-1.315072655677795
-1.312700271606445
-1.310340046882629
-1.307991743087769
-1.305654644966125
-1.303328394889832
-1.301012516021729
-1.298707008361816
-1.296411752700806
-1.294126987457275
-1.291852593421936
-1.289588809013367
-1.287335515022278
-1.285092711448669
-1.282860398292542
-1.280638098716736
-1.278425693511963
-1.276222586631775
-1.274028062820435
-1.271841406822205
-1.269661545753479
-1.267487406730652
-1.265317559242249
-1.263150811195374
-1.260985374450684
-1.258819699287415
-1.256651639938354
-1.254478931427002
-1.252299070358276
-1.250108957290649
-1.247905254364014
-1.245683670043945
-1.243439793586731
-1.241168141365051
-1.238863229751587
-1.236518383026123
-1.234126210212708
-1.23167884349823
-1.229167699813843
-1.226583361625671
-1.223915576934814
-1.221153736114502
-1.218286514282227
-1.215302586555481
-1.212189793586731
-1.208935618400574
-1.205528140068054
-1.201955199241638
-1.198204874992371
-1.194266676902771
-1.190130949020386
-1.185789346694946
-1.181235432624817
-1.176464915275574
-1.171476125717163
-1.16627037525177
-1.160852074623108
-1.155229210853577
-1.149413704872131
-1.143421292304993
-1.137272357940674
-1.130990862846375
-1.124605059623718
-1.118147253990173
-1.111653089523315
-1.105160474777222
-1.098710060119629
-1.09234356880188
-1.086103320121765
-1.080030679702759
-1.074165821075439
-1.068546175956726
-1.063204407691956
-1.058168530464172
-1.053460478782654
-1.049094915390015
-1.045078873634338
-1.04141104221344
-1.038081645965576
-1.035072207450867
-1.032356381416321
-1.029900074005127
-1.027663230895996
-1.025600075721741
-1.023661255836487
-1.021795749664307
-1.019951939582825
-1.018080711364746
-1.016136288642883
-1.014078497886658
-1.011874556541443
-1.00950014591217
-1.006940722465515
-1.004191398620605
-1.001258134841919
-0.9981566071510315
-0.9949119687080383
-0.9915575981140137
-0.9881330132484436
-0.9846823811531067
-0.9812523126602173
-0.9778894782066345
-0.9746382236480713
-0.9715389609336853
-0.9686259627342224
-0.9659258723258972
-0.9634569883346558
-0.96122807264328
-0.9592388272285461
-0.9574800133705139
-0.9559347629547119
-0.9545799493789673
-0.9533877968788147
-0.952328085899353
-0.9513702392578125
-0.9504851102828979
-0.9496470093727112
-0.9488352537155151
-0.9480352401733398
-0.9472392797470093
-0.9464462995529175
-0.9456618428230286
-0.9448970556259155
-0.9441673159599304
-0.9434905648231506
-0.9428855776786804
-0.9423700571060181
-0.9419587254524231
-0.9416620135307312
-0.9414843916893005
-0.9414239525794983
-0.9414719939231873
-0.941612720489502
-0.9418244957923889
-0.942080557346344
-0.9423505663871765
-0.9426021575927734
-0.9428024888038635
-0.9429202079772949
-0.9429268836975098
-0.942798376083374
-0.9425159692764282
-0.942066490650177
-0.9414432644844055
-0.9406452775001526
-0.9396770596504211
-0.9385479092597961
-0.9372706413269043
-0.9358611106872559
-0.9343364834785461
-0.9327148199081421
-0.9310140013694763
-0.9292513132095337
-0.9274429082870483
-0.9256037473678589
-0.9237476587295532
-0.9218872785568237
-0.9200344681739807
-0.9182009100914001
-0.9163976311683655
-0.9146357178688049
-0.9129260182380676
-0.9112791419029236
-0.9097050428390503
-0.9082124829292297
-0.9068087339401245
-0.9054988026618958
-0.9042850136756897
-0.9031665325164795
-0.9021391272544861
-0.9011950492858887
-0.9003230929374695
-0.899509072303772
-0.8987364172935486
-0.8979867100715637
-0.8972408771514893
-0.8964797854423523
-0.8956853747367859
-0.894841730594635
-0.8939353227615356
-0.8929562568664551
-0.8918982148170471
-0.8907588124275208
-0.8895395398139954
-0.8882454037666321
-0.8868847489356995
-0.885468602180481
-0.8840097784996033
-0.8825224637985229
-0.8810213804244995
-0.8795211911201477
-0.8780356049537659
-0.8765769600868225
-0.8751559257507324
-0.8737810254096985
-0.8724583387374878
-0.8711913824081421
-0.8699811100959778
-0.8688262701034546
-0.8677230477333069
-0.866665780544281
-0.8656469583511353
-0.8646579384803772
-0.8636890649795532
-0.8627302050590515
-0.8617713451385498
-0.8608030676841736
-0.8598167896270752
-0.8588052988052368
-0.8577630519866943
-0.8566865921020508
-0.8555743098258972
-0.8544268608093262
-0.8532469868659973
-0.8520391583442688
-0.8508092164993286
-0.8495644927024841
-0.8483128547668457
-0.8470621705055237
-0.8458202481269836
-0.8445941805839539
-0.8433899283409119
-0.8422121405601501
-0.8410634994506836
-0.8399452567100525
-0.8388568162918091
-0.8377959728240967
-0.836759090423584
-0.8357414603233337
-0.8347375988960266
-0.8337417244911194
-0.8327478766441345
-0.831750750541687
-0.8307455778121948
-0.8297288417816162
-0.8286979198455811
-0.8276514410972595
-0.8265894055366516
-0.8255131244659424
-0.8244245052337646
-0.8233267664909363
-0.8222234845161438
-0.8211187720298767
-0.820016622543335
-0.8189207911491394
-0.8178345561027527
-0.8167605996131897
-0.8157007694244385
-0.8146560192108154
-0.8136264681816101
-0.8126111030578613
-0.8116083741188049
-0.8106163144111633
-0.8096321821212769
-0.8086531758308411
-0.8076766133308411
-0.8066998720169067
-0.8057206869125366
-0.8047375082969666
-0.8037493228912354
-0.8027558326721191
-0.8017571568489075
-0.8007541298866272
-0.7997479438781738
-0.7987403273582458
-0.7977330088615417
-0.7967279553413391
-0.7957268953323364
-0.7947314381599426
-0.793742835521698
-0.7927619218826294
-0.791789174079895
-0.7908244132995605
-0.7898672223091125
-0.7889167070388794
-0.7879717350006104
-0.7870310544967651
-0.786093533039093
-0.7851577401161194
-0.7842226028442383
-0.7832874059677124
-0.7823516130447388
-0.781414806842804
-0.7804772257804871
-0.7795391082763672
-0.7786009907722473
-0.7776637077331543
-0.7767280340194702
-0.7757949233055115
-0.7748649716377258
-0.7739388942718506
-0.7730171680450439
-0.7721002101898193
-0.7711880207061768
-0.7702805995941162
-0.7693775296211243
-0.7684783339500427
-0.7675824761390686
-0.7666893601417542
-0.7657984495162964
-0.7649091482162476
-0.764021098613739
-0.7631340026855469
-0.762247622013092
-0.7613620758056641
-0.7604771256446838
-0.75959312915802
-0.7587100863456726
-0.7578282952308655
-0.7569479942321777
-0.7560693025588989
-0.7551922798156738
-0.7543166875839233
-0.7534424662590027
-0.7525691986083984
-0.7516962289810181
-0.7508229613304138
-0.7499485611915588
-0.7490721940994263
-0.7481926679611206
-0.7473088502883911
-0.746419370174408
-0.7455229759216309
-0.7446181178092957
-0.7437031865119934
-0.7427763938903809
-0.7418358325958252
-0.7408793568611145
-0.7399047613143921
-0.7389094233512878
-0.7378904819488525
-0.7368448972702026
-0.7357691526412964
-0.7346595525741577
-0.7335122227668762
-0.7323229312896729
-0.731087327003479
-0.729800820350647
-0.72845858335495
-0.7270558476448059
-0.7255878448486328
-0.7240498065948486
-0.7224370837211609
-0.7207455039024353
-0.7189710736274719
-0.7171103954315186
-0.7151606678962708
-0.7131197452545166
-0.7109863758087158
-0.7087603211402893
-0.7064423561096191
-0.7040343880653381
-0.7015397548675537
-0.6989628672599792
-0.6963098645210266
-0.6935882568359375
-0.690807044506073
-0.6879764199256897
-0.6851083636283875
-0.6822158694267273
-0.6793130040168762
-0.676414966583252
-0.6735373735427856
-0.6706965565681458
-0.667908787727356
-0.6651901602745056
-0.6625561714172363
-0.6600213646888733
-0.6575987935066223
-0.6552998423576355
-0.6531336903572083
-0.6511071920394897
-0.6492246389389038
-0.6474870443344116
-0.6458926200866699
-0.6444364786148071
-0.6431108117103577
-0.6419047117233276
-0.6408047676086426
-0.6397951245307922
-0.6388580203056335
-0.6379742622375488
-0.6371238231658936
-0.6362864375114441
-0.6354420781135559
-0.63457190990448
-0.6336585879325867
-0.6326870322227478
-0.6316449642181396
-0.630523145198822
-0.629315972328186
-0.6280212998390198
-0.6266409158706665
-0.6251800656318665
-0.6236473917961121
-0.6220545172691345
-0.6204155087471008
-0.6187463998794556
-0.6170640587806702
-0.6153859496116638
-0.6137290000915527
-0.6121090054512024
-0.6105400323867798
-0.6090337038040161
-0.6075985431671143
-0.6062398552894592
-0.6049595475196838
-0.6037558317184448
-0.6026238203048706
-0.6015555858612061
-0.6005406975746155
-0.5995667576789856
-0.5986201167106628
-0.597686767578125
-0.5967528820037842
-0.5958057045936584
-0.5948339700698853
-0.5938287973403931
-0.5927838087081909
-0.5916956663131714
-0.5905637741088867
-0.5893906354904175
-0.5881811380386353
-0.5869425535202026
-0.5856839418411255
-0.5844152569770813
-0.583146870136261
-0.5818891525268555
-0.5806512236595154
-0.5794411301612854
-0.5782650709152222
-0.5771269798278809
-0.5760287046432495
-0.5749695301055908
-0.5739468336105347
-0.5729562044143677
-0.5719916224479675
-0.5710461735725403
-0.5701126456260681
-0.569183886051178
-0.5682534575462341
-0.567315936088562
-0.5663674473762512
-0.5654057860374451
-0.5644304752349854
-0.5634428262710571
-0.5624458193778992
-0.5614439249038696
-0.560442328453064
-0.559447169303894
-0.5584645867347717
-0.5575007200241089
-0.5565611124038696
-0.555650532245636
-0.5547729134559631
-0.5539308190345764
-0.5531258583068848
-0.5523588061332703
-0.551629364490509
-0.5509369373321533
-0.5502805113792419
-0.5496591329574585
-0.5490722060203552
-0.5485197901725769
-0.5480024814605713
-0.5475220680236816
-0.5470812320709229
-0.5466833114624023
-0.5463327765464783
-0.5460346341133118
-0.5457941889762878
-0.5456171631813049
-0.5455091595649719
-0.5454754233360291
-0.5455206036567688
-0.5456488132476807
-0.5458632111549377
-0.5461661815643311
-0.5465590953826904
-0.5470423698425293
-0.5476158857345581
-0.5482785701751709
-0.549028754234314
-0.5498642325401306
-0.5507822632789612
-0.5517798662185669
-0.5528533458709717
-0.5539988875389099
-0.5552119612693787
-0.5564876198768616
-0.557820200920105
-0.5592033267021179
-0.5606297254562378
-0.5620914101600647
-0.5635793805122375
-0.5650840997695923
-0.5665947794914246
-0.5681001543998718
-0.5695884227752686
-0.5710472464561462
-0.5724642276763916
-0.5738270282745361
-0.5751235485076904
-0.576341986656189
-0.5774716138839722
-0.5785024762153625
-0.5794257521629333
-0.5802339315414429
-0.5809211134910583
-0.5814828276634216
-0.5819162130355835
-0.582220196723938
-0.5823954343795776
-0.5824443101882935
-0.5823709964752197
-0.5821815133094788
-0.5818833708763123
-0.58148592710495
-0.5809996128082275
-0.5804364085197449
-0.5798094272613525
-0.579132616519928
-0.5784206986427307
-0.5776888132095337
-0.5769522190093994
-0.5762258768081665
-0.5755243897438049
-0.5748615264892578
-0.5742497444152832
-0.5737002491950989
-0.5732224583625793
-0.572823703289032
-0.5725091695785522
-0.5722818374633789
-0.5721423625946045
-0.572088897228241
-0.5721173882484436
-0.5722216963768005
-0.572393536567688
-0.572623074054718
-0.572898805141449
-0.5732080936431885
-0.5735376477241516
-0.5738735795021057
-0.5742020606994629
-0.5745097994804382
-0.5747841000556946
-0.5750135183334351
-0.5751880407333374
-0.5752994418144226
-0.575341522693634
-0.5753101110458374
-0.5752033591270447
-0.5750217437744141
-0.5747680068016052
-0.5744469165802002
-0.5740653872489929
-0.5736318230628967
-0.5731561779975891
-0.5726494193077087
-0.5721230506896973
-0.5715887546539307
-0.5710583329200745
-0.5705428123474121
-0.5700522065162659
-0.5695952773094177
-0.5691792368888855
-0.5688095092773438
-0.5684893131256104
-0.5682200193405151
-0.568000853061676
-0.5678290128707886
-0.5676999092102051
-0.5676073431968689
-0.5675439238548279
-0.5675010085105896
-0.567469596862793
-0.5674403309822083
-0.5674042105674744
-0.5673525333404541
-0.5672777891159058
-0.5671733617782593
-0.5670344233512878
-0.5668574571609497
-0.5666408538818359
-0.5663847923278809
-0.5660911798477173
-0.5657634735107422
-0.5654067397117615
-0.5650270581245422
-0.5646315217018127
-0.5642277598381042
-0.5638236999511719
-0.563427209854126
-0.5630457401275635
-0.5626859664916992
-0.5623536705970764
-0.5620535612106323
-0.56178879737854
-0.5615613460540771
-0.5613718628883362
-0.5612194538116455
-0.5611019730567932
-0.5610164999961853
-0.5609592795372009
-0.5609257221221924
-0.5609112977981567
-0.5609111785888672
-0.5609210133552551
-0.5609368085861206
-0.5609551072120667
-0.5609735250473022
-0.5609905123710632
-0.5610054731369019
-0.5610189437866211
-0.5610319972038269
-0.5610468983650208
-0.5610662698745728
-0.5610932111740112
-0.5611310005187988
-0.561182975769043
-0.5612521171569824
-0.5613409876823425
-0.5614514946937561
-0.5615846514701843
-0.5617408156394958
-0.5619192123413086
-0.5621181130409241
-0.562335193157196
-0.562566876411438
-0.5628091096878052
-0.5630573034286499
-0.5633065700531006
-0.5635517835617065
-0.5637879371643066
-0.5640102028846741
-0.564214289188385
-0.5643962025642395
-0.5645526647567749
-0.5646811127662659
-0.5647796988487244
-0.5648471713066101
-0.5648831129074097
-0.5648875832557678
-0.5648608207702637
-0.5648035407066345
-0.5647167563438416
-0.5646013617515564
-0.5644581913948059
-0.5642878413200378
-0.5640907287597656
-0.5638668537139893
-0.5636158585548401
-0.5633370876312256
-0.5630292296409607
-0.5626908540725708
-0.5623201727867126
-0.5619150996208191
-0.5614736080169678
-0.5609932541847229
-0.5604718327522278
-0.5599071979522705
-0.5592971444129944
-0.5586395859718323
-0.5579327344894409
-0.5571747422218323
-0.556364119052887
-0.5554991960525513
-0.5545786023139954
-0.5536010265350342
-0.5525649785995483
-0.5514691472053528
-0.5503122210502625
-0.5490928292274475
-0.5478097796440125
-0.5464618802070618
-0.5450481176376343
-0.5435678362846375
-0.5420204997062683
-0.5404065251350403
-0.5387266874313354
-0.5369823575019836
-0.5351759791374207
-0.5333108901977539
-0.5313915610313416
-0.5294234156608582
-0.5274131298065186
-0.525368332862854
-0.5232978463172913
-0.521211564540863
-0.5191201567649841
-0.5170348882675171
-0.5149677395820618
-0.5129309296607971
-0.5109368562698364
-0.5089976787567139
-0.5071254372596741
-0.5053313374519348
-0.5036256909370422
-0.5020178556442261
-0.5005154609680176
-0.4991250932216644
-0.4978512823581696
-0.4966967105865479
-0.495662122964859
-0.4947462975978851
-0.4939459264278412
-0.4932556748390198
-0.4926682412624359
-0.4921745657920837
-0.4917638301849365
-0.4914238452911377
-0.4911412000656128
-0.4909015893936157
-0.4906901717185974
-0.4904918074607849
-0.490291565656662
-0.4900750517845154
-0.4898287653923035
-0.4895404875278473
-0.4891994893550873
-0.4887969791889191
-0.488326370716095
-0.487783282995224
-0.4871658086776733
-0.4864745438098907
-0.4857126176357269
-0.4848853647708893
-0.4840003550052643
-0.4830670654773712
-0.4820965528488159
-0.4811010360717773
-0.4800935089588165
-0.4790872037410736
-0.4780952334403992
-0.4771300554275513
-0.4762028753757477
-0.4753234684467316
-0.4744997322559357
-0.4737374186515808
-0.4730399250984192
-0.4724081754684448
-0.4718407690525055
-0.4713338017463684
-0.470881313085556
-0.4704753756523132
-0.4701064825057983
-0.4697639942169189
-0.4694367051124573
-0.4691130816936493
-0.468781977891922
-0.4684329926967621
-0.4680568873882294
-0.4676460325717926
-0.467194527387619
-0.466698557138443
-0.4661564826965332
-0.4655687808990479
-0.4649381041526794
-0.4642689824104309
-0.4635675251483917
-0.4628412425518036
-0.4620984792709351
-0.4613481163978577
-0.4605991840362549
-0.4598602652549744
-0.4591392576694489
-0.4584429264068604
-0.457776665687561
-0.4571442604064941
-0.4565477669239044
-0.4559875130653381
-0.4554621875286102
-0.4549688398838043
-0.4545033276081085
-0.4540603756904602
-0.4536339938640594
-0.4532179534435272
-0.4528058767318726
-0.4523918032646179
-0.4519703090190887
-0.4515370428562164
-0.4510886371135712
-0.4506230056285858
-0.4501392543315887
-0.4496378302574158
-0.4491202831268311
-0.4485891461372375
-0.4480476677417755
-0.4474997222423553
-0.4469493329524994
-0.44640052318573
-0.4458570182323456
-0.4453221559524536
-0.444798469543457
-0.4442877769470215
-0.4437908232212067
-0.4433076977729797
-0.4428374469280243
-0.4423785507678986
-0.4419287741184235
-0.4414854645729065
-0.441045731306076
-0.4406068027019501
-0.4401660561561584
-0.4397211670875549
-0.4392703771591187
-0.438812643289566
-0.4383473992347717
-0.437874972820282
-0.437396228313446
-0.4369125664234161
-0.4364258050918579
-0.4359381496906281
-0.4354517757892609
-0.4349689781665802
-0.4344917237758636
-0.4340216517448425
-0.4335599541664124
-0.4331073462963104
-0.4326640069484711
-0.4322294592857361
-0.4318028688430786
-0.4313829243183136
-0.4309680163860321
-0.4305563867092133
-0.430146187543869
-0.4297357201576233
-0.4293234050273895
-0.4289080500602722
-0.4284887909889221
-0.4280650913715363
-0.427636981010437
-0.4272047281265259
-0.4267690479755402
-0.426330953836441
-0.4258915483951569
-0.4254521429538727
-0.4250139892101288
-0.4245783090591431
-0.4241461157798767
-0.4237181544303894
-0.4232949614524841
-0.4228768050670624
-0.4224636852741241
-0.4220552742481232
-0.4216510951519012
-0.4212504625320435
-0.4208527803421021
-0.4204572737216949
-0.4200631976127625
-0.419669896364212
-0.4192769229412079
-0.4188839495182037
-0.4184907972812653
-0.4180975258350372
-0.417704313993454
-0.4173114001750946
-0.4169192314147949
-0.4165282249450684
-0.4161388278007507
-0.4157515466213226
-0.4153667092323303
-0.4149845838546753
-0.4146053791046143
-0.4142292737960815
-0.4138563275337219
-0.4134865701198578
-0.4131198525428772
-0.4127560257911682
-0.4123950004577637
-0.4120365977287292
-0.4116808474063873
-0.4113276600837708
-0.4109771251678467
-0.4106293022632599
-0.4102843403816223
-0.4099424183368683
-0.4096037447452545
-0.4092684984207153
-0.4089368879795074
-0.4086090624332428
-0.4082851111888885
-0.4079650640487671
-0.4076488316059113
-0.4073363542556763
-0.4070274233818054
-0.4067217707633972
-0.4064190685749054
-0.4061189889907837
-0.4058210849761963
-0.4055250287055969
-0.4052304923534393
-0.4049371182918549
-0.4046445488929749
-0.4043525755405426
-0.4040608704090118
-0.4037692546844482
-0.4034774899482727
-0.4031854271888733
-0.4028928875923157
-0.4025996327400208
-0.402305543422699
-0.4020103514194489
-0.4017139077186584
-0.4014159440994263
-0.4011163115501404
-0.4008147418498993
-0.4005109965801239
-0.4002048671245575
-0.3998961448669434
-0.3995846807956696
-0.3992704153060913
-0.398953378200531
-0.3986335694789886
-0.3983111083507538
-0.3979862332344055
-0.3976592123508453
-0.3973304331302643
-0.3970002830028534
-0.3966691195964813
-0.3963374197483063
-0.3960056900978088
-0.3956744074821472
-0.3953439891338348
-0.3950149118900299
-0.3946876227855682
-0.3943624794483185
-0.3940397500991821
-0.3937197625637054
-0.393402636051178
-0.3930885493755341
-0.3927776217460632
-0.3924698829650879
-0.3921652436256409
-0.3918636441230774
-0.3915649652481079
-0.3912689387798309
-0.3909753262996674
-0.3906837999820709
-0.3903940618038177
-0.3901056945323944
-0.3898183703422546
-0.3895315825939178
-0.3892450034618378
-0.388958215713501
-0.3886708617210388
-0.3883826732635498
-0.3880933225154877
-0.3878025710582733
-0.3875102698802948
-0.3872162699699402
-0.3869205415248871
-0.3866231143474579
-0.3863240778446198
-0.3860235214233398
-0.3857216835021973
-0.3854187428951263
-0.3851149380207062
-0.3848105669021606
-0.3845059275627136
-0.3842012882232666
-0.3838968873023987
-0.3835930228233337
-0.3832899630069733
-0.3829878568649292
-0.3826868534088135
-0.3823870122432709
-0.3820883631706238
-0.3817908465862274
-0.3814943432807922
-0.3811987340450287
-0.3809037804603577
-0.3806092441082001
-0.380314826965332
-0.3800201714038849
-0.3797249495983124
-0.3794287741184235
-0.3791313171386719
-0.3788322508335114
-0.3785312175750732
-0.3782279491424561
-0.3779222071170807
-0.377613753080368
-0.3773023784160614
-0.376988023519516
-0.3766705691814423
-0.3763499855995178
-0.3760262429714203
-0.3756994307041168
-0.3753695487976074
-0.3750366866588593
-0.3747009336948395
-0.3743624091148376
-0.3740211129188538
-0.373677134513855
-0.3733304738998413
-0.3729811012744904
-0.3726289868354797
-0.3722740411758423
-0.3719160854816437
-0.3715549409389496
-0.3711904585361481
-0.3708222508430481
-0.3704500496387482
-0.3700734674930573
-0.3696922063827515
-0.3693059980869293
-0.3689145147800446
-0.3685174286365509
-0.3681144118309021
-0.3677051961421967
-0.3672895729541779
-0.3668673634529114
-0.3664383888244629
-0.3660025596618652
-0.3655597865581512
-0.3651100397109985
-0.3646533191204071
-0.3641895949840546
-0.3637188076972961
-0.363241046667099
-0.3627562522888184
-0.3622645139694214
-0.3617658019065857
-0.3612601757049561
-0.3607476651668549
-0.3602283000946045
-0.359702080488205
-0.3591690361499786
-0.3586292266845703
-0.35808265209198
-0.3575294613838196
-0.356969803571701
-0.3564038276672363
-0.3558318018913269
-0.3552540838718414
-0.3546709716320038
-0.3540829420089722
-0.3534904718399048
-0.3528940975666046
-0.3522945940494537
-0.3516926169395447
-0.3510889708995819
-0.3504844903945923
-0.3498800694942474
-0.3492767512798309
-0.3486754894256592
-0.3480772972106934
-0.3474832773208618
-0.3468944430351257
-0.3463118970394135
-0.3457366526126862
-0.345169723033905
-0.3446121513843536
-0.3440649509429932
-0.3435290157794952
-0.3430052399635315
-0.3424944281578064
-0.3419973254203796
-0.3415145576000214
-0.3410466611385345
-0.3405941128730774
-0.3401573896408081
-0.3397367298603058
-0.3393322825431824
-0.3389440476894379
-0.3385719656944275
-0.3382157385349274
-0.3378749489784241
-0.3375491201877594
-0.3372375965118408
-0.3369395136833191
-0.3366539478302002
-0.3363798260688782
-0.3361159563064575
-0.335860937833786
-0.335613489151001
-0.3353720307350159
-0.3351350724697113
-0.3349010348320007
-0.3346682190895081
-0.3344350457191467
-0.3341998755931854
-0.3339611887931824
-0.333717554807663
-0.3334676325321198
-0.3332101702690125
-0.3329440653324127
-0.3326683938503265
-0.3323824405670166
-0.3320855796337128
-0.331777423620224
-0.3314578235149384
-0.3311267495155334
-0.3307844698429108
-0.330431342124939
-0.3300678730010986
-0.3296948969364166
-0.3293132781982422
-0.3289241194725037
-0.3285285830497742
-0.3281279504299164
-0.3277235329151154
-0.3273167312145233
-0.3269088864326477
-0.3265013992786407
-0.3260955512523651
-0.3256926536560059
-0.3252938985824585
-0.3249002397060394
-0.3245126008987427
-0.3241316974163055
-0.3237581253051758
-0.3233921825885773
-0.3230340480804443
-0.3226836621761322
-0.3223408162593842
-0.3220050930976868
-0.3216758668422699
-0.3213524222373962
-0.3210339248180389
-0.3207193911075592
-0.3204078078269958
-0.3200981020927429
-0.3197892308235168
-0.3194800913333893
-0.3191697001457214
-0.3188571631908417
-0.3185416162014008
-0.3182224333286285
-0.3178991377353668
-0.3175713717937469
-0.317238986492157
-0.3169020116329193
-0.316560685634613
-0.3162154853343964
-0.3158669769763947
-0.3155159056186676
-0.3151631355285645
-0.3148096799850464
-0.3144566118717194
-0.3141050338745117
-0.3137560784816742
-0.3134108185768127
-0.3130702972412109
-0.3127354085445404
-0.312406986951828
-0.3120856881141663
-0.311771959066391
-0.3114660978317261
-0.3111682534217834
-0.3108783662319183
-0.3105961382389069
-0.3103210628032684
-0.3100525140762329
-0.309789627790451
-0.3095314502716064
-0.3092769682407379
-0.30902498960495
-0.3087743520736694
-0.3085238635540009
-0.3082723915576935
-0.308018833398819
-0.3077621161937714
-0.3075013756752014
-0.3072359561920166
-0.306965172290802
-0.306688666343689
-0.3064062595367432
-0.3061178624629974
-0.3058237135410309
-0.305524080991745
-0.3052195906639099
-0.3049108386039734
-0.3045985996723175
-0.3042837679386139
-0.303967297077179
-0.3036502301692963
-0.3033335208892822
-0.3030181229114532
-0.3027050495147705
-0.3023950457572937
-0.3020889461040497
-0.3017873466014862
-0.3014907240867615
-0.3011994361877441
-0.3009136319160461
-0.3006333112716675
-0.3003582954406738
-0.3000884056091309
-0.2998231947422028
-0.2995621562004089
-0.2993046641349792
-0.299049973487854
-0.2987973690032959
-0.2985461056232452
-0.2982953786849976
-0.2980444431304932
-0.2977926433086395
-0.2975392937660217
-0.2972838580608368
-0.2970259189605713
-0.2967651784420013
-0.2965014278888702
-0.2962346076965332
-0.2959647178649902
-0.2956919372081757
-0.295416533946991
-0.29513880610466
-0.2948591411113739
-0.2945780456066132
-0.2942959666252136
-0.2940134406089783
-0.2937310338020325
-0.2934491038322449
-0.2931681275367737
-0.2928884029388428
-0.2926102578639984
-0.2923338413238525
-0.2920592427253723
-0.2917864620685577
-0.2915153503417969
-0.2912457585334778
-0.2909773886203766
-0.2907098829746246
-0.2904428839683533
-0.2901759445667267
-0.2899086773395538
-0.2896406054496765
-0.2893713116645813
-0.2891003787517548
-0.2888274490833282
-0.2885522842407227
-0.2882746756076813
-0.2879944443702698
-0.2877115309238434
-0.2874259352684021
-0.2871377170085907
-0.2868469655513763
-0.2865538597106934
-0.2862585186958313
-0.2859611511230469
-0.2856620252132416
-0.2853613793849945
-0.2850593626499176
-0.28475621342659
-0.2844521403312683
-0.2841472029685974
-0.2838415503501892
-0.2835353314876556
-0.2832285761833191
-0.282921314239502
-0.2826136648654938
-0.2823056578636169
-0.2819973230361938
-0.2816887497901917
-0.2813800275325775
-0.2810712456703186
-0.2807625532150269
-0.2804541289806366
-0.2801461815834045
-0.2798389792442322
-0.2795328199863434
-0.279228001832962
-0.2789247632026672
-0.27862349152565
-0.2783244252204895
-0.2780278325080872
-0.2777339220046997
-0.277442991733551
-0.2771551907062531
-0.2768707275390625
-0.2765896320343018
-0.2763120234012604
-0.2760379314422607
-0.2757673263549805
-0.2755002081394196
-0.2752364277839661
-0.2749759554862976
-0.2747185230255127
-0.2744640409946442
-0.2742123305797577
-0.2739632427692413
-0.273716539144516
-0.2734720408916473
-0.2732293903827667
-0.2729884386062622
-0.2727489769458771
-0.2725106775760651
-0.2722733020782471
-0.2720365822315216
-0.2718002200126648
-0.2715640068054199
-0.2713276445865631
-0.2710909247398376
-0.2708535194396973
-0.2706152498722076
-0.2703759372234344
-0.2701354622840881
-0.2698935568332672
-0.2696501910686493
-0.2694052755832672
-0.269158810377121
-0.2689107954502106
-0.2686613500118256
-0.2684105932712555
-0.2681586742401123
-0.2679058611392975
-0.2676523923873901
-0.2673985362052917
-0.267144650220871
-0.2668910920619965
-0.2666382491588593
-0.266386479139328
-0.2661361694335938
-0.2658876776695251
-0.2656412720680237
-0.2653972804546356
-0.2651559412479401
-0.2649174928665161
-0.2646821141242981
-0.2644499838352203
-0.2642211318016052
-0.2639955580234528
-0.2637732326984406
-0.2635540962219238
-0.2633379697799683
-0.2631247639656067
-0.2629142701625824
-0.2627063393592834
-0.2625007331371307
-0.2622973024845123
-0.2620957493782043
-0.2618959248065948
-0.2616976797580719
-0.2615008354187012
-0.2613052427768707
-0.261110782623291
-0.2609173655509949
-0.2607249319553375
-0.2605335116386414
-0.2603430151939392
-0.2601535022258759
-0.2599649429321289
-0.2597773969173431
-0.2595908939838409
-0.2594054341316223
-0.2592210471630096
-0.2590377628803253
-0.2588555812835693
-0.2586744427680969
-0.2584943175315857
-0.2583150863647461
-0.2581366002559662
-0.2579587399959564
-0.2577812969684601
-0.2576040923595428
-0.2574268281459808
-0.2572492659091949
-0.2570711076259613
-0.2568920850753784
-0.2567119300365448
-0.2565304338932037
-0.2563473284244537
-0.2561624348163605
-0.2559756636619568
-0.2557868659496307
-0.2555960714817047
-0.2554033100605011
-0.2552086412906647
-0.2550122737884521
-0.2548145055770874
-0.2546156048774719
-0.2544159889221191
-0.2542159855365753
-0.254016101360321
-0.2538167238235474
-0.2536184191703796
-0.2534216344356537
-0.2532268762588501
-0.2530345916748047
-0.252845287322998
-0.2526592016220093
-0.2524766325950623
-0.2522976994514465
-0.252122551202774
-0.2519511580467224
-0.2517833709716797
-0.2516190111637115
-0.251457691192627
-0.2512990236282349
-0.2511425018310547
-0.2509876191616058
-0.2508337497711182
-0.2506802976131439
-0.250526636838913
-0.2503721714019775
-0.2502163350582123
-0.2500585615634918
-0.2498984485864639
-0.2497356235980988
-0.2495698183774948
-0.2494008541107178
-0.2492286562919617
-0.2490532845258713
-0.2488748580217361
-0.248693585395813
-0.2485097497701645
-0.2483237087726593
-0.2481358796358109
-0.2479466050863266
-0.2477563470602036
-0.2475654631853104
-0.2473742961883545
-0.2471831440925598
-0.246992215514183
-0.2468016296625137
-0.2466114461421967
-0.2464216500520706
-0.2462321221828461
-0.2460426837205887
-0.2458531409502029
-0.2456631660461426
-0.2454724907875061
-0.2452808022499084
-0.2450878322124481
-0.2448932975530624
-0.2446970194578171
-0.2444988489151001
-0.2442986965179443
-0.2440965920686722
-0.2438926249742508
-0.2436869591474533
-0.2434798628091812
-0.2432715892791748
-0.2430625110864639
-0.2428529858589172
-0.2426434010267258
-0.242434099316597
-0.2422254383563995
-0.2420176863670349
-0.2418110966682434
-0.2416058778762817
-0.2414021193981171
-0.2411998361349106
-0.2409989982843399
-0.2407995164394379
-0.2406012564897537
-0.2404040396213531
-0.2402076721191406
-0.2400119602680206
-0.2398166805505753
-0.2396216988563538
-0.2394268959760666
-0.2392321825027466
-0.2390375286340714
-0.2388430088758469
-0.2386487126350403
-0.2384548187255859
-0.2382615506649017
-0.2380691319704056
-0.2378778159618378
-0.237687885761261
-0.2374995499849319
-0.2373130768537521
-0.2371286153793335
-0.2369462996721268
-0.2367662042379379
-0.2365883141756058
-0.2364125400781631
-0.2362387478351593
-0.2360667139291763
-0.2358961999416351
-0.2357268780469894
-0.2355584502220154
-0.2353906035423279
-0.2352229505777359
-0.235055223107338
-0.234887108206749
-0.2347183525562286
-0.2345487326383591
-0.2343780845403671
-0.2342062890529633
-0.2340332567691803
-0.2338589727878571
-0.2336834520101547
-0.2335067540407181
-0.2333289831876755
-0.2331502437591553
-0.2329706400632858
-0.2327903360128403
-0.2326094955205917
-0.2324282824993134
-0.2322468757629395
-0.2320654392242432
-0.2318841814994812
-0.2317032665014267
-0.2315228581428528
-0.2313431352376938
-0.2311642616987228
-0.2309863567352295
-0.2308096140623093
-0.2306341081857681
-0.2304599434137344
-0.2302872091531754
-0.2301159352064133
-0.2299461215734482
-0.2297777235507965
-0.2296106815338135
-0.2294448465108871
-0.2292800694704056
-0.2291161715984344
-0.2289528995752335
-0.2287900745868683
-0.2286274135112762
-0.2284646481275558
-0.2283016294240952
-0.2281380891799927
-0.2279738783836365
-0.2278088480234146
-0.2276429533958435
-0.2274761497974396
-0.2273084372282028
-0.2271398901939392
-0.2269706279039383
-0.226800799369812
-0.2266305685043335
-0.2264601290225983
-0.226289689540863
-0.2261194586753845
-0.2259496301412582
-0.2257803678512573
-0.2256118357181549
-0.2254441678524017
-0.2252774685621262
-0.2251117676496506
-0.2249471098184586
-0.2247834801673889
-0.2246208190917969
-0.2244590818881989
-0.2242981642484665
-0.2241379469633102
-0.2239782810211182
-0.2238190174102783
-0.2236600518226624
-0.2235012501478195
-0.2233424484729767
-0.2231835275888443
-0.2230243980884552
-0.2228649705648422
-0.2227052003145218
-0.2225450426340103
-0.2223844677209854
-0.2222235351800919
-0.2220622599124908
-0.2219007462263107
-0.2217390537261963
-0.2215773016214371
-0.2214156240224838
-0.2212541550397873
-0.221093013882637
-0.2209323197603226
-0.2207721471786499
-0.2206125557422638
-0.2204536199569702
-0.2202953398227692
-0.2201377302408218
-0.2199807614088058
-0.2198243737220764
-0.2196685075759888
-0.2195131033658981
-0.219358041882515
-0.2192031890153885
-0.2190484702587128
-0.2188937962055206
-0.2187390774488449
-0.2185842841863632
-0.2184293270111084
-0.2182741612195969
-0.2181188017129898
-0.2179632484912872
-0.2178075313568115
-0.2176516801118851
-0.2174957394599915
-0.2173397988080978
-0.2171838879585266
-0.2170280963182449
-0.2168724983930588
-0.2167171090841293
-0.2165619730949402
-0.2164071202278137
-0.2162525355815887
-0.2160982191562653
-0.2159441560506821
-0.2157903015613556
-0.215636670589447
-0.2154831737279892
-0.2153297364711761
-0.2151763290166855
-0.21502286195755
-0.2148692905902863
-0.2147155702114105
-0.2145616263151169
-0.2144074738025665
-0.2142530083656311
-0.214098259806633
-0.2139431685209274
-0.2137877643108368
-0.2136320769786835
-0.2134760767221451
-0.213319793343544
-0.2131632566452026
-0.213006466627121
-0.2128494530916214
-0.2126922309398651
-0.2125348001718521
-0.2123771458864212
-0.2122192680835724
-0.2120611220598221
-0.2119027078151703
-0.2117439955472946
-0.2115849256515503
-0.2114254981279373
-0.2112656682729721
-0.2111054509878159
-0.2109447717666626
-0.2107836455106735
-0.2106220126152039
-0.2104598730802536
-0.210297167301178
-0.2101339399814606
-0.209970161318779
-0.2098058462142944
-0.2096410244703293
-0.2094756811857224
-0.2093098163604736
-0.2091434299945831
-0.2089765220880508
-0.2088091224431992
-0.2086412012577057
-0.208472728729248
-0.2083037197589874
-0.2081341743469238
-0.2079640477895737
-0.207793340086937
-0.2076220363378525
-0.2074501216411591
-0.2072775661945343
-0.2071043103933334
-0.2069303691387177
-0.206755742430687
-0.2065803855657578
-0.2064042836427689
-0.2062274664640427
-0.206049919128418
-0.2058716863393784
-0.2056927978992462
-0.2055132836103439
-0.2053332030773163
-0.2051526308059692
-0.2049716264009476
-0.2047902792692184
-0.2046086639165878
-0.2044268697500229
-0.2042449861764908
-0.2040631324052811
-0.2038813978433609
-0.203699916601181
-0.203518807888031
-0.2033381909132004
-0.2031582295894623
-0.2029790282249451
-0.2028007209300995
-0.2026234865188599
-0.2024474292993546
-0.2022727429866791
-0.2020995318889618
-0.2019279450178146
-0.201758086681366
-0.2015900760889053
-0.2014239728450775
-0.2012598365545273
-0.2010977268218994
-0.2009376585483551
-0.2007795870304108
-0.2006234973669052
-0.2004693150520325
-0.2003169506788254
-0.2001662701368332
-0.200017124414444
-0.1998693197965622
-0.19972263276577
-0.1995768696069717
-0.1994317620992661
-0.1992870718240738
-0.1991425752639771
-0.1989980190992355
-0.1988531947135925
-0.1987078487873077
-0.1985618323087692
-0.1984149962663651
-0.1982671767473221
-0.1981182843446732
-0.1979682594537735
-0.1978170871734619
-0.1976647824048996
-0.1975114196538925
-0.197357103228569
-0.1972019374370575
-0.1970461159944534
-0.1968897879123688
-0.1967332065105438
-0.1965765953063965
-0.1964202225208282
-0.196264311671257
-0.1961091309785843
-0.1959548890590668
-0.1958018243312836
-0.1956501603126526
-0.1955000311136246
-0.1953515410423279
-0.1952047944068909
-0.1950598210096359
-0.1949165910482407
-0.1947750598192215
-0.1946350932121277
-0.1944965571165085
-0.1943592578172684
-0.194223016500473
-0.1940876245498657
-0.1939528435468674
-0.1938184648752213
-0.1936842650175095
-0.1935500204563141
-0.1934155821800232
-0.193280816078186
-0.1931456327438354
-0.1930099874734879
-0.1928738206624985
-0.1927372217178345
-0.1926002502441406
-0.1924630701541901
-0.1923258602619171
-0.1921888291835785
-0.1920521706342697
-0.1919161230325699
-0.1917809396982193
-0.1916468739509583
-0.1915141344070435
-0.1913829147815704
-0.1912534087896347
-0.1911256909370422
-0.1909998655319214
-0.1908759623765945
-0.1907538920640945
-0.1906336098909378
-0.1905149817466736
-0.1903978139162064
-0.1902818828821182
-0.1901669651269913
-0.1900527626276016
-0.1899390071630478
-0.1898254603147507
-0.1897118836641312
-0.1895980685949326
-0.1894837766885757
-0.18936887383461
-0.1892532259225845
-0.1891367882490158
-0.1890195161104202
-0.188901424407959
-0.1887825429439545
-0.1886629909276962
-0.1885428428649902
-0.1884221881628036
-0.1883011609315872
-0.1881798654794693
-0.1880583912134171
-0.1879368126392365
-0.1878151893615723
-0.1876935362815857
-0.1875718533992767
-0.1874500960111618
-0.1873282045125961
-0.1872060596942902
-0.1870835870504379
-0.1869606226682663
-0.1868370622396469
-0.1867128163576126
-0.186587780714035
-0.1864618808031082
-0.1863350570201874
-0.1862072944641113
-0.1860785931348801
-0.1859489977359772
-0.1858185678720474
-0.1856874376535416
-0.1855557560920715
-0.1854236871004105
-0.1852914243936539
-0.1851591318845749
-0.1850270181894302
-0.1848953068256378
-0.184764176607132
-0.184633806347847
-0.1845043301582336
-0.1843758523464203
-0.1842484176158905
-0.1841221153736115
-0.1839969456195831
-0.1838728934526443
-0.1837498992681503
-0.1836278736591339
-0.1835067570209503
-0.1833864152431488
-0.1832667738199234
-0.183147668838501
-0.1830290257930756
-0.1829107403755188
-0.1827926784753799
-0.1826747953891754
-0.1825569868087769
-0.1824391931295395
-0.1823213547468185
-0.1822034269571304
-0.182085394859314
-0.181967169046402
-0.1818487793207169
-0.1817301362752914
-0.1816112250089645
-0.1814920455217361
-0.1813725382089615
-0.1812526732683182
-0.1811324506998062
-0.1810118556022644
-0.1808908879756927
-0.1807695329189301
-0.1806478053331375
-0.1805257201194763
-0.1804033219814301
-0.1802806705236435
-0.1801578104496002
-0.1800348609685898
-0.1799119114875793
-0.1797890663146973
-0.1796663850545883
-0.1795440018177032
-0.1794220060110092
-0.1793004870414734
-0.1791795045137405
-0.1790591329336166
-0.1789394021034241
-0.1788203567266464
-0.1787019670009613
-0.1785842031240463
-0.1784670352935791
-0.1783504039049149
-0.1782342344522476
-0.1781184524297714
-0.1780029833316803
-0.1778877228498459
-0.1777725964784622
-0.1776575148105621
-0.177542433142662
-0.1774272918701172
-0.1773120313882828
-0.1771966069936752
-0.1770810037851334
-0.1769651770591736
-0.1768491566181183
-0.1767329275608063
-0.1766165047883987
-0.1764998883008957
-0.1763830929994583
-0.1762661784887314
-0.1761491894721985
-0.1760321259498596
-0.1759150475263596
-0.1757980138063431
-0.1756810247898102
-0.175564169883728
-0.175447478890419
-0.1753309816122055
-0.1752147227525711
-0.1750987470149994
-0.1749830991029739
-0.1748678088188171
-0.1747528463602066
-0.1746382564306259
-0.1745240241289139
-0.1744101345539093
-0.1742965579032898
-0.1741832494735718
-0.1740701943635941
-0.1739573925733566
-0.1738447546958923
-0.1737322509288788
-0.1736197918653488
-0.1735073775053024
-0.1733949929475784
-0.1732825636863708
-0.1731700748205185
-0.1730575114488602
-0.1729448586702347
-0.172832116484642
-0.1727192848920822
-0.172606348991394
-0.1724933236837387
-0.1723802536725998
-0.1722671389579773
-0.1721539944410324
-0.1720408648252487
-0.1719277799129486
-0.1718147695064545
-0.1717018932104111
-0.1715892106294632
-0.1714767068624496
-0.1713644564151764
-0.1712524592876434
-0.1711407154798508
-0.171029269695282
-0.1709180921316147
-0.1708071827888489
-0.1706965416669846
-0.1705861389636993
-0.1704759746789932
-0.1703660488128662
-0.1702563315629959
-0.1701467633247375
-0.1700373440980911
-0.1699280738830566
-0.1698189526796341
-0.1697099357843399
-0.16960109770298
-0.1694924086332321
-0.1693838834762573
-0.1692755520343781
-0.1691674143075943
-0.1690594851970673
-0.1689517945051193
-0.1688443273305893
-0.1687371283769608
-0.1686302572488785
-0.1685236990451813
-0.1684174686670303
-0.168311595916748
-0.1682060807943344
-0.1681009232997894
-0.1679960936307907
-0.1678916215896606
-0.1677874624729156
-0.1676836162805557
-0.1675800383090973
-0.1674767136573792
-0.1673735976219177
-0.1672706753015518
-0.1671678572893143
-0.1670651584863663
-0.166962519288063
-0.1668598651885986
-0.1667571812868118
-0.1666544675827026
-0.1665516346693039
-0.1664486527442932
-0.1663455367088318
-0.1662422269582748
-0.1661387234926224
-0.1660350412130356
-0.1659311503171921
-0.1658270657062531
-0.1657228320837021
-0.1656184047460556
-0.165513813495636
-0.1654090732336044
-0.1653041690587997
-0.1651991605758667
-0.1650940626859665
-0.1649888753890991
-0.1648835986852646
-0.1647782325744629
-0.1646727919578552
-0.1645672917366028
-0.1644617319107056
-0.16435606777668
-0.1642503142356873
-0.1641444265842438
-0.1640383899211884
-0.1639321893453598
-0.1638258099555969
-0.1637192219495773
-0.1636124104261398
-0.163505345582962
-0.1633980274200439
-0.1632903814315796
-0.1631824225187302
-0.1630741208791733
-0.1629654169082642
-0.1628563106060028
-0.1627467572689056
-0.1626367121934891
-0.1625261455774307
-0.1624150276184082
-0.1623033285140991
-0.1621910333633423
-0.1620781272649765
-0.1619645804166794
-0.1618503779172897
-0.1617355197668076
-0.1616199910640717
-0.1615037769079208
-0.1613869071006775
-0.161269411444664
-0.1611512899398804
-0.161032572388649
-0.1609133034944534
-0.1607934832572937
-0.1606731563806534
-0.1605523526668549
-0.1604311168193817
-0.1603095084428787
-0.1601875573396683
-0.1600652933120728
-0.1599428057670593
-0.159820094704628
-0.1596972197294235
-0.1595742553472519
-0.1594512313604355
-0.1593282222747803
-0.159205287694931
-0.1590824723243713
-0.1589598506689072
-0.1588374674320221
-0.1587154269218445
-0.1585937738418579
-0.1584725826978683
-0.158351942896843
-0.1582319140434265
-0.158112570643425
-0.1579939723014832
-0.1578762233257294
-0.1577593386173248
-0.1576433926820755
-0.1575284600257874
-0.1574146002531052
-0.1573018431663513
-0.157190203666687
-0.1570797264575958
-0.1569704115390778
-0.1568622589111328
-0.1567552834749222
-0.1566494554281235
-0.1565447300672531
-0.1564410924911499
-0.1563384830951691
-0.156236857175827
-0.1561361849308014
-0.156036376953125
-0.1559373736381531
-0.1558390855789185
-0.1557414680719376
-0.1556443870067596
-0.1555477678775787
-0.1554515063762665
-0.1553555428981781
-0.1552597433328629
-0.1551640331745148
-0.1550683081150055
-0.1549724638462067
-0.1548764407634735
-0.1547801345586777
-0.1546834856271744
-0.1545864045619965
-0.1544888764619827
-0.154390811920166
-0.1542921662330627
-0.1541929244995117
-0.1540930867195129
-0.1539926528930664
-0.1538916230201721
-0.1537900120019913
-0.1536878496408463
-0.1535851806402206
-0.1534820795059204
-0.1533786058425903
-0.1532748192548752
-0.1531708389520645
-0.1530667245388031
-0.1529625952243805
-0.152858555316925
-0.1527547091245651
-0.1526511609554291
-0.1525480300188065
-0.152445450425148
-0.1523434966802597
-0.1522422283887863
-0.152141809463501
-0.1520422399044037
-0.1519436240196228
-0.1518460363149643
-0.1517495363950729
-0.1516541540622711
-0.1515599191188812
-0.1514668762683868
-0.1513750106096268
-0.1512843072414398
-0.151194766163826
-0.1511063575744629
-0.1510190814733505
-0.1509328931570053
-0.1508477479219437
-0.150763601064682
-0.1506804078817368
-0.1505981236696243
-0.1505166590213776
-0.1504359990358353
-0.1503560692071915
-0.1502768248319626
-0.1501982510089874
-0.1501203030347824
-0.1500429511070251
-0.1499661803245544
-0.1498899906873703
-0.1498143523931503
-0.1497393101453781
-0.1496648788452148
-0.1495910882949829
-0.1495179682970047
-0.149445578455925
-0.1493739187717438
-0.1493030339479446
-0.1492329984903336
-0.1491638123989105
-0.1490955501794815
-0.1490282267332077
-0.1489618867635727
-0.1488965302705765
-0.1488321423530579
-0.1487687528133392
-0.1487063467502594
-0.1486448645591736
-0.148584246635437
-0.1485244631767273
-0.1484654396772385
-0.1484070718288422
-0.1483492404222488
-0.1482918560504913
-0.1482347398996353
-0.14817775785923
-0.1481207460165024
-0.1480635553598404
-0.1480060219764709
-0.1479479819536209
-0.147889256477356
-0.1478296965360641
-0.1477691233158112
-0.1477074027061462
-0.1476444154977798
-0.1475800275802612
-0.1475141644477844
-0.1474467366933823
-0.14737768471241
-0.1473069787025452
-0.1472345888614655
-0.1471604704856873
-0.1470846831798553
-0.1470072716474533
-0.1469283103942871
-0.1468478441238403
-0.1467659473419189
-0.1466827541589737
-0.1465983986854553
-0.1465130150318146
-0.1464267671108246
-0.1463398039340973
-0.1462523192167282
-0.1461644470691681
-0.146076425909996
-0.1459883600473404
-0.1459004282951355
-0.1458128243684769
-0.1457256525754929
-0.1456390619277954
-0.1455531567335129
-0.1454680263996124
-0.1453838050365448
-0.1453005522489548
-0.1452182978391647
-0.1451371610164642
-0.1450571119785309
-0.1449781507253647
-0.1449002772569656
-0.1448234915733337
-0.1447477638721466
-0.144673079252243
-0.1445993483066559
-0.144526481628418
-0.1444544196128845
-0.144383043050766
-0.14431232213974
-0.1442421078681946
-0.1441722959280014
-0.1441027969121933
-0.1440334469079971
-0.1439641416072845
-0.1438947916030884
-0.1438252776861191
-0.1437554806470871
-0.1436852961778641
-0.1436146348714828
-0.1435434222221375
-0.1434715390205383
-0.1433989405632019
-0.1433255523443222
-0.1432513743638992
-0.1431763768196106
-0.1431005150079727
-0.143023818731308
-0.1429463177919388
-0.1428680568933487
-0.1427890509366989
-0.1427093893289566
-0.1426291912794113
-0.142548531293869
-0.1424675136804581
-0.142386257648468
-0.1423048824071884
-0.1422235369682312
-0.1421423256397247
-0.1420613974332809
-0.1419808864593506
-0.1419008672237396
-0.14182148873806
-0.1417427957057953
-0.1416648477315903
-0.1415877044200897
-0.1415114104747772
-0.1414360105991364
-0.1413614600896835
-0.1412877440452576
-0.1412148326635361
-0.1411426514387131
-0.141071155667305
-0.1410002261400223
-0.1409298032522202
-0.1408597230911255
-0.1407898962497711
-0.1407202035188675
-0.1406505256891251
-0.1405807584524155
-0.1405108124017715
-0.1404405683279037
-0.1403699517250061
-0.140298917889595
-0.140227422118187
-0.1401554346084595
-0.1400829404592514
-0.1400099396705627
-0.1399364471435547
-0.139862522482872
-0.1397882252931595
-0.1397136002779007
-0.1396387666463852
-0.1395637989044189
-0.1394887864589691
-0.1394138187170029
-0.1393390148878098
-0.1392644196748734
-0.139190137386322
-0.1391162276268005
-0.1390427500009537
-0.1389697045087814
-0.1388971209526062
-0.1388249844312668
-0.1387532651424408
-0.1386819630861282
-0.1386110037565231
-0.1385403424501419
-0.1384699195623398
-0.1383996307849884
-0.1383293718099594
-0.138259083032608
-0.1381886750459671
-0.1381180584430695
-0.1380471438169479
-0.1379759013652802
-0.1379042565822601
-0.1378321796655655
-0.1377596408128738
-0.1376865953207016
-0.13761305809021
-0.1375390142202377
-0.1374645233154297
-0.1373895853757858
-0.1373142898082733
-0.1372386515140533
-0.1371628046035767
-0.1370867639780045
-0.1370106190443039
-0.1369344592094421
-0.1368583291769028
-0.136782318353653
-0.1367064714431763
-0.1366308629512787
-0.1365555077791214
-0.1364804804325104
-0.136405810713768
-0.1363314688205719
-0.1362574696540833
-0.1361837983131409
-0.1361103951931
-0.1360372602939606
-0.1359643340110779
-0.1358916014432907
-0.1358190327882767
-0.1357465833425522
-0.1356742084026337
-0.1356018632650375
-0.1355295181274414
-0.1354571580886841
-0.1353847533464432
-0.1353122740983963
-0.1352397501468658
-0.1351671814918518
-0.135094553232193
-0.1350218653678894
-0.1349491626024246
-0.1348764449357986
-0.1348037570714951
-0.1347310841083527
-0.1346584558486938
-0.134585902094841
-0.1345134228467941
-0.1344410926103592
-0.1343688666820526
-0.1342968046665192
-0.1342248767614365
-0.1341530829668045
-0.1340814381837845
-0.1340099573135376
-0.1339386254549026
-0.1338673979043961
-0.133796289563179
-0.1337252408266068
-0.1336542069911957
-0.1335832178592682
-0.1335121840238571
-0.1334410756826401
-0.1333699077367783
-0.1332986354827881
-0.1332272440195084
-0.1331556886434555
-0.1330839991569519
-0.133012130856514
-0.1329400986433029
-0.1328679025173187
-0.1327955573797226
-0.1327230632305145
-0.1326504647731781
-0.1325777471065521
-0.1325048953294754
-0.1324319541454315
-0.1323589235544205
-0.1322858482599258
-0.1322127133607864
-0.1321395337581635
-0.1320662796497345
-0.131992980837822
-0.1319195926189423
-0.1318461149930954
-0.131772518157959
-0.1316987723112106
-0.1316248029470444
-0.131550595164299
-0.131476104259491
-0.1314012706279755
-0.1313260495662689
-0.1312503814697266
-0.1311741918325424
-0.1310974657535553
-0.1310201287269592
-0.1309421807527542
-0.1308635175228119
-0.1307841092348099
-0.1307039260864258
-0.1306229531764984
-0.1305411607027054
-0.1304585486650467
-0.1303750872612
-0.1302907913923264
-0.1302056312561035
-0.1301196068525314
-0.1300327181816101
-0.129944920539856
-0.1298562288284302
-0.1297666132450104
-0.1296760737895966
-0.1295845806598663
-0.1294921189546585
-0.1293986588716507
-0.1293041855096817
-0.1292086839675903
-0.1291121393442154
-0.1290145069360733
-0.1289158016443253
-0.1288160681724548
-0.1287152767181396
-0.1286134570837021
-0.1285106390714645
-0.128406822681427
-0.1283020377159119
-0.1281963437795639
-0.1280897855758667
-0.127982422709465
-0.1278743147850037
-0.1277655363082886
-0.1276561766862869
-0.1275463402271271
-0.127436101436615
-0.1273255199193954
-0.1272147446870804
-0.127103865146637
-0.1269929707050323
-0.1268821954727173
-0.1267716586589813
-0.126661479473114
-0.1265517771244049
-0.1264426559209824
-0.1263342648744583
-0.1262266933917999
-0.1261200606822968
-0.1260145157575607
-0.125910148024559
-0.12580706179142
-0.1257053911685944
-0.1256051957607269
-0.1255065351724625
-0.1254095137119293
-0.1253142058849335
-0.1252206414937973
-0.1251288801431656
-0.1250389367341995
-0.1249508410692215
-0.1248645931482315
-0.124780185520649
-0.1246976107358932
-0.1246168538928032
-0.124537855386734
-0.1244605481624603
-0.1243848875164986
-0.1243107840418816
-0.1242381408810616
-0.1241668462753296
-0.1240967661142349
-0.1240277737379074
-0.1239597275853157
-0.1238924711942673
-0.1238258630037308
-0.1237597391009331
-0.1236939504742622
-0.1236283481121063
-0.123562790453434
-0.1234971210360527
-0.1234312281012535
-0.1233649700880051
-0.1232982203364372
-0.1232309117913246
-0.1231629252433777
-0.1230941861867905
-0.1230246424674988
-0.1229542568325996
-0.1228829994797707
-0.1228108778595924
-0.122737891972065
-0.1226640716195107
-0.1225895062088966
-0.1225142553448677
-0.1224384233355522
-0.1223621293902397
-0.122285507619381
-0.1222086995840073
-0.122131884098053
-0.122055247426033
-0.1219789534807205
-0.1219032108783722
-0.121828205883503
-0.1217541396617889
-0.1216812133789062
-0.1216096132993698
-0.1215395256876945
-0.1214711368083954
-0.1214046105742455
-0.1213400885462761
-0.1212777122855186
-0.1212176084518433
-0.1211598739027977
-0.1211046129465103
-0.1210518777370453
-0.1210017129778862
-0.1209541484713554
-0.1209091618657112
-0.1208667457103729
-0.1208268254995346
-0.1207893416285515
-0.120754212141037
-0.1207213178277016
-0.1206905171275139
-0.1206616684794426
-0.1206346228718758
-0.1206092163920403
-0.1205852702260017
-0.1205626130104065
-0.120541088283062
-0.1205205097794533
-0.1205007061362267
-0.1204815208911896
-0.1204628124833107
-0.1204444244503975
-0.1204262301325798
-0.1204081028699875
-0.1203899532556534
-0.1203716769814491
-0.1203531846404076
-0.1203343942761421
-0.1203152686357498
-0.1202957406640053
-0.1202757731080055
-0.1202553287148476
-0.1202343478798866
-0.1202128157019615
-0.120190717279911
-0.1201680079102516
-0.1201446577906609
-0.1201206371188164
-0.120095893740654
-0.1200704053044319
-0.1200440973043442
-0.1200169250369072
-0.119988813996315
-0.1199596896767616
-0.1199294626712799
-0.1198980286717415
-0.1198653057217598
-0.1198311746120453
-0.119795523583889
-0.1197582557797432
-0.1197192445397377
-0.119678407907486
-0.1196356490254402
-0.1195908859372139
-0.1195440515875816
-0.119495116174221
-0.1194440722465515
-0.1193909049034119
-0.1193356588482857
-0.1192783787846565
-0.1192191541194916
-0.1191580966114998
-0.1190953552722931
-0.1190311014652252
-0.1189655289053917
-0.1188988536596298
-0.1188313290476799
-0.1187631860375404
-0.1186947077512741
-0.118626169860363
-0.1185578480362892
-0.1184900104999542
-0.1184229478240013
-0.1183569133281708
-0.1182921379804611
-0.1182288452982903
-0.1181672289967537
-0.1181074604392052
-0.1180496588349342
-0.1179939210414886
-0.1179403364658356
-0.1178888902068138
-0.117839589715004
-0.1177923902869225
-0.1177471876144409
-0.117703840136528
-0.1176621988415718
-0.1176220700144768
-0.1175832375884056
-0.117545448243618
-0.1175084710121155
-0.1174720153212547
-0.1174358204007149
-0.1173996105790138
-0.1173631176352501
-0.117326095700264
-0.1172882840037346
-0.1172494888305664
-0.1172095239162445
-0.1171682476997375
-0.117125540971756
-0.1170813217759132
-0.1170355379581451
-0.1169881746172905
-0.1169392764568329
-0.1168888807296753
-0.1168370917439461
-0.1167840287089348
-0.116729848086834
-0.1166747212409973
-0.1166188195347786
-0.1165623590350151
-0.1165055334568024
-0.1164485663175583
-0.116391658782959
-0.1163350269198418
-0.1162788569927216
-0.1162233427166939
-0.1161686554551125
-0.1161149218678474
-0.1160622909665108
-0.1160108596086502
-0.1159607023000717
-0.1159118786454201
-0.1158644184470177
-0.1158182993531227
-0.1157734990119934
-0.115729957818985
-0.1156875789165497
-0.1156462430953979
-0.1156058385968208
-0.1155662089586258
-0.1155271977186203
-0.1154886558651924
-0.1154503747820854
-0.1154122203588486
-0.1153739988803864
-0.1153355613350868
-0.1152967512607574
-0.1152574270963669
-0.115217462182045
-0.1151767373085022
-0.1151351630687714
-0.1150926798582077
-0.1150492280721664
-0.1150047704577446
-0.1149593144655228
-0.1149128675460815
-0.1148654744029045
-0.1148172095417976
-0.1147681251168251
-0.1147183254361153
-0.1146679073572159
-0.1146169900894165
-0.1145657002925873
-0.114514172077179
-0.1144625470042229
-0.1144109442830086
-0.1143594980239868
-0.1143083348870277
-0.1142575442790985
-0.1142072305083275
-0.1141574680805206
-0.1141083315014839
-0.1140598729252815
-0.1140121147036552
-0.1139650642871857
-0.1139187067747116
-0.1138730272650719
-0.1138279810547829
-0.1137835159897804
-0.1137395426630974
-0.1136959940195084
-0.113652765750885
-0.113609753549099
-0.1135668605566025
-0.1135239824652672
-0.1134810149669647
-0.1134378686547279
-0.1133944690227509
-0.1133507266640663
-0.1133065596222878
-0.1132619306445122
-0.1132168248295784
-0.113171212375164
-0.1131251007318497
-0.1130785048007965
-0.1130314469337463
-0.1129839718341827
-0.1129361316561699
-0.1128879860043526
-0.1128396019339561
-0.112791046500206
-0.1127424165606499
-0.1126937791705132
-0.112645223736763
-0.1125968247652054
-0.1125486344099045
-0.1125007271766663
-0.1124531403183937
-0.1124059185385704
-0.1123590841889381
-0.1123126372694969
-0.1122665852308273
-0.1122209057211876
-0.1121755689382553
-0.1121305450797081
-0.1120857745409012
-0.1120411977171898
-0.1119967699050903
-0.1119524165987968
-0.1119080632925034
-0.1118636578321457
-0.1118191406130791
-0.1117744594812393
-0.1117295697331429
-0.1116844341158867
-0.1116390377283096
-0.1115933507680893
-0.1115473806858063
-0.1115011423826218
-0.1114546433091164
-0.1114079207181931
-0.1113610118627548
-0.1113139465451241
-0.1112667843699455
-0.1112195774912834
-0.1111723706126213
-0.1111252084374428
-0.1110781505703926
-0.1110312193632126
-0.1109844446182251
-0.1109378486871719
-0.1108914315700531
-0.1108452156186104
-0.1107991859316826
-0.1107533276081085
-0.110707625746727
-0.1106620281934738
-0.1106165125966072
-0.1105710417032242
-0.1105255857110023
-0.1104800850152969
-0.1104345098137856
-0.110388807952404
-0.11034294962883
-0.1102969124913216
-0.1102506369352341
-0.1102041229605675
-0.1101573556661606
-0.1101102977991104
-0.1100629270076752
-0.1100152581930161
-0.1099672839045525
-0.1099189892411232
-0.1098703965544701
-0.109821505844593
-0.1097723394632339
-0.1097228899598122
-0.1096731647849083
-0.1096231713891029
-0.1095729023218155
-0.109522357583046
-0.1094715222716331
-0.1094203665852547
-0.1093688681721687
-0.1093169823288918
-0.1092646718025208
-0.1092118620872498
-0.109158493578434
-0.1091045066714287
-0.1090498343110085
-0.1089944019913673
-0.1089381352066994
-0.1088809743523598
-0.108822837471962
-0.1087636724114418
-0.1087034195661545
-0.1086420193314552
-0.1085794344544411
-0.108515590429306
-0.1084504500031471
-0.1083839684724808
-0.1083161011338234
-0.1082467883825302
-0.1081760078668594
-0.1081036999821663
-0.1080298349261284
-0.1079543605446815
-0.1078772395849228
-0.1077984347939491
-0.1077178791165352
-0.1076355427503586
-0.1075513884425163
-0.107465386390686
-0.1073775142431259
-0.1072877198457718
-0.1071959808468819
-0.1071022748947144
-0.1070065945386887
-0.1069089248776436
-0.1068092510104179
-0.1067075803875923
-0.1066039130091667
-0.1064982786774635
-0.1063907071948051
-0.1062812507152557
-0.1061699539422989
-0.1060568913817406
-0.1059421524405479
-0.1058258190751076
-0.1057080030441284
-0.1055888235569
-0.1054683998227119
-0.1053468957543373
-0.1052244678139687
-0.1051012799143791
-0.1049774810671806
-0.1048532798886299
-0.1047288551926613
-0.1046044006943703
-0.1044801026582718
-0.1043561846017838
-0.1042328476905823
-0.1041103005409241
-0.1039887517690659
-0.1038684248924255
-0.1037495359778404
-0.1036322861909866
-0.1035168841481209
-0.1034035310149193
-0.1032924130558968
-0.1031837239861488
-0.103077657520771
-0.1029743552207947
-0.1028739884495735
-0.1027766913175583
-0.1026825755834579
-0.1025917530059814
-0.1025043129920959
-0.1024203076958656
-0.1023398116230965
-0.1022628173232079
-0.1021893247961998
-0.1021193191409111
-0.1020527482032776
-0.1019895225763321
-0.1019295379519463
-0.1018726527690887
-0.101818710565567
-0.1017675325274467
-0.1017189025878906
-0.1016726195812225
-0.101628452539444
-0.1015861555933952
-0.1015454605221748
-0.1015061363577843
-0.1014679148793221
-0.1014305353164673
-0.1013937368988991
-0.1013572588562965
-0.101320892572403
-0.1012843996286392
-0.101247563958168
-0.1012101992964745
-0.1011721342802048
-0.1011332347989082
-0.1010933965444565
-0.1010525152087212
-0.1010105460882187
-0.1009674593806267
-0.1009232848882675
-0.100878082215786
-0.1008319556713104
-0.1007850244641304
-0.1007374748587608
-0.1006894931197166
-0.1006413325667381
-0.1005932688713074
-0.1005455777049065
-0.1004985868930817
-0.1004526242613792
-0.1004080176353455
-0.1003651320934296
-0.1003243327140808
-0.1002859696745872
-0.1002503931522369
-0.1002179309725761
-0.1001889184117317
-0.1001636385917664
-0.1001423597335815
-0.1001252979040146
-0.1001126617193222
-0.1001046076416969
-0.1001012474298477
-0.1001026406884193
-0.1001088172197342
-0.1001197472214699
-0.1001353338360786
-0.1001554653048515
-0.1001799404621124
-0.100208543241024
-0.1002410054206848
-0.100276991724968
-0.1003161370754242
-0.1003580540418625
-0.1004023402929306
-0.1004485487937927
-0.1004962250590324
-0.1005448922514915
-0.1005940660834312
-0.1006432771682739
-0.1006920412182808
-0.1007398888468742
-0.1007863879203796
-0.1008311063051224
-0.1008736565709114
-0.1009136661887169
-0.1009507924318314
-0.1009847447276115
-0.1010152697563171
-0.1010421440005302
-0.1010651960968971
-0.1010842844843864
-0.1010993346571922
-0.1011102795600891
-0.1011171042919159
-0.101119838654995
-0.1011185273528099
-0.1011132821440697
-0.1011042296886444
-0.1010915115475655
-0.1010753065347672
-0.1010558009147644
-0.1010331809520721
-0.1010076701641083
-0.1009794920682907
-0.1009488552808762
-0.1009159907698631
-0.1008811295032501
-0.100844494998455
-0.1008063182234764
-0.1007668003439903
-0.1007261350750923
-0.1006845161318779
-0.100642129778862
-0.1005991473793983
-0.1005557328462601
-0.1005120426416397
-0.1004682332277298
-0.1004244238138199
-0.1003807634115219
-0.100337378680706
-0.1002943962812424
-0.1002519354224205
-0.1002101078629494
-0.1001690402626991
-0.1001288443803787
-0.1000896543264389
-0.1000515818595886
-0.1000147387385368
-0.09997925907373428
-0.09994523972272873
-0.09991279989480972
-0.09988205134868622
-0.09985307604074478
-0.09982597082853317
-0.09980078786611557
-0.09977758675813675
-0.0997563898563385
-0.09973719716072083
-0.09972000867128372
-0.09970474988222122
-0.09969134628772736
-0.09967970103025436
-0.09966966509819031
-0.09966105222702026
-0.09965368360280991
-0.09964734315872192
-0.09964178502559662
-0.0996367484331131
-0.09963196516036987
-0.09962715208530426
-0.09962202608585358
-0.09961631894111633
-0.09960975497961044
-0.09960208088159561
-0.09959307312965393
-0.09958251565694809
-0.09957022964954376
-0.09955606609582901
-0.09953991323709488
-0.099521704018116
-0.09950142353773117
-0.09947909414768219
-0.09945479035377502
-0.09942863136529922
-0.09940077364444733
-0.09937142580747604
-0.09934083372354507
-0.09930927306413651
-0.09927701950073242
-0.09924440830945969
-0.09921175986528397
-0.09917940944433212
-0.09914767742156982
-0.09911686927080154
-0.09908728301525116
-0.09905917197465897
-0.09903278201818466
-0.09900828450918198
-0.09898581355810165
-0.09896548837423325
-0.09894733875989914
-0.09893135726451874
-0.09891749173402786
-0.09890564531087875
-0.09889565408229828
-0.09888733178377151
-0.09888042509555817
-0.09887468814849854
-0.09886980801820755
-0.09886547923088074
-0.09886135905981064
-0.09885711222887039
-0.09885241836309433
-0.09884694963693619
-0.09884041547775269
-0.09883254766464233
-0.09882309287786484
-0.09881185740232468
-0.09879867732524872
-0.0987834557890892
-0.09876614063978195
-0.09874670952558517
-0.09872521460056305
-0.09870174527168274
-0.0986764132976532
-0.09864940494298935
-0.09862092137336731
-0.09859121590852737
-0.09856052696704865
-0.098529152572155
-0.09849738329648972
-0.09846550226211548
-0.09843380004167557
-0.09840254485607147
-0.09837199747562408
-0.09834238141775131
-0.09831389039754868
-0.09828668087720871
-0.09826088696718216
-0.0982365757226944
-0.09821378439664841
-0.098192498087883
-0.09817267954349518
-0.09815424680709839
-0.09813708811998367
-0.0981210395693779
-0.09810591489076614
-0.09809152036905289
-0.09807765483856201
-0.09806407243013382
-0.09805058687925339
-0.09803695231676102
-0.09802298247814178
-0.09800849109888077
-0.09799329191446304
-0.09797725081443787
-0.09796025604009628
-0.09794223308563232
-0.09792311489582062
-0.09790287911891937
-0.09788153320550919
-0.09785912185907364
-0.09783569723367691
-0.09781137108802795
-0.09778627008199692
-0.09776050597429276
-0.0977342426776886
-0.0977076068520546
-0.09768076241016388
-0.09765385091304779
-0.09762702882289886
-0.09760043770074844
-0.09757418930530548
-0.09754839539527893
-0.09752315282821655
-0.09749852865934372
-0.09747456014156342
-0.09745127707719803
-0.09742868691682816
-0.0974067822098732
-0.09738550335168839
-0.09736481308937073
-0.09734462946653366
-0.09732487052679062
-0.09730542451143265
-0.09728618711233139
-0.09726705402135849
-0.09724791347980499
-0.09722865372896194
-0.09720916301012039
-0.09718937426805496
-0.09716919809579849
-0.0971485823392868
-0.09712746739387512
-0.09710583835840225
-0.097083680331707
-0.09706098586320877
-0.09703777730464935
-0.09701408445835114
-0.0969899520277977
-0.09696543961763382
-0.09694062173366547
-0.09691554307937622
-0.09689029306173325
-0.09686493128538132
-0.09683950990438461
-0.09681409597396851
-0.09678876399993896
-0.09676356613636017
-0.0967385470867157
-0.09671372920274734
-0.0966891273856163
-0.09666474908590317
-0.09664057195186615
-0.09661658853292465
-0.09659276157617569
-0.09656904637813568
-0.09654538333415985
-0.09652169793844223
-0.09649793058633804
-0.09647399187088013
-0.09644980728626251
-0.09642529487609863
-0.09640038013458252
-0.09637497365474701
-0.09634900838136673
-0.09632242470979691
-0.09629514813423157
-0.09626714885234833
-0.09623836725950241
-0.09620878100395203
-0.09617837518453598
-0.09614710509777069
-0.09611496329307556
-0.09608194231987
-0.0960480272769928
-0.09601322561502457
-0.09597751498222351
-0.09594089537858963
-0.09590335190296173
-0.09586486220359802
-0.09582540392875671
-0.09578495472669601
-0.09574346989393234
-0.09570088237524033
-0.09565713256597519
-0.09561215341091156
-0.09556584805250168
-0.09551812708377838
-0.09546889364719391
-0.0954180508852005
-0.0953654870390892
-0.09531108289957047
-0.09525472670793533
-0.09519631415605545
-0.09513571113348007
-0.09507282823324203
-0.09500754624605179
-0.09493977576494217
-0.09486943483352661
-0.09479644149541855
-0.09472070634365082
-0.09464216232299805
-0.09456073492765427
-0.0944763571023941
-0.09438899159431458
-0.0942985936999321
-0.0942051112651825
-0.09410850703716278
-0.09400872886180878
-0.0939057320356369
-0.09379949420690536
-0.09368997812271118
-0.09357713907957077
-0.09346096962690353
-0.09334143996238708
-0.09321852773427963
-0.09309221804141998
-0.09296248853206635
-0.09282932430505753
-0.09269274771213531
-0.09255275130271912
-0.09240937232971191
-0.09226264804601669
-0.09211264550685883
-0.09195942431688309
-0.09180308878421783
-0.09164375066757202
-0.09148156642913818
-0.09131669998168945
-0.09114933013916016
-0.09097970277070999
-0.09080804884433746
-0.09063463658094406
-0.09045977145433426
-0.09028376638889313
-0.09010698646306992
-0.08992977440357208
-0.08975253999233246
-0.08957567065954208
-0.08939960598945618
-0.08922477066516876
-0.08905162662267685
-0.08888062089681625
-0.08871221542358398
-0.08854688704013824
-0.08838510513305664
-0.08822733908891678
-0.08807403594255447
-0.08792563527822495
-0.08778258413076401
-0.0876452773809433
-0.08751409500837326
-0.08738938719034195
-0.08727149665355682
-0.08716069906949997
-0.08705724775791168
-0.08696136623620987
-0.08687324076890945
-0.08679298311471939
-0.08672069013118744
-0.08665637671947479
-0.08660001307725906
-0.08655154705047607
-0.08651085197925568
-0.08647775650024414
-0.08645202964544296
-0.08643340319395065
-0.08642154932022095
-0.086416095495224
-0.08641663193702698
-0.08642271161079407
-0.08643384277820587
-0.0864495262503624
-0.08646923303604126
-0.08649241924285889
-0.0865185409784317
-0.08654703199863434
-0.08657736331224442
-0.08660901337862015
-0.08664147555828094
-0.0866742804646492
-0.08670699596405029
-0.08673922717571259
-0.08677061647176743
-0.08680086582899094
-0.08682975172996521
-0.08685707300901413
-0.08688271045684814
-0.08690659701824188
-0.08692874014377594
-0.08694922178983688
-0.08696817606687546
-0.08698579668998718
-0.08700235188007355
-0.08701815456151962
-0.08703357726335526
-0.08704904466867447
-0.08706501126289368
-0.08708197623491287
-0.08710044622421265
-0.08712096512317657
-0.08714405447244644
-0.08717028051614761
-0.08720014244318008
-0.08723414689302444
-0.0872727707028389
-0.08731643855571747
-0.0873655378818512
-0.08742040395736694
-0.08748128265142441
-0.08754836767911911
-0.08762175589799881
-0.08770148456096649
-0.08778748661279678
-0.08787960559129715
-0.08797758817672729
-0.08808109909296036
-0.08818970620632172
-0.08830289542675018
-0.088420070707798
-0.08854053914546967
-0.08866354823112488
-0.08878827095031738
-0.08891384303569794
-0.08903934061527252
-0.08916381746530533
-0.08928633481264114
-0.08940592408180237
-0.0895216315984726
-0.0896325558423996
-0.08973781764507294
-0.08983658999204636
-0.08992813527584076
-0.09001177549362183
-0.0900869220495224
-0.09015311300754547
-0.0902099609375
-0.09025721251964569
-0.0902947336435318
-0.09032250195741653
-0.09034062176942825
-0.09034931659698486
-0.09034892171621323
-0.09033987671136856
-0.09032274037599564
-0.09029814600944519
-0.09026680886745453
-0.09022953361272812
-0.09018715471029282
-0.09014057368040085
-0.09009067714214325
-0.09003840386867523
-0.08998467028141022
-0.08993036299943924
-0.08987636119127274
-0.08982348442077637
-0.08977251499891281
-0.08972413092851639
-0.08967895805835724
-0.08963754773139954
-0.08960035443305969
-0.08956773579120636
-0.08953996747732162
-0.08951722830533981
-0.08949960768222809
-0.08948711305856705
-0.08947964012622833
-0.0894770547747612
-0.08947910368442535
-0.08948551863431931
-0.089495949447155
-0.08951000869274139
-0.08952728658914566
-0.08954735845327377
-0.08956976234912872
-0.08959406614303589
-0.08961983770132065
-0.08964665234088898
-0.08967411518096924
-0.08970184624195099
-0.08972951024770737
-0.0897567942738533
-0.0897834524512291
-0.08980925381183624
-0.08983401209115982
-0.08985760062932968
-0.08987991511821747
-0.08990089595317841
-0.0899205282330513
-0.08993881195783615
-0.08995578438043594
-0.08997149765491486
-0.08998602628707886
-0.08999945223331451
-0.09001185745000839
-0.09002333879470825
-0.09003398567438126
-0.09004389494657516
-0.09005313366651535
-0.09006179869174957
-0.09006994962692261
-0.09007763862609863
-0.09008493274450302
-0.09009183943271637
-0.09009840339422226
-0.09010466933250427
-0.0901106595993042
-0.09011641144752502
-0.09012195467948914
-0.09012734144926071
-0.09013261646032333
-0.09013785421848297
-0.09014313668012619
-0.09014855325222015
-0.09015422314405441
-0.09016025066375732
-0.09016679972410202
-0.09017402678728104
-0.09018206596374512
-0.09019108861684799
-0.09020127356052399
-0.09021276235580444
-0.09022572636604309
-0.09024029970169067
-0.09025659412145615
-0.09027469158172607
-0.09029465168714523
-0.09031651169061661
-0.0903402641415596
-0.09036583453416824
-0.09039314091205597
-0.09042203426361084
-0.09045233577489853
-0.09048382192850113
-0.09051621705293655
-0.09054923802614212
-0.09058257192373276
-0.09061586856842041
-0.09064876288175583
-0.09068089723587036
-0.09071192145347595
-0.09074146300554276
-0.0907692015171051
-0.09079483151435852
-0.09081810712814331
-0.09083878248929977
-0.09085669368505478
-0.09087171405553818
-0.09088379144668579
-0.09089292585849762
-0.09089918434619904
-0.09090270847082138
-0.09090366959571838
-0.09090231359004974
-0.09089891612529755
-0.09089382737874985
-0.09088741987943649
-0.09088009595870972
-0.09087225794792175
-0.09086434543132782
-0.09085676819086075
-0.09084994345903397
-0.09084424376487732
-0.09084002673625946
-0.09083758294582367
-0.09083717316389084
-0.09083898365497589
-0.09084315598011017
-0.09084974974393845
-0.09085877984762192
-0.09087017178535461
-0.09088380634784698
-0.0908995047211647
-0.09091702103614807
-0.09093606472015381
-0.09095631539821625
-0.09097742289304733
-0.09099902957677841
-0.09102075546979904
-0.09104221314191818
-0.09106306731700897
-0.09108297526836395
-0.09110162407159805
-0.09111876040697098
-0.09113414585590363
-0.09114760905504227
-0.09115903079509735
-0.0911683663725853
-0.09117559343576431
-0.09118077158927917
-0.09118399024009705
-0.09118537604808807
-0.09118513017892838
-0.09118346869945526
-0.09118064492940903
-0.09117692708969116
-0.09117260575294495
-0.09116793423891068
-0.09116318076848984
-0.09115859866142273
-0.09115441143512726
-0.09115082770586014
-0.0911480039358139
-0.0911460742354393
-0.0911450982093811
-0.0911451131105423
-0.09114611148834229
-0.09114803373813629
-0.09115079045295715
-0.09115425497293472
-0.09115827083587646
-0.09116264432668686
-0.09116717427968979
-0.09117162972688675
-0.09117580205202103
-0.09117944538593292
-0.09118235856294632
-0.09118432551622391
-0.09118515998125076
-0.09118471294641495
-0.09118284285068512
-0.09117946028709412
-0.09117447584867477
-0.09116785973310471
-0.09115958213806152
-0.09114968776702881
-0.09113822132349014
-0.09112526476383209
-0.09111092984676361
-0.09109535068273544
-0.09107866138219833
-0.09106100350618362
-0.09104254841804504
-0.09102342277765274
-0.09100380539894104
-0.09098383039236069
-0.09096365422010422
-0.09094340354204178
-0.09092318266630173
-0.09090310335159302
-0.09088326245546341
-0.09086370468139648
-0.09084450453519821
-0.09082570672035217
-0.09080737829208374
-0.09078953415155411
-0.09077221155166626
-0.09075543284416199
-0.09073925018310547
-0.09072369337081909
-0.09070880711078644
-0.09069464355707169
-0.09068126976490021
-0.09066875278949738
-0.09065718203783035
-0.0906466543674469
-0.09063725918531418
-0.09062911570072174
-0.09062235057353973
-0.09061708301305771
-0.09061345458030701
-0.09061156958341599
-0.09061157703399658
-0.09061360359191895
-0.09061773866415024
-0.09062408655881882
-0.09063272923231125
-0.09064371138811111
-0.0906570702791214
-0.0906728208065033
-0.09069094061851501
-0.09071137011051178
-0.09073404967784882
-0.09075886011123657
-0.0907856673002243
-0.09081429243087769
-0.0908445417881012
-0.09087620675563812
-0.09090903401374817
-0.09094278514385223
-0.09097718447446823
-0.09101197868585587
-0.09104686230421066
-0.09108155965805054
-0.091115802526474
-0.09114933013916016
-0.09118188172578812
-0.09121322631835938
-0.09124314785003662
-0.09127144515514374
-0.091297946870327
-0.09132255613803864
-0.09134519100189209
-0.09136578440666199
-0.09138431400060654
-0.09140080958604813
-0.09141535311937332
-0.09142804145812988
-0.09143903851509094
-0.09144852310419083
-0.09145674109458923
-0.09146396070718765
-0.09147047996520996
-0.09147663414478302
-0.09148276597261429
-0.09148926287889481
-0.09149651229381561
-0.09150492399930954
-0.09151493012905121
-0.09152694791555405
-0.09154138714075089
-0.09155867993831635
-0.09157923609018326
-0.09160343557596207
-0.09163165837526321
-0.09166423976421356
-0.09170151501893997
-0.09174374490976334
-0.09179117530584335
-0.09184398502111435
-0.09190233051776886
-0.09196628630161285
-0.09203591197729111
-0.09211117029190063
-0.09219197183847427
-0.09227818995714188
-0.09236963838338852
-0.09246604144573212
-0.09256711602210999
-0.09267249703407288
-0.09278178960084915
-0.0928945392370224
-0.09301027655601501
-0.09312849491834641
-0.0932486429810524
-0.09337018430233002
-0.09349256008863449
-0.09361521899700165
-0.09373762458562851
-0.09385926276445389
-0.09397962689399719
-0.09409824758768082
-0.09421472996473312
-0.09432867914438248
-0.0944398045539856
-0.09454783797264099
-0.09465257823467255
-0.09475390613079071
-0.09485176205635071
-0.09494616091251373
-0.09503718465566635
-0.09512495994567871
-0.09520967304706573
-0.09529156237840652
-0.09537092596292496
-0.0954480916261673
-0.095523402094841
-0.09559721499681473
-0.09566991776227951
-0.0957418829202652
-0.09581349045038223
-0.09588508307933807
-0.09595696628093719
-0.09602942317724228
-0.09610268473625183
-0.09617692232131958
-0.09625226259231567
-0.09632875025272369
-0.09640637040138245
-0.09648505598306656
-0.09656468778848648
-0.0966450497508049
-0.09672587364912033
-0.0968068540096283
-0.09688762575387955
-0.09696777164936066
-0.09704684466123581
-0.0971243754029274
-0.09719988703727722
-0.09727291017770767
-0.09734295308589935
-0.09740959107875824
-0.09747239202260971
-0.09753097593784332
-0.09758501499891281
-0.09763423353433609
-0.09767840802669525
-0.09771739691495895
-0.09775111824274063
-0.09777957946062088
-0.09780284017324448
-0.09782103449106216
-0.09783437103033066
-0.09784312546253204
-0.0978475958108902
-0.09784816950559616
-0.09784524887800217
-0.09783925116062164
-0.0978306457400322
-0.09781988710165024
-0.09780741482973099
-0.09779364615678787
-0.09777900576591492
-0.09776385128498077
-0.09774850308895111
-0.09773319959640503
-0.09771812707185745
-0.09770341962575912
-0.09768910706043243
-0.0976751372218132
-0.09766139835119247
-0.09764767438173294
-0.09763368219137192
-0.09761904925107956
-0.09760332852602005
-0.09758602827787399
-0.09756656736135483
-0.0975443422794342
-0.09751869738101959
-0.09748893231153488
-0.09745435416698456
-0.09741424769163132
-0.09736790508031845
-0.09731464087963104
-0.09725378453731537
-0.0971846878528595
-0.09710675477981567
-0.09701944887638092
-0.09692228585481644
-0.0968148484826088
-0.09669677913188934
-0.0965677872300148
-0.09642765671014786
-0.09627627581357956
-0.09611356258392334
-0.09593954682350159
-0.09575429558753967
-0.09555796533823013
-0.09535077214241028
-0.09513299912214279
-0.09490498155355453
-0.09466712921857834
-0.09441989660263062
-0.09416376799345016
-0.09389930218458176
-0.09362708032131195
-0.09334775805473328
-0.09306201338768005
-0.09277055412530899
-0.09247413277626038
-0.09217353910207748
-0.09186959266662598
-0.09156313538551331
-0.0912550613284111
-0.09094628691673279
-0.09063774347305298
-0.09033039957284927
-0.09002523124217987
-0.08972325921058655
-0.08942548930644989
-0.08913293480873108
-0.08884663134813309
-0.08856760710477829
-0.08829688280820847
-0.0880354568362236
-0.0877842977643013
-0.08754435181617737
-0.08731650561094284
-0.08710160851478577
-0.08690043538808823
-0.08671368658542633
-0.08654200285673141
-0.08638589084148407
-0.08624579012393951
-0.08612204343080521
-0.08601484447717667
-0.08592429012060165
-0.08585035800933838
-0.08579289168119431
-0.08575161546468735
-0.08572611957788467
-0.0857158824801445
-0.0857202410697937
-0.08573845773935318
-0.0857696458697319
-0.08581282198429108
-0.08586692810058594
-0.08593080192804337
-0.08600321412086487
-0.08608289808034897
