0
0
0
0
0
0
0
0
0
0
0
0
0
0
0
0
0
0
0
0
0
0
0
0
0
0
0
0
0
0
0
0
0
0
0
0
0
0
0
0
0
0
0
0
0
0
0
0
0
0
0
0
0
0
0
0
0
0
0
0
0
0
0
0
0
0
0
0
0
0
0
0
0
0
0
0
0
0
0
0
0
0
0
0
0
0
0
0
0
0
0
0
0
0
0
0
0
0
0
0
0
0
0
0
0
0
0
0
0
0
0
0
0
0
0
0
0
0
0
0
0
0
0
0
0
0
0
0
0
0
0
0
0
0
0
0
0
0
0
0
0
0
0
0
0
0
0
0
0
0
0
0
0
0
0
0
0
0
0
0
0
0
0
0
0
0
0
0
0
0
0
0
0
0
0
0
0
0
0
0
0
0
0
0
0
0
0
0
0
0
0
0
0
0
0
0
0
0
0
0
0
0
0
0
0
0
0
0
0
0
0
0
0
0
0
0
0
0
0
0
0
0
0
0
0
0
0
0
0
0
0
0
0
0
0
0
0
0
0
0
0
0
0
0
0
0
0
0
0
0
0
0
0
0
0
0
0
0
0
0
0
0
0
0
0
0
0
0
0
0
0
0
0
0
0
0
0
0
0
0
0
0
0
0
0
0
0
0
0
0
0
0
0
0
0
0
0
0
0
0
0
0
0
0
0
0
0
0
0
0
0
0
0
0
0
0
0
0
0
0
0
0
0
0
0
0
0
0
0
0
0
0
0
0
0
0
0
0
0
0
0
0
0
0
0
0
0
0
0
0
0
0
0
0
0
0
0
0
0
0
0
0
0
0
0
0
0
0
0
0
0
0
0
0
0
0
0
0
0
0
0
0
0
0
0
0
0
0
0
0
0
0
0
0
0
0
0
0
0
0
0
0
0
0
0
0
0
0
0
0
0
0
0
0
0
0
0
0
0
0
0
0
0
0
0
0
0
0
0
0
0
0
0
0
0
0
0
0
0
0
0
0
0
0
0
0
0
0
0
0
0
0
0
0
0
0
0
0
0
0
0
0
0
0
0
0
0
0
0
0
0
0
0
0
0
0
0
0
0
0
0
0
0
0
0
0
0
0
0
0
0
0
0
0
0
0
0
0
0
0
0
0
0
0
0
0
0
0
0
0
0
0
0
0
0
0
0
0
0
0
0
0
0
0
0
0
0
0
0
0
0
0
0
0
0
0
0
0
0
0
0
0
0
0
0
0
0
0
0
0
0
0
0
0
0
0
0
0
0
0
0
0
0
0
0
0
0
0
0
0
0
0
0
0
0
0
0
0
0
0
0
0
0
0
0
0
0
0
0
0
0
0
0
0
0
0
0
0
0
0
0
0
0
0
0
0
0
0
0
0
0
0
0
0
0
0
0
0
0
0
0
0
0
0
0
0
0
0
0
0
0
0
0
0
0
0
0
0
0
0
0
0
0
0
0
0
0
0
0
0
0
0
0
0
0
0
0
0
0
0
0
0
0
0
0
0
0
0
0
0
0
0
0
0
0
0
0
0
0
0
0
0
0
0
0
0
0
0
0
0
0
0
0
0
0
0
0
0
0
0
0
0
0
0
0
0
0
0
0
0
0
0
0
0
0
0
0
0
0
0
0
0
0
0
0
0
0
0
0
0
0
0
0
0
0
0
0
0
0
0
0
0
0
0
0
0
0
0
0
0
0
0
0
0
0
0
0
0
0
0
0
0
0
0
0
0
0
0
0
0
0
0
0
0
0
0
0
0
0
0
0
0
0
0
0
0
0
0
0
0
0
0
0
0
0
0
0
0
0
0
0
0
0
0
0
0
0
0
0
0
0
0
0
0
0
0
0
0
0
0
0
0
0
0
0
0
0
0
0
0
0
0
0
0
0
0
0
0
0
0
0
0
0
0
0
0
0
0
0
0
0
0
0
0
0
0
0
0
0
0
0
0
0
0
0
0
0
0
0
0
0
0
0
0
0
0
0
0
0
0
0
0
0
0
0
0
0
0
0
0
0
0
0
0
0
0
0
0
0
0
0
0
0
0
0
0
0
0
0
0
0
0
0
0
0
0
0
0
0
0
0
0
0
0
0
0
0
0
0
0
0
0
0
0
0
0
0
0
0
0
0
0
0
0
0
0
0
0
0
0
0
0
0
0
0
0
0
0
0
0
0
0
0
0
0
0
0
0
0
0
0
0
0
0
0
0
0
0
0
0
0
0
0
0
0
0
0
0
0
0
0
0
0
0
0
0
0
0
0
0
0
0
0
0
0
0
0
0
0
0
0
0
0
0
0
0
0
0
0
0
0
0
0
0
0
0
0
0
0
0
0
0
0
0
0
0
0
0
0
0
0
0
0
0
0
0
0
0
0
0
0
0
0
0
0
0
0
0
0
0
0
0
0
0
0
0
0
0
0
0
0
0
0
0
0
0
0
0
0
0
0
0
0
0
0
0
0
0
0
0
0
0
0
0
0
0
0
0
0
0
0
0
0
0
0
0
0
0
0
0
0
0
0
0
0
0
0
0
0
0
0
0
0
0
0
0
0
0
0
0
0
0
0
0
0
0
0
0
0
0
0
0
0
0
0
0
0
0
0
0
0
0
0
0
0
0
0
0
0
0
0
0
0
0
0
0
0
0
0
0
0
0
0
0
0
0
0
0
0
0
0
0
0
0
0
0
0
0
0
0
0
0
0
0
0
0
0
0
0
0
0
0
0
0
0
0
0
0
0
0
0
0
0
0
0
0
0
0
0
0
0
0
0
0
0
0
0
0
0
0
0
0
0
0
0
0
0
0
0
0
0
0
0
0
0
0
0
0
0
0
0
0
0
0
0
0
0
0
0
0
0
0
0
0
0
0
0
0
0
0
0
0
0
0
0
0
0
0
0
0
0
0
0
0
0
0
0
0
0
0
0
0
0
0
0
0
0
0
0
0
0
0
0
0
0
0
0
0
0
0
0
0
0
0
0
0
0
0
0
0
0
0
0
0
0
0
0
0
0
0
0
0
0
0
0
0
0
0
0
0
0
0
0
0
0
0
0
0
0
0
0
0
0
0
0
0
0
0
0
0
0
0
0
0
0
0
0
0
0
0
0
0
0
0
0
0
0
0
0
0
0
0
0
0
0
0
0
0
0
0
0
0
0
0
0
0
0
0
0
0
0
0
0
0
0
0
0
0
0
0
0
0
0
0
0
0
0
0
0
0
0
0
0
0
0
0
0
0
0
0
0
0
0
0
0
0
0
0
0
0
0
0
0
0
0
0
0
0
0
0
0
0
0
0
0
0
0
0
0
0
0
0
0
0
0
0
0
0
0
0
0
0
0
0
0
0
0
0
0
0
0
0
0
0
0
0
0
0
0
0
0
0
0
0
0
0
0
0
0
0
0
0
0
0
0
0
0
0
0
0
0
0
0
0
0
0
0
0
0
0
0
0
0
0
0
0
0
0
0
0
0
0
0
0
0
0
0
0
0
0
0
0
0
0
0
0
0
0
0
0
0
0
0
0
0
0
0
0
0
0
0
0
0
0
0
0
0
0
0
0
0
0
0
0
0
0
0
0
0
0
0
0
0
0
0
0
0
0
0
0
0
0
0
0
0
0
0
0
0
0
0
0
0
0
0
0
0
0
0
0
0
0
0
0
0
0
0
0
0
0
0
0
0
0
0
0
0
0
0
0
0
0
0
0
0
0
0
0
0
0
0
0
0
0
0
0
0
0
0
0
0
0
0
0
0
0
0
0
0
0
0
0
0
0
0
0
0
0
0
0
0
0
0
0
0
0
0
0
0
0
0
0
0
0
0
0
0
0
0
0
0
0
0
0
0
0
0
0
0
0
0
0
0
0
0
0
0
0
0
0
0
0
0
0
0
0
0
0
0
0
0
0
0
0
0
0
0
0
0
0
0
0
0
0
0
0
0
0
0
0
0
0
0
0
0
0
0
0
0
0
0
0
0
0
0
0
0
0
0
0
0
0
0
0
0
0
0
0
0
0
0
0
2.802596928649634e-45
1.401298464324817e-44
3.923635700109488e-44
7.42688186092153e-44
1.233142648605839e-43
2.045895757914233e-43
3.335090345093065e-43
5.43703804158029e-43
8.73008943274361e-43
1.398495867396167e-42
2.242077542919707e-42
3.580317576349908e-42
5.686469168230108e-42
9.007546528679924e-42
1.424139629293312e-41
2.248523515855601e-41
3.546826543052544e-41
5.587817756341641e-41
8.792587344252497e-41
1.381834428655345e-40
2.169294100682676e-40
3.401806164979569e-40
5.328731683272625e-40
8.33802013541017e-40
1.303251012074474e-39
2.034789066285994e-39
3.173470185411698e-39
4.943985571713746e-39
7.693921704074054e-39
1.196042430983761e-38
1.857264169034541e-38
2.880906811770269e-38
4.463891749525892e-38
6.90919400353277e-38
1.068244795764478e-37
1.649849351331284e-37
2.545353955424776e-37
3.922680126660695e-37
6.038773987197219e-37
9.28637398241047e-37
1.426511792175271e-36
2.188954654448785e-36
3.35529558917745e-36
5.137569663257218e-36
7.858106553835991e-36
1.200636972515348e-35
1.832480611575823e-35
2.793838979161342e-35
4.254983622980104e-35
6.473353832566626e-35
9.837756991836101e-35
1.493476592979255e-34
2.264835067633879e-34
3.430923167762184e-34
5.191846766072588e-34
7.848189869974926e-34
1.185098139668506e-33
1.787625503502309e-33
2.693621060338286e-33
4.054473605211971e-33
6.096361291862025e-33
9.156837241360654e-33
1.373912948326892e-32
2.059264358422688e-32
3.083219708071926e-32
4.611439065147291e-32
6.889829823432257e-32
1.028302239596503e-31
1.533110765393289e-31
2.28332160443836e-31
3.397047958904599e-31
5.048676766725195e-31
7.495403370673621e-31
1.111614602374874e-30
1.646855548439872e-30
2.437244220158761e-30
3.603173056230893e-30
5.321253782217597e-30
7.850292074113426e-30
1.156913339830704e-29
1.703175081460085e-29
2.504732980766024e-29
3.679657978548502e-29
5.400047563519317e-29
7.916478462211617e-29
1.159340493043118e-28
1.696034575820648e-28
2.478582041942715e-28
3.618403957223198e-28
5.276866047241282e-28
7.687420632429594e-28
1.11874448982086e-27
1.626398919414433e-27
2.361942187462034e-27
3.426554853225494e-27
4.965837798279471e-27
7.189090496365275e-27
1.039686009309437e-26
1.502025368056619e-26
2.167701328844294e-26
3.125135646535214e-26
4.500757764184228e-26
6.475151501543233e-26
9.305975778440923e-26
1.33604687655658e-25
1.916149794795725e-25
2.745271202390823e-25
3.929065459049419e-25
5.617481957345285e-25
8.023105399207709e-25
1.144700578170945e-24
1.631511080125424e-24
2.322934450131478e-24
3.303944516924413e-24
4.69437359074228e-24
6.663027650110607e-24
9.447453421190203e-24
1.338157533073067e-23
1.893429466737809e-23
2.676335260985307e-23
3.779039428638705e-23
5.330548968922045e-23
7.511249549588595e-23
1.057309640178998e-22
1.486763876150634e-22
2.088486779814048e-22
2.930700556865692e-22
4.108290406727506e-22
5.753086093823469e-22
8.048050841583003e-22
1.12468452091082e-21
1.570076549201856e-21
2.189581412654459e-21
3.050364218108537e-21
4.245145025791123e-21
5.901787863827019e-21
8.196433331179217e-21
1.137146675385528e-20
1.57600799561039e-20
2.181979025057858e-20
3.017818215296269e-20
4.169518261142616e-20
5.754782763236644e-20
7.934548433921068e-20
1.092862882745905e-19
1.50369363695076e-19
2.066822817587346e-19
2.83790080982276e-19
3.892613476482866e-19
5.33378363285804e-19
7.300951995395031e-19
9.983287273860416e-19
1.363695541324056e-18
1.860849080646749e-18
2.536615522842864e-18
3.454202220059415e-18
4.698837933505957e-18
6.385320649748978e-18
8.668108357004432e-18
1.175480064155628e-17
1.592411849234611e-17
2.154987309999276e-17
2.913284787914196e-17
3.934323448825151e-17
5.307695059441638e-17
7.153038391351896e-17
9.629938753157822e-17
1.295104906022353e-16
1.739941066582996e-16
2.335136163193117e-16
3.130673742419093e-16
4.192868146050358e-16
5.609603277529284e-16
7.497224141419373e-16
1.000958633165549e-15
1.334992428662387e-15
1.778641075500758e-15
2.367252317360771e-15
3.147366061891956e-15
4.18019145096175e-15
5.546144310274821e-15
7.350755204180159e-15
9.732364518238654e-15
1.287212337723132e-14
1.700697654265833e-14
2.24465154037741e-14
2.959480262850617e-14
3.897860292455431e-14
5.128392488776799e-14
6.740312789247499e-14
8.849574583335781e-14
1.160668105680204e-13
1.520675946276029e-13
1.99025163211998e-13
2.60208602711684e-13
3.398422764987891e-13
4.433788134815958e-13
5.778483160717718e-13
7.523048481915262e-13
9.78395749834382e-13
1.271088269361176e-12
1.649593114015635e-12
2.138541297172503e-12
2.769476705258289e-12
3.582751283148777e-12
4.629927951443902e-12
5.976815396768753e-12
7.707316555805033e-12
9.928275215842497e-12
1.277560002233002e-11
1.642196968687504e-11
2.108653529564464e-11
2.704710067025218e-11
3.465543130243276e-11
4.435642478317625e-11
5.671212111035828e-11
7.243173422155635e-11
9.240917753228217e-11
1.177698077947653e-10
1.499287916040259e-10
1.906635543891255e-10
2.422040623617505e-10
3.07344705241519e-10
3.895830047451199e-10
4.932916297661905e-10
6.239306293842617e-10
7.883102504102624e-10
9.949144841314705e-10
1.254299886177535e-09
1.579586794697718e-09
1.987062292485575e-09
2.496919782046803e-09
3.134168036211804e-09
3.929740532981896e-09
4.92185314726612e-09
6.157664156347664e-09
7.695291515119607e-09
9.606281992091681e-09
1.197859855750494e-08
1.492025880622805e-08
1.85637443195219e-08
2.30713474991262e-08
2.864163128890596e-08
3.551723182226851e-08
4.399428732426713e-08
5.443377304459318e-08
6.727516677074163e-08
8.305282506171352e-08
1.024156901507922e-07
1.261508231209518e-07
1.552116941638815e-07
1.907517486188226e-07
2.341647729053875e-07
2.871325932574109e-07
3.516822459914692e-07
4.302534932776325e-07
5.257791713120241e-07
6.417803319891391e-07
7.824786507626413e-07
9.529291560284037e-07
1.159176690634922e-06
1.408440766681451e-06
1.709331627353095e-06
2.072104962280719e-06
2.508959596525528e-06
3.034387418665574e-06
3.665579924927442e-06
4.422903202794259e-06
5.330452495400095e-06
6.416693850042066e-06
7.715213541814592e-06
9.265582775697112e-06
1.111435813072603e-05
1.331623934675008e-05
1.593540218891576e-05
1.904703094623983e-05
2.273908830829896e-05
2.711433080548886e-05
3.22926280205138e-05
3.841360376100056e-05
4.563965921988711e-05
5.415941268438473e-05
6.419159763026983e-05
7.598949741804972e-05
8.984596206573769e-05
0.0001060990398400463
0.0001251384092029184
0.0001474125310778618
0.0001734367397148162
0.0002038022503256798
0.0002391863090451807
0.0002803633688017726
0.0003282176912762225
0.0003837572585325688
0.0004481293435674161
0.000522637099493295
0.0006087588262744248
0.0007081680814735591
0.0008227569633163512
0.0009546600049361587
0.001106281764805317
0.001280325814150274
0.001479826285503805
0.001708182389847934
0.001969194738194346
0.002267104806378484
0.00260663777589798
0.002993046306073666
0.003432159079238772
0.003930428996682167
0.004494986962527037
0.005133696831762791
0.00585521012544632
0.006669025868177414
0.007585550658404827
0.008616155944764614
0.009773245081305504
0.0110703045502305
0.01252197101712227
0.01414408627897501
0.01595374755561352
0.01796935871243477
0.02021067962050438
0.02269885689020157
0.02545645460486412
0.02850747108459473
0.03187734633684158
0.03559296205639839
0.03968260064721107
0.04417592287063599
0.04910388961434364
0.05449868366122246
0.06039358675479889
0.06682287901639938
0.07382160425186157
0.08142542839050293
0.08967038989067078
0.098592609167099
0.1082279682159424
0.1186118125915527
0.1297785043716431
0.1417610496282578
0.1545905470848083
0.168295755982399
0.1829024851322174
0.1984330713748932
0.2149056941270828
0.2323337942361832
0.2507253885269165
0.2700823843479156
0.2903999984264374
0.3116658329963684
0.3338595032691956
0.3569519221782684
0.3809047043323517
0.405669629573822
0.4311882257461548
0.4573914408683777
0.4841995239257812
0.511521577835083
0.5392561554908752
0.5672907829284668
0.595503032207489
0.6237607002258301
0.6519226431846619
0.6798398494720459
0.7073565125465393
0.734311580657959
0.7605403661727905
0.7858763933181763
0.8101531863212585
0.8332065343856812
0.8548769354820251
0.8750115633010864
0.8934673666954041
0.9101126790046692
0.9248302578926086
0.9375193119049072
0.9480979442596436
0.9565048217773438
0.9627013206481934
0.9666727185249329
0.9684297442436218
0.9680089950561523
0.9654738306999207
0.9609140753746033
0.9544456005096436
0.9462096691131592
0.9363715648651123
0.9251186847686768
0.9126584529876709
0.8992159962654114
0.8850308656692505
0.8703538775444031
0.8554437160491943
0.8405627608299255
0.8259735703468323
0.8119344711303711
0.7986955046653748
0.7864946126937866
0.7755528688430786
0.7660711407661438
0.7582266330718994
0.7521688938140869
0.7480171322822571
0.7458575963973999
0.7457415461540222
0.7476836442947388
0.7516611218452454
0.7576133608818054
0.7654428482055664
0.7750157117843628
0.7861641645431519
0.7986887097358704
0.8123620748519897
0.8269331455230713
0.8421316742897034
0.8576734066009521
0.8732661604881287
0.8886156678199768
0.9034322500228882
0.9174370169639587
0.930368185043335
0.9419873952865601
0.9520849585533142
0.9604852199554443
0.9670507907867432
0.9716861844062805
0.9743402600288391
0.9750074744224548
0.9737282395362854
0.9705883264541626
0.9657164216041565
0.9592812061309814
0.951487123966217
0.9425689578056335
0.9327861666679382
0.9224161505699158
0.9117471575737
0.9010706543922424
0.8906739354133606
0.8808327317237854
0.8718041181564331
0.8638197779655457
0.8570800423622131
0.8517488837242126
0.8479496240615845
0.8457623720169067
0.8452216982841492
0.8463162183761597
0.8489896059036255
0.8531423807144165
0.8586351871490479
0.8652930855751038
0.872911274433136
0.8812611699104309
0.8900977373123169
0.8991667032241821
0.9082126617431641
0.9169865846633911
0.9252541065216064
0.9328018426895142
0.9394444227218628
0.9450300931930542
0.9494447708129883
0.95261549949646
0.9545121788978577
0.9551481604576111
0.9545788168907166
0.9528997540473938
0.9502426981925964
0.9467710256576538
0.9426732063293457
0.9381569623947144
0.9334416389465332
0.9287510514259338
0.9243058562278748
0.9203165173530579
0.9169765114784241
0.9144565463066101
0.9128991365432739
0.9124148488044739
0.9130799174308777
0.914934515953064
0.9179823398590088
0.9221923351287842
0.9275009632110596
0.9338157176971436
0.9410197734832764
0.9489772915840149
0.9575397372245789
0.9665515422821045
0.9758571982383728
0.9853069186210632
0.9947627186775208
1.004103302955627
1.01322877407074
1.022063612937927
1.030558824539185
1.038693189620972
1.046472549438477
1.05392849445343
1.061115980148315
1.068109154701233
1.074997544288635
1.081880688667297
1.088862538337708
1.096045851707458
1.103527188301086
1.111391186714172
1.11970579624176
1.12851881980896
1.137855052947998
1.147713780403137
1.158068180084229
1.168865442276001
1.180028915405273
1.191459774971008
1.203040719032288
1.214640021324158
1.22611677646637
1.23732578754425
1.248122572898865
1.25836968421936
1.267940640449524
1.276725292205811
1.284633040428162
1.291596651077271
1.297573804855347
1.30254852771759
1.306530952453613
1.30955708026886
1.311686635017395
1.313000082969666
1.31359601020813
1.313586354255676
1.313093781471252
1.312245726585388
1.311171054840088
1.309995532035828
1.308838367462158
1.307808756828308
1.307003259658813
1.306503772735596
1.306376099586487
1.30666983127594
1.307417511940002
1.308635950088501
1.3103266954422
1.312478542327881
1.315068364143372
1.318064093589783
1.321426153182983
1.325109481811523
1.329065918922424
1.333245515823364
1.337598562240601
1.342076301574707
1.34663188457489
1.351220846176147
1.355802059173584
1.360336899757385
1.364790201187134
1.369129300117493
1.373324632644653
1.377349019050598
1.38117790222168
1.384789228439331
1.388163447380066
1.391284346580505
1.394139409065247
1.396719813346863
1.399021625518799
1.40104603767395
1.402799725532532
1.404295921325684
1.405554056167603
1.406599879264832
1.40746545791626
1.408188581466675
1.408811330795288
1.409379482269287
1.409940958023071
1.410544753074646
1.411238074302673
1.412065863609314
1.413067817687988
1.414277315139771
1.415719628334045
1.417411088943481
1.419357895851135
1.421556115150452
1.423990845680237
1.426637768745422
1.429463267326355
1.43242621421814
1.435479164123535
1.438571214675903
1.441649913787842
1.444663405418396
1.447561979293823
1.450301885604858
1.452845573425293
1.455164432525635
1.457239747047424
1.459063291549683
1.46063756942749
1.461975455284119
1.463099360466003
1.464040517807007
1.464836955070496
1.465531587600708
1.46617066860199
1.466800808906555
1.467467188835144
1.46821129322052
1.469069719314575
1.47007167339325
1.471238493919373
1.472583174705505
1.474109292030334
1.475811719894409
1.477676630020142
1.479683637619019
1.481806397438049
1.484014630317688
1.486275553703308
1.488556027412415
1.490823984146118
1.493050813674927
1.495212554931641
1.497291088104248
1.49927544593811
1.501162171363831
1.502955675125122
1.504668116569519
1.506318807601929
1.507933616638184
1.509543180465698
1.511182546615601
1.512889504432678
1.514703512191772
1.516664028167725
1.518809080123901
1.521174907684326
1.523794054985046
1.52669620513916
1.529906630516052
1.533447265625
1.537335753440857
1.541587233543396
1.54621410369873
1.551226615905762
1.556634306907654
1.562447309494019
1.568676114082336
1.575333476066589
1.582434058189392
1.589995265007019
1.598037481307983
1.60658323764801
1.615658164024353
1.625288724899292
1.635502338409424
1.646326065063477
1.657784938812256
1.669901251792908
1.682692646980286
1.696170568466187
1.710338950157166
1.725193738937378
1.740720391273499
1.75689423084259
1.773678779602051
1.791026473045349
1.808877944946289
1.827162027359009
1.845797538757324
1.864692807197571
1.883747696876526
1.902854442596436
1.921899676322937
1.940766096115112
1.959334492683411
1.977485299110413
1.99510133266449
2.012069463729858
2.028282403945923
2.043642044067383
2.058059930801392
2.071459531784058
2.083778142929077
2.094969034194946
2.105000257492065
2.113858461380005
2.121547698974609
2.128090381622314
2.133527517318726
2.137918472290039
2.141339063644409
2.143881797790527
2.145653963088989
2.146775245666504
2.147375822067261
2.14759373664856
2.147571802139282
2.147454977035522
2.147385597229004
2.147500514984131
2.14792799949646
2.148783445358276
2.150166749954224
2.152159214019775
2.154819965362549
2.15818452835083
2.162263154983521
2.167039394378662
2.172470569610596
2.17848801612854
2.184998989105225
2.191887617111206
2.199019432067871
2.206244230270386
2.213399648666382
2.220317602157593
2.226827144622803
2.232761383056641
2.237961769104004
2.242283344268799
2.245598554611206
2.247801303863525
2.248810768127441
2.248571872711182
2.247058153152466
2.244271039962769
2.240238666534424
2.235013484954834
2.228670835494995
2.221303224563599
2.213016748428345
2.203925848007202
2.194148063659668
2.183798789978027
2.172986268997192
2.161805629730225
2.150336742401123
2.138639211654663
2.126750707626343
2.114686489105225
2.102437973022461
2.089975118637085
2.077246904373169
2.064186096191406
2.05071234703064
2.036738395690918
2.022174119949341
2.006932020187378
1.990934610366821
1.974117994308472
1.956437468528748
1.937871932983398
1.918426871299744
1.898136496543884
1.87706458568573
1.85530424118042
1.832976698875427
1.810228109359741
1.78722608089447
1.76415491104126
1.741210460662842
1.718594670295715
1.696509718894958
1.675152063369751
1.654707431793213
1.63534677028656
1.617221593856812
1.600461363792419
1.585171818733215
1.571434259414673
1.559305310249329
1.548818826675415
1.539987683296204
1.532806754112244
1.527255773544312
1.523302674293518
1.520907759666443
1.520025610923767
1.520608901977539
1.522609710693359
1.525980830192566
1.530677199363708
1.536653995513916
1.543866276741028
1.552266240119934
1.56180214881897
1.572413563728333
1.584030032157898
1.596567153930664
1.60992431640625
1.623982310295105
1.638603448867798
1.653629899024963
1.668885469436646
1.684177398681641
1.699299693107605
1.71403706073761
1.728170394897461
1.74148154258728
1.753760814666748
1.764811992645264
1.774459481239319
1.78255295753479
1.788973569869995
1.793636679649353
1.796496033668518
1.797544121742249
1.796813726425171
1.794376492500305
1.790339946746826
1.784845471382141
1.778063297271729
1.770187735557556
1.761431574821472
1.752020716667175
1.742188453674316
1.732168793678284
1.722193241119385
1.712484955787659
1.703254580497742
1.694697380065918
1.68699049949646
1.680290102958679
1.674730658531189
1.670422792434692
1.667452812194824
1.66588294506073
1.66575014591217
1.667065978050232
1.669817090034485
1.673964738845825
1.679445147514343
1.686170339584351
1.694029092788696
1.702887773513794
1.712591409683228
1.722967863082886
1.733828902244568
1.74497377872467
1.756194591522217
1.767279744148254
1.77802038192749
1.788214564323425
1.797674417495728
1.806231141090393
1.813740611076355
1.820088148117065
1.825193643569946
1.829014301300049
1.831546664237976
1.832828402519226
1.832937479019165
1.831991076469421
1.830143332481384
1.827580213546753
1.824515819549561
1.821186184883118
1.817842721939087
1.814746260643005
1.812159419059753
1.810340285301208
1.809535622596741
1.809975504875183
1.811867952346802
1.815393805503845
1.820703744888306
1.82791543006897
1.837111353874207
1.84833836555481
1.861606955528259
1.876892685890198
1.894136786460876
1.913248300552368
1.934107065200806
1.956565380096436
1.980452060699463
2.00557541847229
2.031727075576782
2.058684825897217
2.086217403411865
2.114087104797363
2.142053127288818
2.169876575469971
2.197322130203247
2.224163055419922
2.250182151794434
2.275176525115967
2.298958778381348
2.321361064910889
2.342236995697021
2.361462116241455
2.378937721252441
2.394590616226196
2.408375978469849
2.420276880264282
2.430305242538452
2.438503265380859
2.444940805435181
2.449717283248901
2.452959775924683
2.454821348190308
2.455479383468628
2.455132961273193
2.454000473022461
2.452315807342529
2.45032525062561
2.44828200340271
2.446441650390625
2.44505763053894
2.444375514984131
2.444625377655029
2.446018695831299
2.448740720748901
2.452945232391357
2.458748340606689
2.466225147247314
2.475404024124146
2.486264944076538
2.498737096786499
2.512697219848633
2.527972936630249
2.544344186782837
2.561549186706543
2.579290390014648
2.597243785858154
2.615068435668945
2.632418632507324
2.648955821990967
2.664362192153931
2.678353071212769
2.690690040588379
2.70119047164917
2.709737777709961
2.716286182403564
2.720865964889526
2.723582983016968
2.724616289138794
2.724211454391479
2.722670793533325
2.720340967178345
2.717598915100098
2.714834928512573
2.712435483932495
2.710766315460205
2.710156202316284
2.710881233215332
2.713152170181274
2.717104434967041
2.722792625427246
2.730187892913818
2.739177942276001
2.749575138092041
2.761124849319458
2.773518323898315
2.786410093307495
2.799435615539551
2.812229871749878
2.824448823928833
2.835786581039429
2.845991611480713
2.854881048202515
2.86234974861145
2.868375301361084
2.873017549514771
2.876414060592651
2.878769874572754
2.880344390869141
2.881433725357056
2.882351875305176
2.883410215377808
2.88489842414856
2.887065172195435
2.890101909637451
2.894132614135742
2.899205684661865
2.905291557312012
2.912286281585693
2.920018434524536
2.928263187408447
2.936755895614624
2.945214509963989
2.953356027603149
2.960919141769409
2.967681169509888
2.973474502563477
2.978197574615479
2.98182225227356
2.984394311904907
2.986028671264648
2.986900806427002
2.987232208251953
2.987272500991821
2.987279176712036
2.987496614456177
2.988137483596802
2.9893639087677
2.991275310516357
2.993897199630737
2.997179746627808
3.000999927520752
3.005167722702026
3.009440660476685
3.013540983200073
3.01717472076416
3.02005410194397
3.021918058395386
3.022550344467163
3.021795988082886
3.019571781158447
3.015870571136475
3.010761260986328
3.004382371902466
2.996929407119751
2.988638639450073
2.979768753051758
2.970579624176025
2.961312770843506
2.952172040939331
2.943310499191284
2.93481969833374
2.926724910736084
2.918986082077026
2.911504983901978
2.904136896133423
2.896705865859985
2.889022350311279
2.880903959274292
2.872191667556763
2.862766742706299
2.852564096450806
2.841579437255859
2.829873085021973
2.817565679550171
2.804832458496094
2.791889667510986
2.778980731964111
2.766357660293579
2.754265308380127
2.742923736572266
2.732516527175903
2.723177433013916
2.714988708496094
2.707976579666138
2.702115297317505
2.697335481643677
2.69353461265564
2.690587759017944
2.688363552093506
2.686735153198242
2.685590982437134
2.684844732284546
2.684439182281494
2.684346914291382
2.684568405151367
2.685125112533569
2.686052322387695
2.687386989593506
2.689159870147705
2.691383123397827
2.694043874740601
2.697098255157471
2.700470447540283
2.704051733016968
2.707707643508911
2.711284160614014
2.714619398117065
2.71755313873291
2.7199387550354
2.721654415130615
2.722610473632812
2.722754716873169
2.722076892852783
2.720606803894043
2.718410730361938
2.715584516525269
2.712246656417847
2.708526611328125
2.704556703567505
2.700462818145752
2.696356534957886
2.692331075668335
2.688457012176514
2.684783935546875
2.681340217590332
2.678138971328735
2.675181150436401
2.672462463378906
2.669976472854614
2.667719841003418
2.665693759918213
2.66390585899353
2.662366628646851
2.661088466644287
2.660079479217529
2.659340858459473
2.65885853767395
2.658600568771362
2.658513069152832
2.65851902961731
2.658517360687256
2.658385992050171
2.65798544883728
2.657166004180908
2.65577220916748
2.653652667999268
2.650665283203125
2.646684169769287
2.641603946685791
2.635343313217163
2.627844333648682
2.619074583053589
2.609021663665771
2.59769082069397
2.5850989818573
2.571271419525146
2.556234359741211
2.540011405944824
2.522621631622314
2.504075765609741
2.484375953674316
2.463516712188721
2.441485643386841
2.418266296386719
2.393840074539185
2.368189811706543
2.341301202774048
2.313165664672852
2.283780813217163
2.25315260887146
2.221295118331909
2.188230514526367
2.153989791870117
2.118611574172974
2.082143306732178
2.044642686843872
2.006177425384521
1.966827630996704
1.926686763763428
1.885864615440369
1.844487428665161
1.802700161933899
1.760666847229004
1.71856963634491
1.676607608795166
1.634994029998779
1.593952894210815
1.553714275360107
1.514508843421936
1.47656261920929
1.440091252326965
1.405294418334961
1.372350454330444
1.341412544250488
1.312603950500488
1.286016345024109
1.261706948280334
1.239697456359863
1.219974160194397
1.20248806476593
1.187155365943909
1.173859596252441
1.162452816963196
1.152757406234741
1.144569396972656
1.137660503387451
1.131781816482544
1.126667499542236
1.122038602828979
1.117608428001404
1.113088011741638
1.108191847801208
1.102643966674805
1.096184849739075
1.088578462600708
1.079617857933044
1.069131731987
1.056989431381226
1.043104887008667
1.027440071105957
1.010006666183472
0.9908660650253296
0.9701276421546936
0.9479465484619141
0.9245189428329468
0.900076150894165
0.8748782873153687
0.8492060899734497
0.8233523964881897
0.7976132035255432
0.7722777724266052
0.7476196885108948
0.7238873839378357
0.7012953162193298
0.6800163984298706
0.6601743102073669
0.6418381333351135
0.6250181198120117
0.6096629500389099
0.595659613609314
0.5828344821929932
0.5709576606750488
0.5597488284111023
0.5488857626914978
0.538014829158783
0.5267629623413086
0.5147514939308167
0.5016105175018311
0.4869935810565948
0.470592200756073
0.4521491825580597
0.4314700961112976
0.4084326028823853
0.3829928040504456
0.355188250541687
0.3251375555992126
0.2930360436439514
0.2591483891010284
0.2237977534532547
0.1873522698879242
0.1502094268798828
0.1127789691090584
0.07546540349721909
0.0386505052447319
0.002677119337022305
-0.03216540813446045
-0.06565310806035995
-0.09763600677251816
-0.1280432641506195
-0.1568841934204102
-0.1842453628778458
-0.210283562541008
-0.2352151274681091
-0.2593020498752594
-0.2828352153301239
-0.3061162233352661
-0.3294381201267242
-0.3530662357807159
-0.3772206604480743
-0.4020607769489288
-0.4276731014251709
-0.4540635049343109
-0.4811535775661469
-0.5087827444076538
-0.5367146730422974
-0.5646491646766663
-0.5922374129295349
-0.6191017031669617
-0.6448565125465393
-0.669131338596344
-0.69159334897995
-0.7119683027267456
-0.7300588488578796
-0.7457594275474548
-0.7590660452842712
-0.7700804471969604
-0.7790089249610901
-0.7861544489860535
-0.7919036149978638
-0.7967085838317871
-0.8010643720626831
-0.8054832220077515
-0.8104678988456726
-0.8164848685264587
-0.8239388465881348
-0.8331514000892639
-0.8443442583084106
-0.8576279282569885
-0.8729978203773499
-0.8903371691703796
-0.9094263315200806
-0.9299594163894653
-0.9515647888183594
-0.9738305807113647
-0.9963310956954956
-1.018654108047485
-1.040426731109619
-1.061337232589722
-1.0811527967453
-1.099730730056763
-1.117023229598999
-1.133075475692749
-1.148016095161438
-1.16204309463501
-1.175403356552124
-1.188370108604431
-1.201217532157898
-1.214197516441345
-1.227516651153564
-1.241319179534912
-1.255674004554749
-1.27056896686554
-1.285912156105042
-1.301539778709412
-1.317231893539429
-1.332730650901794
-1.347765564918518
-1.362077355384827
-1.375444054603577
-1.387702941894531
-1.398768663406372
-1.408645510673523
-1.417432188987732
-1.425318717956543
-1.432576417922974
-1.439539313316345
-1.44658088684082
-1.454086303710938
-1.462422251701355
-1.471907615661621
-1.482787132263184
-1.495210409164429
-1.509217262268066
-1.524731874465942
-1.541566252708435
-1.559431910514832
-1.57796037197113
-1.596729755401611
-1.615296006202698
-1.633225917816162
-1.650129675865173
-1.665689468383789
-1.679683685302734
-1.692001938819885
-1.7026526927948
-1.711760401725769
-1.719553828239441
-1.726347088813782
-1.732512593269348
-1.738450646400452
-1.744557023048401
-1.75119161605835
-1.758650898933411
-1.767146468162537
-1.776791214942932
-1.787594199180603
-1.799465775489807
-1.81222927570343
-1.825641512870789
-1.839418768882751
-1.85326361656189
-1.866893529891968
-1.880066990852356
-1.892602562904358
-1.904393792152405
-1.915415287017822
-1.925719857215881
-1.935428977012634
-1.944715023040771
-1.95378041267395
-1.962834358215332
-1.972068190574646
-1.981634140014648
-1.991628885269165
-2.002083778381348
-2.012962102890015
-2.024163961410522
-2.035538911819458
-2.046903610229492
-2.058063983917236
-2.068837881088257
-2.079076766967773
-2.088685512542725
-2.097633123397827
-2.105959415435791
-2.113773822784424
-2.121243715286255
-2.128579616546631
-2.136012315750122
-2.14376974105835
-2.152052402496338
-2.161010980606079
-2.170728921890259
-2.181212902069092
-2.192389965057373
-2.204112768173218
-2.216173887252808
-2.228325843811035
-2.240305423736572
-2.25186014175415
-2.262774229049683
-2.272889137268066
-2.282120704650879
-2.290467739105225
-2.29801082611084
-2.30490517616272
-2.311362743377686
-2.317632436752319
-2.323972940444946
-2.33062744140625
-2.337799310684204
-2.345632553100586
-2.354198217391968
-2.36348819732666
-2.373420000076294
-2.383846521377563
-2.394572734832764
-2.4053795337677
-2.416046619415283
-2.426375865936279
-2.436211347579956
-2.445455312728882
-2.454074621200562
-2.462102890014648
-2.469632148742676
-2.476800918579102
-2.483775615692139
-2.490730285644531
-2.497826337814331
-2.505195140838623
-2.512923002243042
-2.521043539047241
-2.529536724090576
-2.538335084915161
-2.547332286834717
-2.556400060653687
-2.565405130386353
-2.574226140975952
-2.582769155502319
-2.590977668762207
-2.598840236663818
-2.606388568878174
-2.613692998886108
-2.620851039886475
-2.627973079681396
-2.63516902923584
-2.642531156539917
-2.650121688842773
-2.657965898513794
-2.666047811508179
-2.674312829971313
-2.682674884796143
-2.691028356552124
-2.699260950088501
-2.707269668579102
-2.714974880218506
-2.722327947616577
-2.729320526123047
-2.735983610153198
-2.742382526397705
-2.748610496520996
-2.754773616790771
-2.760977268218994
-2.767311811447144
-2.773839235305786
-2.780585527420044
-2.787535190582275
-2.794632911682129
-2.801787376403809
-2.808883428573608
-2.815793037414551
-2.822390079498291
-2.828562498092651
-2.834224700927734
-2.839323043823242
-2.843839406967163
-2.847787618637085
-2.851206541061401
-2.854149341583252
-2.85667085647583
-2.858814477920532
-2.860599517822266
-2.862012147903442
-2.86299991607666
-2.863471031188965
-2.863298177719116
-2.862325429916382
-2.860379695892334
-2.85728120803833
-2.852855443954468
-2.846943616867065
-2.839409351348877
-2.830141305923462
-2.819053649902344
-2.806081295013428
-2.791172504425049
-2.774282932281494
-2.75536584854126
-2.734364986419678
-2.711211204528809
-2.685820579528809
-2.658098459243774
-2.627945899963379
-2.595269441604614
-2.559992074966431
-2.522067308425903
-2.481489419937134
-2.43830418586731
-2.392615795135498
-2.344590425491333
-2.29445743560791
-2.24250316619873
-2.189066171646118
-2.134529590606689
-2.079312801361084
-2.023860931396484
-1.968639373779297
-1.914126396179199
-1.860808372497559
-1.809174776077271
-1.759714961051941
-1.712912201881409
-1.66923725605011
-1.629139184951782
-1.5930335521698
-1.561289191246033
-1.534211993217468
-1.512029409408569
-1.494873404502869
-1.482769012451172
-1.47562313079834
-1.473220109939575
-1.475223541259766
-1.48118269443512
-1.490544438362122
-1.502671480178833
-1.516862869262695
-1.532376289367676
-1.548452019691467
-1.564335703849792
-1.579299211502075
-1.592659473419189
-1.603794455528259
-1.612156391143799
-1.617283463478088
-1.618808746337891
-1.61646842956543
-1.610109090805054
-1.599692940711975
-1.585302233695984
-1.567141652107239
-1.545537948608398
-1.520935416221619
-1.493887424468994
-1.465042114257812
-1.435123682022095
-1.404907584190369
-1.375192523002625
-1.346768856048584
-1.320385217666626
-1.296715378761292
-1.276328921318054
-1.259665131568909
-1.247013092041016
-1.23849892616272
-1.234080791473389
-1.233551859855652
-1.23655104637146
-1.242580056190491
-1.251026272773743
-1.261189699172974
-1.272313356399536
-1.28361451625824
-1.294317483901978
-1.303683996200562
-1.311044692993164
-1.31582498550415
-1.317570805549622
-1.315967082977295
-1.310853123664856
-1.302231073379517
-1.290267586708069
-1.275289297103882
-1.257768392562866
-1.238302707672119
-1.21758770942688
-1.196382164955139
-1.175469875335693
-1.155619144439697
-1.1375412940979
-1.121852278709412
-1.109039068222046
-1.099432826042175
-1.093191146850586
-1.090290665626526
-1.090529322624207
-1.093539595603943
-1.098811149597168
-1.105720639228821
-1.11356794834137
-1.121616005897522
-1.129132270812988
-1.135428905487061
-1.139900803565979
-1.142057418823242
-1.141549468040466
-1.138186931610107
-1.131948828697205
-1.122983336448669
-1.111598014831543
-1.09824275970459
-1.083481669425964
-1.067960023880005
-1.052365064620972
-1.037384033203125
-1.02366030216217
-1.011754155158997
-1.002106547355652
-0.9950109124183655
-0.9905949234962463
-0.988813042640686
-0.9894506335258484
-0.992139458656311
-0.9963842034339905
-1.00159740447998
-1.007139325141907
-1.012362599372864
-1.016656398773193
-1.019486904144287
-1.020432233810425
-1.01921010017395
-1.015694260597229
-1.009921312332153
-1.002084493637085
-0.9925184845924377
-0.9816738963127136
-0.9700840711593628
-0.9583262205123901
-0.9469797015190125
-0.9365854859352112
-0.9276073575019836
-0.9203999042510986
-0.9151841998100281
-0.9120333194732666
-0.9108695387840271
-0.9114715456962585
-0.913493275642395
-0.9164914488792419
-0.9199603796005249
-0.9233711361885071
-0.9262118339538574
-0.928026556968689
-0.928449809551239
-0.9272329807281494
-0.9242616891860962
-0.9195629954338074
-0.913300633430481
-0.9057599306106567
-0.8973227739334106
-0.8884358406066895
-0.8795731067657471
-0.8711972832679749
-0.8637221455574036
-0.8574801087379456
-0.8526962995529175
-0.8494724035263062
-0.8477805256843567
-0.8474688529968262
-0.8482767343521118
-0.849858820438385
-0.8518161177635193
-0.8537306189537048
-0.8552007675170898
-0.8558750748634338
-0.8554805517196655
-0.8538440465927124
-0.8509045839309692
-0.8467161059379578
-0.8414400815963745
-0.8353289365768433
-0.828702449798584
-0.8219180703163147
-0.8153390884399414
-0.8093023300170898
-0.8040887117385864
-0.7999000549316406
-0.7968425750732422
-0.7949195504188538
-0.7940335869789124
-0.7939975261688232
-0.7945541739463806
-0.7954010963439941
-0.796219527721405
-0.796704113483429
-0.7965906262397766
-0.7956797480583191
-0.7938535809516907
-0.7910844683647156
-0.7874352931976318
-0.7830509543418884
-0.7781426310539246
-0.7729657888412476
-0.767794668674469
-0.7628955245018005
-0.7585015296936035
-0.7547909617424011
-0.7518719434738159
-0.7497740387916565
-0.7484473586082458
-0.7477704882621765
-0.7475637793540955
-0.7476092576980591
-0.7476730346679688
-0.7475289702415466
-0.7469804883003235
-0.7458791732788086
-0.7441383004188538
-0.7417390942573547
-0.7387309074401855
-0.7352237701416016
-0.7313754558563232
-0.7273744344711304
-0.7234192490577698
-0.7196984887123108
-0.7163718342781067
-0.7135540246963501
-0.7113054394721985
-0.7096269130706787
-0.7084622979164124
-0.7077054381370544
-0.7072135806083679
-0.7068230509757996
-0.7063676714897156
-0.7056955695152283
-0.704685389995575
-0.7032577395439148
-0.7013822197914124
-0.6990789175033569
-0.696414589881897
-0.6934934854507446
-0.6904449462890625
-0.6874087452888489
-0.6845190525054932
-0.6818905472755432
-0.6796061396598816
-0.6777092814445496
-0.6762005686759949
-0.6750391125679016
-0.6741486191749573
-0.6734268069267273
-0.6727578639984131
-0.6720253825187683
-0.6711255311965942
-0.6699774861335754
-0.6685317158699036
-0.6667740345001221
-0.6647255420684814
-0.6624389886856079
-0.6599907875061035
-0.6574718356132507
-0.6549761891365051
-0.652590274810791
-0.6503831148147583
-0.6483989953994751
-0.6466534733772278
-0.6451325416564941
-0.6437955498695374
-0.6425808072090149
-0.6414138078689575
-0.6402164101600647
-0.6389161348342896
-0.6374544501304626
-0.6357929706573486
-0.6339174509048462
-0.6318386793136597
-0.6295900940895081
-0.627223014831543
-0.6248003840446472
-0.6223886609077454
-0.6200500726699829
-0.6178359389305115
-0.6157809495925903
-0.6139000654220581
-0.6121878623962402
-0.6106206774711609
-0.6091601848602295
-0.6077590584754944
-0.6063674688339233
-0.604939341545105
-0.6034377813339233
-0.6018396019935608
-0.6001373529434204
-0.5983396172523499
-0.5964693427085876
-0.5945599675178528
-0.5926511883735657
-0.5907833576202393
-0.5889923572540283
-0.5873053669929504
-0.5857375860214233
-0.5842909812927246
-0.5829542279243469
-0.5817049741744995
-0.5805128216743469
-0.5793433785438538
-0.578162670135498
-0.5769413113594055
-0.5756577849388123
-0.5743005275726318
-0.5728690028190613
-0.5713727474212646
-0.5698298811912537
-0.5682640075683594
-0.5667007565498352
-0.5651645660400391
-0.5636750459671021
-0.5622449517250061
-0.5608788728713989
-0.5595728158950806
-0.558315098285675
-0.5570884943008423
-0.5558722019195557
-0.5546452403068542
-0.5533890128135681
-0.552089512348175
-0.5507391095161438
-0.5493369102478027
-0.5478888154029846
-0.546406626701355
-0.5449056625366211
-0.543403148651123
-0.5419156551361084
-0.5404573082923889
-0.5390383005142212
-0.5376634001731873
-0.5363326072692871
-0.5350411534309387
-0.5337806940078735
-0.532541036605835
-0.5313116908073425
-0.5300832986831665
-0.5288491249084473
-0.5276059508323669
-0.5263540148735046
-0.5250969529151917
-0.5238409042358398
-0.5225932598114014
-0.5213615298271179
-0.5201517343521118
-0.5189675092697144
-0.5178096294403076
-0.5166752934455872
-0.5155586004257202
-0.5144513249397278
-0.5133436918258667
-0.5122258067131042
-0.5110887885093689
-0.5099257230758667
-0.5087329149246216
-0.5075096487998962
-0.5062588453292847
-0.5049859881401062
-0.5036990642547607
-0.502407431602478
-0.5011202692985535
-0.499846488237381
-0.4985933303833008
-0.4973657727241516
-0.4961664974689484
-0.4949956834316254
-0.493851512670517
-0.492730438709259
-0.4916279911994934
-0.4905392527580261
-0.4894595146179199
-0.4883846044540405
-0.4873112142086029
-0.4862370491027832
-0.4851605296134949
-0.4840808808803558
-0.4829976260662079
-0.48191037774086
-0.4808185994625092
-0.47972172498703
-0.4786189198493958
-0.4775094389915466
-0.4763925075531006
-0.4752679765224457
-0.4741362631320953
-0.4729986190795898
-0.4718572497367859
-0.4707151651382446
-0.4695762395858765
-0.4684445858001709
-0.4673244953155518
-0.4662198722362518
-0.4651338160037994
-0.4640682935714722
-0.4630240499973297
-0.4620003402233124
-0.4609950482845306
-0.4600050747394562
-0.4590263664722443
-0.4580545723438263
-0.4570854306221008
-0.4561150372028351
-0.4551402926445007
-0.4541591107845306
-0.4531705677509308
-0.4521749019622803
-0.4511732757091522
-0.4501677453517914
-0.4491609334945679
-0.4481555819511414
-0.4471546113491058
-0.4461604952812195
-0.4451752901077271
-0.4442003965377808
-0.4432366490364075
-0.4422842860221863
-0.4413429796695709
-0.4404119253158569
-0.439490020275116
-0.438575953245163
-0.4376682937145233
-0.4367656707763672
-0.4358666837215424
-0.4349701106548309
-0.4340746998786926
-0.433179497718811
-0.4322836697101593
-0.4313865602016449
-0.4304877519607544
-0.4295870363712311
-0.4286844432353973
-0.4277801513671875
-0.4268745481967926
-0.42596834897995
-0.4250623881816864
-0.4241573810577393
-0.4232541918754578
-0.4223536252975464
-0.4214563071727753
-0.420562744140625
-0.4196730852127075
-0.41878741979599
-0.4179054498672485
-0.4170268774032593
-0.4161511957645416
-0.4152778685092926
-0.4144062697887421
-0.413536012172699
-0.4126666486263275
-0.411797970533371
-0.4109298288822174
-0.4100623428821564
-0.4091955423355103
-0.4083296656608582
-0.4074648022651672
-0.4066011309623718
-0.4057387411594391
-0.404877632856369
-0.4040178060531616
-0.4031591713428497
-0.4023017287254333
-0.4014453291893005
-0.4005898237228394
-0.3997351229190826
-0.3988812267780304
-0.3980280458927155
-0.3971755504608154
-0.3963236510753632
-0.3954721987247467
-0.394620954990387
-0.3937696814537048
-0.3929180204868317
-0.3920654952526093
-0.3912116289138794
-0.3903557658195496
-0.3894973397254944
-0.3886358737945557
-0.3877709805965424
-0.3869024217128754
-0.3860301375389099
-0.3851542770862579
-0.3842751681804657
-0.3833933472633362
-0.3825095891952515
-0.3816245198249817
-0.380739152431488
-0.3798543512821198
-0.3789708912372589
-0.3780896067619324
-0.3772111535072327
-0.3763360977172852
-0.3754648268222809
-0.3745977282524109
-0.373735100030899
-0.3728771209716797
-0.3720241487026215
-0.3711765110492706
-0.3703347146511078
-0.3694993853569031
-0.3686712682247162
-0.3678512573242188
-0.3670404255390167
-0.3662398159503937
-0.3654506504535675
-0.3646741211414337
-0.3639113903045654
-0.3631635308265686
-0.3624314963817596
-0.3617160320281982
-0.3610177934169769
-0.3603372275829315
-0.3596745431423187
-0.3590299487113953
-0.3584033846855164
-0.3577948212623596
-0.3572041392326355
-0.3566312491893768
-0.3560760617256165
-0.3555384576320648
-0.3550184071063995
-0.3545158803462982
-0.3540307581424713
-0.3535628914833069
-0.3531119823455811
-0.3526776134967804
-0.3522591888904572
-0.351855993270874
-0.3514668345451355
-0.3510905504226685
-0.3507256507873535
-0.3503703474998474
-0.350022941827774
-0.3496814370155334
-0.3493437170982361
-0.3490076661109924
-0.3486712276935577
-0.3483322858810425
-0.3479888439178467
-0.3476389348506927
-0.3472806513309479
-0.3469122052192688
-0.3465319275856018
-0.3461382985115051
-0.3457299172878265
-0.3453054428100586
-0.3448637723922729
-0.3444039523601532
-0.3439252078533173
-0.3434270322322845
-0.342909038066864
-0.3423712849617004
-0.3418141305446625
-0.3412380814552307
-0.3406441509723663
-0.340033620595932
-0.3394080400466919
-0.3387692272663116
-0.3381192982196808
-0.3374605476856232
-0.3367953896522522
-0.3361263573169708
-0.3354559242725372
-0.3347865641117096
-0.3341206312179565
-0.3334603011608124
-0.3328075706958771
-0.3321641087532043
-0.331531286239624
-0.3309101462364197
-0.3303011953830719
-0.329704612493515
-0.3291200995445251
-0.3285467624664307
-0.3279833793640137
-0.3274282515048981
-0.32687908411026
-0.3263331949710846
-0.3257875442504883
-0.3252387344837189
-0.3246830701828003
-0.3241166770458221
-0.3235355913639069
-0.3229358494281769
-0.3223135769367218
-0.3216650784015656
-0.3209870159626007
-0.3202763497829437
-0.319530576467514
-0.3187477588653564
-0.3179265558719635
-0.3170662224292755
-0.3161667883396149
-0.3152289688587189
-0.3142541944980621
-0.3132445216178894
-0.3122025430202484
-0.3111315071582794
-0.3100350499153137
-0.3089171350002289
-0.3077820241451263
-0.3066341280937195
-0.3054777979850769
-0.3043173551559448
-0.3031567633152008
-0.3019997477531433
-0.3008496165275574
-0.2997091710567474
-0.2985807061195374
-0.2974659204483032
-0.2963660061359406
-0.2952814996242523
-0.2942125797271729
-0.2931589484214783
-0.2921199798583984
-0.2910947799682617
-0.2900822758674622
-0.2890813052654266
-0.288090854883194
-0.2871100008487701
-0.2861379981040955
-0.2851743996143341
-0.2842190265655518
-0.283271998167038
-0.2823337912559509
-0.2814050912857056
-0.2804867327213287
-0.2795796990394592
-0.2786850035190582
-0.2778034806251526
-0.2769357562065125
-0.2760820984840393
-0.2752423882484436
-0.2744159698486328
-0.2736016511917114
-0.2727975249290466
-0.2720010578632355
-0.2712090909481049
-0.270418107509613
-0.2696241438388824
-0.268822968006134
-0.2680104076862335
-0.2671822905540466
-0.2663349509239197
-0.2654651403427124
-0.2645704746246338
-0.2636494636535645
-0.2627017796039581
-0.2617282271385193
-0.2607308626174927
-0.2597129642963409
-0.258679062128067
-0.2576347589492798
-0.2565865516662598
-0.25554159283638
-0.2545074820518494
-0.2534919679164886
-0.2525027692317963
-0.2515469193458557
-0.2506308555603027
-0.2497599124908447
-0.2489382475614548
-0.2481685280799866
-0.2474520057439804
-0.2467882484197617
-0.2461752742528915
-0.2456096261739731
-0.2450865060091019
-0.2445999681949615
-0.2441431730985641
-0.2437086850404739
-0.2432886809110641
-0.2428753525018692
-0.2424611002206802
-0.242038831114769
-0.2416022270917892
-0.2411458492279053
-0.2406652867794037
-0.240157276391983
-0.2396195828914642
-0.2390511631965637
-0.2384520024061203
-0.2378230392932892
-0.2371658980846405
-0.2364829778671265
-0.2357771247625351
-0.2350515127182007
-0.2343095988035202
-0.233554944396019
-0.2327910810709
-0.2320215553045273
-0.2312497496604919
-0.2304789423942566
-0.2297122180461884
-0.2289524525403976
-0.2282023876905441
-0.227464571595192
-0.2267412841320038
-0.2260345667600632
-0.2253461182117462
-0.2246772944927216
-0.224029004573822
-0.2234017252922058
-0.2227953523397446
-0.2222093045711517
-0.2216423898935318
-0.2210927903652191
-0.2205581963062286
-0.2200358957052231
-0.2195228040218353
-0.2190155386924744
-0.2185106873512268
-0.21800497174263
-0.2174952924251556
-0.2169790267944336
-0.2164540588855743
-0.2159189581871033
-0.2153729945421219
-0.2148161828517914
-0.2142492830753326
-0.2136737108230591
-0.2130914181470871
-0.2125047445297241
-0.2119162231683731
-0.211328461766243
-0.2107438445091248
-0.210164412856102
-0.2095917314291
-0.2090267390012741
-0.2084697633981705
-0.2079204171895981
-0.2073776870965958
-0.2068400830030441
-0.2063057124614716
-0.2057724893093109
-0.2052383273839951
-0.2047013342380524
-0.2041599005460739
-0.2036129683256149
-0.2030600756406784
-0.2025013864040375
-0.2019377797842026
-0.2013708204030991
-0.2008025050163269
-0.2002352774143219
-0.1996717900037766
-0.1991147398948669
-0.1985666006803513
-0.1980295926332474
-0.1975053399801254
-0.1969949305057526
-0.1964987218379974
-0.196016401052475
-0.1955469697713852
-0.1950887441635132
-0.194639652967453
-0.1941972374916077
-0.1937588900327682
-0.1933219879865646
-0.1928840726613998
-0.1924430280923843
-0.1919971853494644
-0.1915453970432281
-0.1910870522260666
-0.1906221956014633
-0.1901514530181885
-0.189675971865654
-0.1891973465681076
-0.1887175440788269
-0.1882388144731522
-0.1877635419368744
-0.1872941702604294
-0.1868330538272858
-0.1863824278116226
-0.1859443634748459
-0.1855206042528152
-0.1851126998662949
-0.1847218126058578
-0.1843488663434982
-0.1839944273233414
-0.1836588084697723
-0.1833420842885971
-0.1830440163612366
-0.1827642321586609
-0.1825022101402283
-0.1822573244571686
-0.1820289194583893
-0.1818163245916367
-0.1816190183162689
-0.1814365833997726
-0.1812688857316971
-0.1811159551143646
-0.1809782087802887
-0.1808564066886902
-0.1807516366243362
-0.1806654334068298
-0.1805995851755142
-0.1805562376976013
-0.180537685751915
-0.1805463880300522
-0.1805847883224487
-0.180655226111412
-0.1807598769664764
-0.1809005886316299
-0.1810788214206696
-0.1812955886125565
-0.1815515011548996
-0.1818466186523438
-0.1821805834770203
-0.1825526058673859
-0.1829614788293839
-0.1834057867527008
-0.1838838309049606
-0.1843938380479813
-0.1849339157342911
-0.1855021715164185
-0.1860967129468918
-0.186715692281723
-0.1873572617769241
-0.1880195736885071
-0.188700795173645
-0.1893990188837051
-0.1901121884584427
-0.1908381581306458
-0.1915745586156845
-0.1923188418149948
-0.1930682361125946
-0.1938197612762451
-0.194570317864418
-0.1953165978193283
-0.1960552483797073
-0.1967829018831253
-0.1974962055683136
-0.1981919556856155
-0.1988670527935028
-0.1995186358690262
-0.2001440972089767
-0.2007410675287247
-0.20130755007267
-0.2018418312072754
-0.2023424953222275
-0.2028085440397263
-0.2032392174005508
-0.2036341577768326
-0.2039932906627655
-0.2043169140815735
-0.2046056389808655
-0.2048604786396027
-0.2050827741622925
-0.2052742540836334
-0.205436959862709
-0.2055733054876328
-0.2056859880685806
-0.205778032541275
-0.205852672457695
-0.2059133350849152
-0.2059636116027832
-0.2060071676969528
-0.2060476690530777
-0.2060887366533279
-0.2061338871717453
-0.20618636906147
-0.2062492817640305
-0.206325352191925
-0.2064169943332672
-0.2065262198448181
-0.2066546380519867
-0.2068034708499908
-0.2069733738899231
-0.2071646451950073
-0.207377091050148
-0.207610085606575
-0.207862600684166
-0.2081332355737686
-0.2084202319383621
-0.2087215036153793
-0.209034726023674
-0.2093574106693268
-0.2096868753433228
-0.2100203335285187
-0.2103549987077713
-0.210688129067421
-0.2110170423984528
-0.211339145898819
-0.2116520255804062
-0.2119535058736801
-0.2122416347265244
-0.2125147879123688
-0.2127715945243835
-0.2130109965801239
-0.2132323086261749
-0.2134351879358292
-0.2136197090148926
-0.2137862592935562
-0.2139356136322021
-0.2140689194202423
-0.2141877710819244
-0.2142940014600754
-0.2143898010253906
-0.214477613568306
-0.2145602107048035
-0.2146404683589935
-0.2147213965654373
-0.2148060947656631
-0.2148975878953934
-0.2149987816810608
-0.2151124477386475
-0.2152411043643951
-0.2153869420289993
-0.2155517339706421
-0.2157368659973145
-0.2159432917833328
-0.2161714732646942
-0.2164213955402374
-0.2166926562786102
-0.2169844061136246
-0.2172954529523849
-0.2176243364810944
-0.2179693132638931
-0.218328595161438
-0.2187002748250961
-0.2190825194120407
-0.2194736003875732
-0.2198720127344131
-0.2202765494585037
-0.2206863164901733
-0.2211008220911026
-0.2215200066566467
-0.2219442129135132
-0.222374215722084
-0.2228112667798996
-0.2232569009065628
-0.2237130552530289
-0.2241818457841873
-0.2246655225753784
-0.2251663655042648
-0.2256865650415421
-0.2262281775474548
-0.2267928570508957
-0.2273818999528885
-0.2279960811138153
-0.2286356091499329
-0.2293000519275665
-0.2299882471561432
-0.2306983768939972
-0.2314279675483704
-0.2321739047765732
-0.232932522892952
-0.2336996644735336
-0.23447085916996
-0.2352414280176163
-0.2360065877437592
-0.236761674284935
-0.2375022023916245
-0.2382241189479828
-0.2389238178730011
-0.2395982891321182
-0.2402452975511551
-0.2408632934093475
-0.2414515167474747
-0.2420099526643753
-0.2425393313169479
-0.2430410832166672
-0.243517130613327
-0.2439699321985245
-0.2444022297859192
-0.2448168843984604
-0.2452168166637421
-0.2456048578023911
-0.2459836006164551
-0.2463552057743073
-0.2467214465141296
-0.2470835447311401
-0.247442290186882
-0.2477978765964508
-0.2481500655412674
-0.2484982162714005
-0.2488413900136948
-0.2491784691810608
-0.2495083212852478
-0.2498298585414886
-0.2501423358917236
-0.2504453063011169
-0.2507388591766357
-0.2510236203670502
-0.2513008117675781
-0.2515724301338196
-0.2518409192562103
-0.2521093785762787
-0.2523813545703888
-0.2526606917381287
-0.2529514729976654
-0.2532577812671661
-0.253583550453186
-0.2539322972297668
-0.2543071508407593
-0.2547106742858887
-0.2551445364952087
-0.2556096613407135
-0.2561059594154358
-0.2566325962543488
-0.2571878433227539
-0.2577690482139587
-0.2583730220794678
-0.2589960098266602
-0.2596337199211121
-0.2602817416191101
-0.2609355449676514
-0.2615908086299896
-0.262243390083313
-0.262889564037323
-0.2635261118412018
-0.2641503810882568
-0.2647602558135986
-0.265354335308075
-0.2659317553043365
-0.2664921581745148
-0.2670356929302216
-0.2675627768039703
-0.268074095249176
-0.2685704827308655
-0.2690528035163879
-0.2695218622684479
-0.2699783742427826
-0.2704227864742279
-0.2708554863929749
-0.271276593208313
-0.2716860771179199
-0.2720837593078613
-0.2724694311618805
-0.2728430330753326
-0.2732044160366058
-0.273553729057312
-0.2738912999629974
-0.2742177844047546
-0.2745340466499329
-0.2748413383960724
-0.2751411497592926
-0.275435209274292
-0.2757254540920258
-0.2760138809680939
-0.2763023972511292
-0.2765928506851196
-0.2768868505954742
-0.2771856188774109
-0.2774900496006012
-0.2778005599975586
-0.2781170904636383
-0.2784390151500702
-0.2787653803825378
-0.2790947556495667
-0.2794254422187805
-0.279755562543869
-0.2800830602645874
-0.2804060280323029
-0.2807226181030273
-0.2810313701629639
-0.2813311219215393
-0.2816212773323059
-0.2819017171859741
-0.282172828912735
-0.2824355363845825
-0.2826912403106689
-0.2829417288303375
-0.2831892073154449
-0.2834360599517822
-0.283684641122818
-0.2839373350143433
-0.2841963768005371
-0.2844637632369995
-0.2847410142421722
-0.285029262304306
-0.285329133272171
-0.2856406271457672
-0.285963386297226
-0.2862964868545532
-0.286638617515564
-0.2869880497455597
-0.2873428165912628
-0.2877007722854614
-0.2880597114562988
-0.2884172797203064
-0.288771390914917
-0.2891199886798859
-0.2894612550735474
-0.2897937595844269
-0.2901161909103394
-0.2904276549816132
-0.2907275259494781
-0.2910155355930328
-0.2912916243076324
-0.2915560603141785
-0.2918093204498291
-0.2920520305633545
-0.2922852039337158
-0.2925098538398743
-0.292727142572403
-0.2929384708404541
-0.2931452095508575
-0.2933489978313446
-0.2935513854026794
-0.2937539219856262
-0.2939583361148834
-0.2941661775112152
-0.2943788766860962
-0.2945978343486786
-0.2948241829872131
-0.2950588166713715
-0.2953023612499237
-0.2955552041530609
-0.2958173155784607
-0.2960883378982544
-0.2963675856590271
-0.2966540455818176
-0.296946257352829
-0.2972427308559418
-0.2975417673587799
-0.2978413701057434
-0.2981396615505219
-0.2984347939491272
-0.2987249493598938
-0.2990086078643799
-0.299284428358078
-0.2995514273643494
-0.2998089492321014
-0.3000567853450775
-0.3002949655056
-0.3005239367485046
-0.3007444143295288
-0.3009573519229889
-0.301163911819458
-0.3013654053211212
-0.3015630841255188
-0.3017582893371582
-0.3019520938396454
-0.3021456003189087
-0.3023395836353302
-0.3025347292423248
-0.3027313649654388
-0.3029296100139618
-0.303129255771637
-0.3033300340175629
-0.3035313487052917
-0.3037324547767639
-0.3039324283599854
-0.3041302561759949
-0.3043248057365417
-0.3045149743556976
-0.3046995401382446
-0.3048774003982544
-0.3050473928451538
-0.3052083253860474
-0.3053591847419739
-0.305498868227005
-0.3056263327598572
-0.3057405650615692
-0.3058404922485352
-0.3059251606464386
-0.3059934973716736
-0.3060443997383118
-0.306076854467392
-0.3060896396636963
-0.3060815334320068
-0.3060512542724609
-0.3059974312782288
-0.3059186041355133
-0.3058132529258728
-0.3056796491146088
-0.3055161237716675
-0.3053208589553833
-0.3050919473171234
-0.3048273026943207
-0.3045249879360199
-0.3041828274726868
-0.3037987649440765
-0.3033705353736877
-0.302896112203598
-0.3023733794689178
-0.3018003404140472
-0.3011751472949982
-0.3004959523677826
-0.299761027097702
-0.298969030380249
-0.2981185913085938
-0.2972086071968079
-0.2962382137775421
-0.2952068746089935
-0.294114351272583
-0.2929606735706329
-0.2917461693286896
-0.2904715836048126
-0.2891380488872528
-0.2877470850944519
-0.2863007187843323
-0.284801572561264
-0.2832526564598083
-0.2816576361656189
-0.2800208330154419
-0.2783470749855042
-0.2766418755054474
-0.2749114334583282
-0.2731625139713287
-0.271402508020401
-0.2696394026279449
-0.2678816914558411
-0.2661383450031281
-0.2644185721874237
-0.262732058763504
-0.2610884308815002
-0.2594974040985107
-0.2579686045646667
-0.2565113008022308
-0.2551343739032745
-0.2538459897041321
-0.2526537179946899
-0.2515641748905182
-0.2505829036235809
-0.2497142255306244
-0.2489612102508545
-0.248325526714325
-0.2478072941303253
-0.2474051266908646
-0.2471160143613815
-0.2469353526830673
-0.2468568980693817
-0.2468729466199875
-0.2469742447137833
-0.2471502274274826
-0.2473891526460648
-0.2476781606674194
-0.2480036318302155
-0.2483512759208679
-0.2487064301967621
-0.2490543723106384
-0.2493805587291718
-0.2496708184480667
-0.249911829829216
-0.2500912845134735
-0.250198096036911
-0.25022292137146
-0.2501580715179443
-0.2499978542327881
-0.2497386634349823
-0.2493791878223419
-0.248920351266861
-0.2483654022216797
-0.2477197796106339
-0.2469910681247711
-0.2461888194084167
-0.2453243583440781
-0.2444104552268982
-0.2434610724449158
-0.2424909770488739
-0.2415153980255127
-0.2405495941638947
-0.2396085411310196
-0.2387064248323441
-0.2378564029932022
-0.2370701432228088
-0.2363575100898743
-0.23572638630867
-0.2351823747158051
-0.234728679060936
-0.2343661040067673
-0.234092965722084
-0.2339051514863968
-0.2337962538003922
-0.2337578982114792
-0.2337798029184341
-0.2338502258062363
-0.2339563220739365
-0.2340845316648483
-0.2342209219932556
-0.2343517690896988
-0.2344638407230377
-0.2345448136329651
-0.2345837652683258
-0.2345713526010513
-0.2345002144575119
-0.2343650758266449
-0.2341629266738892
-0.233893096446991
-0.2335572391748428
-0.2331591844558716
-0.2327048480510712
-0.2322019636631012
-0.2316597253084183
-0.2310885339975357
-0.2304995656013489
-0.2299043536186218
-0.2293143570423126
-0.2287405878305435
-0.2281931638717651
-0.2276809960603714
-0.2272114902734756
-0.226790264248848
-0.2264210134744644
-0.2261053919792175
-0.2258429974317551
-0.2256314605474472
-0.2254665344953537
-0.2253424078226089
-0.2252518981695175
-0.2251868396997452
-0.2251383811235428
-0.2250974178314209
-0.2250549495220184
-0.2250024527311325
-0.2249322235584259
-0.2248377203941345
-0.2247137427330017
-0.2245565950870514
-0.2243642508983612
-0.2241363376379013
-0.2238741666078568
-0.2235804945230484
-0.2232594043016434
-0.2229160368442535
-0.2225564122200012
-0.2221869826316833
-0.2218143939971924
-0.2214450985193253
-0.2210851311683655
-0.2207397967576981
-0.2204134464263916
-0.220109298825264
-0.2198293656110764
-0.2195743471384048
-0.2193437218666077
-0.2191358208656311
-0.2189479470252991
-0.2187765538692474
-0.2186174839735031
-0.2184662222862244
-0.2183181792497635
-0.2181689143180847
-0.2180143743753433
-0.2178510725498199
-0.2176763266324997
-0.2174882888793945
-0.2172861099243164
-0.2170698493719101
-0.216840460896492
-0.2165996879339218
-0.2163499593734741
-0.2160942107439041
-0.2158356159925461
-0.2155774235725403
-0.2153227478265762
-0.215074360370636
-0.2148345708847046
-0.2146050184965134
-0.2143866121768951
-0.2141795605421066
-0.2139832675457001
-0.2137964516878128
-0.213617280125618
-0.2134434878826141
-0.2132724970579147
-0.2131016403436661
-0.212928295135498
-0.2127501666545868
-0.2125653028488159
-0.2123723328113556
-0.2121704965829849
-0.2119597643613815
-0.2117406874895096
-0.2115145027637482
-0.2112829834222794
-0.211048349738121
-0.2108130306005478
-0.2105795592069626
-0.210350438952446
-0.2101278901100159
-0.2099137604236603
-0.2097093313932419
-0.2095152884721756
-0.209331676363945
-0.2091578394174576
-0.2089924812316895
-0.2088338583707809
-0.2086796909570694
-0.208527460694313
-0.2083745151758194
-0.2082182615995407
-0.2080563753843307
-0.2078868597745895
-0.2077082991600037
-0.2075198441743851
-0.2073212862014771
-0.2071131467819214
-0.20689657330513
-0.2066732943058014
-0.2064454555511475
-0.2062155604362488
-0.2059861868619919
-0.2057599723339081
-0.205539271235466
-0.2053261250257492
-0.205122098326683
-0.2049281895160675
-0.2047447264194489
-0.2045713663101196
-0.2044071853160858
-0.2042506635189056
-0.2040998488664627
-0.2039524912834167
-0.2038061618804932
-0.2036584317684174
-0.2035070359706879
-0.2033500820398331
-0.2031860500574112
-0.2030139714479446
-0.2028334736824036
-0.2026447653770447
-0.2024486511945724
-0.2022464275360107
-0.2020398080348969
-0.2018308043479919
-0.2016215324401855
-0.2014141529798508
-0.2012106329202652
-0.2010126858949661
-0.2008216083049774
-0.2006382197141647
-0.2004628628492355
-0.2002953439950943
-0.2001349180936813
-0.1999804526567459
-0.1998305171728134
-0.1996833235025406
-0.1995370537042618
-0.1993899345397949
-0.1992402970790863
-0.1990867257118225
-0.1989282071590424
-0.1987641304731369
-0.1985942721366882
-0.1984188556671143
-0.1982385516166687
-0.198054313659668
-0.19786736369133
-0.1976791471242905
-0.1974911093711853
-0.1973046660423279
-0.1971210986375809
-0.1969414055347443
-0.1967663466930389
-0.1965963244438171
-0.1964313536882401
-0.1962711662054062
-0.1961151659488678
-0.1959624886512756
-0.1958121657371521
-0.1956631243228912
-0.1955142468214035
-0.1953644901514053
-0.1952129751443863
-0.195059061050415
-0.1949023008346558
-0.1947425156831741
-0.1945798099040985
-0.1944145262241364
-0.1942471563816071
-0.1940784007310867
-0.1939089894294739
-0.1937396973371506
-0.1935712695121765
-0.1934043616056442
-0.1932394206523895
-0.1930768042802811
-0.1929166913032532
-0.1927590072154999
-0.1926035732030869
-0.1924500167369843
-0.1922978609800339
-0.1921465843915939
-0.1919956654310226
-0.191844567656517
-0.1916928738355637
-0.1915402412414551
-0.1913864761590958
-0.1912314742803574
-0.1910752952098846
-0.1909181326627731
-0.1907602101564407
-0.1906018704175949
-0.1904434859752655
-0.1902854293584824
-0.1901280134916306
-0.1899715214967728
-0.1898161470890045
-0.1896620243787766
-0.1895091831684113
-0.1893575042486191
-0.1892068684101105
-0.1890570372343063
-0.1889077723026276
-0.1887588053941727
-0.1886098682880402
-0.1884606927633286
-0.1883110702037811
-0.1881608515977859
-0.1880099326372147
-0.1878582835197449
-0.1877059042453766
-0.1875528991222382
-0.1873993575572968
-0.1872453987598419
-0.1870911419391632
-0.1869367361068726
-0.1867822408676147
-0.1866277903318405
-0.1864733546972275
-0.1863189786672592
-0.1861646175384521
-0.1860101968050003
-0.1858556568622589
-0.1857009083032608
-0.1855458766222
-0.1853904575109482
-0.1852346211671829
-0.1850783079862595
-0.1849214881658554
-0.1847642064094543
-0.1846064478158951
-0.184448316693306
-0.1842898577451706
-0.1841311901807785
-0.1839723736047745
-0.1838134825229645
-0.1836545616388321
-0.1834956854581833
-0.1833368837833405
-0.1831782162189484
-0.1830197125673294
-0.182861402630806
-0.1827033162117004
-0.1825454980134964
-0.1823880076408386
-0.1822309046983719
-0.1820743083953857
-0.181918278336525
-0.1817629784345627
-0.1816085278987885
-0.1814550906419754
-0.1813028305768967
-0.1811518371105194
-0.1810022741556168
-0.1808542460203171
-0.1807077974081039
-0.1805629879236221
-0.1804198324680328
-0.1802783608436584
-0.1801385432481766
-0.1800003051757812
-0.1798635572195053
-0.1797282248735428
-0.1795941740274429
-0.1794613152742386
-0.179329514503479
-0.1791986674070358
-0.1790686249732971
-0.1789392828941345
-0.1788105368614197
-0.178682267665863
-0.1785543859004974
-0.1784267872571945
-0.1782993525266647
-0.1781719923019409
-0.1780446171760559
-0.1779171079397202
-0.1777894049882889
-0.1776614487171173
-0.1775331646203995
-0.1774045079946518
-0.1772754639387131
-0.1771460622549057
-0.1770163178443909
-0.1768863052129745
-0.1767560839653015
-0.1766257882118225
-0.1764955520629883
-0.1763654798269272
-0.1762357354164124
-0.1761064976453781
-0.1759779453277588
-0.1758502721786499
-0.1757235676050186
-0.1755980104207993
-0.1754737347364426
-0.1753507554531097
-0.1752292066812515
-0.1751090735197067
-0.1749903410673141
-0.174872949719429
-0.1747568100690842
-0.1746418476104736
-0.1745278835296631
-0.1744147390127182
-0.1743022352457047
-0.1741901636123657
-0.1740783005952835
-0.1739664226770401
-0.1738542914390564
-0.1737416833639145
-0.1736283898353577
-0.173514187335968
-0.1733989119529724
-0.1732824295759201
-0.1731646209955215
-0.1730454415082932
-0.1729248613119125
-0.1728028655052185
-0.172679528594017
-0.1725549548864365
-0.1724292635917664
-0.172302633523941
-0.172175258398056
-0.1720473766326904
-0.1719192117452621
-0.1717910170555115
-0.1716630458831787
-0.1715354919433594
-0.1714085936546326
-0.1712825298309326
-0.1711574196815491
-0.1710333675146103
-0.1709104776382446
-0.1707887798547745
-0.1706682443618774
-0.1705488264560699
-0.1704304367303848
-0.1703129559755325
-0.1701962500810623
-0.1700801402330399
-0.1699645072221756
-0.169849157333374
-0.1697339713573456
-0.1696188449859619
-0.1695036143064499
-0.1693882197141647
-0.1692725867033005
-0.1691567301750183
-0.1690406203269958
-0.1689243167638779
-0.1688078641891479
-0.1686913669109344
-0.1685748994350433
-0.1684585958719254
-0.1683425903320312
-0.1682269424200058
-0.1681117862462997
-0.1679971814155579
-0.1678831577301025
-0.1677697747945786
-0.1676570177078247
-0.1675448417663574
-0.1674331724643707
-0.1673219203948975
-0.1672109365463257
-0.1671001017093658
-0.1669892370700836
-0.1668782234191895
-0.1667669117450714
-0.1666551679372787
-0.1665428727865219
-0.1664299517869949
-0.1663163602352142
-0.1662020981311798
-0.1660872101783752
-0.1659717857837677
-0.1658559292554855
-0.1657398045063019
-0.1656235754489899
-0.1655074059963226
-0.1653915196657181
-0.1652760654687881
-0.1651612520217896
-0.1650471985340118
-0.1649340242147446
-0.1648217439651489
-0.1647104173898697
-0.1646000444889069
-0.1644905507564545
-0.1643818467855453
-0.1642737686634064
-0.1641661673784256
-0.1640588790178299
-0.1639517396688461
-0.163844496011734
-0.1637369841337204
-0.1636290699243546
-0.1635206490755081
-0.1634115874767303
-0.1633019000291824
-0.1631915718317032
-0.1630806475877762
-0.1629692316055298
-0.16285739839077
-0.162745326757431
-0.1626331806182861
-0.162521094083786
-0.1624092310667038
-0.1622977405786514
-0.1621867418289185
-0.1620763391256332
-0.1619665622711182
-0.1618574261665344
-0.1617489159107208
-0.1616409718990326
-0.1615334749221802
-0.1614263653755188
-0.1613194495439529
-0.1612126082181931
-0.1611056923866272
-0.1609985679388046
-0.1608911156654358
-0.1607832312583923
-0.1606748551130295
-0.1605659574270248
-0.1604565232992172
-0.1603465378284454
-0.1602361053228378
-0.1601253002882004
-0.1600141823291779
-0.1599029004573822
-0.1597915291786194
-0.1596801429986954
-0.1595688313245773
-0.1594576686620712
-0.1593466699123383
-0.159235879778862
-0.1591253280639648
-0.1590149700641632
-0.1589047759771347
-0.1587946861982346
-0.1586846262216568
-0.1585745811462402
-0.1584644615650177
-0.1583542078733444
-0.1582438200712204
-0.1581332832574844
-0.1580225676298141
-0.1579116880893707
-0.1578006893396378
-0.1576895862817764
-0.1575784236192703
-0.1574672013521194
-0.1573559939861298
-0.1572448760271072
-0.1571338474750519
-0.1570229530334473
-0.1569121778011322
-0.1568015515804291
-0.1566910892724991
-0.1565807461738586
-0.1564705073833466
-0.1563603281974792
-0.1562502086162567
-0.156140148639679
-0.1560301929712296
-0.1559203118085861
-0.155810534954071
-0.1557009220123291
-0.1555915623903275
-0.1554825454950333
-0.1553739458322525
-0.1552658379077911
-0.1551582962274551
-0.1550513803958893
-0.1549451947212219
-0.1548397541046143
-0.1547350585460663
-0.1546311229467392
-0.1545279324054718
-0.1544255018234253
-0.1543237566947937
-0.1542226523160934
-0.1541221737861633
-0.1540222615003586
-0.1539228707551956
-0.1538240015506744
-0.1537256389856339
-0.1536278277635574
-0.1535305827856064
-0.1534339636564255
-0.1533380448818207
-0.1532429158687592
-0.1531486660242081
-0.1530553549528122
-0.1529630571603775
-0.15287184715271
-0.1527817994356155
-0.152692973613739
-0.1526053994894028
-0.1525191068649292
-0.1524340659379959
-0.1523502618074417
-0.1522676646709442
-0.1521862745285034
-0.1521060168743134
-0.1520268619060516
-0.1519487500190735
-0.1518716514110565
-0.151795506477356
-0.151720330119133
-0.1516460925340652
-0.1515727639198303
-0.1515003144741058
-0.1514287143945694
-0.1513579338788986
-0.1512879282236099
-0.1512186676263809
-0.1511500924825668
-0.1510821133852005
-0.1510146409273148
-0.1509475708007812
-0.1508807986974716
-0.1508141756057739
-0.1507475972175598
-0.1506809443235397
-0.1506140530109406
-0.1505468189716339
-0.1504791378974915
-0.1504108309745789
-0.1503418236970901
-0.1502720415592194
-0.1502014398574829
-0.1501299440860748
-0.1500575095415115
-0.1499840915203094
-0.149909719824791
-0.1498343944549561
-0.1497581154108047
-0.1496809422969818
-0.1496029049158096
-0.149524062871933
-0.1494444757699966
-0.1493642032146454
-0.1492833495140076
-0.1492020040750504
-0.1491202861070633
-0.1490382999181747
-0.1489561647176743
-0.1488739997148514
-0.1487919390201569
-0.1487101167440414
-0.1486286371946335
-0.148547574877739
-0.1484670788049698
-0.1483871787786484
-0.1483079344034195
-0.1482293605804443
-0.1481514722108841
-0.1480742245912552
-0.1479975879192352
-0.1479215025901794
-0.1478458642959595
-0.1477705836296082
-0.1476955413818359
-0.1476206481456757
-0.1475457549095154
-0.1474707275629044
-0.1473954170942307
-0.1473196893930435
-0.147243395447731
-0.1471664309501648
-0.1470887213945389
-0.1470101624727249
-0.1469306945800781
-0.1468502730131149
-0.1467689275741577
-0.1466866582632065
-0.1466035693883896
-0.1465196758508682
-0.1464351415634155
-0.146350085735321
-0.1462647020816803
-0.1461791545152664
-0.1460936516523361
-0.1460084021091461
-0.1459236294031143
-0.1458395719528198
-0.1457564383745193
-0.145674392580986
-0.1455935835838318
-0.145514115691185
-0.1454360634088516
-0.1453594714403152
-0.1452843546867371
-0.1452106386423111
-0.1451382040977478
-0.1450669020414352
-0.1449965536594391
-0.1449269354343414
-0.1448578089475632
-0.1447888910770416
-0.1447199136018753
-0.1446506083011627
-0.1445807367563248
-0.14451003074646
-0.1444382965564728
-0.1443653255701065
-0.1442910134792328
-0.1442152857780457
-0.1441381275653839
-0.1440595686435699
-0.1439796835184097
-0.1438986212015152
-0.1438165456056595
-0.1437336951494217
-0.1436503380537033
-0.1435667425394058
-0.1434832513332367
-0.1434001475572586
-0.1433177143335342
-0.1432362496852875
-0.1431559771299362
-0.1430771350860596
-0.1429998725652695
-0.1429243236780167
-0.1428505033254623
-0.1427784264087677
-0.1427079886198044
-0.142639085650444
-0.1425715088844299
-0.1425050348043442
-0.1424393951892853
-0.142374262213707
-0.142309382557869
-0.1422444134950638
-0.14217908680439
-0.1421131789684296
-0.1420464515686035
-0.1419788002967834
-0.1419100910425186
-0.141840323805809
-0.1417695134878159
-0.1416977792978287
-0.1416252702474594
-0.1415521800518036
-0.1414787620306015
-0.1414052844047546
-0.1413320451974869
-0.1412593573331833
-0.1411875039339066
-0.1411167979240417
-0.1410474628210068
-0.1409796923398972
-0.1409136354923248
-0.1408493667840958
-0.1407869309186935
-0.1407262831926346
-0.1406673640012741
-0.140610009431839
-0.1405540257692337
-0.1404991894960403
-0.1404452323913574
-0.1403918564319611
-0.1403388679027557
-0.1402859836816788
-0.1402330249547958
-0.1401798576116562
-0.1401263475418091
-0.1400724053382874
-0.1400179862976074
-0.1399631500244141
-0.1399079859256744
-0.1398526728153229
-0.1397973448038101
-0.1397421807050705
-0.1396874040365219
-0.1396331936120987
-0.1395797431468964
-0.139527216553688
-0.1394757479429245
-0.1394253969192505
-0.1393762081861496
-0.1393281668424606
-0.1392812132835388
-0.139235258102417
-0.1391901224851608
-0.1391456127166748
-0.1391015350818634
-0.1390576511621475
-0.1390137523412704
-0.1389696151018143
-0.1389250904321671
-0.1388799548149109
-0.1388341039419174
-0.1387874633073807
-0.1387399584054947
-0.1386915892362595
-0.1386423856019974
-0.1385924071073532
-0.1385417431592941
-0.1384905129671097
-0.1384388357400894
-0.1383868455886841
-0.1383346319198608
-0.1382823288440704
-0.13823002576828
-0.138177752494812
-0.1381255388259888
-0.1380733996629715
-0.138021320104599
-0.1379692256450653
-0.1379170268774033
-0.1378646939992905
-0.137812077999115
-0.1377591490745544
-0.1377058178186417
-0.1376520544290543
-0.1375978142023087
-0.1375430971384048
-0.1374879330396652
-0.1374323666095734
-0.1373764723539352
-0.1373203694820404
-0.137264147400856
-0.1372079253196716
-0.1371518671512604
-0.1370960623025894
-0.1370406150817871
-0.1369855850934982
-0.1369310468435287
-0.1368770897388458
-0.1368237435817719
-0.136771023273468
-0.1367189139127731
-0.1366673856973648
-0.1366163939237595
-0.1365658789873123
-0.1365157812833786
-0.1364660710096359
-0.1364166587591171
-0.136367529630661
-0.1363186240196228
-0.1362699121236801
-0.1362213492393494
-0.1361729055643082
-0.1361245810985565
-0.1360763907432556
-0.1360282897949219
-0.1359803080558777
-0.1359324008226395
-0.1358845382928848
-0.1358367055654526
-0.1357888728380203
-0.1357409358024597
-0.1356929093599319
-0.1356447041034698
-0.1355962455272675
-0.1355475187301636
-0.1354984194040298
-0.1354489326477051
-0.1353990137577057
-0.1353486180305481
-0.1352977454662323
-0.1352463811635971
-0.1351945400238037
-0.1351422518491745
-0.1350895166397095
-0.1350363790988922
-0.1349828690290451
-0.1349290162324905
-0.1348748803138733
-0.1348204612731934
-0.1347657740116119
-0.1347108483314514
-0.1346557289361954
-0.1346003860235214
-0.1345448046922684
-0.1344890296459198
-0.1344330459833145
-0.1343768686056137
-0.1343204528093338
-0.1342638432979584
-0.1342069804668427
-0.1341498643159866
-0.1340924799442291
-0.1340348422527313
-0.133976936340332
-0.1339187473058701
-0.133860245347023
-0.1338014006614685
-0.133742168545723
-0.1336824595928192
-0.1336222738027573
-0.1335615366697311
-0.1335001587867737
-0.1334380656480789
-0.1333751529455185
-0.1333113461732864
-0.1332465559244156
-0.1331806778907776
-0.1331136524677277
-0.1330454498529434
-0.1329759657382965
-0.1329051554203033
-0.1328330039978027
-0.1327594816684723
-0.132684588432312
-0.1326082944869995
-0.1325306296348572
-0.132451593875885
-0.1323712170124054
-0.1322894841432571
-0.1322064250707626
-0.1321220546960831
-0.1320363879203796
-0.1319494992494583
-0.1318613737821579
-0.131772056221962
-0.1316816359758377
-0.1315901130437851
-0.1314975917339325
-0.1314041614532471
-0.131309911608696
-0.1312149465084076
-0.1311193853616714
-0.1310233920812607
-0.130927100777626
-0.1308306753635406
-0.1307342350482941
-0.1306379437446594
-0.1305419951677322
-0.1304464936256409
-0.130351647734642
-0.1302575618028641
-0.1301643997430801
-0.1300722807645798
-0.1299813687801361
-0.1298917979001999
-0.1298036724328995
-0.1297171413898468
-0.1296322792768478
-0.1295492351055145
-0.1294681131839752
-0.1293890029191971
-0.1293119639158249
-0.1292370557785034
-0.1291643232107162
-0.1290937811136246
-0.1290254294872284
-0.1289591938257217
-0.128895029425621
-0.1288328170776367
-0.1287724226713181
-0.1287136673927307
-0.128656342625618
-0.1286002397537231
-0.1285451203584671
-0.128490686416626
-0.1284366995096207
-0.1283828616142273
-0.1283288598060608
-0.1282744109630585
-0.1282192319631577
-0.1281630545854568
-0.1281056106090546
-0.1280467212200165
-0.1279861629009247
-0.1279238015413284
-0.1278594583272934
-0.1277930587530136
-0.1277245432138443
-0.1276539117097855
-0.1275811493396759
-0.127506360411644
-0.1274296492338181
-0.1273512095212936
-0.1272712349891663
-0.1271899938583374
-0.1271077543497086
-0.1270248591899872
-0.1269416213035583
-0.1268584281206131
-0.1267756372690201
-0.1266935914754868
-0.126612663269043
-0.126533180475235
-0.1264554113149643
-0.1263796240091324
-0.1263060122728348
-0.1262347400188446
-0.1261658668518066
-0.1260994225740433
-0.1260353475809097
-0.1259735226631165
-0.1259137690067291
-0.1258558332920074
-0.1257994025945663
-0.1257441937923431
-0.1256898194551468
-0.1256358772516251
-0.1255820095539093
-0.1255277842283249
-0.1254728436470032
-0.1254168152809143
-0.125359371304512
-0.1253002882003784
-0.1252393275499344
-0.1251763552427292
-0.1251113265752792
-0.125044196844101
-0.1249750331044197
-0.1249039694666862
-0.1248312219977379
-0.1247570440173149
-0.1246817633509636
-0.1246057227253914
-0.1245293095707893
-0.1244529262185097
-0.124376967549324
-0.1243018209934235
-0.1242278218269348
-0.1241552829742432
-0.1240844503045082
-0.1240154951810837
-0.1239485368132591
-0.1238835901021957
-0.1238206252455711
-0.123759500682354
-0.1237000301480293
-0.1236419528722763
-0.123584970831871
-0.123528741300106
-0.1234728842973709
-0.1234170198440552
-0.1233607605099678
-0.1233037784695625
-0.1232457533478737
-0.123186431825161
-0.1231256201863289
-0.1230631992220879
-0.1229991093277931
