0
0
0
0
0
0
0
0
0
0
0
0
0
0
0
0
0
0
0
0
0
0
0
0
0
0
0
0
0
0
0
0
0
0
0
0
0
0
0
0
0
0
0
0
0
0
0
0
0
0
0
0
0
0
0
0
0
0
0
0
0
0
0
0
0
0
0
0
0
0
0
0
0
0
0
0
0
0
0
0
0
0
0
0
0
0
0
0
0
0
0
0
0
0
0
0
0
0
0
0
0
0
0
0
0
0
0
0
0
0
0
0
0
0
0
0
0
0
0
0
0
0
0
0
0
0
0
0
0
0
0
0
0
0
0
0
0
0
0
0
0
0
0
0
0
0
0
0
0
0
0
0
0
0
0
0
0
0
0
0
0
0
0
0
0
0
0
0
0
0
0
0
0
0
0
0
0
0
0
0
0
0
0
0
0
0
0
0
0
0
0
0
0
0
0
0
0
0
0
0
0
0
0
0
0
0
0
0
0
0
0
0
0
0
0
0
0
0
0
0
0
0
0
0
0
0
0
0
0
0
0
0
0
0
0
0
0
0
0
0
0
0
0
0
0
0
0
0
0
0
0
0
0
0
0
0
0
0
0
0
0
0
0
0
0
0
0
0
0
0
0
0
0
0
0
0
0
0
0
0
0
0
0
0
0
0
0
0
0
0
0
0
0
0
0
0
0
0
0
0
0
0
0
0
0
0
0
0
0
0
0
0
0
0
0
0
0
0
0
0
0
0
0
0
0
0
0
0
0
0
0
0
0
0
0
0
0
0
0
0
0
0
0
0
0
0
0
0
0
0
0
0
0
0
0
0
0
0
0
0
0
0
0
0
0
0
0
0
0
0
0
0
0
0
0
0
0
0
0
0
0
0
0
0
0
0
0
0
0
0
0
0
0
0
0
0
0
0
0
0
0
0
0
0
0
0
0
0
0
0
0
0
0
0
0
0
0
0
0
0
0
0
0
0
0
0
0
0
0
0
0
0
0
0
0
0
0
0
0
0
0
0
0
0
0
0
0
0
0
0
0
0
0
0
0
0
0
0
0
0
0
0
0
0
0
0
0
0
0
0
0
0
0
0
0
0
0
0
0
0
0
0
0
0
0
0
0
0
0
0
0
0
0
0
0
0
0
0
0
0
0
0
0
0
0
0
0
0
0
0
0
0
0
0
0
0
0
0
0
0
0
0
0
0
0
0
0
0
0
0
0
0
0
0
0
0
0
0
0
0
0
0
0
0
0
0
0
0
0
0
0
0
0
0
0
0
0
0
0
0
0
0
0
0
0
0
0
0
0
0
0
0
0
0
0
0
0
0
0
0
0
0
0
0
0
0
0
0
0
0
0
0
0
0
0
0
0
0
0
0
0
0
0
0
0
0
0
0
0
0
0
0
0
0
0
0
0
0
0
0
0
0
0
0
0
0
0
0
0
0
0
0
0
0
0
0
0
0
0
0
0
0
0
0
0
0
0
0
0
0
0
0
0
0
0
0
0
0
0
0
0
0
0
0
2.802596928649634e-45
1.401298464324817e-44
3.503246160812043e-44
7.707141553786494e-44
1.569454280043795e-43
3.251012437233576e-43
6.824323521261859e-43
1.432127030539963e-42
2.99037092286916e-42
6.244185957031385e-42
1.29872341673624e-41
2.692735129046568e-41
5.564696331680281e-41
1.145897806216976e-40
2.3513648101524e-40
4.808541667345967e-40
9.799784628470603e-40
1.99038472054847e-39
4.028850794004852e-39
8.127525487890082e-39
1.634088330931699e-38
3.274457842099887e-38
6.539680006281102e-38
1.301766588585245e-37
2.582709433575115e-37
5.107283590124357e-37
1.00665945465711e-36
1.977695167016481e-36
3.87281156890177e-36
7.559440301174674e-36
1.470804733563844e-35
2.852517556417416e-35
5.514618229354195e-35
1.062727593585597e-34
2.041519609981453e-34
3.90945084677011e-34
7.463013431989079e-34
1.420215927945172e-33
2.694273092361008e-33
5.09543519897654e-33
9.606798111756194e-33
1.805672758067888e-32
3.383510907185812e-32
6.32076242875003e-32
1.177198464982675e-31
2.185814583136522e-31
4.046367528411815e-31
7.468108391847527e-31
1.374213081422016e-30
2.52116003471707e-30
4.611630224038622e-30
8.410483404992142e-30
1.529341547459355e-29
2.772743586267629e-29
5.012347333284783e-29
9.03448500790016e-29
1.62368136004053e-28
2.909630441327099e-28
5.198987699562581e-28
9.262922808610712e-28
1.645621048410379e-27
2.915200038133272e-27
5.149532996375125e-27
9.070524525689366e-27
1.59318471677952e-26
2.790442302270152e-26
4.873680663770981e-26
8.488329462047913e-26
1.47425432107517e-25
2.553356381811557e-25
4.410046525433347e-25
7.595763176593316e-25
1.304667468861086e-24
2.234766227768094e-24
3.817437154314248e-24
6.503134222092265e-24
1.104811530675605e-23
1.871853805435652e-23
3.162840927364486e-23
5.329762001282997e-23
8.9570851762747e-23
1.501265285290258e-22
2.509477611123494e-22
4.183576009860434e-22
6.955904346522976e-22
1.153464994010767e-21
1.907669737674256e-21
3.146683301598906e-21
5.176748304949734e-21
8.494118993089572e-21
1.390080089010917e-20
2.268947372945005e-20
3.693815091916466e-20
5.99783880024284e-20
9.71373379840079e-20
1.569105787321746e-19
2.528108487230639e-19
4.06274203951212e-19
6.512168072900949e-19
1.041159725913731e-18
1.660340810356625e-18
2.640995996774858e-18
4.190168178900148e-18
6.631179407315052e-18
1.046762985344619e-17
1.64818714901396e-17
2.588616562923255e-17
4.055405816018418e-17
6.337362206758256e-17
9.878539614454509e-17
1.535992738240901e-16
2.382319604124326e-16
3.68576407890799e-16
5.68818622981521e-16
8.756709194427314e-16
1.34471742568805e-15
2.059900059702443e-15
3.147662946939968e-15
4.79798848356883e-15
7.295601500852643e-15
1.106613054907253e-14
1.674422692242005e-14
2.527382159621654e-14
3.805527602567492e-14
5.716086648064819e-14
8.564943730377667e-14
1.280246525112161e-13
1.909007891001679e-13
2.83967348333608e-13
4.213833058527849e-13
6.237865584311775e-13
9.211829432934082e-13
1.357089354087071e-12
1.99445906838569e-12
2.92413445887596e-12
4.276873126485281e-12
6.240417037284285e-12
9.083647896368507e-12
1.319069506400261e-11
1.910895747192498e-11
2.761654620264675e-11
3.981676099940046e-11
5.727007756917146e-11
8.217808378230274e-11
1.176390790336157e-10
1.680024314110184e-10
2.393584774829094e-10
3.402140513752983e-10
4.824217136878417e-10
6.824538156813276e-10
9.631465625048463e-10
1.356078915826231e-09
1.904810309483196e-09
2.66927524528171e-09
3.731732256539999e-09
5.20479481735947e-09
7.242248578620547e-09
1.005357130878792e-08
1.392338777606028e-08
1.923745074350336e-08
2.651725772295777e-08
3.646603019547001e-08
5.002965153266814e-08
6.847718481139964e-08
9.350695506782358e-08
1.273860164019425e-07
1.73132889358385e-07
2.347564134197455e-07
3.175670713062573e-07
4.285817567506456e-07
5.770480697719904e-07
7.751224870844453e-07
1.038744244397094e-06
1.388758505527221e-06
1.8523560356698e-06
2.464912768118666e-06
3.272334197390592e-06
4.334036020736676e-06
5.726717517973157e-06
7.549131623818539e-06
9.928089639288373e-06
1.302601049246732e-05
1.705036083876621e-05
2.226544893346727e-05
2.900711842812598e-05
3.770093826460652e-05
4.888476178166457e-05
6.323650450212881e-05
8.160829020198435e-05
0.0001050683713401668
0.0001349522353848442
0.0001729249052004889
0.0002210565289715305
0.0002819138753693551
0.0003586706297937781
0.0004552398750092834
0.0005764326779171824
0.0007281478028744459
0.0009175965678878129
0.001153570134192705
0.001446754671633244
0.001810101559385657
0.002259262138977647
0.002813095459714532
0.003494256874546409
0.00432988116517663
0.005352371837943792
0.006600302644073963
0.008119452744722366
0.009963984601199627
0.01219777576625347
0.01489591784775257
0.01814640499651432
0.02205201052129269
0.02673236094415188
0.03232623264193535
0.03899405896663666
0.04692063480615616
0.05631807446479797
0.06742890179157257
0.0805293545126915
0.09593284130096436
0.113993413746357
0.1351093500852585
0.1597266346216202
0.1883422434329987
0.2215072512626648
0.2598293125629425
0.3039745688438416
0.3546687066555023
0.4126967489719391
0.4789013564586639
0.554179310798645
0.6394755244255066
0.7357746958732605
0.8440893292427063
0.9654440879821777
1.10085654258728
1.251311779022217
1.417733669281006
1.60094940662384
1.801649451255798
2.020341873168945
2.257302522659302
2.512521505355835
2.78564715385437
3.075931310653687
3.382176399230957
3.702691316604614
4.035254955291748
4.377094745635986
4.724888801574707
5.074785709381104
5.42245626449585
5.763169765472412
6.091902732849121
6.403476715087891
6.692718505859375
6.95463752746582
7.184614181518555
7.378585815429688
7.533223628997803
7.646080493927002
7.715714931488037
7.74176549911499
7.724988460540771
7.667242527008057
7.571430206298828
7.441396713256836
7.281798362731934
7.09794282913208
6.895612716674805
6.680883884429932
6.459944725036621
6.238919734954834
6.023711681365967
5.819853782653809
5.632387161254883
5.465744972229004
5.323667526245117
5.209125518798828
5.124265670776367
5.070369720458984
5.04782772064209
5.056135654449463
5.093902111053467
5.158884048461914
5.248044013977051
5.357627391815186
5.483273506164551
5.62014627456665
5.763094902038574
5.906832218170166
6.04613208770752
6.176025867462158
6.292006015777588
6.390209197998047
6.467575550079346
6.521978378295898
6.552308082580566
6.558504104614258
6.541544914245605
6.503381729125977
6.446829795837402
6.375421047210693
6.29322624206543
6.204658508300781
6.114270210266113
6.026547431945801
5.945714950561523
5.875566005706787
5.819311618804932
5.779459476470947
5.757733821868896
5.755025386810303
5.771383285522461
5.806044578552246
5.857495784759521
5.923574447631836
6.001592636108398
6.088489532470703
6.180998802185059
6.275818824768066
6.369787693023682
6.460041999816895
6.544157028198242
6.62025785446167
6.687095165252686
6.744077682495117
6.791265964508057
6.829328060150146
6.859450817108154
6.883230209350586
6.902535438537598
6.919360160827637
6.935670852661133
6.953268051147461
6.973657131195068
6.997946262359619
7.026778221130371
7.06028938293457
7.098115921020508
7.139424324035645
7.182981967926025
7.227253437042236
7.27051830291748
7.311001777648926
7.347010135650635
7.377054691314697
7.399970054626465
7.415000915527344
7.421859741210938
7.420756816864014
7.41239070892334
7.397903919219971
7.378808975219727
7.35689115524292
7.334094047546387
7.312392234802246
7.293666362762451
7.279586315155029
7.271507263183594
7.270391941070557
7.276753425598145
7.290634155273438
7.311609268188477
7.338828086853027
7.371073722839355
7.406848907470703
7.444479942321777
7.482228755950928
7.518405437469482
7.551474571228027
7.580151081085205
7.603474617004395
7.620857715606689
7.632111549377441
7.637440204620361
7.637409210205078
7.63289213180542
7.624997138977051
7.614983081817627
7.604165077209473
7.593824863433838
7.585127830505371
7.579051494598389
7.576327323913574
7.577408790588379
7.582456111907959
7.591345310211182
7.603692054748535
7.618893623352051
7.636185646057129
7.654707431793213
7.67356538772583
7.691900253295898
7.708945751190186
7.724075317382812
7.736841201782227
7.746989250183105
7.754469871520996
7.759424209594727
7.762160778045654
7.763122081756592
7.76284122467041
7.761897087097168
7.760866641998291
7.760284900665283
7.760605335235596
7.762172222137451
7.765203475952148
7.769783020019531
7.775866985321045
7.783292293548584
7.791801452636719
7.801068305969238
7.810731410980225
7.820422649383545
7.829796314239502
7.838556289672852
7.846476078033447
7.853409767150879
7.85930061340332
7.864176750183105
7.868143558502197
7.87136697769165
7.874057769775391
7.876448631286621
7.878775596618652
7.881254196166992
7.884067535400391
7.887350082397461
7.891181468963623
7.895584106445312
7.900525093078613
7.905923843383789
7.911664485931396
7.917605876922607
7.923598766326904
7.929497718811035
7.935176372528076
7.94053316116333
7.945502758026123
7.950057983398438
7.954205989837646
7.957988739013672
7.961475372314453
7.964751720428467
7.967914581298828
7.971057891845703
7.974267959594727
7.977612972259521
7.981139183044434
7.984867572784424
7.988796710968018
7.992902278900146
7.997140407562256
8.001457214355469
8.005792617797852
8.010087013244629
8.014286994934082
8.018350601196289
8.022252082824707
8.025979042053223
8.029537200927734
8.032944679260254
8.036231994628906
8.039434432983398
8.04259204864502
8.045742034912109
8.048915863037109
8.052136421203613
8.055420875549316
8.058770179748535
8.062179565429688
8.065633773803711
8.069112777709961
8.072590827941895
8.076046943664551
8.07945728302002
8.082805633544922
8.086081504821777
8.089280128479004
8.092401504516602
8.095455169677734
8.098454475402832
8.101413726806641
8.104345321655273
8.107265472412109
8.110186576843262
8.113116264343262
8.116058349609375
8.119011878967285
8.121973037719727
8.124932289123535
8.127882957458496
8.13081169128418
8.133710861206055
8.136569023132324
8.139379501342773
8.14213752746582
8.14483642578125
8.147475242614746
8.150051116943359
8.152561187744141
8.155000686645508
8.15736198425293
8.159637451171875
8.161808967590332
8.163853645324707
8.165745735168457
8.167451858520508
8.168928146362305
8.170125961303711
8.170984268188477
8.171438217163086
8.171409606933594
8.170812606811523
8.169546127319336
8.167498588562012
8.164545059204102
8.160543441772461
8.155342102050781
8.148767471313477
8.140631675720215
8.130732536315918
8.118854522705078
8.104766845703125
8.088231086730957
8.069000244140625
8.04682731628418
8.021466255187988
7.992678642272949
7.960239410400391
7.923946857452393
7.883625507354736
7.839136123657227
7.790380001068115
7.737308502197266
7.679928779602051
7.618309020996094
7.552585601806641
7.482964038848877
7.40972375869751
7.333214282989502
7.253861904144287
7.172158718109131
7.088663578033447
7.003992557525635
6.918811798095703
6.833826541900635
6.749767303466797
6.667379379272461
6.587404251098633
6.510562419891357
6.43753719329834
6.368954658508301
6.305366039276123
6.247226715087891
6.194879531860352
6.14853572845459
6.108263969421387
6.073975563049316
6.045417785644531
6.022173881530762
6.003664970397949
5.989160060882568
5.97779369354248
5.968595504760742
5.960518836975098
5.9524827003479
5.943417072296143
5.932312488555908
5.918267250061035
5.900535106658936
5.878570079803467
5.852057933807373
5.820940017700195
5.785421371459961
5.745967864990234
5.703283786773682
5.658277034759521
5.612011432647705
5.5656418800354
5.520354270935059
5.477288246154785
5.437469005584717
5.40173864364624
5.370701789855957
5.344678401947021
5.323679447174072
5.307397365570068
5.295217990875244
5.286255836486816
5.279409408569336
5.273431301116943
5.267013549804688
5.258882522583008
5.247886657714844
5.233089447021484
5.213833332061768
5.189797401428223
5.161020278930664
5.127894401550293
5.09113073348999
5.051695823669434
5.010727405548096
4.969430446624756
4.928966999053955
4.890348434448242
4.854335308074951
4.821360111236572
4.791473865509033
4.764331340789795
4.739203929901123
4.71502685546875
4.690485954284668
4.664118766784668
4.634435176849365
4.600040435791016
4.559751987457275
4.512689113616943
4.45834493637085
4.396608829498291
4.327754020690918
4.252384662628174
4.171350479125977
4.085632801055908
3.996219873428345
3.903982877731323
3.809564352035522
3.713292598724365
3.61513352394104
3.514680624008179
3.411193132400513
3.303666114807129
3.190937995910645
3.071816444396973
2.945209741592407
2.810250043869019
2.666394472122192
2.513491630554199
2.351804733276367
2.181991338729858
2.005042314529419
1.822184801101685
1.634764552116394
1.444120764732361
1.251468062400818
1.057800054550171
0.8638265132904053
0.6699491143226624
0.4762808084487915
0.2827025651931763
0.08895291388034821
-0.1052640751004219
-0.3001647293567657
-0.4957805871963501
-0.6918756365776062
-0.8878968358039856
-1.082962155342102
-1.27588963508606
-1.465261816978455
-1.649515509605408
-1.827049374580383
-1.996330499649048
-2.155991077423096
-2.304899215698242
-2.44220232963562
-2.567331075668335
-2.679972887039185
-2.780014753341675
-2.867468595504761
-2.942387342453003
-3.004789352416992
-3.054599046707153
-3.091614007949829
-3.115505933761597
-3.125855922698975
-3.122220039367676
-3.104217052459717
-3.071629524230957
-3.024503946304321
-2.963236331939697
-2.888634443283081
-2.801946878433228
-2.704857110977173
-2.599438190460205
-2.488078117370605
-2.373381853103638
-2.258061647415161
-2.14482569694519
-2.036279201507568
-1.934840559959412
-1.842686414718628
-1.76171863079071
-1.693554162979126
-1.639530777931213
-1.600720524787903
-1.577941417694092
-1.571763634681702
-1.582499861717224
-1.610185742378235
-1.654546976089478
-1.714964032173157
-1.790438294410706
-1.879573583602905
-1.980575680732727
-2.09128212928772
-2.209217309951782
-2.331676959991455
-2.455832958221436
-2.578853368759155
-2.698023080825806
-2.810856819152832
-2.915195941925049
-3.009280681610107
-3.091795444488525
-3.161883115768433
-3.219137191772461
-3.263574361801147
-3.295591592788696
-3.315918922424316
-3.325574159622192
-3.325817584991455
-3.318116188049316
-3.304110527038574
-3.285583019256592
-3.264427661895752
-3.242608785629272
-3.222113609313965
-3.204890012741089
-3.192776679992676
-3.187422752380371
-3.190210580825806
-3.202178239822388
-3.223960876464844
-3.255747079849243
-3.297264575958252
-3.347791194915771
-3.406193971633911
-3.470993041992188
-3.540442705154419
-3.612624883651733
-3.685544490814209
-3.757224559783936
-3.825788736343384
-3.889533281326294
-3.946984052658081
-3.99693751335144
-4.03848934173584
-4.071052074432373
-4.0943603515625
-4.108475685119629
-4.113776206970215
-4.110946655273438
-4.100956439971924
-4.08502721786499
-4.064593315124512
-4.041248798370361
-4.016684532165527
-3.992615461349487
-3.970702648162842
-3.952475547790527
-3.939260005950928
-3.932113885879517
-3.931779623031616
-3.938655614852905
-3.952786207199097
-3.973874092102051
-4.001309394836426
-4.03421688079834
-4.071511745452881
-4.111965179443359
-4.154268741607666
-4.197099208831787
-4.239176273345947
-4.279318332672119
-4.316488742828369
-4.349828243255615
-4.378686428070068
-4.402637481689453
-4.421492576599121
-4.435297012329102
-4.444323539733887
-4.449050426483154
-4.45013427734375
-4.448371887207031
-4.44465446472168
-4.439920902252197
-4.435105323791504
-4.431084632873535
-4.428637981414795
-4.42840576171875
-4.430862426757812
-4.436300754547119
-4.444826126098633
-4.45636510848999
-4.470683574676514
-4.487408638000488
-4.506062984466553
-4.52609920501709
-4.546935081481934
-4.567986965179443
-4.588703155517578
-4.608587265014648
-4.627225875854492
-4.64430046081543
-4.659598350524902
-4.673020362854004
-4.684576511383057
-4.694377899169922
-4.702625274658203
-4.709591388702393
-4.715600490570068
-4.721004486083984
-4.726157665252686
-4.731398105621338
-4.737022876739502
-4.743276596069336
-4.750332832336426
-4.758295059204102
-4.767192840576172
-4.776987075805664
-4.787578582763672
-4.798822402954102
-4.810540199279785
-4.822538375854492
-4.834620952606201
-4.846604347229004
-4.858327865600586
-4.869661331176758
-4.880515575408936
-4.890838623046875
-4.900620937347412
-4.909889698028564
-4.918704509735107
-4.927151203155518
-4.93533182144165
-4.943358898162842
-4.951343059539795
-4.959387302398682
-4.967580795288086
-4.975991249084473
-4.98466157913208
-4.993612289428711
-5.002836227416992
-5.012307167053223
-5.021982192993164
-5.031807422637939
-5.041723728179932
-5.051671981811523
-5.061599731445312
-5.071465015411377
-5.08123779296875
-5.090902328491211
-5.100457191467285
-5.109910011291504
-5.119278907775879
-5.128585815429688
-5.137856006622314
-5.147109031677246
-5.156358242034912
-5.165605068206787
-5.174838542938232
-5.184030055999756
-5.193137645721436
-5.202101230621338
-5.210846424102783
-5.219286441802979
-5.227322101593018
-5.234848022460938
-5.241756439208984
-5.247934818267822
-5.253273487091064
-5.257663249969482
-5.261001110076904
-5.263185024261475
-5.264115810394287
-5.26369571685791
-5.261823654174805
-5.25839376449585
-5.253292560577393
-5.246395111083984
-5.237563610076904
-5.226644992828369
-5.213469505310059
-5.197850704193115
-5.179586887359619
-5.158461570739746
-5.134245872497559
-5.106706142425537
-5.075602054595947
-5.040698528289795
-5.001769065856934
-4.958602428436279
-4.911012172698975
-4.858843803405762
-4.801984310150146
-4.740368843078613
-4.673992156982422
-4.602917671203613
-4.527285099029541
-4.447319984436035
-4.363339900970459
-4.275760650634766
-4.185101985931396
-4.09198522567749
-3.997134447097778
-3.901370763778687
-3.805601596832275
-3.710807323455811
-3.618021726608276
-3.528308153152466
-3.442730665206909
-3.362323522567749
-3.288055896759033
-3.220796585083008
-3.161279678344727
-3.110072374343872
-3.067545413970947
-3.033852100372314
-3.008912563323975
-2.99240779876709
-2.983781337738037
-2.982254028320312
-2.986844301223755
-2.996399402618408
-3.00963306427002
-3.025169372558594
-3.041590690612793
-3.057488441467285
-3.071511745452881
-3.082417964935303
-3.089117050170898
-3.090711116790771
-3.086527109146118
-3.076142549514771
-3.059400796890259
-3.036416292190552
-3.007570505142212
-2.973495244979858
-2.935045957565308
-2.893266439437866
-2.849342107772827
-2.804547071456909
-2.76018500328064
-2.717527389526367
-2.677753686904907
-2.641892671585083
-2.610772132873535
-2.584977149963379
-2.56482195854187
-2.550336599349976
-2.541268110275269
-2.537096500396729
-2.537067651748657
-2.540237426757812
-2.545526266098022
-2.551781892776489
-2.557843923568726
-2.562609195709229
-2.565092086791992
-2.564480066299438
-2.560174226760864
-2.55181884765625
-2.539318561553955
-2.522836446762085
-2.502779960632324
-2.479769706726074
-2.454596757888794
-2.428170204162598
-2.401456356048584
-2.37541675567627
-2.350944995880127
-2.328809976577759
-2.309609174728394
-2.293731927871704
-2.281339645385742
-2.272361516952515
-2.266504764556885
-2.26328182220459
-2.262050867080688
-2.262065172195435
-2.262529850006104
-2.262659072875977
-2.261731147766113
-2.259138822555542
-2.254429817199707
-2.247333526611328
-2.237772941589355
-2.225865602493286
-2.211905002593994
-2.196333885192871
-2.1797034740448
-2.162628889083862
-2.145737171173096
-2.129619598388672
-2.114786624908447
-2.101629734039307
-2.090395927429199
-2.081173658370972
-2.073892116546631
-2.068334341049194
-2.064160346984863
-2.060941219329834
-2.058197736740112
-2.055443048477173
-2.052222490310669
-2.048150300979614
-2.042940378189087
-2.036423444747925
-2.028556823730469
-2.019422054290771
-2.009210824966431
-1.998204231262207
-1.98674213886261
-1.975191712379456
-1.963912963867188
-1.953226327896118
-1.943387389183044
-1.934566259384155
-1.92683732509613
-1.920176982879639
-1.914471387863159
-1.909531593322754
-1.905114650726318
-1.900949597358704
-1.896763920783997
-1.892309546470642
-1.887383460998535
-1.881845116615295
-1.875625729560852
-1.868730783462524
-1.861234903335571
-1.853270530700684
-1.845011949539185
-1.836655020713806
-1.828397631645203
-1.820419549942017
-1.8128662109375
-1.805836081504822
-1.799374341964722
-1.793470740318298
-1.788064956665039
-1.783055543899536
-1.77831244468689
-1.77369236946106
-1.76905369758606
-1.764271140098572
-1.759247779846191
-1.753922343254089
-1.748273253440857
-1.742318511009216
-1.736110806465149
-1.729730010032654
-1.72327196598053
-1.716838359832764
-1.710524559020996
-1.704410433769226
-1.698552966117859
-1.692981243133545
-1.687695860862732
-1.68267035484314
-1.6778564453125
-1.673190236091614
-1.668601036071777
-1.664018869400024
-1.659382104873657
-1.654644012451172
-1.649776339530945
-1.644771337509155
-1.639640331268311
-1.634412169456482
-1.629127502441406
-1.623833894729614
-1.618579745292664
-1.61340856552124
-1.608354568481445
-1.603439569473267
-1.598671078681946
-1.594042778015137
-1.589536547660828
-1.585124850273132
-1.580775141716003
-1.576453924179077
-1.57213032245636
-1.567779779434204
-1.563386201858521
-1.558943390846252
-1.554454684257507
-1.549931287765503
-1.545391082763672
-1.540855288505554
-1.536345720291138
-1.531882166862488
-1.527480125427246
-1.523149251937866
-1.518892288208008
-1.514705777168274
-1.510579943656921
-1.50650155544281
-1.50245463848114
-1.498423099517822
-1.494392156600952
-1.490349531173706
-1.486287355422974
-1.482201457023621
-1.478092312812805
-1.473963022232056
-1.469819188117981
-1.465667128562927
-1.461512565612793
-1.457360029220581
-1.453210830688477
-1.449063181877136
-1.444912195205688
-1.440750122070312
-1.436566591262817
-1.432349920272827
-1.42808723449707
-1.423766374588013
-1.419376015663147
-1.414906859397888
-1.410351395606995
-1.405704975128174
-1.400964975357056
-1.396130442619324
-1.391202569007874
-1.386183142662048
-1.381075143814087
-1.375882029533386
-1.370607614517212
-1.365256547927856
-1.359833478927612
-1.354344606399536
-1.348797559738159
-1.343201637268066
-1.337568283081055
-1.331911325454712
-1.326246500015259
-1.320591926574707
-1.314967751502991
-1.30939507484436
-1.303896188735962
-1.298492908477783
-1.293206572532654
-1.28805673122406
-1.283060431480408
-1.278231978416443
-1.273581981658936
-1.269116997718811
-1.26483952999115
-1.260747909545898
-1.25683605670929
-1.253093838691711
-1.249507665634155
-1.246060371398926
-1.242731928825378
-1.239500164985657
-1.23634147644043
-1.23323118686676
-1.230145215988159
-1.227059960365295
-1.22395396232605
-1.220808267593384
-1.217606902122498
-1.214338183403015
-1.210994958877563
-1.207574963569641
-1.204081416130066
-1.200522184371948
-1.196909785270691
-1.193261384963989
-1.189597129821777
-1.185939788818359
-1.182313561439514
-1.178743004798889
-1.175251841545105
-1.171861529350281
-1.168591260910034
-1.165456414222717
-1.162467837333679
-1.159632444381714
-1.156952023506165
-1.154424548149109
-1.15204393863678
-1.149801254272461
-1.147685050964355
-1.145682454109192
-1.143780589103699
-1.141967058181763
-1.140231013298035
-1.138563752174377
-1.136959671974182
-1.13541567325592
-1.13393223285675
-1.132512092590332
-1.131160736083984
-1.129884839057922
-1.128692150115967
-1.12758994102478
-1.126585006713867
-1.12568187713623
-1.124881982803345
-1.124183654785156
-1.123581171035767
-1.123065233230591
-1.12262237071991
-1.122235417366028
-1.12188446521759
-1.121546983718872
-1.121199369430542
-1.1208176612854
-1.120378255844116
-1.119858980178833
-1.119239926338196
-1.118504166603088
-1.117638468742371
-1.116632699966431
-1.11548113822937
-1.114181399345398
-1.112734913825989
-1.111145377159119
-1.10942006111145
-1.107568025588989
-1.105600118637085
-1.10352885723114
-1.101367354393005
-1.099129676818848
-1.096830725669861
-1.094485402107239
-1.092108845710754
-1.089716792106628
-1.087324500083923
-1.084948062896729
-1.082602620124817
-1.080302715301514
-1.078062653541565
-1.075895309448242
-1.073811292648315
-1.07181990146637
-1.069927453994751
-1.068137288093567
-1.066449880599976
-1.064862012863159
-1.063367247581482
-1.061955809593201
-1.060615301132202
-1.059330701828003
-1.058084726333618
-1.056859850883484
-1.05563747882843
-1.054399847984314
-1.053130507469177
-1.051814794540405
-1.050440430641174
-1.048998355865479
-1.047482490539551
-1.045890927314758
-1.044224500656128
-1.042487502098083
-1.040687203407288
-1.038833498954773
-1.036937952041626
-1.035013675689697
-1.033074855804443
-1.031135320663452
-1.029208660125732
-1.027307629585266
-1.025443077087402
-1.023624300956726
-1.021857976913452
-1.020148634910583
-1.018498063087463
-1.016905665397644
-1.015368342399597
-1.013880610466003
-1.0124351978302
-1.011023163795471
-1.009634971618652
-1.008259892463684
-1.006887674331665
-1.005508422851562
-1.004113078117371
-1.002694368362427
-1.001246213912964
-0.9997652769088745
-0.9982497692108154
-0.9967001676559448
-0.9951192140579224
-0.993511438369751
-0.9918827414512634
-0.9902403354644775
-0.9885920882225037
-0.9869459271430969
-0.9853097796440125
-0.983690619468689
-0.982094407081604
-0.9805258512496948
-0.9789876937866211
-0.9774813055992126
-0.9760062098503113
-0.9745603203773499
-0.9731402397155762
-0.9717413187026978
-0.9703583717346191
-0.9689856171607971
-0.9676172733306885
-0.9662479162216187
-0.9648727178573608
-0.9634878039360046
-0.9620904326438904
-0.9606791734695435
-0.9592537879943848
-0.9578152894973755
-0.956365704536438
-0.954908013343811
-0.9534457921981812
-0.9519830346107483
-0.9505237340927124
-0.9490717649459839
-0.9476305246353149
-0.9462026953697205
-0.944790244102478
-0.9433942437171936
-0.9420149922370911
-0.9406516551971436
-0.9393028020858765
-0.9379661679267883
-0.9366392493247986
-0.9353192448616028
-0.9340032935142517
-0.9326889514923096
-0.9313737750053406
-0.9300561547279358
-0.9287348985671997
-0.9274095892906189
-0.9260802865028381
-0.9247477054595947
-0.9234130382537842
-0.9220779538154602
-0.9207442998886108
-0.9194139242172241
-0.9180886745452881
-0.9167701005935669
-0.9154595136642456
-0.9141577482223511
-0.9128653407096863
-0.9115822315216064
-0.9103079438209534
-0.9090417623519897
-0.9077826142311096
-0.9065292477607727
-0.9052804708480835
-0.9040348529815674
-0.902791440486908
-0.9015493392944336
-0.9003078937530518
-0.8990668058395386
-0.8978260159492493
-0.8965858221054077
-0.8953468203544617
-0.8941096067428589
-0.892875075340271
-0.8916441202163696
-0.8904173970222473
-0.8891955614089966
-0.8879791498184204
-0.8867685794830322
-0.885563850402832
-0.884364902973175
-0.8831713795661926
-0.8819830417633057
-0.8807992935180664
-0.8796195387840271
-0.8784431219100952
-0.8772695064544678
-0.8760983347892761
-0.8749293088912964
-0.8737620115280151
-0.8725963830947876
-0.8714324831962585
-0.8702703714370728
-0.8691104054450989
-0.8679526448249817
-0.8667972087860107
-0.8656443357467651
-0.8644939064979553
-0.8633459806442261
-0.8622002005577087
-0.8610562086105347
-0.8599134683609009
-0.8587713241577148
-0.8576288819313049
-0.85648512840271
-0.855338990688324
-0.8541893362998962
-0.8530346751213074
-0.8518736958503723
-0.8507048487663269
-0.8495264649391174
-0.8483366370201111
-0.847133457660675
-0.8459146618843079
-0.844677746295929
-0.843420147895813
-0.8421388268470764
-0.8408307433128357
-0.8394924402236938
-0.8381201028823853
-0.8367096781730652
-0.8352568745613098
-0.8337573409080505
-0.8322063684463501
-0.8305991291999817
-0.8289307951927185
-0.8271965384483337
-0.8253915905952454
-0.8235114812850952
-0.8215521574020386
-0.819509744644165
-0.8173812031745911
-0.8151637315750122
-0.8128555417060852
-0.8104557991027832
-0.8079645037651062
-0.8053826689720154
-0.802712619304657
-0.7999581098556519
-0.7971240878105164
-0.7942169308662415
-0.7912447452545166
-0.7882168889045715
-0.785144031047821
-0.7820385098457336
-0.7789136171340942
-0.775783896446228
-0.7726646065711975
-0.7695716619491577
-0.7665212750434875
-0.7635297179222107
-0.760612964630127
-0.7577861547470093
-0.7550633549690247
-0.7524572014808655
-0.7499784827232361
-0.747635543346405
-0.7454344034194946
-0.7433785200119019
-0.741468071937561
-0.7397003769874573
-0.7380695939064026
-0.7365669012069702
-0.735180675983429
-0.7338967323303223
-0.7326985597610474
-0.731567919254303
-0.7304853200912476
-0.7294305562973022
-0.7283833622932434
-0.7273241281509399
-0.7262341976165771
-0.7250970602035522
-0.7238984704017639
-0.7226269841194153
-0.7212744355201721
-0.7198361754417419
-0.7183114290237427
-0.7167028784751892
-0.7150169014930725
-0.7132630944252014
-0.7114538550376892
-0.7096039652824402
-0.7077296376228333
-0.7058480978012085
-0.7039766311645508
-0.702131986618042
-0.7003293037414551
-0.6985819935798645
-0.6969008445739746
-0.6952933669090271
-0.6937639117240906
-0.6923131942749023
-0.6909385323524475
-0.6896340847015381
-0.6883911490440369
-0.6871986389160156
-0.6860436201095581
-0.6849124431610107
-0.683790922164917
-0.6826655268669128
-0.6815239191055298
-0.6803555488586426
-0.679152250289917
-0.6779084801673889
-0.676621675491333
-0.6752921938896179
-0.6739232540130615
-0.6725204586982727
-0.6710915565490723
-0.6696457862854004
-0.6681933403015137
-0.6667444705963135
-0.6653092503547668
-0.6638965606689453
-0.662513792514801
-0.6611664891242981
-0.6598577499389648
-0.6585884690284729
-0.6573573350906372
-0.656160831451416
-0.6549938917160034
-0.6538500785827637
-0.6527220606803894
-0.6516023278236389
-0.6504834890365601
-0.6493591070175171
-0.6482236981391907
-0.6470733284950256
-0.6459059119224548
-0.6447209119796753
-0.6435194611549377
-0.6423041224479675
-0.6410786509513855
-0.6398477554321289
-0.6386165022850037
-0.63739013671875
-0.6361733675003052
-0.6349701881408691
-0.6337835788726807
-0.6326155662536621
-0.6314666867256165
-0.6303364634513855
-0.629223108291626
-0.6281241774559021
-0.6270365118980408
-0.6259565353393555
-0.6248807311058044
-0.623805820941925
-0.6227290630340576
-0.6216484308242798
-0.6205628514289856
-0.6194717884063721
-0.6183758974075317
-0.6172761917114258
-0.6161746382713318
-0.6150731444358826
-0.6139741539955139
-0.6128798127174377
-0.6117920875549316
-0.610712468624115
-0.6096420884132385
-0.6085813641548157
-0.6075301766395569
-0.6064879298210144
-0.6054534316062927
-0.6044254302978516
-0.6034024953842163
-0.6023829579353333
-0.6013654470443726
-0.600348949432373
-0.5993326306343079
-0.5983161330223083
-0.5972995162010193
-0.5962830185890198
-0.5952672362327576
-0.5942530632019043
-0.5932413935661316
-0.5922332406044006
-0.591229259967804
-0.5902302861213684
-0.5892366170883179
-0.5882484912872314
-0.5872658491134644
-0.5862883329391479
-0.585315465927124
-0.5843467712402344
-0.5833815336227417
-0.5824191570281982
-0.5814592838287354
-0.5805014371871948
-0.579545259475708
-0.5785908102989197
-0.5776380896568298
-0.5766872763633728
-0.5757387280464172
-0.574792742729187
-0.5738496780395508
-0.5729098320007324
-0.5719735026359558
-0.5710407495498657
-0.5701115131378174
-0.5691860318183899
-0.5682640671730042
-0.5673454403877258
-0.5664300322532654
-0.5655174851417542
-0.5646076202392578
-0.5637003183364868
-0.5627952814102173
-0.561892569065094
-0.5609921216964722
-0.5600939989089966
-0.5591983795166016
-0.5583052635192871
-0.557414710521698
-0.5565268993377686
-0.5556420087814331
-0.5547599792480469
-0.5538808107376099
-0.5530044436454773
-0.5521308779716492
-0.5512601137161255
-0.5503918528556824
-0.5495261549949646
-0.5486629605293274
-0.5478020310401917
-0.5469435453414917
-0.5460873246192932
-0.545233428478241
-0.544381856918335
-0.5435325503349304
-0.5426857471466064
-0.5418413877487183
-0.5409994125366211
-0.5401598811149597
-0.5393227934837341
-0.5384880900382996
-0.5376556515693665
-0.5368254780769348
-0.5359975099563599
-0.5351718068122864
-0.53434818983078
-0.5335267782211304
-0.5327075719833374
-0.531890332698822
-0.531075119972229
-0.5302619338035583
-0.5294507741928101
-0.5286415219306946
-0.5278342366218567
-0.5270288586616516
-0.5262253880500793
-0.5254237651824951
-0.5246238112449646
-0.5238255858421326
-0.523029088973999
-0.5222342014312744
-0.5214409828186035
-0.5206491947174072
-0.5198588967323303
-0.5190699696540833
-0.5182823538780212
-0.5174959897994995
-0.5167108178138733
-0.5159267783164978
-0.5151436924934387
-0.514361560344696
-0.5135801434516907
-0.5127995014190674
-0.5120194554328918
-0.5112399458885193
-0.5104609131813049
-0.5096821784973145
-0.5089036226272583
-0.5081252455711365
-0.5073468089103699
-0.5065682530403137
-0.5057893991470337
-0.505010187625885
-0.5042304396629333
-0.5034500956535339
-0.5026689767837524
-0.5018869042396545
-0.5011037588119507
-0.5003193020820618
-0.499533474445343
-0.4987462162971497
-0.4979573488235474
-0.4971667528152466
-0.496374249458313
-0.495579719543457
-0.4947829246520996
-0.4939837753772736
-0.4931821525096893
-0.4923779368400574
-0.4915710389614105
-0.4907614290714264
-0.4899490177631378
-0.4891338050365448
-0.4883157312870026
-0.4874948263168335
-0.4866710603237152
-0.4858444929122925
-0.4850151240825653
-0.4841831624507904
-0.4833486676216125
-0.4825118780136108
-0.4816730320453644
-0.480832427740097
-0.4799902737140656
-0.4791469871997833
-0.478302925825119
-0.4774584770202637
-0.4766141176223755
-0.4757703840732574
-0.4749277532100677
-0.4740867912769318
-0.4732480645179749
-0.4724122285842896
-0.4715799987316132
-0.4707519710063934
-0.4699288308620453
-0.4691112041473389
-0.4682998657226562
-0.4674953520298004
-0.4666983485221863
-0.4659094214439392
-0.4651291370391846
-0.4643579423427582
-0.463596373796463
-0.4628448188304901
-0.4621036052703857
-0.4613729417324066
-0.4606530368328094
-0.459943950176239
-0.4592455923557281
-0.4585578143596649
-0.4578802883625031
-0.4572126865386963
-0.4565545916557312
-0.4559052884578705
-0.455264151096344
-0.4546303451061249
-0.4540030062198639
-0.4533811807632446
-0.4527639150619507
-0.4521502256393433
-0.451539009809494
-0.450929194688797
-0.4503197968006134
-0.4497098326683044
-0.4490983486175537
-0.4484845399856567
-0.4478676021099091
-0.4472469389438629
-0.4466219544410706
-0.4459923207759857
-0.4453577399253845
-0.4447181522846222
-0.4440736770629883
-0.4434246420860291
-0.4427714943885803
-0.442114919424057
-0.4414557218551636
-0.4407948851585388
-0.4401334822177887
-0.4394727945327759
-0.4388141632080078
-0.4381590485572815
-0.4375089704990387
-0.4368654191493988
-0.4362300634384155
-0.4356044828891754
-0.434990257024765
-0.4343888461589813
-0.4338016211986542
-0.4332299828529358
-0.4326751232147217
-0.4321381151676178
-0.4316198229789734
-0.4311211407184601
-0.4306426644325256
-0.430184930562973
-0.4297482967376709
-0.429332971572876
-0.428939014673233
-0.4285664856433868
-0.4282153248786926
-0.4278853535652161
-0.4275763630867004
-0.427288144826889
-0.4270204305648804
-0.4267730116844177
-0.4265455901622772
-0.4263381063938141
-0.4261503517627716
-0.4259822964668274
-0.4258339107036591
-0.425705224275589
-0.4255963563919067
-0.4255072772502899
-0.4254380762577057
-0.4253888428211212
-0.4253595769405365
-0.4253502488136292
-0.4253607094287872
-0.4253906309604645
-0.4254395663738251
-0.4255068898200989
-0.4255916476249695
-0.4256927669048309
-0.4258089065551758
-0.4259383976459503
-0.4260794222354889
-0.4262297451496124
-0.4263868927955627
-0.4265482723712921
-0.4267109632492065
-0.4268718957901001
-0.4270279407501221
-0.4271757900714874
-0.4273121058940887
-0.427433580160141
-0.4275370240211487
-0.4276193678379059
-0.4276778101921082
-0.427709698677063
-0.4277128279209137
-0.4276852905750275
-0.4276255965232849
-0.4275327026844025
-0.4274060726165771
-0.4272456765174866
-0.4270519316196442
-0.4268257617950439
-0.4265685677528381
-0.4262822568416595
-0.425969123840332
-0.4256318807601929
-0.4252735078334808
-0.4248972833156586
-0.4245067238807678
-0.4241054356098175
-0.4236970543861389
-0.4232853949069977
-0.4228739440441132
-0.4224662780761719
-0.4220656454563141
-0.4216751158237457
-0.4212973713874817
-0.420934796333313
-0.4205893874168396
-0.4202626943588257
-0.4199558198451996
-0.4196693301200867
-0.419403463602066
-0.4191578924655914
-0.4189319312572479
-0.41872438788414
-0.4185337722301483
-0.4183582961559296
-0.4181957840919495
-0.4180439114570618
-0.4179001450538635
-0.4177618622779846
-0.4176263511180878
-0.4174908995628357
-0.4173528254032135
-0.4172096252441406
-0.4170589447021484
-0.4168986082077026
-0.4167267978191376
-0.4165419340133667
-0.4163427948951721
-0.4161284863948822
-0.4158985614776611
-0.415652871131897
-0.4153917729854584
-0.4151158928871155
-0.4148262143135071
-0.414524108171463
-0.4142111837863922
-0.4138893783092499
-0.4135607182979584
-0.4132274091243744
-0.412891685962677
-0.4125558137893677
-0.4122219383716583
-0.4118921756744385
-0.4115684330463409
-0.4112522900104523
-0.4109452068805695
-0.4106482565402985
-0.4103620946407318
-0.4100871384143829
-0.4098234176635742
-0.4095706343650818
-0.4093280732631683
-0.4090946912765503
-0.4088692665100098
-0.4086501598358154
-0.4084357619285583
-0.4082242250442505
-0.4080136120319366
-0.4078020751476288
-0.4075878262519836
-0.4073691368103027
-0.4071445763111115
-0.4069128930568695
-0.4066731333732605
-0.4064246118068695
-0.406167060136795
-0.4059004485607147
-0.40562504529953
-0.4053414762020111
-0.4050506949424744
-0.4047538638114929
-0.4044522941112518
-0.4041474163532257
-0.4038407802581787
-0.4035338163375854
-0.4032280147075653
-0.4029247760772705
-0.4026252031326294
-0.4023303687572479
-0.4020409286022186
-0.4017573595046997
-0.4014798402786255
-0.4012083113193512
-0.4009424448013306
-0.4006816446781158
-0.4004250764846802
-0.4001717865467072
-0.3999207317829132
-0.3996707201004028
-0.3994205594062805
-0.3991691470146179
-0.3989153504371643
-0.3986583352088928
-0.398397296667099
-0.3981316983699799
-0.3978612422943115
-0.3975858986377716
-0.3973056972026825
-0.3970209658145905
-0.3967323005199432
-0.3964403569698334
-0.3961460292339325
-0.3958502411842346
-0.3955540060997009
-0.3952582776546478
-0.3949640989303589
-0.394672304391861
-0.3943838179111481
-0.3940992653369904
-0.3938192427158356
-0.3935440182685852
-0.3932738900184631
-0.393008828163147
-0.3927486538887024
-0.3924930691719055
-0.3922417163848877
-0.3919940888881683
-0.3917496800422668
-0.3915078938007355
-0.3912682235240936
-0.3910301029682159
-0.3907930552959442
-0.3905567228794098
-0.3903207778930664
-0.3900850713253021
-0.3898494839668274
-0.3896140158176422
-0.3893787562847137
-0.3891439139842987
-0.388909637928009
-0.3886761963367462
-0.3884438276290894
-0.3882128000259399
-0.3879832625389099
-0.3877553939819336
-0.3875291645526886
-0.3873046040534973
-0.3870815336704254
-0.386859655380249
-0.3866387605667114
-0.3864184617996216
-0.3861982822418213
-0.3859777450561523
-0.3857563436031342
-0.3855335414409637
-0.3853088915348053
-0.3850818872451782
-0.3848522007465363
-0.3846195340156555
-0.3843836486339569
-0.3841444551944733
-0.3839020133018494
-0.38365638256073
-0.3834077715873718
-0.3831564486026764
-0.3829028308391571
-0.3826473355293274
-0.3823904693126678
-0.3821328580379486
-0.3818749785423279
-0.3816173374652863
-0.3813604116439819
-0.3811046183109283
-0.3808504641056061
-0.3805981576442719
-0.3803479671478271
-0.3801000416278839
-0.3798544406890869
-0.3796112239360809
-0.3793702721595764
-0.3791315257549286
-0.3788947761058807
-0.3786598742008209
-0.37842658162117
-0.3781947195529938
-0.377964049577713
-0.3777343034744263
-0.3775053024291992
-0.3772767782211304
-0.3770485818386078
-0.3768205344676971
-0.3765924572944641
-0.3763642013072968
-0.3761356472969055
-0.3759066760540009
-0.375677227973938
-0.3754471838474274
-0.3752164542675018
-0.3749850392341614
-0.3747528195381165
-0.3745198249816895
-0.374286025762558
-0.3740514814853668
-0.373816192150116
-0.3735802471637726
-0.3733437061309814
-0.3731067180633545
-0.3728694021701813
-0.3726319074630737
-0.3723944127559662
-0.3721570670604706
-0.3719201385974884
-0.3716837763786316
-0.3714481294155121
-0.3712133169174194
-0.3709794580936432
-0.3707467317581177
-0.3705151379108429
-0.3702847361564636
-0.3700554668903351
-0.3698272705078125
-0.3695999979972839
-0.369373619556427
-0.3691478967666626
-0.3689226806163788
-0.3686977326869965
-0.3684729635715485
-0.3682481348514557
-0.3680231273174286
-0.3677977621555328
-0.3675719201564789
-0.3673455417156219
-0.3671186566352844
-0.3668912649154663
-0.3666634261608124
-0.3664352595806122
-0.3662069141864777
-0.3659785687923431
-0.3657504022121429
-0.3655226528644562
-0.3652955889701843
-0.3650693297386169
-0.3648442029953003
-0.3646204173564911
-0.3643980920314789
-0.3641774356365204
-0.3639586567878723
-0.363741934299469
-0.3635273575782776
-0.3633149266242981
-0.3631048202514648
-0.3628969490528107
-0.3626914918422699
-0.3624884188175201
-0.3622878193855286
-0.3620896637439728
-0.3618940114974976
-0.3617009222507477
-0.3615104556083679
-0.3613226711750031
-0.3611376285552979
-0.3609554469585419
-0.3607762157917023
-0.360600084066391
-0.3604272305965424
-0.3602577745914459
-0.360091894865036
-0.3599296808242798
-0.3597712516784668
-0.3596166968345642
-0.3594660758972168
-0.3593193888664246
-0.3591766357421875
-0.3590377867221832
-0.3589028120040894
-0.3587715327739716
-0.3586437404155731
-0.3585193157196045
-0.3583980202674866
-0.3582795858383179
-0.3581636846065521
-0.3580500185489655
-0.3579382598400116
-0.3578280210494995
-0.3577189743518829
-0.3576107621192932
-0.3575029671192169
-0.357395201921463
-0.3572871387004852
-0.3571785092353821
-0.3570688962936401
-0.3569580614566803
-0.3568456768989563
-0.3567315340042114
-0.3566153943538666
-0.3564970195293427
-0.3563762903213501
-0.3562530279159546
-0.3561271131038666
-0.3559984564781189
-0.3558669090270996
-0.3557324409484863
-0.3555949926376343
-0.3554545938968658
-0.355311244726181
-0.355165034532547
-0.3550159335136414
-0.3548640310764313
-0.3547095060348511
-0.3545523881912231
-0.3543928861618042
-0.354231208562851
-0.3540675938129425
-0.3539022207260132
-0.3537352979183197
-0.3535670936107635
-0.3533977568149567
-0.3532274961471558
-0.3530565202236176
-0.3528850078582764
-0.3527130484580994
-0.3525407612323761
-0.3523682951927185
-0.3521956503391266
-0.3520228862762451
-0.3518499433994293
-0.351676732301712
-0.3515032231807709
-0.3513292968273163
-0.3511547744274139
-0.3509794771671295
-0.3508031666278839
-0.3506256639957428
-0.3504467010498047
-0.3502659797668457
-0.3500831723213196
-0.3498980104923248
-0.3497101366519928
-0.3495192229747772
-0.3493248820304871
-0.3491267263889313
-0.3489242494106293
-0.3487170934677124
-0.3485047221183777
-0.3482865691184998
-0.3480620682239532
-0.347830593585968
-0.347591370344162
-0.3473437428474426
-0.3470868766307831
-0.3468199372291565
-0.3465419709682465
-0.346252053976059
-0.3459491729736328
-0.3456323444843292
-0.3453004658222198
-0.3449525535106659
-0.3445875346660614
-0.34420445561409
-0.343802273273468
-0.3433801829814911
-0.3429373204708099
-0.3424729406833649
-0.3419864177703857
-0.3414772152900696
-0.340944916009903
-0.3403894007205963
-0.3398105800151825
-0.3392086625099182
-0.3385840058326721
-0.3379371464252472
-0.3372687697410583
-0.3365798592567444
-0.3358715176582336
-0.3351450860500336
-0.3344019949436188
-0.3336440622806549
-0.3328730762004852
-0.3320910334587097
-0.3313000500202179
-0.3305023014545441
-0.3297001421451569
-0.3288959264755249
-0.328092098236084
-0.3272911012172699
-0.3264954388141632
-0.3257075250148773
-0.3249297738075256
-0.3241645395755768
-0.3234140574932098
-0.3226805627346039
-0.3219660818576813
-0.3212725818157196
-0.3206018507480621
-0.3199554979801178
-0.3193351030349731
-0.3187418580055237
-0.3181768655776978
-0.3176409900188446
-0.3171349763870239
-0.3166592121124268
-0.3162139654159546
-0.3157991468906403
-0.3154145479202271
-0.3150596618652344
-0.3147336542606354
-0.3144354820251465
-0.3141638338565826
-0.3139170706272125
-0.3136932849884033
-0.3134904205799103
-0.3133061230182648
-0.3131378293037415
-0.3129826486110687
-0.3128376603126526
-0.3126998245716095
-0.3125659227371216
-0.3124327659606934
-0.3122970759868622
-0.3121557533740997
-0.3120056688785553
-0.3118439316749573
-0.3116678595542908
-0.3114749789237976
-0.3112631142139435
-0.3110305368900299
-0.3107757568359375
-0.3104978799819946
-0.3101964294910431
-0.3098713457584381
-0.3095231056213379
-0.3091527223587036
-0.3087616562843323
-0.3083517849445343
-0.3079254329204559
-0.3074851930141449
-0.3070341646671295
-0.3065755367279053
-0.3061127662658691
-0.3056493103504181
-0.3051887154579163
-0.3047344386577606
-0.3042897582054138
-0.3038577735424042
-0.3034412264823914
-0.3030424118041992
-0.3026633262634277
-0.3023053705692291
-0.3019693493843079
-0.3016557395458221
-0.3013643026351929
-0.301094263792038
-0.3008444011211395
-0.3006128966808319
-0.3003974556922913
-0.3001956641674042
-0.3000045418739319
-0.2998210489749908
-0.2996419668197632
-0.2994639873504639
-0.2992839813232422
-0.2990988194942474
-0.2989057004451752
-0.2987021505832672
-0.2984859943389893
-0.2982554733753204
-0.2980092763900757
-0.2977466881275177
-0.2974674701690674
-0.2971718609333038
-0.296860545873642
-0.2965347170829773
-0.296195924282074
-0.2958461046218872
-0.2954874038696289
-0.2951222956180573
-0.29475337266922
-0.2943831086158752
-0.2940140962600708
-0.2936487793922424
-0.2932893633842468
-0.2929378747940063
-0.2925959825515747
-0.2922649383544922
-0.2919455766677856
-0.2916384339332581
-0.2913434505462646
-0.2910602688789368
-0.2907881140708923
-0.2905258536338806
-0.2902720272541046
-0.2900248765945435
-0.2897824645042419
-0.2895428538322449
-0.2893038988113403
-0.2890636324882507
-0.2888200283050537
-0.288571298122406
-0.2883159220218658
-0.2880526185035706
-0.2877804040908813
-0.2874987721443176
-0.2872075140476227
-0.2869068086147308
-0.2865971624851227
-0.2862794697284698
-0.2859548628330231
-0.2856248021125793
-0.28529092669487
-0.2849549353122711
-0.2846187353134155
-0.2842840850353241
-0.2839527428150177
-0.2836263477802277
-0.283306360244751
-0.2829939126968384
-0.2826899588108063
-0.2823950350284576
-0.2821094691753387
-0.2818332314491272
-0.2815659642219543
-0.2813071012496948
-0.2810557186603546
-0.2808107435703278
-0.2805709838867188
-0.2803350985050201
-0.2801017463207245
-0.279869556427002
-0.279637336730957
-0.2794038951396942
-0.2791683077812195
-0.2789298295974731
-0.2786878645420074
-0.2784420549869537
-0.2781923413276672
-0.2779388427734375
-0.2776818871498108
-0.2774220108985901
-0.2771598398685455
-0.2768960893154144
-0.2766315340995789
-0.2763669788837433
-0.2761032283306122
-0.2758409678936005
-0.2755807638168335
-0.2753230929374695
-0.2750683724880219
-0.2748167216777802
-0.2745681703090668
-0.2743225693702698
-0.2740796506404877
-0.2738390266895294
-0.2736001908779144
-0.2733626067638397
-0.2731256186962128
-0.2728886306285858
-0.2726511061191559
-0.2724125385284424
-0.2721725404262543
-0.2719307243824005
-0.2716870307922363
-0.2714413106441498
-0.2711937129497528
-0.2709444761276245
-0.2706938982009888
-0.2704424262046814
-0.2701905369758606
-0.2699386775493622
-0.2696874737739563
-0.2694374620914459
-0.2691892087459564
-0.2689430713653564
-0.2686994671821594
-0.2684586644172668
-0.2682208120822906
-0.2679859697818756
-0.2677540183067322
-0.2675248086452484
-0.2672980129718781
-0.2670732736587524
-0.2668502032756805
-0.2666282653808594
-0.2664069533348083
-0.2661857903003693
-0.2659643292427063
-0.265742152929306
-0.2655188739299774
-0.2652942836284637
-0.2650682032108307
-0.2648405134677887
-0.2646113038063049
-0.2643806338310242
-0.2641487717628479
-0.2639159262180328
-0.2636824548244476
-0.2634487450122833
-0.2632152140140533
-0.262982189655304
-0.2627500891685486
-0.2625192701816559
-0.262289971113205
-0.2620624601840973
-0.2618368566036224
-0.2616133093833923
-0.2613918483257294
-0.2611724138259888
-0.2609549462795258
-0.260739266872406
-0.2605251967906952
-0.2603125274181366
-0.2601011097431183
-0.2598906755447388
-0.2596810460090637
-0.2594720125198364
-0.2592634558677673
-0.2590552270412445
-0.2588473260402679
-0.2586396336555481
-0.2584322094917297
-0.2582250535488129
-0.2580183148384094
-0.2578120827674866
-0.2576064765453339
-0.2574016153812408
-0.2571976482868195
-0.2569947838783264
-0.2567931413650513
-0.2565927803516388
-0.2563937902450562
-0.2561962902545929
-0.2560003101825714
-0.2558058500289917
-0.2556128799915314
-0.255421370267868
-0.2552312612533569
-0.255042552947998
-0.2548550665378571
-0.2546687424182892
-0.2544834017753601
-0.2542988955974579
-0.2541151642799377
-0.2539320886135101
-0.2537494897842407
-0.2535673081874847
-0.2533853352069855
-0.2532035112380981
-0.2530216574668884
-0.2528396844863892
-0.2526574432849884
-0.2524747848510742
-0.2522916197776794
-0.2521078288555145
-0.2519232630729675
-0.2517378330230713
-0.2515514194965363
-0.2513639032840729
-0.251175194978714
-0.2509852349758148
-0.2507939040660858
-0.2506011426448822
-0.2504069209098816
-0.2502111792564392
-0.2500138878822327
-0.2498151212930679
-0.2496148645877838
-0.2494131177663803
-0.2492099553346634
-0.2490054070949554
-0.2487995624542236
-0.2485924959182739
-0.2483842521905899
-0.2481748759746552
-0.2479644566774368
-0.2477530688047409
-0.2475408017635345
-0.2473277151584625
-0.247113898396492
-0.2468994110822678
-0.246684342622757
-0.2464687824249268
-0.2462528049945831
-0.246036484837532
-0.2458198964595795
-0.2456031739711761
-0.2453863471746445
-0.2451695203781128
-0.2449527382850647
-0.244736060500145
-0.2445195466279984
-0.2443032413721085
-0.2440872043371201
-0.2438714653253555
-0.2436560988426208
-0.243441104888916
-0.2432265281677246
-0.243012398481369
-0.2427987456321716
-0.2425855845212936
-0.2423729598522186
-0.242160901427269
-0.2419494390487671
-0.2417386025190353
-0.2415284067392349
-0.2413189262151718
-0.241110235452652
-0.240902379155159
-0.2406954318284988
-0.2404895126819611
-0.2402846813201904
-0.2400810569524765
-0.2398787438869476
-0.2396778464317322
-0.2394784539937973
-0.2392806857824326
-0.2390845865011215
-0.2388902306556702
-0.2386976182460785
-0.2385067492723465
-0.2383175939321518
-0.238130122423172
-0.2379442006349564
-0.2377597540616989
-0.2375766187906265
-0.2373946160078049
-0.2372135370969772
-0.2370331883430481
-0.2368533313274384
-0.2366737127304077
-0.2364940792322159
-0.2363142222166061
-0.2361338883638382
-0.2359528690576553
-0.2357710152864456
-0.2355881333351135
-0.2354041188955307
-0.2352189123630524
-0.2350324690341949
-0.2348447889089584
-0.2346559315919876
-0.2344659864902496
-0.2342750877141953
-0.2340833693742752
-0.2338910102844238
-0.233698233962059
-0.2335052937269211
-0.2333123981952667
-0.2331198006868362
-0.2329277396202087
-0.2327364683151245
-0.2325462251901627
-0.2323571741580963
-0.2321694791316986
-0.2319833040237427
-0.2317986935377121
-0.2316157221794128
-0.2314344048500061
-0.2312546819448471
-0.2310764640569687
-0.2308996170759201
-0.230723962187767
-0.2305493205785751
-0.2303754687309265
-0.2302021533250809
-0.2300291657447815
-0.2298562675714493
-0.2296832352876663
-0.2295098900794983
-0.2293360233306885
-0.2291615158319473
-0.2289862483739853
-0.2288101464509964
-0.2286331802606583
-0.2284554094076157
-0.2282768785953522
-0.2280976623296738
-0.2279179096221924
-0.22773776948452
-0.2275573909282684
-0.2273770123720169
-0.2271968126296997
-0.2270169854164124
-0.2268377244472504
-0.2266591936349869
-0.2264815270900726
-0.2263048589229584
-0.2261292338371277
-0.2259547114372253
-0.2257813066244125
-0.2256089597940445
-0.2254376262426376
-0.2252672016620636
-0.2250975519418716
-0.2249285280704498
-0.2247599363327026
-0.2245916426181793
-0.2244234532117844
-0.224255234003067
-0.2240868508815765
-0.2239181846380234
-0.2237491309642792
-0.2235796898603439
-0.2234098017215729
-0.2232395112514496
-0.2230688035488129
-0.2228977829217911
-0.2227265387773514
-0.2225552201271057
-0.2223839312791824
-0.2222127765417099
-0.2220419049263
-0.2218714356422424
-0.221701443195343
-0.2215320318937302
-0.2213632315397263
-0.2211951017379761
-0.2210276126861572
-0.2208607792854309
-0.2206945568323135
-0.2205288708209991
-0.2203636467456818
-0.2201987951993942
-0.2200342565774918
-0.219869926571846
-0.2197056859731674
-0.2195414900779724
-0.2193772345781326
-0.2192128449678421
-0.2190483212471008
-0.218883603811264
-0.2187186777591705
-0.2185535430908203
-0.2183882296085358
-0.2182227224111557
-0.2180570811033249
-0.2178913503885269
-0.2177255898714066
-0.217559814453125
-0.2173941135406494
-0.2172284871339798
-0.2170629501342773
-0.2168975174427032
-0.2167322188615799
-0.2165670543909073
-0.2164019644260406
-0.2162369638681412
-0.2160719633102417
-0.215906947851181
-0.2157418131828308
-0.2155765146017075
-0.2154109477996826
-0.2152450531721115
-0.215078741312027
-0.2149119526147842
-0.2147446125745773
-0.2145766913890839
-0.2144081592559814
-0.2142390012741089
-0.2140691876411438
-0.2138987481594086
-0.2137276530265808
-0.2135559171438217
-0.2133835852146149
-0.2132106870412827
-0.2130372375249863
-0.2128632366657257
-0.2126886993646622
-0.2125136256217957
-0.2123380750417709
-0.212162047624588
-0.2119854986667633
-0.2118084281682968
-0.2116308361291885
-0.2114527374505997
-0.2112741023302078
-0.2110949605703354
-0.2109153270721436
-0.2107352018356323
-0.2105546593666077
-0.2103737145662308
-0.2101924419403076
-0.210010901093483
-0.2098291665315628
-0.2096473723649979
-0.2094656378030777
-0.2092840224504471
-0.2091026455163956
-0.2089216113090515
-0.2087410390377045
-0.2085610181093216
-0.2083816677331924
-0.208203062415123
-0.2080252915620804
-0.2078484296798706
-0.2076725363731384
-0.2074976712465286
-0.2073238790035248
-0.2071512192487717
-0.2069797068834305
-0.2068094164133072
-0.206640362739563
-0.2064725607633591
-0.2063060402870178
-0.2061408460140228
-0.2059769481420517
-0.205814391374588
-0.2056531757116318
-0.205493301153183
-0.2053347378969193
-0.2051774561405182
-0.2050214558839798
-0.2048666477203369
-0.2047130018472672
-0.2045604884624481
-0.2044090181589127
-0.2042585164308548
-0.2041088938713074
-0.2039600163698196
-0.2038118243217468
-0.203664243221283
-0.2035170942544937
-0.2033703178167343
-0.2032238095998764
-0.203077420592308
-0.2029311060905457
-0.2027847468852997
-0.202638253569603
-0.202491506934166
-0.2023444473743439
-0.2021969705820084
-0.2020489871501923
-0.201900452375412
-0.2017512917518616
-0.2016014605760574
-0.2014509290456772
-0.2012996971607208
-0.201147735118866
-0.200995072722435
-0.2008417695760727
-0.2006878554821014
-0.2005334049463272
-0.2003784626722336
-0.2002231329679489
-0.2000675350427628
-0.1999117881059647
-0.1997560262680054
-0.1996003687381744
-0.1994449645280838
-0.199289932847023
-0.1991353929042816
-0.1989814788103104
-0.1988282948732376
-0.1986759752035141
-0.1985245943069458
-0.1983742564916611
-0.1982250213623047
-0.1980769634246826
-0.1979300677776337
-0.1977843344211578
-0.1976398080587387
-0.1974964290857315
-0.1973541527986526
-0.197212889790535
-0.1970726102590561
-0.1969331800937653
-0.1967944949865341
-0.1966564655303955
-0.1965189874172211
-0.1963819265365601
-0.1962451934814453
-0.1961087137460709
-0.1959723830223083
-0.1958361715078354
-0.195700004696846
-0.195563867688179
-0.1954277455806732
-0.195291668176651
-0.1951556652784348
-0.1950197964906693
-0.1948841065168381
-0.1947487145662308
-0.1946136951446533
-0.1944791525602341
-0.1943451911211014
-0.1942119598388672
-0.1940795630216599
-0.1939481496810913
-0.1938178092241287
-0.193688690662384
-0.193560928106308
-0.1934345960617065
-0.1933098435401917
-0.1931867301464081
-0.1930653750896454
-0.1929458528757095
-0.1928282231092453
-0.1927125006914139
-0.1925987154245377
-0.1924868524074554
-0.1923768818378448
-0.1922687888145447
-0.1921625137329102
-0.1920579820871353
-0.1919550895690918
-0.1918537169694901
-0.1917537450790405
-0.1916550844907761
-0.1915575861930847
-0.1914611011743546
-0.1913654804229736
-0.19127057492733
-0.191176250576973
-0.1910823583602905
-0.1909887939691544
-0.1908954381942749
-0.1908021420240402
-0.1907087862491608
-0.1906152218580246
-0.1905213594436646
-0.1904270946979523
-0.1903323382139206
-0.1902369856834412
-0.1901409178972244
-0.1900440752506256
-0.1899463683366776
-0.1898477077484131
-0.1897479891777039
-0.1896471381187439
-0.1895451098680496
-0.1894418001174927
-0.1893371492624283
-0.1892311275005341
-0.189123660326004
-0.189014658331871
-0.1889040917158127
-0.1887919157743454
-0.1886781454086304
-0.1885627657175064
-0.1884457916021347
-0.1883272528648376
-0.18820720911026
-0.1880857348442078
-0.1879629194736481
-0.1878388673067093
-0.1877137422561646
-0.1875876486301422
-0.1874607503414154
-0.187333270907402
-0.1872053444385529
-0.1870772391557693
-0.1869491338729858
-0.1868212223052979
-0.1866937428712845
-0.1865668892860413
-0.1864408552646637
-0.1863158345222473
-0.1861919611692429
-0.1860693991184235
-0.1859482675790787
-0.1858286708593369
-0.1857106536626816
-0.1855942755937576
-0.1854794919490814
-0.1853662729263306
-0.1852545738220215
-0.1851442903280258
-0.1850353181362152
-0.1849274635314941
-0.1848206073045731
-0.1847145408391953
-0.1846090704202652
-0.1845039576292038
-0.1843990236520767
-0.1842940747737885
-0.1841888725757599
-0.1840832829475403
-0.1839771121740341
-0.1838701814413071
-0.183762401342392
-0.1836536526679993
-0.1835438460111618
-0.1834329515695572
-0.1833209097385406
-0.1832077503204346
-0.1830935031175613
-0.1829782277345657
-0.1828619688749313
-0.1827448755502701
-0.1826270520687103
-0.1825086176395416
-0.1823897659778595
-0.1822706013917923
-0.1821513175964355
-0.1820320934057236
-0.1819130629301071
-0.1817944049835205
-0.1816762387752533
-0.1815586984157562
-0.1814419031143188
-0.1813259720802307
-0.1812109351158142
-0.1810968816280365
-0.1809837967157364
-0.1808716654777527
-0.1807605028152466
-0.1806502342224121
-0.1805407851934433
-0.1804320514202118
-0.180323913693428
-0.1802162826061249
-0.1801090240478516
-0.1800020039081573
-0.1798950880765915
-0.1797881424427032
-0.1796810775995255
-0.1795737445354462
-0.1794660836458206
-0.1793579906225204
-0.1792494058609009
-0.1791402697563171
-0.1790305823087692
-0.1789203435182571
-0.1788095384836197
-0.1786981970071793
-0.1785863786935806
-0.178474172949791
-0.1783616244792938
-0.1782488226890564
-0.1781358867883682
-0.1780228912830353
-0.1779099851846695
-0.177797257900238
-0.1776847988367081
-0.1775727421045303
-0.1774611175060272
-0.1773500293493271
-0.1772395223379135
-0.1771296560764313
-0.177020400762558
-0.1769117414951324
-0.1768036782741547
-0.1766961961984634
-0.1765892058610916
-0.1764826476573944
-0.1763764172792435
-0.1762704402208328
-0.1761646717786789
-0.1760589927434921
-0.1759533286094666
-0.1758476048707962
-0.1757417619228363
-0.1756357699632645
-0.1755295395851135
-0.1754230707883835
-0.1753163486719131
-0.1752093583345413
-0.1751021444797516
-0.1749947369098663
-0.1748871654272079
-0.17477947473526
-0.1746717393398285
-0.174564003944397
-0.1744563728570938
-0.1743488758802414
-0.1742416173219681
-0.1741346567869186
-0.1740280389785767
-0.1739217936992645
-0.1738159507513046
-0.1737105399370193
-0.1736055463552475
-0.1735009551048279
-0.1733967512845993
-0.1732929199934006
-0.1731894314289093
-0.1730862259864807
-0.1729832142591476
-0.1728803813457489
-0.1727776676416397
-0.1726749986410141
-0.1725723445415497
-0.1724696755409241
-0.1723669618368149
-0.1722641885280609
-0.1721613258123398
-0.1720584332942963
-0.1719554513692856
-0.1718524247407913
-0.1717493981122971
-0.1716463714838028
-0.1715434491634369
-0.1714406609535217
-0.1713380366563797
-0.1712356060743332
-0.1711334437131882
-0.1710315644741058
-0.1709299981594086
-0.1708287447690964
-0.1707278341054916
-0.1706272810697556
-0.1705270558595657
-0.170427143573761
-0.1703274995088577
-0.1702280938625336
-0.1701288670301437
-0.1700297445058823
-0.1699306517839432
-0.1698315739631653
-0.1697324216365814
-0.1696331799030304
-0.169533759355545
-0.169434130191803
-0.1693342179059982
-0.1692340075969696
-0.1691334694623947
-0.16903255879879
-0.1689312905073166
-0.168829619884491
-0.1687275469303131
-0.1686250269412994
-0.16852205991745
-0.1684186905622482
-0.1683148890733719
-0.1682106405496597
-0.1681059896945953
-0.1680009365081787
-0.1678954660892487
-0.1677895784378052
-0.1676832884550095
-0.1675765812397003
-0.1674694418907166
-0.1673618853092194
-0.1672538816928864
-0.1671454012393951
-0.1670364141464233
-0.1669268906116486
-0.1668168157339096
-0.1667061597108841
-0.1665948629379272
-0.1664828956127167
-0.1663701981306076
-0.1662567257881165
-0.166142463684082
-0.1660273820161819
-0.1659114062786102
-0.1657945066690445
-0.1656766384840012
-0.1655577719211578
-0.1654378771781921
-0.1653168797492981
-0.1651947796344757
-0.1650715619325638
-0.1649471670389175
-0.164821520447731
-0.1646945923566818
-0.1645663976669312
-0.1644369214773178
-0.1643061637878418
-0.1641741096973419
-0.1640407890081406
-0.1639062017202377
-0.1637703627347946
-0.163633331656456
-0.1634950935840607
-0.1633557379245758
-0.1632152944803238
-0.163073793053627
-0.1629313230514526
-0.1627879291772842
-0.1626436710357666
-0.1624986380338669
-0.1623529195785522
-0.1622065603733063
-0.1620596498250961
-0.1619122922420502
-0.1617645770311356
-0.1616165935993195
-0.1614684760570526
-0.1613203585147858
-0.1611723303794861
-0.1610245555639267
-0.1608771830797195
-0.1607303321361542
-0.1605841964483261
-0.1604388952255249
-0.1602946221828461
-0.1601514667272568
-0.1600096374750137
-0.1598692536354065
-0.1597304940223694
-0.159593477845192
-0.1594583690166473
-0.1593252867460251
-0.1591943353414536
-0.1590656191110611
-0.1589391827583313
-0.1588151156902313
-0.1586934477090836
-0.1585741639137268
-0.1584572792053223
-0.1583427339792252
-0.1582304835319519
-0.1581204384565353
-0.1580125242471695
-0.1579065918922424
-0.1578025370836258
-0.1577001810073853
-0.1575993597507477
-0.1574998944997787
-0.1574015617370605
-0.1573041826486588
-0.1572075486183167
-0.1571114808320999
-0.1570157110691071
-0.1569200754165649
-0.1568243652582169
-0.1567284017801285
-0.1566319614648819
-0.1565348953008652
-0.1564370691776276
-0.1563383340835571
-0.1562385410070419
-0.1561375707387924
-0.156035378575325
-0.1559318900108337
-0.1558270305395126
-0.1557208150625229
-0.1556132435798645
-0.1555043309926987
-0.1553941667079926
-0.1552828401327133
-0.1551704555749893
-0.1550571173429489
-0.1549429893493652
-0.1548282504081726
-0.1547130942344666
-0.1545977294445038
-0.1544823795557022
-0.1543672680854797
-0.1542526036500931
-0.154138594865799
-0.1540254652500153
-0.1539134532213211
-0.153802752494812
-0.1536935865879059
-0.1535861045122147
-0.1534804552793503
-0.1533768326044083
-0.1532753258943558
-0.1531760394573212
-0.1530790627002716
-0.1529844254255295
-0.1528921872377396
-0.1528023034334183
-0.152714803814888
-0.1526295989751816
-0.152546688914299
-0.1524659693241119
-0.1523873507976532
-0.1523107141256332
-0.1522359848022461
-0.1521630436182022
-0.1520917862653732
-0.152022123336792
-0.1519538909196854
-0.1518869996070862
-0.1518213450908661
-0.1517568528652191
-0.1516934484243393
-0.1516310721635818
-0.1515697091817856
-0.1515093147754669
-0.151449903845787
-0.1513915061950684
-0.1513341665267944
-0.1512779593467712
-0.1512229144573212
-0.151169165968895
-0.1511168032884598
-0.1510658860206604
-0.1510165184736252
-0.1509688049554825
-0.1509228348731995
-0.1508786380290985
-0.1508362591266632
-0.1507957577705383
-0.1507571190595627
-0.1507202982902527
-0.1506852656602859
-0.1506519168615341
-0.1506201177835464
-0.1505897492170334
-0.1505606472492218
-0.1505325585603714
-0.1505052745342255
-0.1504785120487213
-0.1504519730806351
-0.1504253447055817
-0.1503982990980148
-0.1503705233335495
-0.1503416895866394
-0.1503114104270935
-0.1502794176340103
-0.15024533867836
-0.1502089202404022
-0.1501698940992355
-0.1501279920339584
-0.1500830054283142
-0.1500347703695297
-0.1499831676483154
-0.1499281078577042
-0.1498695760965347
-0.1498075723648071
-0.1497420817613602
-0.1496732532978058
-0.1496011763811111
-0.149526059627533
-0.1494481116533279
-0.1493675410747528
-0.1492846310138702
-0.1491997092962265
-0.1491130292415619
-0.1490249186754227
-0.1489357054233551
-0.1488457024097443
-0.1487552225589752
-0.1486646085977554
-0.1485741883516312
-0.1484842151403427
-0.1483949720859528
-0.148306742310524
-0.1482197195291519
-0.1481341123580933
-0.1480501145124435
-0.1479678452014923
-0.1478874087333679
-0.1478088647127151
-0.14773228764534
-0.1476576775312424
-0.1475850194692612
-0.1475142389535904
-0.1474452912807465
-0.1473780423402786
-0.1473123580217361
-0.1472481340169907
-0.147185206413269
-0.147123396396637
-0.1470625400543213
-0.1470024138689041
-0.1469428539276123
-0.1468836218118668
-0.146824523806572
-0.14676533639431
-0.1467058807611465
-0.1466459631919861
-0.1465853750705719
-0.1465239524841309
-0.1464615166187286
-0.1463979035615921
-0.1463329941034317
-0.1462666392326355
-0.1461987346410751
-0.1461292207241058
-0.1460580825805664
-0.1459853500127792
-0.1459109783172607
-0.1458350121974945
-0.1457575559616089
-0.1456787139177322
-0.1455986052751541
-0.1455173790454865
-0.1454352140426636
-0.1453523188829422
-0.145268902182579
-0.145185187458992
-0.1451013833284378
-0.1450177580118179
-0.1449345052242279
-0.144851878285408
-0.1447700262069702
-0.1446891725063324
-0.1446094512939453
-0.1445310413837433
-0.1444539725780487
-0.1443783640861511
-0.1443042010068893
-0.1442314684391022
-0.1441601365804672
-0.1440901011228561
-0.1440212428569794
-0.1439533829689026
-0.143886387348175
-0.14382004737854
-0.1437541395425797
-0.143688440322876
-0.1436227262020111
-0.1435567736625671
-0.1434903889894485
-0.1434233784675598
-0.1433555781841278
-0.1432868093252182
-0.1432169824838638
-0.1431459784507751
-0.1430737525224686
-0.1430003196001053
-0.1429256498813629
-0.1428498476743698
-0.1427729874849319
-0.1426952183246613
-0.1426166743040085
-0.1425375193357468
-0.1424579620361328
-0.1423782110214233
-0.1422984600067139
-0.1422189325094223
-0.1421398669481277
-0.1420613676309586
-0.1419836431741714
-0.1419068276882172
-0.1418310403823853
-0.1417563557624817
-0.1416828185319901
-0.1416104435920715
-0.1415392011404037
-0.1414690315723419
-0.1413998305797577
-0.1413315236568451
-0.1412639766931534
-0.1411970406770706
-0.1411305516958237
-0.1410643756389618
-0.1409983485937119
-0.1409323066473007
-0.1408661305904388
-0.1407997161149979
-0.1407329440116882
-0.140665739774704
-0.1405980736017227
-0.1405299156904221
-0.140461266040802
-0.1403921395540237
-0.1403226107358932
-0.1402527093887329
-0.1401825547218323
-0.1401122510433197
-0.1400419175624847
-0.1399716734886169
-0.1399016231298447
-0.1398319154977798
-0.1397626250982285
-0.13969387114048
-0.1396257430315018
-0.139558270573616
-0.1394915133714676
-0.13942551612854
-0.139360249042511
-0.1392956972122192
-0.1392318159341812
-0.1391685307025909
-0.1391057819128036
-0.1390434950590134
-0.1389815956354141
-0.1389199793338776
-0.1388585418462753
-0.1387971490621567
-0.1387356966733932
-0.1386741548776627
-0.1386124044656754
-0.1385503709316254
-0.1384879797697067
-0.1384252458810806
-0.1383620947599411
-0.138298511505127
-0.1382344961166382
-0.138170063495636
-0.1381052434444427
-0.1380400359630585
-0.1379745155572891
-0.1379087269306183
-0.1378427147865295
-0.1377765834331512
-0.1377103477716446
-0.1376440674066544
-0.1375777721405029
-0.1375115215778351
-0.137445330619812
-0.1373792290687561
-0.1373132169246674
-0.1372473239898682
-0.1371815502643585
-0.1371159255504608
-0.1370504051446915
-0.1369849741458893
-0.1369196027517319
-0.136854276061058
-0.1367889791727066
-0.1367236822843552
-0.1366583704948425
-0.1365930140018463
-0.1365275382995605
-0.1364619433879852
-0.136396199464798
-0.13633032143116
-0.1362642347812653
-0.136197954416275
-0.1361314505338669
-0.1360647082328796
-0.1359977424144745
-0.135930523276329
-0.1358630359172821
-0.1357952803373337
-0.1357272118330002
-0.1356588304042816
-0.1355900913476944
-0.1355209797620773
-0.1354514360427856
-0.1353814154863358
-0.1353108733892441
-0.135239765048027
-0.1351680010557175
-0.1350955367088318
-0.1350223124027252
-0.1349482536315918
-0.1348732709884644
-0.1347972899675369
-0.1347202658653259
-0.1346420645713806
-0.1345626711845398
-0.1344820261001587
-0.1344000399112701
-0.1343166679143906
-0.1342318654060364
-0.1341455578804016
-0.1340577155351639
-0.1339682638645172
-0.1338772028684616
-0.1337844580411911
-0.1336899697780609
-0.1335937231779099
-0.1334956139326096
-0.1333956271409988
-0.1332937031984329
-0.1331897526979446
-0.1330837607383728
-0.1329756230115891
-0.1328653395175934
-0.132752850651741
-0.1326381117105484
-0.1325210630893707
-0.1324016600847244
-0.1322798877954483
-0.1321557313203812
-0.1320291757583618
-0.1319002509117126
-0.1317690014839172
-0.1316354274749756
-0.1314996033906937
-0.1313615739345551
-0.1312214583158493
-0.1310793459415436
-0.1309353560209274
-0.1307896375656128
-0.1306423544883728
-0.1304936707019806
-0.1303437948226929
-0.1301929354667664
-0.130041316151619
-0.1298891454935074
-0.1297366619110107
-0.1295841038227081
-0.1294317245483398
-0.129279762506485
-0.1291284710168839
-0.1289781481027603
-0.1288289874792099
-0.1286812722682953
-0.1285352259874344
-0.1283911168575287
-0.1282491683959961
-0.1281096190214157
-0.1279727220535278
-0.1278386563062668
-0.1277076303958893
-0.1275798678398132
-0.1274554878473282
-0.1273346692323685
-0.127217561006546
-0.127104252576828
-0.126994863152504
-0.1268894374370575
-0.1267880201339722
-0.1266905963420868
-0.1265971511602402
-0.1265076100826263
-0.1264218986034393
-0.1263398975133896
-0.1262614578008652
-0.1261863708496094
-0.1261144131422043
-0.1260453164577484
-0.1259788423776627
-0.125914677977562
-0.1258524954319
-0.1257920116186142
-0.1257328689098358
-0.1256747394800186
-0.1256172508001328
-0.125560075044632
-0.1255028396844864
-0.1254451870918274
-0.1253868341445923
-0.1253275275230408
-0.125266969203949
-0.125204935669899
-0.1251412332057953
-0.1250756829977036
-0.1250081211328506
-0.1249385252594948
-0.12486682087183
-0.1247930154204369
-0.1247171610593796
-0.1246393546462059
-0.1245597302913666
-0.1244784817099571
-0.124395839869976
-0.124312087893486
-0.1242275089025497
-0.1241424456238747
-0.12405726313591
-0.1239723786711693
-0.1238881796598434
-0.1238051205873489
-0.1237236335873604
-0.1236441656947136
-0.1235671490430832
-0.1234930083155632
-0.1234221607446671
-0.1233549937605858
-0.1232918724417686
-0.1232331246137619
-0.12317905575037
-0.1231299117207527
-0.1230859011411667
-0.1230471730232239
-0.1230138316750526
-0.1229859367012978
-0.1229634955525398
-0.1229464188218117
-0.122934602200985
-0.1229278966784477
-0.1229261085391045
-0.1229289844632149
-0.1229362413287163
-0.1229475513100624
-0.1229625642299652
-0.1229809150099754
-0.123002216219902
-0.1230260729789734
-0.1230520904064178
-0.1230798736214638
-0.1231090426445007
-0.1231392174959183
-0.1231700554490089
-0.1232012361288071
-0.123232439160347
-0.1232634037733078
-0.1232938840985298
-0.1233236715197563
-0.123352587223053
-0.1233804672956467
-0.1234071850776672
-0.1234326288104057
-0.1234567388892174
-0.1234794557094574
-0.1235007271170616
-0.1235205456614494
-0.1235388964414597
-0.1235557571053505
-0.1235711425542831
-0.1235850006341934
-0.1235973089933395
-0.1236080080270767
-0.1236170381307602
-0.1236243098974228
-0.1236297190189362
-0.1236331462860107
-0.1236344575881958
-0.1236334815621376
-0.1236300244927406
-0.1236239299178123
-0.1236149966716766
-0.1236030086874962
-0.1235877946019173
-0.1235691606998444
-0.1235469132661819
-0.1235209181904793
-0.1234910786151886
-0.1234572753310204
-0.1234194859862328
-0.1233777031302452
-0.1233319863677025
-0.1232824325561523
-0.1232291907072067
-0.1231724917888641
-0.1231125742197037
-0.1230497509241104
-0.122984416782856
-0.1229169741272926
-0.122847892343998
-0.1227776780724525
-0.122706837952137
-0.1226358860731125
-0.1225653737783432
-0.1224958226084709
-0.1224277466535568
-0.1223616600036621
-0.1222980096936226
-0.1222372204065323
-0.1221796497702599
-0.1221255734562874
-0.1220752522349358
-0.1220288500189781
-0.121986486017704
-0.1219481378793716
-0.1219137459993362
-0.1218831539154053
-0.1218561753630638
-0.1218325197696686
-0.1218118369579315
-0.1217937245965004
-0.1217777207493782
-0.1217633485794067
-0.121750071644783
-0.1217373758554459
-0.1217247471213341
-0.1217116340994835
-0.1216975450515747
-0.1216820031404495
-0.1216645613312721
-0.1216448396444321
-0.1216224953532219
-0.1215972527861595
-0.121568888425827
-0.1215372681617737
-0.1215022951364517
-0.1214639693498611
-0.1214223355054855
-0.121377520263195
-0.1213296875357628
-0.1212790906429291
-0.1212259903550148
-0.121170736849308
-0.1211136803030968
-0.1210552006959915
-0.1209957078099251
-0.1209356114268303
-0.1208752915263176
-0.1208151504397392
-0.120755560696125
-0.1206968501210213
-0.1206393465399742
-0.1205833032727242
-0.120528943836689
-0.1204764544963837
-0.1204259768128395
-0.1203776001930237
-0.1203313544392586
-0.1202872395515442
-0.1202451959252357
-0.1202051565051079
-0.1201669573783875
-0.1201304495334625
-0.120095431804657
-0.1200616508722305
-0.1200288832187653
-0.1199968606233597
-0.1199653297662735
-0.1199340000748634
-0.119902603328228
-0.1198708787560463
-0.1198385879397392
-0.1198054999113083
-0.119771420955658
-0.1197361797094345
-0.1196996495127678
-0.1196617186069489
-0.1196223124861717
-0.119581401348114
-0.1195390000939369
-0.1194951236248016
-0.1194498464465141
-0.1194032654166222
-0.1193555146455765
-0.1193067580461502
-0.1192571744322777
-0.1192069575190544
-0.1191563159227371
-0.1191054731607437
-0.1190546602010727
-0.1190040931105614
-0.1189539730548859
-0.1189044937491417
-0.1188558489084244
-0.118808202445507
-0.1187616810202599
-0.1187163963913918
-0.1186724230647087
-0.1186298131942749
-0.1185885891318321
-0.1185487434267998
-0.1185102313756943
-0.1184729710221291
-0.1184368804097176
-0.1184018477797508
-0.1183677241206169
-0.1183343604207039
-0.1183015927672386
-0.1182692646980286
-0.1182372123003006
-0.1182052791118622
-0.1181733161211014
-0.118141196668148
-0.1181088089942932
-0.1180760413408279
-0.1180428490042686
-0.1180091798305511
-0.1179750189185143
-0.1179403737187386
-0.1179052963852882
-0.1178698465228081
-0.1178341209888458
-0.1177982240915298
-0.1177622601389885
-0.1177263557910919
-0.1176906377077103
-0.1176552474498749
-0.1176203191280365
-0.1175859719514847
-0.1175523102283478
-0.117519423365593
-0.117487370967865
-0.1174561977386475
-0.117425948381424
-0.1173965856432915
-0.1173680871725082
-0.1173403933644295
-0.117313414812088
-0.1172870323061943
-0.1172611340880394
-0.1172355636954308
-0.1172101497650146
-0.1171847432851791
-0.1171591505408287
-0.1171332225203514
-0.1171067878603935
-0.1170797124505043
-0.1170518547296524
-0.1170231327414513
-0.1169934645295143
-0.1169627979397774
-0.1169311031699181
-0.1168983951210976
-0.1168647184967995
-0.1168301403522491
-0.1167947351932526
-0.1167586147785187
-0.1167218759655952
-0.116684652864933
-0.1166471019387245
-0.1166093423962593
-0.1165715083479881
-0.1165337115526199
-0.1164960712194443
-0.1164586842060089
-0.1164216250181198
-0.1163849681615829
-0.1163487285375595
-0.1163129433989525
-0.1162776052951813
-0.1162426695227623
-0.1162081211805344
-0.1161738932132721
-0.1161399334669113
-0.1161061525344849
-0.1160724684596062
-0.1160387843847275
-0.1160050332546234
-0.1159711182117462
-0.1159369498491287
-0.1159024611115456
-0.1158675625920296
-0.115832194685936
-0.1157963052392006
-0.1157598420977592
-0.1157227754592896
-0.1156850531697273
-0.1156466752290726
-0.1156076192855835
-0.1155678629875183
-0.1155273914337158
-0.1154861897230148
-0.1154442355036736
-0.1154014989733696
-0.1153579428792
-0.1153135299682617
-0.1152681931853294
-0.1152218654751778
-0.1151744648814201
-0.1151259168982506
-0.1150761172175407
-0.1150249689817429
-0.1149723529815674
-0.1149181425571442
-0.1148622259497643
-0.1148044690489769
-0.1147447526454926
-0.1146829500794411
-0.1146189421415329
-0.1145526096224785
-0.1144838482141495
-0.1144125461578369
-0.1143385916948318
-0.1142619028687477
-0.1141823530197144
-0.1140998527407646
-0.1140142902731895
-0.1139255836606026
-0.1138335987925529
-0.1137382611632347
-0.1136394217610359
-0.1135370060801506
-0.1134308874607086
-0.1133209615945816
-0.1132071390748024
-0.1130892932415009
-0.1129673421382904
-0.1128411665558815
-0.1127106845378876
-0.1125758215785027
-0.112436518073082
-0.1122927367687225
-0.1121444404125214
-0.1119916215538979
-0.1118342876434326
-0.1116724982857704
-0.1115063279867172
-0.1113358661532402
-0.1111612766981125
-0.1109827160835266
-0.1108003705739975
-0.1106144711375237
-0.110425278544426
-0.1102330833673477
-0.1100382208824158
-0.1098410487174988
-0.1096419245004654
-0.1094412505626678
-0.1092394590377808
-0.1090369820594788
-0.1088342741131783
-0.1086317822337151
-0.1084299981594086
-0.1082294061779976
-0.1080304980278015
-0.1078337803483009
-0.107639767229557
-0.1074489206075668
-0.1072617545723915
-0.1070787459611893
-0.1069003567099571
-0.1067270413041115
-0.1065592393279076
-0.1063973680138588
-0.1062418147921562
-0.1060929521918297
-0.1059510931372643
-0.1058165431022644
-0.1056895479559898
-0.1055703163146973
-0.105458989739418
-0.1053556948900223
-0.105260469019413
-0.1051733121275902
-0.1050941348075867
-0.1050228327512741
-0.104959212243557
-0.104903019964695
-0.104853942990303
-0.1048116162419319
-0.1047756299376488
-0.1047454923391342
-0.1047206744551659
-0.1047006398439407
-0.1046847924590111
-0.1046724915504456
-0.1046631336212158
-0.1046560555696487
-0.1046506091952324
-0.1046461462974548
-0.1046420335769653
-0.1046376675367355
-0.1046324893832207
-0.1046259999275208
-0.1046176999807358
-0.1046072244644165
-0.1045942008495331
-0.1045783832669258
-0.104559600353241
-0.104537770152092
-0.1045128628611565
-0.1044849753379822
-0.1044542640447617
-0.1044209972023964
-0.1043855100870132
-0.1043482273817062
-0.104309655725956
-0.104270376265049
-0.1042310297489166
-0.1041922867298126
-0.1041548997163773
-0.1041196435689926
-0.1040873229503632
-0.1040587350726128
-0.1040347069501877
-0.1040160581469536
-0.1040035486221313
-0.1039979308843613
-0.1039998829364777
-0.1040100306272507
-0.1040289178490639
-0.1040570065379143
-0.1040946617722511
-0.1041421443223953
-0.1041995957493782
-0.1042670607566833
-0.1043444499373436
-0.1044315248727798
-0.1045279428362846
-0.1046332716941833
-0.1047469303011894
-0.1048682481050491
-0.1049964427947998
-0.1051306277513504
-0.1052698642015457
-0.1054131388664246
-0.105559378862381
-0.1057074815034866
-0.105856329202652
-0.1060047745704651
-0.1061517223715782
-0.1062960624694824
-0.1064367517828941
-0.1065728068351746
-0.1067032888531685
-0.1068273857235909
-0.106944352388382
-0.1070535480976105
-0.1071544513106346
-0.1072466596961021
-0.1073298677802086
-0.1074039191007614
-0.1074687317013741
-0.1075243800878525
-0.1075709983706474
-0.1076088473200798
-0.1076382845640182
-0.107659712433815
-0.1076736450195312
-0.10768061876297
-0.1076812297105789
-0.107676088809967
-0.1076658442616463
-0.1076511293649673
-0.1076325625181198
-0.1076107546687126
-0.1075862869620323
-0.1075597107410431
-0.1075315028429031
-0.1075021401047707
-0.1074720025062561
-0.1074414476752281
-0.10741076618433
-0.107380211353302
-0.1073499545454979
-0.1073201522231102
-0.1072909012436867
-0.1072622835636139
-0.1072343364357948
-0.1072071120142937
-0.1071806102991104
-0.1071548387408257
-0.10712980479002
-0.1071055233478546
-0.1070820391178131
-0.1070593819022179
-0.1070376262068748
-0.1070168390870094
-0.1069971546530724
-0.1069786995649338
-0.1069616302847862
-0.1069460958242416
-0.1069322749972343
-0.1069203540682793
-0.1069105193018913
-0.1069029420614243
-0.1068977788090706
-0.1068951487541199
-0.1068951785564423
-0.1068979352712631
-0.1069034337997437
-0.1069116592407227
-0.1069225147366524
-0.1069358736276627
-0.1069515272974968
-0.1069692522287369
-0.1069887354969978
-0.1070096045732498
-0.10703144967556
-0.107053816318512
-0.1070762053132057
-0.1070981025695801
-0.1071190014481544
-0.1071383580565453
-0.1071556434035301
-0.1071703657507896
-0.1071820482611656
-0.107190266251564
-0.1071946695446968
-0.1071949452161789
-0.1071908995509148
-0.1071823835372925
-0.1071693524718285
-0.1071518585085869
-0.1071300208568573
-0.1071040630340576
-0.1070743128657341
-0.1070411577820778
-0.1070050597190857
-0.1069665551185608
-0.1069261953234673
-0.1068845987319946
-0.1068424209952354
-0.1068002879619598
-0.1067588329315186
-0.1067186892032623
-0.1066804453730583
-0.1066446229815483
-0.1066116988658905
-0.1065820679068565
-0.1065560355782509
-0.1065338179469109
-0.1065155640244484
-0.1065012812614441
-0.1064909026026726
-0.1064842492341995
-0.1064810678362846
-0.1064810082316399
-0.1064836755394936
-0.1064885705709457
-0.106495164334774
-0.1065028980374336
-0.1065111756324768
-0.106519415974617
-0.1065270379185677
-0.1065335050225258
-0.1065383031964302
-0.1065409705042839
-0.1065411046147346
-0.1065384149551392
-0.1065326482057571
-0.1065236479043961
-0.1065113618969917
-0.1064957976341248
-0.1064770817756653
-0.106455385684967
-0.1064309924840927
-0.1064042076468468
-0.1063754186034203
-0.1063450425863266
-0.1063135489821434
-0.1062813773751259
-0.1062490567564964
-0.1062170267105103
-0.106185756623745
-0.106155663728714
-0.1061271131038666
-0.1061004549264908
-0.1060759723186493
-0.1060538589954376
-0.1060342714190483
-0.1060172915458679
-0.1060029268264771
-0.1059911325573921
-0.105981819331646
-0.1059748381376266
-0.1059699952602386
-0.1059670448303223
-0.1059657111763954
-0.105965718626976
-0.1059667468070984
-0.1059685051441193
-0.1059707030653954
-0.1059730499982834
-0.1059752926230431
-0.1059772148728371
-0.1059786230325699
-0.1059793829917908
-0.1059793680906296
-0.1059785410761833
-0.1059768944978714
-0.1059744358062744
-0.1059712544083595
-0.1059674769639969
-0.1059632450342178
-0.1059587523341179
-0.1059541925787926
-0.1059497743844986
-0.1059457361698151
-0.1059422865509987
-0.1059396415948868
-0.1059380099177361
-0.1059375628829002
-0.1059384718537331
-0.1059408485889435
-0.1059447899460793
-0.1059503480792046
-0.1059575453400612
-0.1059663519263268
-0.1059767156839371
-0.1059885323047638
-0.1060016602277756
-0.1060159429907799
-0.1060311794281006
-0.1060471534729004
-0.1060636267066002
-0.1060803756117821
-0.1060971543192863
-0.1061137169599533
-0.1061298176646233
-0.1061452403664589
-0.1061597838997841
-0.1061732843518257
-0.1061855629086494
-0.1061965003609657
-0.1062060222029686
-0.1062140539288521
-0.1062205657362938
-0.1062255799770355
-0.1062291190028191
-0.1062312349677086
-0.1062320098280907
-0.1062315851449966
-0.1062300801277161
-0.1062276363372803
-0.106224425137043
-0.1062206029891968
-0.1062163412570953
-0.1062117964029312
-0.1062071248888969
-0.1062024682760239
-0.1061979681253433
-0.1061937585473061
-0.1061899438500404
-0.1061866134405136
-0.106183834373951
-0.1061816662549973
-0.1061801388859749
-0.1061792895197868
-0.1061791032552719
-0.1061795875430107
-0.1061807349324226
-0.1061825156211853
-0.1061849072575569
-0.1061878651380539
-0.1061913594603539
-0.1061953380703926
-0.106199786067009
-0.1062046736478806
-0.1062099561095238
-0.106215626001358
-0.1062216460704803
-0.1062280312180519
-0.1062347590923309
-0.1062418520450592
-0.1062493026256561
-0.1062571257352829
-0.1062653288245201
-0.1062739342451096
-0.1062829568982124
-0.1062924265861511
-0.1063023433089256
-0.1063127294182777
-0.1063236072659492
-0.1063350066542625
-0.106346920132637
-0.1063593551516533
-0.1063723340630531
-0.1063858643174171
-0.1063999608159065
-0.1064146459102631
-0.1064299345016479
-0.1064458563923836
-0.1064624339342117
-0.106479711830616
-0.1064977273344994
-0.1065165251493454
-0.1065362095832825
-0.1065568253397942
-0.1065784841775894
-0.1066012680530548
-0.1066252738237381
-0.1066506057977676
-0.106677383184433
-0.1067057028412819
-0.1067356839776039
-0.1067674830555916
-0.1068011894822121
-0.1068369150161743
-0.1068747639656067
-0.1069148257374763
-0.1069571971893311
-0.1070019453763962
-0.1070491373538971
-0.1070988327264786
-0.1071510687470436
-0.1072058826684952
-0.1072632819414139
-0.1073232889175415
-0.1073858961462975
-0.1074511036276817
-0.1075188890099525
-0.1075892224907875
-0.1076621115207672
-0.1077375039458275
-0.1078153848648071
-0.1078957170248032
-0.1079784706234932
-0.1080636158585548
-0.1081511378288269
-0.1082410290837288
-0.1083332896232605
-0.1084278896450996
-0.1085248291492462
-0.108624093234539
-0.1087256819009781
-0.108829565346241
-0.1089357063174248
-0.109044075012207
-0.109154611825943
-0.1092672646045685
-0.1093819513916969
-0.1094985678792
-0.1096170023083687
-0.1097371354699135
-0.109858825802803
-0.1099819093942642
-0.1101062223315239
-0.1102315932512283
-0.1103578358888626
-0.1104847490787506
-0.1106121614575386
-0.1107398644089699
-0.1108676567673683
-0.110995352268219
-0.1111227571964264
-0.1112496852874756
-0.1113759577274323
-0.1115014031529427
-0.1116258800029755
-0.1117492243647575
-0.1118713095784187
-0.1119920164346695
-0.1121112257242203
-0.1122288331389427
-0.1123447641730309
-0.1124589070677757
-0.1125711724162102
-0.1126814633607864
-0.1127897053956985
-0.1128958016633987
-0.1129996851086617
-0.1131012439727783
-0.1132004112005234
-0.1132970899343491
-0.1133912056684494
-0.1134826615452766
-0.1135713681578636
-0.113657258450985
-0.1137402653694153
-0.1138203218579292
-0.1138973832130432
-0.1139714121818542
-0.1140423715114594
-0.1141102388501167
-0.1141750440001488
-0.1142367869615555
-0.1142955273389816
-0.1143513321876526
-0.1144042834639549
-0.1144545003771782
-0.1145020872354507
-0.1145472079515457
-0.1145900189876556
-0.1146306842565536
-0.1146694123744965
-0.114706389605999
-0.1147418543696404
-0.1147759929299355
-0.1148090288043022
-0.1148411631584167
-0.1148725897073746
-0.114903524518013
-0.1149341464042664
-0.1149646416306496
-0.1149951294064522
-0.1150257438421249
-0.115056611597538
-0.1150878071784973
-0.1151194199919701
-0.115151472389698
-0.115183986723423
-0.1152169182896614
-0.1152502596378326
-0.1152839139103889
-0.1153178066015244
-0.1153518185019493
-0.1153857633471489
-0.11541947722435
-0.1154527217149734
-0.1154852733016014
-0.1155168414115906
-0.1155471131205559
-0.1155757755041122
-0.1156024783849716
-0.1156268268823624
-0.1156484335660934
-0.1156668737530708
-0.1156816929578781
-0.1156924590468407
-0.1156987100839615
-0.1156999617815018
-0.1156957373023033
-0.1156855523586273
-0.1156689077615738
-0.1156453192234039
-0.1156142950057983
-0.1155753806233406
-0.1155281141400337
-0.1154720708727837
-0.1154068261384964
-0.1153319776058197
-0.1152471750974655
-0.1151520684361458
-0.1150463819503784
-0.1149298325181007
-0.1148021891713142
-0.1146632730960846
-0.1145129427313805
-0.1143510863184929
-0.1141776442527771
-0.1139925867319107
-0.1137959510087967
-0.1135877966880798
-0.1133682280778885
-0.1131374388933182
-0.1128956228494644
-0.1126430332660675
-0.1123799681663513
-0.1121067777276039
-0.1118238717317581
-0.1115316897630692
-0.111230731010437
-0.1109215617179871
-0.1106047555804253
-0.1102809756994247
-0.1099508926272392
-0.1096152514219284
-0.1092748492956161
-0.1089305132627487
-0.1085830926895142
-0.1082335188984871
-0.1078827157616615
-0.1075316593050957
-0.1071813628077507
-0.1068328469991684
-0.1064871549606323
-0.1061453595757484
-0.1058085188269615
-0.1054777055978775
-0.105154000222683
-0.1048384383320808
-0.1045320555567741
-0.1042358800768852
-0.1039508879184723
-0.1036780327558517
-0.103418193757534
-0.103172205388546
-0.1029408276081085
-0.1027247756719589
-0.102524645626545
-0.1023409813642502
-0.1021742150187492
-0.1020246297121048
-0.1018924191594124
-0.1017776802182198
-0.1016803458333015
-0.1016002148389816
-0.1015369817614555
-0.1014901697635651
-0.1014591753482819
-0.1014432311058044
-0.1014414429664612
-0.1014527827501297
-0.1014760658144951
-0.1015100106596947
-0.1015531867742538
-0.101604089140892
-0.1016610711812973
-0.101722463965416
-0.1017865091562271
-0.1018514111638069
-0.1019153073430061
-0.1019764021039009
-0.1020328775048256
-0.1020829752087593
-0.1021250411868095
-0.1021574661135674
-0.1021787822246552
-0.1021876856684685
-0.1021829918026924
-0.1021637171506882
-0.1021291241049767
-0.1020786240696907
-0.1020118892192841
-0.1019288673996925
-0.1018296852707863
-0.1017147526144981
-0.10158471763134
-0.1014404818415642
-0.1012831330299377
-0.101113997399807
-0.1009346023201942
-0.1007466316223145
-0.1005519106984138
-0.1003523916006088
-0.1001501008868217
-0.09994710236787796
-0.0997454971075058
-0.09954733401536942
-0.09935462474822998
-0.09916926175355911
-0.09899302572011948
-0.0988275334239006
-0.09867419302463531
-0.09853421896696091
-0.09840855747461319
-0.09829792380332947
-0.09820276498794556
-0.0981232225894928
-0.09805916249752045
-0.09801018983125687
-0.09797561168670654
-0.09795448184013367
-0.09794563055038452
-0.09794766455888748
-0.0979590117931366
-0.09797795861959457
-0.09800264239311218
-0.09803114086389542
-0.09806150197982788
-0.09809175878763199
-0.09811998903751373
-0.09814438223838806
-0.09816320985555649
-0.09817491471767426
-0.09817813336849213
-0.09817174077033997
-0.09815482795238495
-0.09812676161527634
-0.09808716922998428
-0.09803597629070282
-0.09797336161136627
-0.09789977222681046
-0.09781595319509506
-0.0977228507399559
-0.09762163460254669
-0.09751370549201965
-0.09740058332681656
-0.09728390723466873
-0.09716542065143585
-0.09704688936471939
-0.09693010896444321
-0.09681680053472519
-0.09670861065387726
-0.09660709649324417
-0.09651365131139755
-0.09642947465181351
-0.09635557234287262
-0.09629273414611816
-0.09624149650335312
-0.09620214253664017
-0.09617471694946289
-0.09615901857614517
-0.09615458548069
-0.09616074711084366
-0.09617664664983749
-0.09620122611522675
-0.09623327851295471
-0.09627148509025574
-0.0963144525885582
-0.09636073559522629
-0.09640887379646301
-0.09645743668079376
-0.09650501608848572
-0.096550352871418
-0.0965922623872757
-0.09662971645593643
-0.09666187316179276
-0.09668803215026855
-0.09670771658420563
-0.09672063589096069
-0.09672672301530838
-0.09672605991363525
-0.09671895205974579
-0.0967058464884758
-0.09668734669685364
-0.0966641828417778
-0.09663718938827515
-0.0966072604060173
-0.09657534956932068
-0.09654241055250168
-0.09650940448045731
-0.0964771956205368
-0.09644662588834763
-0.09641841799020767
-0.09639319032430649
-0.09637141227722168
-0.09635342657566071
-0.09633945673704147
-0.09632951021194458
-0.09632349014282227
-0.09632115811109543
-0.09632213413715363
-0.09632591903209686
-0.09633193165063858
-0.09633950889110565
-0.09634795039892197
-0.09635651111602783
-0.09636446833610535
-0.09637110680341721
-0.09637577086687088
-0.09637785702943802
-0.09637687355279922
-0.09637241065502167
-0.09636419266462326
-0.09635205566883087
-0.09633596986532211
-0.09631604701280594
-0.09629251807928085
-0.09626572579145432
-0.09623612463474274
-0.0962042361497879
-0.09617069363594055
-0.09613614529371262
-0.09610128402709961
-0.09606681019067764
-0.09603340923786163
-0.09600170701742172
-0.09597228467464447
-0.09594564884901047
-0.09592218697071075
-0.09590218216180801
-0.09588581323623657
-0.09587312489748001
-0.09586404263973236
-0.09585835784673691
-0.09585575759410858
-0.09585582464933395
-0.09585805237293243
-0.09586186707019806
-0.0958666130900383
-0.09587162733078003
-0.09587623178958893
-0.09587974846363068
-0.09588154405355453
-0.09588102996349335
-0.09587767720222473
-0.09587104618549347
-0.0958608016371727
-0.09584669023752213
-0.0958285853266716
-0.09580644965171814
-0.09578037261962891
-0.09575053304433823
-0.09571719169616699
-0.09568070620298386
-0.09564149379730225
-0.09560001641511917
-0.09555677324533463
-0.09551225602626801
-0.0954669862985611
-0.0954214334487915
-0.09537602961063385
-0.09533118456602097
-0.09528721123933792
-0.09524436295032501
-0.09520281106233597
-0.09516266733407974
-0.09512390941381454
-0.095086470246315
-0.09505020081996918
-0.09501488506793976
-0.09498024731874466
-0.0949459969997406
-0.09491177648305893
-0.09487722814083099
-0.09484199434518814
-0.09480572491884232
-0.09476812183856964
-0.09472887217998505
-0.09468775987625122
-0.09464460611343384
-0.09459930658340454
-0.09455179423093796
-0.09450209885835648
-0.09445030987262726
-0.09439657628536224
-0.09434112161397934
-0.09428417682647705
-0.09422605484724045
-0.0941670760512352
-0.09410761296749115
-0.09404798597097397
-0.09398855268955231
-0.09392964094877243
-0.09387155622243881
-0.09381456673145294
-0.09375888854265213
-0.09370469301939011
-0.09365210682153702
-0.09360121935606003
-0.09355203807353973
-0.09350455552339554
-0.09345869719982147
-0.09341432154178619
-0.09337130188941956
-0.09332945197820663
-0.09328854829072952
-0.0932483896613121
-0.09320876747369766
-0.09316946566104889
-0.09313027560710907
-0.09309100359678268
-0.093051478266716
-0.09301155805587769
-0.09297111630439758
-0.09293005615472794
-0.09288830310106277
-0.09284581989049911
-0.09280258417129517
-0.09275858849287033
-0.0927138552069664
-0.09266841411590576
-0.092622309923172
-0.0925755575299263
-0.09252820909023285
-0.09248030185699463
-0.09243183583021164
-0.09238284826278687
-0.0923333540558815
-0.09228332340717316
-0.09223274886608124
-0.09218162298202515
-0.0921298936009407
-0.09207753837108612
-0.09202450513839722
-0.09197075664997101
-0.09191625565290451
-0.09186095744371414
-0.09180484712123871
-0.09174790233373642
-0.09169013053178787
-0.09163154661655426
-0.09157219529151917
-0.09151213616132736
-0.09145143628120422
-0.09139017760753632
-0.0913284495472908
-0.09126637876033783
-0.09120408445596695
-0.09114167839288712
-0.09107931703329086
-0.09101711213588715
-0.09095518290996552
-0.09089363366365433
-0.09083256870508194
-0.09077207744121552
-0.09071222692728043
-0.09065308421850204
-0.09059467166662216
-0.09053700417280197
-0.09048010408878326
-0.09042394906282425
-0.09036852419376373
-0.09031379967927933
-0.09025973826646805
-0.09020628780126572
-0.09015342593193054
-0.09010111540555954
-0.09004931896924973
-0.08999799937009811
-0.08994714915752411
-0.08989674597978592
-0.08984677493572235
-0.089797243475914
-0.08974814414978027
-0.08969949930906296
-0.08965133875608444
-0.08960366994142532
-0.08955653011798859
-0.08950993418693542
-0.08946391195058823
-0.08941847831010818
-0.08937366306781769
-0.08932944387197495
-0.08928585797548294
-0.08924288302659988
-0.08920050412416458
-0.08915868401527405
-0.0891173779964447
-0.08907654881477356
-0.08903614431619644
-0.08899608999490738
-0.088956318795681
-0.08891674876213074
-0.08887732028961182
-0.08883794397115707
-0.08879853039979935
-0.08875899016857147
-0.08871924877166748
-0.0886792466044426
-0.08863890171051025
-0.08859813958406448
-0.0885569229722023
-0.08851519972085953
-0.08847292512655258
-0.08843008428812027
-0.08838667720556259
-0.08834266662597656
-0.08829806745052338
-0.08825290948152542
-0.08820720762014389
-0.08816101402044296
-0.08811437338590622
-0.08806735277175903
-0.08802000433206558
-0.08797240257263184
-0.08792462199926376
-0.08787674456834793
-0.0878288671374321
-0.08778105676174164
-0.08773341029882431
-0.08768602460622787
-0.0876389741897583
-0.08759233355522156
-0.08754617720842361
-0.08750056475400925
-0.08745555579662323
-0.08741118013858795
-0.08736748248338699
-0.08732446283102036
-0.08728214353322983
-0.08724047988653183
-0.08719946444034576
-0.08715905994176865
-0.08711922168731689
-0.08707987517118454
-0.08704096078872681
-0.08700239658355713
-0.08696409314870834
-0.08692598342895508
-0.08688795566558838
-0.08684994280338287
-0.08681187033653259
-0.08677364140748978
-0.08673519641160965
-0.08669649064540863
-0.08665746450424194
-0.08661807328462601
-0.08657828718423843
-0.08653809875249863
-0.08649750053882599
-0.08645649999380112
-0.0864151194691658
-0.08637338131666183
-0.08633134514093399
-0.08628903329372406
-0.08624650537967682
-0.08620381355285645
-0.08616101741790771
-0.08611816912889481
-0.08607535064220428
-0.08603258430957794
-0.08598995208740234
-0.08594749122858047
-0.08590525388717651
-0.08586327731609344
-0.08582159131765366
-0.08578024059534073
-0.08573922514915466
