0
0
0
0
0
0
0
0
0
0
0
0
0
0
0
0
0
0
0
0
0
0
0
0
0
0
0
0
0
0
0
0
0
0
0
0
0
0
0
0
0
0
0
0
0
0
0
0
0
0
0
0
0
0
0
0
0
0
0
0
0
0
0
0
0
0
0
0
0
0
0
0
0
0
0
0
0
0
0
0
0
0
0
0
0
0
0
0
0
0
0
0
0
0
0
0
0
0
0
0
0
0
0
0
0
0
0
0
0
0
0
0
0
0
0
0
0
0
0
0
0
0
0
0
0
0
0
0
0
0
0
0
0
0
0
0
0
0
0
0
0
0
0
0
0
0
0
0
0
0
0
0
0
0
0
0
0
0
0
0
0
0
0
0
0
0
0
0
0
0
0
0
0
0
0
0
0
0
0
0
0
0
0
0
0
0
0
0
0
0
0
0
0
0
0
0
0
0
0
0
0
0
0
0
0
0
0
0
0
0
0
0
0
0
0
0
0
0
0
0
0
0
0
0
0
0
0
0
0
0
0
0
0
0
0
0
0
0
0
0
0
0
0
0
0
0
0
0
0
0
0
0
0
0
0
0
0
0
0
0
0
0
0
0
0
0
0
0
0
0
0
0
0
0
0
0
0
0
0
0
0
0
0
0
0
0
0
0
0
0
0
0
0
0
0
0
0
0
0
0
0
0
0
0
0
0
0
0
0
0
0
0
0
0
0
0
0
0
0
0
0
0
0
0
0
0
0
0
0
0
0
0
0
0
0
0
0
0
0
0
0
0
0
0
0
0
0
0
0
0
0
0
0
0
0
0
0
0
0
0
0
0
0
0
0
0
0
0
0
0
0
0
0
0
0
0
0
0
0
0
0
0
0
0
0
0
0
0
0
0
0
0
0
0
0
0
0
0
0
0
0
0
0
0
0
0
0
0
0
0
0
0
0
0
0
0
0
0
0
0
0
0
0
0
0
0
0
0
0
0
0
0
0
0
0
0
0
0
0
0
0
0
0
0
0
0
0
0
0
0
0
0
0
0
0
0
0
0
0
0
0
0
0
0
0
0
0
0
0
0
0
0
0
0
0
0
0
0
0
0
0
0
0
0
0
0
0
0
0
0
0
0
0
0
0
0
0
0
0
0
0
0
0
0
0
0
0
0
0
0
0
0
0
0
0
0
0
0
0
0
0
0
0
0
0
0
0
0
0
0
0
0
0
0
0
0
0
0
0
0
0
0
0
0
0
0
0
0
0
0
0
0
0
0
0
0
0
0
0
0
0
0
0
0
0
0
0
0
0
0
0
0
0
0
0
0
0
0
0
0
0
0
0
0
0
0
0
0
0
0
0
0
0
0
0
0
0
0
0
0
0
0
0
0
0
0
0
0
0
0
0
0
0
0
0
0
0
0
0
0
0
0
0
0
0
0
0
0
0
0
0
0
0
0
0
0
0
0
0
0
0
0
0
0
0
0
0
0
0
0
0
0
0
0
0
0
0
0
0
0
0
0
0
0
0
0
0
0
0
0
0
0
0
0
0
0
0
0
0
0
0
0
0
0
0
0
0
0
0
0
0
0
0
0
0
0
0
0
0
0
0
0
0
0
0
0
0
0
0
0
0
0
0
0
0
0
0
0
0
0
0
0
0
0
0
0
0
0
0
0
0
0
0
0
0
0
0
0
0
0
0
0
0
0
0
0
0
0
0
0
0
0
0
0
0
0
0
0
0
0
0
0
0
0
0
0
0
0
0
0
0
0
0
0
0
0
0
0
0
0
0
0
0
0
0
0
0
0
0
0
0
0
0
0
0
0
0
0
0
0
0
0
0
0
0
0
0
0
0
0
0
0
0
0
0
0
0
0
0
0
0
0
0
0
0
0
0
0
0
0
0
0
0
0
0
0
0
0
0
0
0
0
0
0
0
0
0
0
0
0
0
0
0
0
0
0
0
0
0
0
0
0
0
0
0
0
0
0
0
0
0
0
0
0
0
0
0
0
0
0
0
0
0
0
0
0
0
0
0
0
0
0
0
0
0
0
0
0
0
0
0
0
0
0
0
0
0
0
0
0
0
0
0
0
0
0
0
0
0
0
0
0
0
0
0
0
0
0
0
0
0
0
0
0
0
0
0
0
0
0
0
0
0
0
0
0
0
0
0
0
0
0
0
0
0
0
0
0
0
0
0
0
0
0
0
0
0
0
0
0
0
0
0
0
0
0
0
0
0
0
0
0
0
0
0
0
0
0
0
0
0
0
0
0
0
0
0
0
0
0
0
0
0
0
0
0
0
0
0
0
0
0
0
0
0
0
0
0
0
0
0
0
0
0
0
0
0
0
0
0
0
0
0
0
0
0
0
0
0
0
0
0
0
0
0
0
0
0
0
0
0
0
0
0
0
0
0
0
0
0
0
0
0
0
0
0
0
0
0
0
0
0
0
0
0
0
0
0
0
0
0
0
0
0
0
0
0
0
0
0
0
0
0
0
0
0
0
0
0
0
0
0
0
0
0
0
0
0
0
0
0
0
0
0
0
0
0
0
0
0
0
0
0
0
0
0
0
0
0
0
0
0
0
0
0
0
0
0
0
0
0
0
0
0
0
0
0
0
0
0
0
0
0
0
0
0
0
0
0
0
0
0
0
0
0
0
0
0
0
0
0
0
0
0
0
0
0
0
0
0
0
0
0
0
0
0
0
0
0
0
0
0
0
0
0
0
0
0
0
0
0
0
0
0
0
0
0
0
0
0
0
0
7.006492321624085e-45
2.101947696487226e-44
4.484155085839415e-44
8.968310171678829e-44
1.667545172546532e-43
2.998778713655109e-43
5.268882225861312e-43
9.1925179259708e-43
1.580664667758394e-42
2.729729408504744e-42
4.702757646274086e-42
8.093899929940143e-42
1.390648595995948e-41
2.385850765359434e-41
4.087307360742626e-41
6.990797778823647e-41
1.193738135789025e-40
2.035049707800359e-40
3.463645466210223e-40
5.885537628072091e-40
9.98454583099183e-40
1.691067368568689e-39
2.859449008645756e-39
4.827190147309201e-39
8.135732892995632e-39
1.3689604194039e-38
2.299734108364198e-38
3.857075984871909e-38
6.45852969117328e-38
1.079705287228989e-37
1.802079466055149e-37
3.002901670048784e-37
4.99583260595887e-37
8.298037502898914e-37
1.376083253129227e-36
2.278331936788719e-36
3.766112354197645e-36
6.215481624763503e-36
1.024147587745402e-35
1.684835966937807e-35
2.767331237167189e-35
4.538100404226321e-35
7.430150558866423e-35
1.214598593852581e-34
1.982350918161821e-34
3.230293603136927e-34
5.25554937633754e-34
8.53709017098425e-34
1.384581184041979e-33
2.242047007617235e-33
3.624846950375733e-33
5.851326555697242e-33
9.430606202247318e-33
1.517562178354016e-32
2.438237565782452e-32
3.911371053526376e-32
6.264789501994101e-32
1.00186537164651e-31
1.599699816730365e-31
2.550321040295433e-31
4.059563627994146e-31
6.451978161154919e-31
1.023850031232877e-30
1.622223017298617e-30
2.566353372647428e-30
4.053730072708981e-30
6.39332230960256e-30
1.006775439761759e-29
1.582973580659125e-29
2.485138599604483e-29
3.895508984478132e-29
6.096988647319587e-29
9.528068954431905e-29
1.486734620596851e-28
2.316338333050132e-28
3.603388685153026e-28
5.59708271537477e-28
8.680694927123006e-28
1.344281575219797e-27
2.078594366625929e-27
3.209177066332451e-27
4.947237166876579e-27
7.615136244570864e-27
1.170413280590982e-26
1.796172648462881e-26
2.75235788502907e-26
4.211244579372952e-26
6.433765886303076e-26
9.814543926978012e-26
1.494946635657183e-25
2.273697055782623e-25
3.452959306540724e-25
5.236039606501178e-25
7.928072805069931e-25
1.198632828893416e-24
1.809502357816119e-24
2.727640802108619e-24
4.105545722979971e-24
6.170364293277455e-24
9.259926195661969e-24
1.387591501698742e-23
2.076221318024182e-23
3.102016911672687e-23
4.627789391606648e-23
6.893862392702388e-23
1.025443446140414e-22
1.523075332944574e-22
2.25887455067229e-22
3.345218058695766e-22
4.946736962749049e-22
7.304251185881153e-22
1.076950282478633e-21
1.585546502828249e-21
2.330914186817737e-21
3.421668550639328e-21
5.015501399877313e-21
7.341013063319313e-21
1.07290988081032e-20
1.56580087765717e-20
2.281793067805299e-20
3.320341752879067e-20
4.824546432352019e-20
6.999995254214683e-20
1.014161041858489e-19
1.467183435676318e-19
2.119485529779476e-19
3.05735208482702e-19
4.40382065931647e-19
6.334078671957696e-19
9.097186586275236e-19
1.304670724546839e-18
1.868379526148278e-18
2.671776214548569e-18
3.815100914521148e-18
5.439802751583502e-18
7.745184070090229e-18
1.101164255408456e-17
1.563307168509688e-17
2.2161986753282e-17
3.137223093811491e-17
4.434601290680487e-17
6.259454366201072e-17
8.822491361297859e-17
1.241706625538461e-16
1.745098703138386e-16
2.449031389654483e-16
3.431959391290507e-16
4.802456582365597e-16
6.710554467755558e-16
9.36326207641783e-16
1.304577169592379e-15
1.815040622343118e-15
2.521603743207133e-15
3.498173227326797e-15
4.845961041569525e-15
6.703361993363067e-15
9.259328804449123e-15
1.277145605254899e-14
1.759039081387047e-14
2.41927161761862e-14
3.32252163336242e-14
4.556433152330154e-14
6.239591634170372e-14
8.532203535274036e-14
1.165037982536407e-13
1.588519897219309e-13
2.162812436741143e-13
2.940481788182153e-13
3.992008817694376e-13
5.411749607470151e-13
7.325831564639063e-13
9.902596321068047e-13
1.336638156927694e-12
1.801570177761835e-12
2.424715593238314e-12
3.258685205356771e-12
4.373164590870671e-12
5.860312669164758e-12
7.841823544685322e-12
1.04781426590872e-11
1.398048430495402e-11
1.86264684232107e-11
2.478042944453751e-11
3.291977454522588e-11
4.366909958641862e-11
5.78442987952954e-11
7.650950706317161e-11
1.010504943610435e-10
1.332690208188936e-10
1.755040973661082e-10
2.307874308327129e-10
3.030423689764916e-10
3.973383011501852e-10
5.202149822025603e-10
6.80095757488175e-10
8.878130453027211e-10
1.157275275609493e-09
1.506312297117063e-09
1.957743744895879e-09
2.540730070776931e-09
3.29247495933771e-09
4.260366726072107e-09
5.504671829470453e-09
7.10190928288057e-09
9.149075275161067e-09
1.176893338339369e-08
1.511659419861644e-08
1.938773230847346e-08
2.482878436183e-08
3.174961094032369e-08
4.053919155921903e-08
5.168500649688212e-08
6.579698208497575e-08
8.363699777191869e-08
1.061551202496958e-07
1.345341615888174e-07
1.702441778661523e-07
2.151092246549524e-07
2.713887283789518e-07
3.418767278162704e-07
4.300224816233822e-07
5.400767690844077e-07
6.772693268430885e-07
8.480230917484732e-07
1.060212980519282e-06
1.323477363257552e-06
1.649592263675004e-06
2.052920308415196e-06
2.550947783674928e-06
3.164926738463691e-06
3.920641120203072e-06
4.849314791499637e-06
5.988692464597989e-06
7.384320269920863e-06
9.0910571088898e-06
1.117485953727737e-05
1.371487724100007e-05
1.680592140473891e-05
2.056135053862818e-05
2.511644197511487e-05
3.063232361455448e-05
3.730055686901323e-05
4.534845356829464e-05
5.504520959220827e-05
6.670900620520115e-05
8.071523188846186e-05
9.750579920364544e-05
0.0001176000005216338
0.0001416067825630307
0.0001702387380646542
0.0002043281419901177
0.000244844937697053
0.0002929173060692847
0.0003498544974718243
0.0004171728214714676
0.0004966245032846928
0.0005902301636524498
0.0007003146456554532
0.0008295466541312635
0.000980983255431056
0.001158117665909231
0.001364932861179113
0.001605958910658956
0.001886336249299347
0.002211883664131165
0.002589170821011066
0.003025597892701626
0.003529478097334504
0.004110125359147787
0.004777947906404734
0.005544545128941536
0.00642280699685216
0.007427018135786057
0.008572958409786224
0.009878013283014297
0.01136127021163702
0.01304362062364817
0.01494785957038403
0.01709876768290997
0.01952319033443928
0.02225010097026825
0.02531065046787262
0.02873818576335907
0.03256826475262642
0.03683862835168839
0.04158913344144821
0.04686165973544121
0.0526999719440937
0.05914954468607903
0.0662572905421257
0.07407131046056747
0.08264049887657166
0.09201411157846451
0.1022413000464439
0.1133705303072929
0.1254489570856094
0.1385216414928436
0.1526308208703995
0.1678149998188019
0.1841081082820892
0.2015383839607239
0.2201273143291473
0.2398886531591415
0.2608272135257721
0.2829377949237823
0.3062040209770203
0.3305972218513489
0.3560755252838135
0.3825826644897461
0.4100474715232849
0.438383013010025
0.4674861431121826
0.4972371757030487
0.5275000929832458
0.5581225752830505
0.5889368057250977
0.6197603344917297
0.6503975391387939
0.6806409955024719
0.710273802280426
0.7390722036361694
0.766808032989502
0.7932519912719727
0.8181774616241455
0.8413639068603516
0.8626008033752441
0.8816916346549988
0.8984580636024475
0.912743866443634
0.9244186878204346
0.9333816766738892
0.9395647644996643
0.9429355263710022
0.9434989094734192
0.9412996172904968
0.9364224076271057
0.9289921522140503
0.9191735982894897
0.9071701765060425
0.8932210206985474
0.8775981664657593
0.8606029152870178
0.8425607681274414
0.8238169550895691
0.8047301769256592
0.7856663465499878
0.7669923305511475
0.7490690350532532
0.7322444319725037
0.7168467044830322
0.703177809715271
0.69150710105896
0.6820654273033142
0.6750397682189941
0.6705692410469055
0.6687414050102234
0.6695893406867981
0.6730908751487732
0.6791678667068481
0.6876873970031738
0.6984640955924988
0.7112639546394348
0.7258090376853943
0.7417836785316467
0.7588421702384949
0.776616096496582
0.7947239875793457
0.8127806782722473
0.8304071426391602
0.8472402691841125
0.8629423975944519
0.8772104978561401
0.8897839784622192
0.9004520177841187
0.9090590476989746
0.9155085682868958
0.9197652339935303
0.9218557476997375
0.9218665957450867
0.9199411869049072
0.91627436876297
0.9111056923866272
0.9047111868858337
0.897394061088562
0.8894744515419006
0.8812791705131531
0.8731307983398438
0.8653371930122375
0.8581818342208862
0.8519148230552673
0.8467453718185425
0.842835545539856
0.8402962684631348
0.8391842246055603
0.839501678943634
0.8411980867385864
0.8441731333732605
0.8482815623283386
0.8533403873443604
0.8591365218162537
0.8654362559318542
0.8719943761825562
0.878564715385437
0.8849093914031982
0.8908088207244873
0.8960696458816528
0.9005321264266968
0.9040757417678833
0.9066232442855835
0.9081423878669739
0.9086461663246155
0.9081907868385315
0.9068722128868103
0.9048203825950623
0.9021927118301392
0.8991659283638
0.8959278464317322
0.8926685452461243
0.889571487903595
0.8868054747581482
0.8845170736312866
0.8828245997428894
0.8818138241767883
0.8815343976020813
0.8819986581802368
0.8831824064254761
0.8850269317626953
0.8874431848526001
0.8903166651725769
0.8935139775276184
0.8968899250030518
0.9002951383590698
0.9035837054252625
0.9066199660301208
0.9092854261398315
0.9114841818809509
0.9131471514701843
0.9142347574234009
0.9147379994392395
0.9146782755851746
0.9141049981117249
0.9130925536155701
0.9117351174354553
0.9101415276527405
0.9084288477897644
0.906715989112854
0.9051176309585571
0.9037377238273621
0.9026643037796021
0.9019656181335449
0.9016871452331543
0.9018493294715881
0.9024476408958435
0.9034537076950073
0.904817521572113
0.9064710736274719
0.9083327651023865
0.9103122353553772
0.9123160243034363
0.9142525792121887
0.9160374999046326
0.9175983071327209
0.9188776016235352
0.9198364019393921
0.920455276966095
0.9207348823547363
0.9206952452659607
0.9203736782073975
0.919822096824646
0.91910320520401
0.9182865619659424
0.9174444079399109
0.9166471362113953
0.9159588813781738
0.9154343605041504
0.915116012096405
0.9150316715240479
0.9151937961578369
0.9155991673469543
0.9162299036979675
0.9170551300048828
0.9180333018302917
0.9191156029701233
0.920248806476593
0.9213792681694031
0.9224557876586914
0.9234328269958496
0.9242735505104065
0.924950897693634
0.925449550151825
0.9257659316062927
0.925908088684082
0.9258944988250732
0.925752580165863
0.9255161881446838
0.9252234101295471
0.9249137043952942
0.9246253371238708
0.9243929386138916
0.9242454767227173
0.9242047071456909
0.9242838621139526
0.9244876503944397
0.9248118996620178
0.9252447485923767
0.9257675409317017
0.9263566136360168
0.9269852042198181
0.9276251792907715
0.928249180316925
0.9288324117660522
0.9293543696403503
0.9297995567321777
0.9301587343215942
0.9304288625717163
0.9306133389472961
0.9307209849357605
0.9307652711868286
0.9307632446289062
0.9307337999343872
0.9306965470314026
0.9306703805923462
0.9306720495223999
0.9307152628898621
0.9308095574378967
0.9309602379798889
0.9311681389808655
0.9314298629760742
0.9317380785942078
0.9320827126502991
0.9324513673782349
0.9328308701515198
0.9332078099250793
0.9335699677467346
0.9339068531990051
0.934210479259491
0.9344755411148071
0.9346999526023865
0.934884786605835
0.9350338578224182
0.9351534247398376
0.9352511167526245
0.9353359341621399
0.9354168772697449
0.9355027079582214
0.935600757598877
0.9357172250747681
0.9358558654785156
0.9360187649726868
0.9362059831619263
0.936415433883667
0.9366434216499329
0.936884880065918
0.9371340274810791
0.9373849034309387
0.9376316666603088
0.9378692507743835
0.9380935430526733
0.9383017420768738
0.9384924173355103
0.938665509223938
0.9388222694396973
0.938965380191803
0.9390977621078491
0.9392233490943909
0.9393459558486938
0.9394696354866028
0.9395976066589355
0.939732551574707
0.9398763179779053
0.9400296807289124
0.9401927590370178
0.9403645396232605
0.9405432939529419
0.9407270550727844
0.9409131407737732
0.9410991072654724
0.9412825703620911
0.9414613246917725
0.941633939743042
0.9417992234230042
0.9419568777084351
0.9421070218086243
0.9422505497932434
0.9423885345458984
0.9425225257873535
0.9426540732383728
0.9427847862243652
0.9429163336753845
0.9430497884750366
0.9431862235069275
0.9433261156082153
0.9434695243835449
0.9436160922050476
0.9437652826309204
0.9439161419868469
0.9440679550170898
0.9442195296287537
0.9443698525428772
0.9445180296897888
0.944663405418396
0.9448055624961853
0.9449442625045776
0.9450798630714417
0.9452123045921326
0.9453422427177429
0.9454702734947205
0.9455971121788025
0.9457234144210815
0.9458496570587158
0.9459764361381531
0.9461039900779724
0.9462324976921082
0.9463619589805603
0.9464923143386841
0.9466232657432556
0.9467543363571167
0.9468852877616882
0.9470155835151672
0.9471448659896851
0.9472728371620178
0.947399377822876
0.9475241303443909
0.9476471543312073
0.9477686285972595
0.9478886127471924
0.9480072855949402
0.9481249451637268
0.9482417702674866
0.9483580589294434
0.9484739303588867
0.9485893249511719
0.9487044215202332
0.9488191604614258
0.9489331841468811
0.9490465521812439
0.9491589069366455
0.9492699503898621
0.9493793845176697
0.9494867920875549
0.9495920538902283
0.9496946930885315
0.9497942924499512
0.9498906135559082
0.9499831795692444
0.9500715732574463
0.9501554369926453
0.9502341151237488
0.9503069519996643
0.9503732919692993
0.9504321217536926
0.9504825472831726
0.950523316860199
0.9505529403686523
0.9505698680877686
0.9505722522735596
0.9505577683448792
0.9505242109298706
0.9504687786102295
0.9503884315490723
0.9502797722816467
0.950139045715332
0.9499621391296387
0.9497442245483398
0.9494800567626953
0.9491639137268066
0.9487892985343933
0.9483491778373718
0.9478356242179871
0.9472399950027466
0.9465527534484863
0.9457635283470154
0.9448610544204712
0.9438327550888062
0.9426652193069458
0.9413437247276306
0.9398525357246399
0.9381744861602783
0.9362912178039551
0.9341831207275391
0.9318293929100037
0.9292076826095581
0.9262944459915161
0.923064649105072
0.9194921255111694
0.9155495166778564
0.9112082719802856
0.9064385890960693
0.9012095928192139
0.8954898715019226
0.8892471790313721
0.8824484944343567
0.8750606179237366
0.8670503497123718
0.8583846092224121
0.8490307927131653
0.8389568328857422
0.8281322121620178
0.8165277242660522
0.8041160702705383
0.7908721566200256
0.7767738699913025
0.761802077293396
0.7459413409233093
0.7291804552078247
0.7115127444267273
0.6929364800453186
0.6734555959701538
0.6530797481536865
0.6318251490592957
0.6097147464752197
0.5867782831192017
0.56305330991745
0.5385846495628357
0.5134251117706299
0.4876352846622467
0.461283951997757
0.4344478845596313
0.4072116613388062
0.3796676397323608
0.3519156277179718
0.3240624368190765
0.2962214350700378
0.268511950969696
0.2410585433244705
0.2139903604984283
0.1874400824308395
0.1615429520606995
0.1364356875419617
0.1122551038861275
0.08913691341876984
0.06721428036689758
0.04661630839109421
0.02746633812785149
0.009880352765321732
-0.006034748628735542
-0.02018295787274837
-0.03248089179396629
-0.04285965114831924
-0.05126644670963287
-0.05766636505723
-0.06204378232359886
-0.06440398842096329
-0.06477418541908264
-0.06320478022098541
-0.05976993218064308
-0.0545680932700634
-0.04772210866212845
-0.03937876969575882
-0.02970814891159534
-0.01890235766768456
-0.007173766382038593
0.005247174762189388
0.01811473071575165
0.03117108158767223
0.04415009170770645
0.05678147077560425
0.06879529356956482
0.07992693781852722
0.08992208540439606
0.09854194521903992
0.1055684611201286
0.110809326171875
0.114102877676487
0.1153223365545273
0.114379808306694
0.1112293154001236
0.1058691143989563
0.09834323078393936
0.088741734623909
0.07720010727643967
0.06389736384153366
0.04905311763286591
0.03292344883084297
0.01579574868083
-0.002017466817051172
-0.02018550410866737
-0.03836723044514656
-0.05621922388672829
-0.07340435683727264
-0.08960042893886566
-0.1045084372162819
-0.1178606972098351
-0.1294280290603638
-0.1390262246131897
-0.1465213000774384
-0.1518333554267883
-0.1549389958381653
-0.155872106552124
-0.1547229290008545
-0.1516354233026505
-0.1468029618263245
-0.140462338924408
-0.1328866183757782
-0.1243765354156494
-0.115251213312149
-0.1058380380272865
-0.09646257013082504
-0.08743846416473389
-0.07905788719654083
-0.07158286869525909
-0.06523781269788742
-0.06020348146557808
-0.05661259591579437
-0.05454741790890694
-0.05403894931077957
-0.0550682321190834
-0.05756921693682671
-0.06143321469426155
-0.06651461869478226
-0.07263768464326859
-0.0796038955450058
-0.08719978481531143
-0.09520459920167923
-0.1033977642655373
-0.1115657240152359
-0.1195080280303955
-0.1270424872636795
-0.1340092420578003
-0.1402737945318222
-0.1457290053367615
-0.1502962708473206
-0.1539256125688553
-0.1565951108932495
-0.1583099812269211
-0.1591008305549622
-0.1590218394994736
-0.1581484973430634
-0.1565752774477005
-0.1544129401445389
-0.1517858058214188
-0.1488286554813385
-0.1456834822893143
-0.1424959450960159
-0.1394113600254059
-0.1365707665681839
-0.134106457233429
-0.1321376115083694
-0.130765974521637
-0.1300716549158096
-0.1301096230745316
-0.1309067606925964
-0.132459968328476
-0.1347353756427765
-0.1376690268516541
-0.1411688625812531
-0.145118236541748
-0.1493808776140213
-0.1538069099187851
-0.1582399010658264
-0.1625244915485382
-0.1665140837430954
-0.170078307390213
-0.1731097251176834
-0.1755291670560837
-0.1772898733615875
-0.1783794164657593
-0.1788198351860046
-0.1786657571792603
-0.1780005991458893
-0.1769310683012009
-0.1755805015563965
-0.1740810722112656
-0.172566145658493
-0.1711623817682266
-0.1699828505516052
-0.169121116399765
-0.1686468869447708
-0.1686034053564072
-0.1690067052841187
-0.1698465794324875
-0.1710892021656036
-0.1726809591054916
-0.174553394317627
-0.1766286194324493
-0.1788246929645538
-0.181060865521431
-0.1832621246576309
-0.1853628307580948
-0.1873093098402023
-0.1890612989664078
-0.1905923634767532
-0.1918894052505493
-0.1929513812065125
-0.1937875896692276
-0.1944156438112259
-0.1948594599962234
-0.1951473355293274
-0.1953102946281433
-0.195380836725235
-0.1953919231891632
-0.1953762024641037
-0.1953654736280441
-0.1953901648521423
-0.1954788118600845
-0.1956573873758316
-0.195948451757431
-0.1963701844215393
-0.1969354450702667
-0.1976505368947983
-0.1985145211219788
-0.1995185911655426
-0.2006459832191467
-0.2018723487854004
-0.2031668424606323
-0.2044937461614609
-0.2058145403862
-0.2070904523134232
-0.2082851827144623
-0.209367498755455
-0.2103136330842972
-0.2111090570688248
-0.2117495983839035
-0.2122417837381363
-0.2126022279262543
-0.2128562778234482
-0.2130358666181564
-0.2131768614053726
-0.2133161574602127
-0.2134888172149658
-0.2137253135442734
-0.2140494585037231
-0.2144767493009567
-0.2150137275457382
-0.2156580686569214
-0.2163993269205093
-0.2172204405069351
-0.2180996090173721
-0.2190125286579132
-0.2199344485998154
-0.2208423167467117
-0.2217162698507309
-0.222541019320488
-0.2233062535524368
-0.2240070104598999
-0.2246431112289429
-0.2252186387777328
-0.2257408648729324
-0.2262192219495773
-0.2266643047332764
-0.2270869165658951
-0.2274973392486572
-0.227904811501503
-0.2283173650503159
-0.2287416011095047
-0.2291827946901321
-0.2296449393033981
-0.2301308810710907
-0.2306423932313919
-0.2311802059412003
-0.2317439764738083
-0.2323321551084518
-0.2329419553279877
-0.2335692793130875
-0.2342088371515274
-0.2348542213439941
-0.2354983240365982
-0.2361336499452591
-0.2367529571056366
-0.2373497784137726
-0.2379191219806671
-0.2384577989578247
-0.2389649301767349
-0.239441990852356
-0.2398926764726639
-0.2403228133916855
-0.2407396584749222
-0.241151362657547
-0.2415661960840225
-0.2419918477535248
-0.2424347102642059
-0.2428994923830032
-0.2433887720108032
-0.2439029663801193
-0.2444404810667038
-0.2449981123209
-0.2455714046955109
-0.2461553663015366
-0.2467449903488159
-0.2473358958959579
-0.2479246705770493
-0.2485093176364899
-0.2490893751382828
-0.2496660202741623
-0.2502418458461761
-0.2508207261562347
-0.2514074742794037
-0.2520074248313904
-0.252626359462738
-0.2532700598239899
-0.2539441287517548
-0.2546538710594177
-0.2554042935371399
-0.2561999559402466
-0.2570450901985168
-0.2579436898231506
-0.2588994801044464
-0.2599158883094788
-0.2609961330890656
-0.2621432840824127
-0.2633600533008575
-0.2646488845348358
-0.2660118639469147
-0.267450749874115
-0.2689668834209442
-0.270561158657074
-0.2722339630126953
-0.2739852368831635
-0.275814414024353
-0.2777202129364014
-0.2797006368637085
-0.2817528247833252
-0.283873051404953
-0.2860563397407532
-0.2882964015007019
-0.2905855774879456
-0.2929145991802216
-0.2952726781368256
-0.2976473569869995
-0.3000248074531555
-0.3023899793624878
-0.304726779460907
-0.3070184290409088
-0.3092480599880219
-0.3113987743854523
-0.3134543895721436
-0.3153997957706451
-0.317221462726593
-0.3189075589179993
-0.3204486072063446
-0.3218376040458679
-0.3230702579021454
-0.3241451680660248
-0.325063943862915
-0.3258311450481415
-0.3264542818069458
-0.3269436657428741
-0.3273121416568756
-0.3275747895240784
-0.327748566865921
-0.3278516829013824
-0.3279030621051788
-0.3279217481613159
-0.3279263079166412
-0.3279337584972382
-0.3279591202735901
-0.3280145525932312
-0.3281086683273315
-0.3282459378242493
-0.3284263908863068
-0.3286451101303101
-0.3288922011852264
-0.3291527628898621
-0.3294071555137634
-0.3296314179897308
-0.3297979533672333
-0.3298764526844025
-0.3298347592353821
-0.3296400904655457
-0.3292603492736816
-0.3286652565002441
-0.327827662229538
-0.3267248868942261
-0.325339674949646
-0.3236610889434814
-0.3216853737831116
-0.3194160759449005
-0.3168644905090332
-0.314049243927002
-0.3109959065914154
-0.3077360987663269
-0.3043065071105957
-0.30074742436409
-0.2971013784408569
-0.2934116125106812
-0.2897204160690308
-0.2860678136348724
-0.2824899852275848
-0.2790184020996094
-0.275678962469101
-0.2724916040897369
-0.2694701850414276
-0.2666228115558624
-0.2639524042606354
-0.261457771062851
-0.2591346502304077
-0.2569770812988281
-0.2549785971641541
-0.253133624792099
-0.2514384984970093
-0.2498922944068909
-0.2484971582889557
-0.2472585141658783
-0.2461846768856049
-0.2452859580516815
-0.2445735931396484
-0.244058221578598
-0.2437482178211212
-0.243648037314415
-0.2437565475702286
-0.2440655380487442
-0.2445587962865829
-0.2452114224433899
-0.2459898889064789
-0.2468526512384415
-0.2477514296770096
-0.248633086681366
-0.2494420260190964
-0.2501229643821716
-0.250623881816864
-0.2508989274501801
-0.2509114444255829
-0.2506361603736877
-0.2500611841678619
-0.2491891235113144
-0.2480371743440628
-0.2466365694999695
-0.2450311630964279
-0.2432750016450882
-0.2414294183254242
-0.2395595610141754
-0.2377307116985321
-0.236004576086998
-0.2344358265399933
-0.2330692112445831
-0.2319372296333313
-0.2310587912797928
-0.230438694357872
-0.2300680875778198
-0.2299257963895798
-0.2299804389476776
-0.2301930785179138
-0.23052017390728
-0.2309166789054871
-0.2313390076160431
-0.2317475527524948
-0.2321088165044785
-0.2323965728282928
-0.2325925976037979
-0.2326865792274475
-0.2326752692461014
-0.2325613647699356
-0.2323518097400665
-0.2320562601089478
-0.2316854447126389
-0.2312498390674591
-0.2307587862014771
-0.2302200049161911
-0.2296396493911743
-0.2290228456258774
-0.2283745408058167
-0.2277004420757294
-0.2270081043243408
-0.2263077348470688
-0.2256127446889877
-0.2249397039413452
-0.2243077903985977
-0.2237377166748047
-0.2232500910758972
-0.2228636294603348
-0.2225929945707321
-0.2224469035863876
-0.2224264740943909
-0.2225242257118225
-0.2227237075567245
-0.2230000644922256
-0.2233213484287262
-0.2236507385969162
-0.2239492684602737
-0.2241790890693665
-0.224306657910347
-0.2243057489395142
-0.2241600155830383
-0.2238646298646927
-0.2234269082546234
-0.2228659391403198
-0.2222110331058502
-0.2214993089437485
-0.2207723259925842
-0.2200725376605988
-0.2194394916296005
-0.2189063876867294
-0.2184972018003464
-0.218224823474884
-0.218090146780014
-0.2180824130773544
-0.2181806117296219
-0.2183558344841003
-0.2185742259025574
-0.2188005000352859
-0.2190011888742447
-0.2191477566957474
-0.2192188501358032
-0.2192019522190094
-0.2190937548875809
-0.2188998460769653
-0.218633234500885
-0.2183124870061874
-0.2179591655731201
-0.2175954431295395
-0.2172417044639587
-0.2169146239757538
-0.216625988483429
-0.2163820117712021
-0.2161835730075836
-0.2160270512104034
-0.215905487537384
-0.2158101201057434
-0.2157319188117981
-0.2156628370285034
-0.2155968546867371
-0.2155303955078125
-0.2154622226953506
-0.215393140912056
-0.2153249979019165
-0.215259850025177
-0.2151989042758942
-0.2151418328285217
-0.2150863409042358
-0.2150282114744186
-0.2149617373943329
-0.2148805409669876
-0.2147786468267441
-0.2146515548229218
-0.2144973576068878
-0.2143173366785049
-0.2141163200139999
-0.2139024883508682
-0.213686540722847
-0.2134805470705032
-0.213296502828598
-0.2131448090076447
-0.2130327820777893
-0.2129636853933334
-0.2129359543323517
-0.2129433155059814
-0.2129753828048706
-0.2130188494920731
-0.2130590379238129
-0.2130817472934723
-0.2130749374628067
-0.2130302339792252
-0.212943971157074
-0.2128175646066666
-0.2126573473215103
-0.2124736607074738
-0.2122794389724731
-0.2120886147022247
-0.2119142860174179
-0.2117670923471451
-0.211654007434845
-0.2115775495767593
-0.2115357369184494
-0.2115224450826645
-0.2115285098552704
-0.2115429788827896
-0.2115546613931656
-0.2115536630153656
-0.2115325480699539
-0.2114871144294739
-0.2114167064428329
-0.2113240212202072
-0.2112144827842712
-0.2110951244831085
-0.2109734863042831
-0.2108564674854279
-0.2107493579387665
-0.2106551378965378
-0.2105742841959
-0.2105048447847366
-0.2104429751634598
-0.2103836387395859
-0.2103214710950851
-0.210251584649086
-0.2101701945066452
-0.2100750505924225
-0.2099654227495193
-0.2098419517278671
-0.2097061574459076
-0.2095597982406616
-0.2094042897224426
-0.2092400938272476
-0.2090663909912109
-0.2088809609413147
-0.2086803019046783
-0.2084599882364273
-0.2082152366638184
-0.207941398024559
-0.2076344937086105
-0.2072916775941849
-0.2069113254547119
-0.2064929753541946
-0.2060370743274689
-0.2055446058511734
-0.2050165086984634
-0.2044532001018524
-0.2038542479276657
-0.2032181769609451
-0.2025425285100937
-0.2018242031335831
-0.2010599076747894
-0.2002467662096024
-0.199383020401001
-0.1984685510396957
-0.1975052803754807
-0.1964974254369736
-0.1954513788223267
-0.1943755149841309
-0.1932797878980637
-0.1921751499176025
-0.1910730749368668
-0.1899851262569427
-0.1889225989580154
-0.1878964155912399
-0.1869172155857086
-0.1859955042600632
-0.185141921043396
-0.1843675225973129
-0.1836839765310287
-0.1831035315990448
-0.182638943195343
-0.1823029667139053
-0.1821079701185226
-0.1820652037858963
-0.182184025645256
-0.1824712604284286
-0.1829305738210678
-0.1835619956254959
-0.1843617260456085
-0.1853220462799072
-0.1864314079284668
-0.1876747459173203
-0.1890338659286499
-0.1904878616333008
-0.1920134723186493
-0.1935855746269226
-0.1951774656772614
-0.1967613995075226
-0.1983088701963425
-0.1997910737991333
-0.2011794894933701
-0.2024465054273605
-0.2035662233829498
-0.2045152336359024
-0.2052736133337021
-0.2058257162570953
-0.2061610668897629
-0.2062749564647675
-0.2061689496040344
-0.2058510184288025
-0.2053356319665909
-0.2046432644128799
-0.2037999182939529
-0.2028362601995468
-0.2017867565155029
-0.200688436627388
-0.1995798498392105
-0.1984996944665909
-0.1974856853485107
-0.1965732872486115
-0.1957944929599762
-0.195176750421524
-0.1947419345378876
-0.1945053935050964
-0.1944752633571625
-0.1946519464254379
-0.1950279325246811
-0.1955878883600235
-0.1963091045618057
-0.1971622854471207
-0.1981126815080643
-0.1991215795278549
-0.200147956609726
-0.2011502534151077
-0.2020883709192276
-0.2029254585504532
-0.2036295533180237
-0.2041751593351364
-0.2045443654060364
-0.2047275453805923
-0.2047237604856491
-0.2045408189296722
-0.2041946798563004
-0.203708752989769
-0.2031126022338867
-0.202440544962883
-0.2017299383878708
-0.2010193467140198
-0.200346514582634
-0.1997466385364532
-0.1992504447698593
-0.1988826394081116
-0.1986606866121292
-0.1985939145088196
-0.1986829787492752
-0.1989200264215469
-0.1992891430854797
-0.1997673660516739
-0.200326144695282
-0.2009329944849014
-0.2015535831451416
-0.2021537274122238
-0.2027014493942261
-0.2031689137220383
-0.2035339176654816
-0.2037811726331711
-0.2039030492305756
-0.2038998305797577
-0.203779473900795
-0.2035568952560425
-0.203252762556076
-0.2028921246528625
-0.202502578496933
-0.2021125108003616
-0.2017491161823273
-0.2014368027448654
-0.2011956125497818
-0.201040044426918
-0.2009782195091248
-0.2010115832090378
-0.2011350244283676
-0.2013375014066696
-0.2016029506921768
-0.2019116282463074
-0.2022416293621063
-0.2025706470012665
-0.2028775066137314
-0.2031437307596207
-0.2033547610044479
-0.2035009413957596
-0.2035778909921646
-0.2035867273807526
-0.2035336196422577
-0.2034290879964828
-0.2032869458198547
-0.2031230330467224
-0.2029539197683334
-0.2027954012155533
-0.202661395072937
-0.2025628834962845
-0.2025071978569031
-0.202497661113739
-0.2025335282087326
-0.2026103436946869
-0.202720582485199
-0.2028544396162033
-0.2030008584260941
-0.2031485885381699
-0.2032871842384338
-0.2034079134464264
-0.2035043388605118
-0.2035728096961975
-0.2036126255989075
-0.2036257684230804
-0.2036165744066238
-0.2035911381244659
-0.2035565674304962
-0.2035201638936996
-0.2034886628389359
-0.2034675776958466
-0.2034607380628586
-0.2034699618816376
-0.2034950852394104
-0.2035340517759323
-0.2035833895206451
-0.2036386728286743
-0.2036951631307602
-0.2037484049797058
-0.2037947773933411
-0.2038318812847137
-0.2038587927818298
-0.2038761526346207
-0.2038859575986862
-0.203891322016716
-0.2038958966732025
-0.2039034813642502
-0.2039174735546112
-0.2039403468370438
-0.2039733678102493
-0.2040163278579712
-0.2040676474571228
-0.2041244506835938
-0.2041829228401184
-0.2042388767004013
-0.2042881995439529
-0.204327404499054
-0.2043541371822357
-0.2043674737215042
-0.2043680399656296
-0.2043580859899521
-0.204341247677803
-0.2043221294879913
-0.2043058127164841
-0.2042972147464752
-0.2043005526065826
-0.2043187916278839
-0.2043532133102417
-0.2044033259153366
-0.2044667899608612
-0.2045396864414215
-0.2046168595552444
-0.2046925574541092
-0.2047611176967621
-0.2048175781965256
-0.2048582285642624
-0.2048811465501785
-0.2048863917589188
-0.2048760652542114
-0.2048540413379669
-0.2048255354166031
-0.2047965675592422
-0.2047731876373291
-0.204760879278183
-0.2047638297080994
-0.2047845125198364
-0.2048233151435852
-0.204878494143486
-0.2049465179443359
-0.2050223350524902
-0.205100029706955
-0.2051734775304794
-0.2052371203899384
-0.2052865475416183
-0.2053190767765045
-0.2053339928388596
-0.2053326666355133
-0.2053182870149612
-0.2052956074476242
-0.2052701711654663
-0.2052477598190308
-0.2052337527275085
-0.2052322924137115
-0.2052459716796875
-0.2052754908800125
-0.2053195238113403
-0.2053749859333038
-0.2054374665021896
-0.2055016607046127
-0.2055620849132538
-0.205613762140274
-0.2056526839733124
-0.2056763917207718
-0.2056841254234314
-0.2056768834590912
-0.2056571692228317
-0.2056286484003067
-0.2055956125259399
-0.2055622935295105
-0.2055323719978333
-0.2055084109306335
-0.2054915130138397
-0.2054810672998428
-0.205474853515625
-0.2054692208766937
-0.2054594606161118
-0.2054402828216553
-0.2054063528776169
-0.2053528726100922
-0.2052758783102036
-0.2051725536584854
-0.2050413489341736
-0.2048819065093994
-0.2046946585178375
-0.2044805735349655
-0.2042406797409058
-0.2039756774902344
-0.2036853581666946
-0.2033684551715851
-0.2030224204063416
-0.2026434987783432
-0.2022268176078796
-0.2017667591571808
-0.2012573182582855
-0.2006925642490387
-0.2000670880079269
-0.199376255273819
-0.1986165642738342
-0.1977857798337936
-0.1968829035758972
-0.1959080994129181
-0.1948624402284622
-0.1937477290630341
-0.1925661414861679
-0.1913200914859772
-0.1900120973587036
-0.1886447370052338
-0.1872207224369049
-0.185743048787117
-0.1842152178287506
-0.1826415956020355
-0.1810275912284851
-0.1793798953294754
-0.1777066141366959
-0.1760173290967941
-0.1743230372667313
-0.1726358681917191
-0.1709688305854797
-0.1693354696035385
-0.1677493155002594
-0.1662236601114273
-0.1647710055112839
-0.1634028106927872
-0.1621290892362595
-0.1609583348035812
-0.1598973125219345
-0.1589509546756744
-0.1581222862005234
-0.1574123948812485
-0.1568204760551453
-0.1563437134027481
-0.1559772938489914
-0.1557143479585648
-0.1555458903312683
-0.1554608941078186
-0.155446395277977
-0.1554875671863556
-0.15556800365448
-0.1556701064109802
-0.1557754427194595
-0.1558653265237808
-0.1559214144945145
-0.1559262871742249
-0.1558641344308853
-0.1557213515043259
-0.1554870158433914
-0.1551534235477448
-0.1547164171934128
-0.1541754603385925
-0.1535338163375854
-0.1527984291315079
-0.1519797295331955
-0.1510912775993347
-0.1501492410898209
-0.1491719633340836
-0.1481792479753494
-0.1471916884183884
-0.1462298929691315
-0.1453137546777725
-0.1444616615772247
-0.1436897814273834
-0.1430113166570663
-0.1424359828233719
-0.1419694423675537
-0.1416129916906357
-0.1413634270429611
-0.1412130892276764
-0.1411499977111816
-0.1411583721637726
-0.1412193030118942
-0.141311451792717
-0.141412153840065
-0.1414984166622162
-0.1415480226278305
-0.1415406465530396
-0.1414588838815689
-0.1412891894578934
-0.1410225629806519
-0.1406550407409668
-0.1401880383491516
-0.1396282315254211
-0.138987272977829
-0.1382812261581421
-0.137529730796814
-0.1367550194263458
-0.1359806954860687
-0.1352304071187973
-0.1345266252756119
-0.1338893324136734
-0.1333348751068115
-0.1328750103712082
-0.1325162202119827
-0.1322592794895172
-0.1320991218090057
-0.1320251077413559
-0.1320216208696365
-0.1320690363645554
-0.1321447193622589
-0.132224515080452
-0.1322842240333557
-0.1323010623455048
-0.1322551518678665
-0.1321307718753815
-0.1319174319505692
-0.1316105425357819
-0.1312117278575897
-0.1307287663221359
-0.1301751285791397
-0.1295689940452576
-0.1289322525262833
-0.1282887756824493
-0.1276629567146301
-0.1270779669284821
-0.1265541464090347
-0.1261075884103775
-0.1257490217685699
-0.125482976436615
-0.1253075003623962
-0.1252142935991287
-0.1251892894506454
-0.1252136826515198
-0.1252652853727341
-0.1253201365470886
-0.1253543645143509
-0.1253458857536316
-0.1252761036157608
-0.1251313239336014
-0.1249037310481071
-0.1245920732617378
-0.124201700091362
-0.1237441301345825
-0.1232361793518066
-0.1226985678076744
-0.1221543401479721
-0.1216269731521606
-0.1211385130882263
-0.1207077652215958
-0.120348833501339
-0.1200699284672737
-0.1198726966977119
-0.1197521612048149
-0.1196971014142036
-0.1196910291910172
-0.1197136119008064
-0.1197423934936523
-0.1197547093033791
-0.1197296380996704
-0.119649775326252
-0.1195027232170105
-0.1192821636795998
-0.1189883202314377
-0.1186280027031898
-0.1182138249278069
-0.1177632063627243
-0.1172966584563255
-0.1168359816074371
-0.1164022907614708
-0.1160140782594681
-0.1156855747103691
-0.1154254376888275
-0.1152360290288925
-0.1151132136583328
-0.1150467991828918
-0.1150215491652489
-0.1150186285376549
-0.1150174364447594
-0.114997535943985
-0.1149406433105469
-0.1148322895169258
-0.1146632507443428
-0.114430345594883
-0.1141367331147194
-0.1137914955615997
-0.1134087070822716
-0.1130060255527496
-0.1126028895378113
-0.1122185811400414
-0.1118702739477158
-0.111571379005909
-0.1113302111625671
-0.1111491993069649
-0.1110247150063515
-0.1109475195407867
-0.1109037473797798
-0.1108763888478279
-0.1108471378684044
-0.1107982099056244
-0.1107142642140388
-0.1105839684605598
-0.1104011163115501
-0.1101652458310127
-0.1098816096782684
-0.1095605418086052
-0.1092162877321243
-0.1088654398918152
-0.1085251346230507
-0.1082111671566963
-0.1079363077878952
-0.1077089607715607
-0.1075323149561882
-0.1074040606617928
-0.1073166877031326
-0.1072584614157677
-0.1072147414088249
-0.1071696430444717
-0.107107900083065
-0.1070164665579796
-0.1068860441446304
-0.1067120358347893
-0.1064949929714203
-0.1062404662370682
-0.1059583052992821
-0.1056614443659782
-0.1053643822669983
-0.1050814390182495
-0.1048251390457153
-0.1046047359704971
-0.104425236582756
-0.1042868122458458
-0.1041849330067635
-0.104110911488533
-0.1040530502796173
-0.1039980575442314
-0.1039326637983322
-0.1038451790809631
-0.1037269160151482
-0.1035731285810471
-0.1033835262060165
-0.1031622290611267
-0.1029171720147133
-0.1026590764522552
-0.1024000644683838
-0.1021521538496017
-0.1019257828593254
-0.1017285138368607
-0.1015641838312149
-0.1014324799180031
-0.1013290956616402
-0.1012463122606277
-0.10117407143116
-0.1011012569069862
-0.1010171547532082
-0.100912794470787
-0.1007820665836334
-0.1006223931908607
-0.1004350706934929
-0.100224956870079
-0.09999980032444
-0.09976919740438461
-0.0995432510972023
-0.09933134168386459
-0.09914083033800125
-0.09897620230913162
-0.09883853793144226
-0.09872543066740036
-0.09863140434026718
-0.09854868799448013
-0.09846832603216171
-0.09838138520717621
-0.09828011691570282
-0.09815900772809982
-0.0980154424905777
-0.09784996509552002
-0.09766615927219391
-0.09747010469436646
-0.09726941585540771
-0.09707224369049072
-0.09688609093427658
-0.09671682119369507
-0.09656790643930435
-0.09643996506929398
-0.09633079171180725
-0.09623568505048752
-0.09614820778369904
-0.09606108069419861
-0.09596721827983856
-0.09586075693368912
-0.09573778510093689
-0.09559687227010727
-0.09543921053409576
-0.0952683612704277
-0.09508968144655228
-0.09490953385829926
-0.09473436325788498
-0.09456975013017654
-0.09441965073347092
-0.09428589791059494
-0.09416797757148743
-0.09406314790248871
-0.09396695345640182
-0.09387388080358505
-0.09377820044755936
-0.09367482364177704
-0.09356001019477844
-0.09343185275793076
-0.09329057484865189
-0.09313839673995972
-0.09297913312911987
-0.09281761199235916
-0.09265891462564468
-0.09250762313604355
-0.09236714243888855
-0.09223923087120056
-0.09212379157543182
-0.09201891720294952
-0.09192125499248505
-0.09182654321193695
-0.0917302742600441
-0.09162838011980057
-0.0915178507566452
-0.09139711409807205
-0.09126625955104828
-0.09112699329853058
-0.09098227322101593
-0.09083584696054459
-0.09069164842367172
-0.0905531644821167
-0.09042293578386307
-0.09030221402645111
-0.09019073843955994
-0.09008690714836121
-0.08998803794384003
-0.08989080041646957
-0.08979178965091705
-0.08968806266784668
-0.08957755565643311
-0.08945944160223007
-0.08933418244123459
-0.08920339494943619
-0.08906958997249603
-0.08893574774265289
-0.08880481123924255
-0.08867920935153961
-0.08856053650379181
-0.08844925463199615
-0.08834472298622131
-0.08824530243873596
-0.08814866840839386
-0.08805219829082489
-0.08795341849327087
-0.08785040676593781
-0.08774204552173615
-0.08762822300195694
-0.08750977367162704
-0.08738833665847778
-0.08726606518030167
-0.08714523911476135
-0.08702788501977921
-0.08691547065973282
-0.08680867403745651
-0.08670729398727417
-0.08661036938428879
-0.08651630580425262
-0.08642322570085526
-0.08632926642894745
-0.08623288571834564
-0.08613317459821701
-0.08602990210056305
-0.08592360466718674
-0.08581545948982239
-0.08570705354213715
-0.08560016006231308
-0.08549635112285614
-0.08539681136608124
-0.08530215173959732
-0.08521232753992081
-0.08512667566537857
-0.08504406362771988
-0.08496313542127609
-0.08488252013921738
-0.08480111509561539
-0.08471822738647461
-0.08463373780250549
-0.08454807102680206
-0.08446210622787476
-0.08437705039978027
-0.08429418504238129
-0.08421466499567032
-0.08413932472467422
-0.08406854420900345
-0.08400222659111023
-0.08393984287977219
-0.08388049900531769
-0.08382318168878555
-0.08376690745353699
-0.08371087908744812
-0.08365464210510254
-0.08359816670417786
-0.08354178071022034
-0.0834861546754837
-0.08343210816383362
-0.08338048309087753
-0.08333197236061096
-0.08328699320554733
-0.08324561268091202
-0.08320755511522293
-0.08317220956087112
-0.08313878625631332
-0.08310644328594208
-0.08307435363531113
-0.08304194360971451
-0.08300889283418655
-0.08297517895698547
-0.08294106274843216
-0.08290700614452362
-0.08287353813648224
-0.0828411728143692
-0.08281026035547256
-0.08278095722198486
-0.08275315910577774
-0.08272653073072433
-0.08270056545734406
-0.08267468959093094
-0.08264835923910141
-0.08262114226818085
-0.08259283006191254
-0.08256340771913528
-0.08253311365842819
-0.08250238001346588
-0.08247168362140656
-0.0824415311217308
-0.08241236954927444
-0.08238450437784195
-0.08235806971788406
-0.08233299851417542
-0.08230911195278168
-0.08228611201047897
-0.08226370811462402
-0.08224165439605713
-0.08221980929374695
-0.08219816535711288
-0.08217686414718628
-0.08215614408254623
-0.08213631063699722
-0.08211763203144073
-0.08210032433271408
-0.08208446204662323
-0.08206996321678162
-0.08205660432577133
-0.08204401284456253
-0.0820317268371582
-0.08201925456523895
-0.08200612664222717
-0.08199194073677063
-0.08197639137506485
-0.08195925503969193
-0.0819404125213623
-0.08191979676485062
-0.08189734816551208
-0.08187299966812134
-0.08184663951396942
-0.0818181112408638
-0.08178717643022537
-0.08175356686115265
-0.08171702176332474
-0.08167731761932373
-0.0816342905163765
-0.08158793300390244
-0.08153832703828812
-0.08148571103811264
-0.08143040537834167
-0.08137285709381104
-0.08131350576877594
-0.08125285804271698
-0.08119137585163116
-0.08112947642803192
-0.08106754720211029
-0.08100593090057373
-0.08094494789838791
-0.08088488876819611
-0.08082606643438339
-0.08076879382133484
-0.08071339130401611
-0.08066019415855408
-0.08060950040817261
-0.0805615708231926
-0.08051658421754837
-0.08047464489936829
-0.08043573051691055
-0.08039969950914383
-0.0803663358092308
-0.08033528923988342
-0.08030617237091064
-0.08027853071689606
-0.08025190979242325
-0.08022584766149521
-0.08019990473985672
-0.08017367124557495
-0.08014678210020065
-0.08011886477470398
-0.08008961379528046
-0.08005871623754501
-0.08002588897943497
-0.07999090105295181
-0.07995355874300003
-0.07991370558738708
-0.0798712819814682
-0.07982632517814636
-0.07977894693613052
-0.07972933351993561
-0.07967781275510788
-0.07962473481893539
-0.07957053184509277
-0.07951565086841583
-0.07946054637432098
-0.07940567284822464
-0.07935144007205963
-0.07929821312427521
-0.07924631983041763
-0.0791960284113884
-0.07914754003286362
-0.07910100370645523
-0.0790565237402916
-0.07901415973901749
-0.07897388190031052
-0.07893561571836472
-0.07889921218156815
-0.07886447757482529
-0.07883115112781525
-0.07879891246557236
-0.07876740396022797
-0.07873626053333282
-0.07870509475469589
-0.07867356389760971
-0.07864135503768921
-0.0786081850528717
-0.07857383787631989
-0.07853817194700241
-0.07850111275911331
-0.07846266776323318
-0.07842288911342621
-0.07838191092014313
-0.07833990454673767
-0.07829709351062775
-0.07825373858213425
-0.07821011543273926
-0.07816653698682785
-0.07812333106994629
-0.07808082550764084
-0.07803933322429657
-0.07799915969371796
-0.07796056568622589
-0.07792377471923828
-0.07788896560668945
-0.07785622775554657
-0.07782562077045441
-0.07779711484909058
-0.0777706503868103
-0.07774610072374344
-0.07772329449653625
-0.07770206034183502
-0.07768219709396362
-0.07766347378492355
-0.07764570415019989
-0.07762869447469711
-0.07761229574680328
-0.07759635150432587
-0.0775807648897171
-0.07756546139717102
-0.07755039632320404
-0.07753559201955795
-0.07752107083797455
-0.07750688493251801
-0.07749314606189728
-0.07747997343540192
-0.07746749371290207
-0.07745584100484848
-0.07744511961936951
-0.07743546366691589
-0.07742692530155182
-0.07741956412792206
-0.07741337269544601
-0.07740830630064011
-0.07740427553653717
-0.07740113139152527
-0.07739870250225067
-0.07739675790071487
-0.07739508152008057
-0.07739338278770447
-0.07739138603210449
-0.07738880068063736
-0.07738534361124039
-0.07738075405359268
-0.07737477123737335
-0.07736717909574509
-0.07735779881477356
-0.07734650373458862
-0.07733317464590073
-0.0773177370429039
-0.07730019837617874
-0.07728059589862823
-0.07725897431373596
-0.07723544538021088
-0.07721012085676193
-0.07718314975500107
-0.07715468853712082
-0.07712490111589432
-0.07709395885467529
-0.07706200331449509
-0.07702919095754623
-0.07699563354253769
-0.0769614577293396
-0.07692673802375793
-0.07689155638217926
-0.07685595750808716
-0.07681997120380402
-0.07678362727165222
-0.07674691081047058
-0.0767097994685173
-0.07667228579521179
-0.07663431763648987
-0.07659584283828735
-0.07655680924654007
-0.07651712745428085
-0.07647673040628433
-0.07643552124500275
-0.07639338821172714
-0.07635022699832916
-0.07630589604377747
-0.07626025378704071
-0.07621313631534576
-0.07616437971591949
-0.07611378282308578
-0.07606113702058792
-0.07600624114274979
-0.07594889402389526
-0.07588886469602585
-0.07582595944404602
-0.07575998455286026
-0.07569077610969543
-0.0756182074546814
-0.07554217427968979
-0.07546263933181763
-0.07537960261106491
-0.07529312372207642
-0.0752033144235611
-0.07511035352945328
-0.07501447200775146
-0.07491596788167953
-0.07481518387794495
-0.07471253722906113
-0.07460847496986389
-0.07450346648693085
-0.07439802587032318
-0.07429267466068268
-0.07418793439865112
-0.0740843340754509
-0.07398238033056259
-0.0738825649023056
-0.07378534227609634
-0.07369112968444824
-0.07360029220581055
-0.07351315766572952
-0.07342997193336487
-0.0733509436249733
-0.07327621430158615
-0.0732058584690094
-0.07313991338014603
-0.07307831943035126
-0.07302097976207733
-0.07296774536371231
-0.07291840761899948
-0.07287272065877914
-0.07283037900924683
-0.07279106229543686
-0.0727543979883194
-0.0727199912071228
-0.07268743216991425
-0.0726562961935997
-0.07262612879276276
-0.07259650528430939
-0.07256697118282318
-0.07253710180521011
-0.07250647246837616
-0.07247468829154968
-0.07244138419628143
-0.07240623980760574
-0.07236897200345993
-0.07232934981584549
-0.07228719443082809
-0.072242371737957
-0.07219483703374863
-0.07214458286762238
-0.07209168374538422
-0.0720362514257431
-0.07197850197553635
-0.07191868126392365
-0.07185710966587067
-0.07179413735866547
-0.07173015177249908
-0.07166557759046555
-0.07160085439682007
-0.07153643667697906
-0.07147275656461716
-0.07141025364398956
-0.07134933024644852
-0.07129034399986267
-0.0712336078286171
-0.07117937505245209
-0.07112783193588257
-0.0710790678858757
-0.07103312015533447
-0.07098992913961411
-0.07094937562942505
-0.07091124355792999
-0.07087526470422745
-0.07084108889102936
-0.07080832868814468
-0.07077652215957642
-0.07074522972106934
-0.07071396708488464
-0.07068227231502533
-0.07064968347549438
-0.07061582058668137
-0.07058031111955643
-0.07054287195205688
-0.07050329446792603
-0.0704614520072937
-0.07041730731725693
-0.07037091255187988
-0.0703224316239357
-0.07027207314968109
-0.07022014260292053
-0.07016700506210327
-0.07011309266090393
-0.07005883008241653
-0.0700046718120575
-0.06995107233524323
-0.06989844888448715
-0.06984715163707733
-0.06979750096797943
-0.06974973529577255
-0.06970398873090744
-0.06966031342744827
-0.06961866468191147
-0.06957888603210449
-0.06954073905944824
-0.06950391829013824
-0.06946806609630585
-0.06943275034427643
-0.06939752399921417
-0.06936193257570267
-0.06932553648948669
-0.06928792595863342
-0.0692487359046936
-0.06920767575502396
-0.06916452944278717
-0.06911920011043549
-0.06907165050506592
-0.06902194768190384
-0.06897025555372238
-0.06891681998968124
-0.0688619539141655
-0.06880601495504379
-0.06874940544366837
-0.06869253516197205
-0.06863580644130707
-0.06857962161302567
-0.0685243085026741
-0.06847016513347626
-0.06841741502285004
-0.06836620718240738
-0.06831661611795425
-0.06826863437891006
-0.06822219491004944
-0.06817718595266342
-0.06813341379165649
-0.06809069216251373
-0.06804879754781723
-0.06800751388072968
-0.06796666234731674
-0.06792608648538589
-0.06788568198680878
-0.06784539669752121
-0.06780525296926498
-0.06776535511016846
-0.06772583723068237
-0.06768690794706345
-0.06764882802963257
-0.06761188060045242
-0.06757637858390808
-0.06754262745380402
-0.06751091778278351
-0.06748151034116745
-0.06745462119579315
-0.06743037700653076
-0.06740885227918625
-0.06739005446434021
-0.06737391650676727
-0.06736025214195251
-0.06734885275363922
-0.06733942031860352
-0.06733163446187973
-0.06732512265443802
-0.06731949001550674
-0.06731434166431427
-0.06730930507183075
-0.06730403751134872
-0.06729823350906372
-0.06729160994291306
-0.06728396564722061
-0.06727512925863266
-0.06726500391960144
-0.06725354492664337
-0.06724072992801666
-0.0672265887260437
-0.06721115857362747
-0.06719451397657394
-0.06717672944068909
-0.06715787202119827
-0.06713797897100449
-0.0671171247959137
-0.0670953094959259
-0.06707256287336349
-0.06704887747764587
-0.06702421605587006
-0.06699854135513306
-0.06697183847427368
-0.06694406270980835
-0.06691522896289825
-0.0668853223323822
-0.06685438007116318
-0.06682245433330536
-0.06678964197635651
-0.06675601750612259
-0.06672172248363495
-0.06668689101934433
-0.06665167212486267
-0.0666162297129631
-0.06658072024583817
-0.06654529273509979
-0.06651007384061813
-0.06647516787052155
-0.066440649330616
-0.06640655547380447
-0.06637291610240936
-0.06633973121643066
-0.06630697101354599
-0.06627459079027176
-0.06624254584312439
-0.0662107840180397
-0.06617928296327591
-0.06614799797534943
-0.06611692905426025
-0.06608608365058899
-0.06605550646781921
-0.0660252571105957
-0.06599540263414383
-0.06596606224775314
-0.065937340259552
-0.06590933352708817
-0.06588214635848999
-0.06585587561130524
-0.06583057343959808
-0.06580626219511032
-0.06578293442726135
-0.0657605454325676
-0.06573899835348129
-0.0657181590795517
-0.06569784879684448
-0.06567786633968353
-0.06565795093774796
-0.06563787162303925
-0.06561736017465591
-0.06559613347053528
-0.06557396054267883
-0.06555061042308807
-0.06552590429782867
-0.0654996931552887
-0.06547187268733978
-0.06544242054224014
-0.06541133671998978
-0.06537868082523346
-0.06534458696842194
-0.06530923396348953
-0.06527284532785416
-0.06523565948009491
-0.06519795954227448
-0.06516004353761673
-0.06512220948934555
-0.06508476287126541
-0.0650479793548584
-0.06501211225986481
-0.06497739255428314
-0.06494399160146713
-0.06491204351186752
-0.06488161534070969
-0.06485272943973541
-0.06482534855604172
-0.06479935348033905
-0.06477459520101547
-0.06475085020065308
-0.06472785025835037
-0.06470530480146408
-0.06468287855386734
-0.06466022878885269
-0.06463702023029327
-0.06461291760206223
-0.06458760797977448
-0.06456078588962555
-0.06453223526477814
-0.06450176984071732
-0.06446926295757294
-0.06443466991186142
-0.06439799815416336
-0.06435932219028473
-0.06431879848241806
-0.06427660584449768
-0.06423299014568329
-0.06418821960687637
-0.06414256989955902
-0.06409632414579391
-0.06404976546764374
-0.06400316208600998
-0.06395673006772995
-0.06391066312789917
-0.0638650581240654
-0.0638199970126152
-0.06377547979354858
-0.06373145431280136
-0.06368780136108398
-0.06364435702562332
-0.06360095739364624
-0.06355737149715424
-0.06351338326931
-0.06346876919269562
-0.06342330574989319
-0.06337682157754898
-0.06332916766405106
-0.06328025460243225
-0.06323002278804779
-0.06317847967147827
-0.06312567740678787
-0.06307175010442734
-0.0630168542265892
-0.06296119838953018
-0.06290500611066818
-0.0628485232591629
-0.06279201060533524
-0.06273572891950607
-0.06267990916967392
-0.06262478232383728
-0.06257054954767227
-0.06251737475395203
-0.0624653734266758
-0.06241463124752045
-0.06236518174409866
-0.06231702119112015
-0.06227012723684311
-0.06222442910075188
-0.06217982620000839
-0.0621362179517746
-0.06209347769618034
-0.06205147132277489
-0.06201006099581718
-0.06196910515427589
-0.06192846596240997
-0.06188802793622017
-0.06184766814112663
-0.06180725991725922
-0.06176670268177986
-0.06172588095068932
-0.06168468296527863
-0.06164299696683884
-0.0616007074713707
-0.06155769154429436
-0.06151382997632027
-0.06146899983286858
-0.06142307445406914
-0.06137591227889061
-0.06132740154862404
-0.06127743050456047
-0.06122588366270065
-0.06117267906665802
-0.0611177496612072
-0.06106104701757431
-0.06100255250930786
-0.06094227731227875
-0.06088026612997055
-0.06081658601760864
-0.06075133755803108
-0.06068464368581772
-0.06061666086316109
-0.06054756790399551
-0.06047756224870682
-0.06040684878826141
-0.06033565476536751
-0.0602642148733139
-0.0601927638053894
-0.06012153625488281
-0.06005077809095383
-0.05998072773218155
-0.05991160497069359
-0.05984362587332726
-0.05977698415517807
-0.05971188098192215
-0.05964846909046173
-0.05958690494298935
-0.05952733010053635
-0.05946985259652138
-0.05941455811262131
-0.05936150625348091
-0.05931071937084198
-0.05926220491528511
-0.05921592563390732
-0.05917181074619293
-0.0591297522187233
-0.05908961966633797
-0.05905122309923172
-0.05901437625288963
-0.0589788407087326
-0.05894436314702034
-0.05891068279743195
-0.05887750908732414
-0.05884457007050514
-0.05881159380078316
-0.0587783083319664
-0.05874446779489517
-0.05870984494686127
-0.05867426097393036
-0.05863755941390991
-0.05859963223338127
-0.05856039747595787
-0.05851982161402702
-0.05847790464758873
-0.05843467637896538
-0.05839021131396294
-0.05834461003541946
-0.05829799547791481
-0.05825049802660942
-0.05820228531956673
-0.05815352499485016
-0.05810438096523285
-0.05805502459406853
-0.05800561234354973
-0.05795632302761078
-0.05790730565786362
-0.05785870924592018
-0.05781066790223122
-0.05776328966021538
-0.05771667510271072
-0.05767090991139412
-0.05762606114149094
-0.05758217722177505
-0.05753927677869797
-0.05749737471342087
-0.05745645985007286
-0.05741649866104126
-0.05737744271755219
-0.05733923241496086
-0.05730177089571953
-0.05726496875286102
-0.05722871795296669
-0.05719289928674698
-0.05715738236904144
-0.05712204426527023
-0.0570867508649826
-0.05705138295888901
-0.05701583623886108
-0.05698000639677048
-0.05694379657506943
-0.05690715461969376
-0.05687002837657928
-0.05683239176869392
-0.05679423362016678
-0.05675557628273964
-0.05671645700931549
-0.05667692422866821
-0.05663704499602318
-0.05659690871834755
-0.05655661225318909
-0.05651624500751495
-0.0564759187400341
-0.0564357228577137
-0.0563957653939724
-0.05635612830519676
-0.05631689354777336
-0.05627812817692757
-0.05623989179730415
-0.05620221421122551
-0.05616512522101402
-0.05612862110137939
-0.05609268322587013
-0.05605727806687355
-0.05602234601974487
-0.05598782002925873
-0.05595361441373825
-0.05591962859034538
-0.05588575080037117
-0.05585186928510666
-0.0558178648352623
-0.05578361079096794
-0.05574899166822433
-0.05571388080716133
-0.05567817762494087
-0.0556417852640152
-0.05560462176799774
-0.05556661263108253
-0.0555277056992054
-0.05548787117004395
-0.05544708669185638
-0.05540533363819122
-0.05536263063549995
-0.05531900003552437
-0.05527447536587715
-0.05522909387946129
-0.05518289282917976
-0.05513592436909676
-0.05508822575211525
-0.05503984168171883
-0.05499080196022987
-0.05494113638997078
-0.05489085242152214
-0.05483996868133545
-0.05478848144412041
-0.05473637580871582
-0.05468367040157318
-0.0546303428709507
-0.05457639321684837
-0.05452181398868561
-0.0544666051864624
-0.05441078171133995
-0.05435437336564064
-0.05429742112755775
-0.05423998460173607
-0.05418213829398155
-0.05412399396300316
-0.05406566709280014
-0.05400731042027473
-0.05394907295703888
-0.0538911446928978
-0.05383371561765671
-0.05377700179815292
-0.05372121185064316
-0.05366657301783562
-0.05361329391598701
-0.05356157571077347
-0.05351161956787109
-0.05346360057592392
-0.05341767519712448
-0.05337398126721382
-0.0533326119184494
-0.05329364538192749
-0.05325712263584137
-0.05322304368019104
-0.05319139733910561
-0.0531621165573597
-0.05313513055443764
-0.05311033129692078
-0.05308759212493896
-0.05306676775217056
-0.05304767936468124
-0.05303014814853668
-0.05301398411393166
-0.05299899354577065
-0.05298496782779694
-0.05297170579433441
-0.05295901373028755
-0.05294670164585114
-0.05293457955121994
-0.05292246863245964
-0.0529102049767971
-0.0528976283967495
-0.05288459733128548
-0.0528709776699543
-0.05285664275288582
-0.05284148454666138
-0.05282541364431381
-0.05280836299061775
-0.05279027298092842
-0.05277109518647194
-0.05275081470608711
-0.05272942781448364
-0.05270696058869362
-0.05268343910574913
-0.05265892297029495
-0.05263349041342735
-0.0526072271168232
-0.05258023738861084
-0.05255264788866043
-0.05252456665039062
-0.05249613523483276
-0.05246748030185699
-0.05243873596191406
-0.05241001024842262
-0.05238141119480133
-0.05235302075743675
-0.05232490971684456
-0.05229712277650833
-0.05226969346404076
-0.05224260687828064
-0.05221584811806679
-0.05218936130404472
-0.05216306075453758
-0.0521368645131588
-0.05211066082119942
-0.05208433046936989
-0.05205776169896126
-0.05203082412481308
-0.0520034059882164
-0.05197539553046227
-0.051946721971035
-0.05191732197999954
-0.0518871545791626
-0.05185620486736298
-0.05182450637221336
-0.05179210379719734
-0.05175907164812088
-0.05172552913427353
-0.05169160664081573
-0.05165746062994003
-0.05162326619029045
-0.05158919841051102
-0.05155545100569725
-0.05152220278978348
-0.05148962512612343
-0.05145788192749023
-0.05142710730433464
-0.051397405564785
-0.05136886984109879
-0.05134154483675957
-0.05131543800234795
-0.05129052698612213
-0.05126675590872765
-0.05124403908848763
-0.05122225731611252
-0.0512012392282486
-0.05118082091212273
-0.05116081237792969
-0.05114100873470306
-0.05112120136618614
-0.0511011891067028
-0.05108077079057693
-0.05105976387858391
-0.05103800445795059
-0.05101535841822624
-0.0509917214512825
-0.0509670153260231
-0.05094119906425476
-0.05091427266597748
-0.05088626593351364
-0.05085724592208862
-0.05082730576395988
-0.05079657584428787
-0.05076519399881363
-0.05073333904147148
-0.05070117488503456
-0.05066889151930809
-0.0506366640329361
-0.0506046749651432
-0.05057308077812195
-0.05054203048348427
-0.05051164329051971
-0.05048200860619545
-0.05045318976044655
-0.05042523145675659
-0.05039812996983528
-0.05037187039852142
-0.05034639686346054
-0.05032162740826607
-0.05029746890068054
-0.05027379840612411
-0.05025048926472664
-0.05022741109132767
-0.05020442977547646
-0.05018141493201256
-0.05015825107693672
-0.05013482645153999
-0.05011104419827461
-0.0500868447124958
-0.05006217956542969
-0.05003701150417328
-0.05001134425401688
-0.04998517408967018
-0.04995853453874588
-0.04993147403001785
-0.04990402981638908
-0.04987628012895584
-0.0498482808470726
-0.04982009530067444
-0.04979178309440613
-0.04976339638233185
-0.04973497241735458
-0.04970655590295792
-0.04967815801501274
-0.04964979365468025
-0.04962145909667015
-0.04959315061569214
-0.04956483468413353
-0.04953648522496223
-0.04950807243585587
-0.04947955906391144
-0.04945092648267746
-0.04942211508750916
-0.04939309880137444
-0.04936384037137032
-0.04933431372046471
-0.04930448532104492
-0.04927432537078857
-0.04924381524324417
-0.04921294003725052
-0.04918166622519493
-0.04914997518062592
-0.04911784827709198
-0.04908525943756104
-0.04905217885971069
-0.04901857301592827
-0.04898440837860107
-0.04894965514540672
-0.04891426861286163
-0.04887821525335312
-0.04884146526455879
-0.04880397766828537
-0.04876572638750076
-0.04872670024633408
-0.04868688061833382
-0.04864626005291939
-0.04860484600067139
-0.04856264591217041
-0.04851968958973885
-0.04847601428627968
-0.04843165352940559
-0.04838665574789047
-0.0483410656452179
-0.04829494282603264
-0.04824834689497948
-0.04820132255554199
-0.04815391451120377
-0.04810617491602898
-0.04805813357234001
-0.04800981655716896
-0.04796124249696732
-0.04791241139173508
-0.04786333069205284
-0.04781399294734001
-0.04776439443230629
-0.04771452397108078
-0.04766437038779259
-0.04761392623186111
-0.04756319150328636
-0.04751218482851982
-0.04746092110872269
-0.04740944504737854
-0.04735780507326126
-0.04730606824159622
-0.04725432023406029
-0.04720264673233032
-0.04715117067098618
-0.0471000075340271
-0.04704929888248444
-0.04699917510151863
-0.04694977030158043
-0.04690122604370117
-0.04685367271304131
-0.04680723696947098
-0.04676202312111855
-0.04671811684966087
-0.04667559266090393
-0.04663451015949249
-0.04659489169716835
-0.0465567484498024
-0.04652006924152374
-0.0464848093688488
-0.0464509092271328
-0.04641829058527946
-0.04638685658574104
-0.04635649174451828
-0.04632706940174103
-0.04629844427108765
-0.04627047851681709
-0.04624300822615623
-0.04621588066220284
-0.04618894681334496
-0.04616204649209976
-0.04613503441214561
-0.04610777646303177
-0.04608012735843658
-0.04605196788907051
-0.04602319374680519
-0.04599370434880257
-0.04596343636512756
-0.04593232274055481
-0.04590032249689102
-0.04586741700768471
-0.04583359882235527
-0.0457988902926445
-0.04576331004500389
-0.04572691768407822
-0.04568977653980255
-0.04565195366740227
-0.04561354964971542
-0.04557466134428978
-0.04553540423512459
-0.0454958900809288
-0.04545622691512108
-0.04541654884815216
-0.0453769713640213
-0.04533760622143745
-0.04529857262969017
-0.04525997117161751
-0.04522189497947693
-0.0451844334602356
-0.04514765366911888
-0.04511161893606186
-0.04507636651396751
-0.04504192620515823
-0.04500831291079521
-0.04497553035616875
-0.04494355246424675
-0.04491234570741653
-0.04488186165690422
-0.04485202580690384
-0.04482277855277061
-0.04479402303695679
-0.0447656512260437
-0.0447375662624836
-0.04470964893698692
-0.04468178376555443
-0.04465385153889656
-0.04462574422359467
-0.04459735006093979
-0.04456856846809387
-0.04453931003808975
-0.04450951144099236
-0.04447911307215691
-0.04444808140397072
-0.0444163903594017
-0.04438405111432076
-0.04435108602046967
-0.04431753605604172
-0.04428347945213318
-0.04424899816513062
-0.04421418905258179
-0.04417916387319565
-0.04414404183626175
-0.04410894960165024
-0.04407401755452156
-0.04403936117887497
-0.04400509223341942
-0.04397130757570267
-0.04393808171153069
-0.04390547424554825
-0.04387352988123894
-0.04384225979447365
-0.04381165653467178
-0.04378169402480125
-0.04375232011079788
-0.043723464012146
-0.04369503632187843
-0.04366694390773773
-0.04363908246159554
-0.04361134395003319
-0.04358361288905144
-0.04355579242110252
-0.04352778941392899
-0.04349952191114426
-0.04347092285752296
-0.04344194382429123
-0.04341255500912666
-0.04338274523615837
-0.04335252940654755
-0.04332192242145538
-0.04329096525907516
-0.04325970262289047
-0.04322820529341698
-0.04319653660058975
-0.04316476732492447
-0.0431329756975174
-0.0431012324988842
-0.04306961596012115
-0.04303818941116333
-0.04300700500607491
-0.04297610744833946
-0.04294553399085999
-0.04291530698537827
-0.0428854338824749
-0.04285591095685959
-0.04282674193382263
-0.04279789328575134
-0.04276933893561363
-0.04274103045463562
-0.04271292686462402
-0.04268497973680496
-0.04265713319182396
-0.04262933880090714
-0.04260153695940971
-0.04257367923855782
-0.04254571720957756
-0.04251760989427567
-0.04248933121562004
-0.0424608513712883
-0.04243216291069984
-0.04240325838327408
-0.0423741452395916
-0.0423448346555233
-0.04231536388397217
-0.04228577017784119
-0.04225609824061394
-0.0422263890504837
-0.04219669476151466
-0.0421670600771904
-0.04213754460215569
-0.04210818931460381
-0.04207903146743774
-0.04205010458827019
-0.04202142730355263
-0.04199299961328506
-0.0419648289680481
-0.04193688929080963
-0.04190916568040848
-0.04188162833452225
-0.04185422882437706
-0.04182692989706993
-0.04179968684911728
-0.04177245497703552
-0.04174520075321198
-0.04171788319945335
-0.04169047623872757
-0.04166295379400253
-0.04163529723882675
-0.04160750657320023
-0.04157958924770355
-0.04155155643820763
-0.04152342304587364
-0.04149521514773369
-0.04146696999669075
-0.04143871366977692
-0.04141048341989517
-0.0413823164999485
-0.0413542352616787
-0.04132626205682755
-0.04129842668771744
-0.04127074033021927
-0.04124319925904274
-0.04121581465005875
-0.04118857532739639
-0.04116147384047508
-0.04113448783755302
-0.04110760986804962
-0.04108080267906189
-0.04105405136942863
-0.04102732986211777
-0.04100062325596809
-0.04097391292452812
-0.04094718024134636
-0.04092040657997131
-0.04089358821511269
-0.04086672887206078
-0.04083982482552528
-0.04081287235021591
-0.04078588262200356
-0.04075887054204941
-0.04073185101151466
-0.04070483148097992
-0.04067783802747726
-0.0406508781015873
-0.04062396660447121
-0.04059712216258049
-0.04057035222649574
-0.04054366797208786
-0.04051706567406654
-0.04049055650830269
-0.0404641255736351
-0.04043777659535408
-0.04041150212287903
-0.04038527980446815
-0.04035910218954086
-0.04033295437693596
-0.04030682146549225
-0.04028068110346794
-0.04025452584028244
-0.04022833332419395
-0.04020209610462189
-0.04017581045627594
-0.04014948010444641
-0.04012309014797211
-0.04009664803743362
-0.04007016494870186
-0.04004363715648651
-0.04001707211136818
-0.03999048098921776
-0.03996386379003525
-0.03993723914027214
-0.03991060331463814
-0.03988397121429443
-0.03985733538866043
-0.03983069583773613
-0.03980404883623123
-0.03977739438414574
-0.03975072503089905
-0.03972404450178146
-0.03969733417034149
-0.03967059403657913
-0.03964381292462349
-0.03961700201034546
-0.03959016501903534
-0.03956329450011253
-0.03953639790415764
-0.03950949013233185
-0.03948257863521576
-0.03945566713809967
-0.03942878171801567
-0.03940193727612495
-0.03937514498829842
-0.03934842348098755
-0.03932178765535355
-0.0392952524125576
-0.03926884010434151
-0.03924255818128586
-0.03921642154455185
-0.03919043391942978
-0.03916460275650024
-0.03913894295692444
-0.03911343589425087
-0.03908809646964073
-0.03906290605664253
-0.03903786838054657
-0.03901296854019165
-0.03898820281028748
-0.03896356001496315
-0.03893901780247688
-0.03891456872224808
-0.03889018669724464
-0.03886584937572479
-0.03884155303239822
-0.03881726786494255
-0.03879298269748688
-0.03876866772770882
-0.03874431550502777
-0.03871989995241165
-0.03869541734457016
-0.0386708565056324
-0.03864619880914688
-0.0386214479804039
-0.03859659284353256
-0.03857162967324257
-0.03854655846953392
-0.03852139040827751
-0.03849612176418304
-0.03847077861428261
-0.0384453609585762
-0.03841989487409592
-0.03839439526200294
-0.03836887702345848
-0.03834336996078491
-0.03831789642572403
-0.03829248622059822
-0.03826715052127838
-0.0382419116795063
-0.03821679949760437
-0.03819182142615318
-0.03816700354218483
-0.03814234584569931
-0.03811785951256752
-0.03809354081749916
-0.03806938230991364
-0.03804538398981094
-0.03802152723073959
-0.03799780085682869
-0.03797417879104614
-0.03795064240694046
-0.03792715445160866
-0.03790369629859924
-0.03788023069500923
-0.03785673528909683
-0.03783318400382996
-0.03780956193804741
-0.0377858504652977
-0.03776203095912933
-0.03773809969425201
-0.03771405294537544
-0.03768989071249962
-0.03766561672091484
-0.0376412495970726
-0.03761680796742439
-0.0375923179090023
-0.03756779804825783
-0.03754328563809395
-0.03751879930496216
-0.03749436885118484
-0.0374700166285038
-0.03744576871395111
-0.03742164373397827
-0.03739766031503677
-0.03737382218241692
-0.0373501293361187
-0.03732658550143242
-0.03730318695306778
-0.03727991506457329
-0.03725675493478775
-0.03723368048667908
-0.03721067681908607
-0.03718771412968636
-0.03716477006673813
-0.03714181482791901
-0.0371188297867775
-0.03709579631686211
-0.03707268834114075
-0.03704949840903282
-0.03702622279524803
-0.03700286149978638
-0.03697941079735756
-0.03695588931441307
-0.03693230822682381
-0.03690868616104126
-0.03688504174351692
-0.03686139732599258
-0.03683777898550034
-0.03681420534849167
-0.03679070249199867
-0.03676728904247284
-0.03674397617578506
-0.03672077879309654
-0.03669770434498787
-0.03667474910616875
-0.03665190935134888
-0.03662917762994766
-0.03660653159022331
-0.03658396005630493
-0.03656143695116043
-0.03653894364833832
-0.0365164615213871
-0.03649396076798439
-0.03647143393754959
-0.03644886240363121
-0.03642623499035835
-0.03640354052186012
-0.03638078644871712
-0.03635797277092934
-0.03633511066436768
-0.03631220385432243
-0.0362892746925354
-0.03626634925603867
-0.03624343127012253
-0.03622055426239967
-0.036197729408741
-0.03617497161030769
-0.03615229204297066
-0.03612969815731049
-0.03610720112919807
-0.03608479723334312
-0.03606247529387474
-0.03604023158550262
-0.03601805120706558
-0.03599592670798302
-0.03597383201122284
-0.03595175966620445
-0.03592968359589577
-0.03590758889913559
-0.03588547185063362
-0.03586332127451897
-0.03584112972021103
-0.03581890091300011
-0.0357966423034668
-0.03577436506748199
-0.035752072930336
-0.03572978079319
-0.0357074998319149
-0.03568524122238159
-0.03566302359104156
-0.03564084693789482
-0.03561872988939285
-0.03559667617082596
-0.03557468950748444
-0.03555276989936829
-0.03553091362118721
-0.03550910949707031
-0.0354873463511467
-0.03546562418341637
-0.03544393181800842
-0.03542225062847137
-0.03540057316422462
-0.03537889197468758
-0.03535720333456993
-0.03533549606800079
-0.03531377390027046
-0.03529203683137894
-0.03527027741074562
-0.03524851053953171
-0.03522674739360809
-0.03520498424768448
-0.03518324345350266
-0.03516152501106262
-0.03513984382152557
-0.03511819988489151
-0.03509659320116043
-0.03507503867149353
-0.03505353257060051
-0.03503206744790077
-0.03501064330339432
-0.03498925641179085
-0.03496789932250977
-0.03494655713438988
-0.03492522984743118
-0.03490390256047249
-0.0348825715482235
-0.03486123308539391
-0.03483987972140312
-0.03481851145625114
-0.03479713201522827
-0.0347757451236248
-0.03475435450673103
-0.03473296388983727
-0.03471158072352409
-0.03469020873308182
-0.03466885164380074
-0.03464751318097115
-0.03462619706988335
-0.03460489585995674
-0.03458361327648163
-0.03456234559416771
-0.03454108536243439
-0.03451983258128166
-0.03449857234954834
-0.03447729721665382
-0.03445600718259811
-0.03443468734622002
-0.03441333398222923
-0.03439195454120636
-0.0343705341219902
-0.03434906899929047
-0.03432755917310715
-0.03430600091814995
-0.03428439050912857
-0.03426273167133331
-0.03424102813005447
-0.03421927988529205
-0.03419747948646545
-0.03417562320828438
-0.03415371477603912
-0.0341317430138588
-0.0341097004711628
-0.03408758342266083
-0.0340653732419014
-0.03404306247830391
-0.03402065113186836
-0.03399812430143356
-0.03397547826170921
-0.03395270556211472
-0.03392979502677917
-0.03390673920512199
-0.03388353809714317
-0.03386019170284271
-0.03383670002222061
-0.03381304442882538
-0.03378923237323761
-0.03376526385545731
-0.03374112397432327
-0.03371681645512581
-0.03369234502315521
-0.03366770222783089
-0.03364288806915283
-0.03361789137125015
-0.03359272330999374
-0.03356737643480301
-0.03354184702038765
-0.03351613879203796
-0.03349025547504425
-0.03346419706940651
-0.03343797102570534
-0.03341158479452133
-0.03338504210114479
-0.03335834667086601
-0.03333151713013649
-0.03330455720424652
-0.0332774892449379
-0.03325032442808151
-0.03322308138012886
-0.03319577127695084
-0.03316840529441833
-0.03314100578427315
-0.03311358764767647
-0.03308616951107979
-0.0330587700009346
-0.0330314002931118
-0.03300407901406288
-0.03297682479023933
-0.03294964507222176
-0.03292256221175194
-0.03289559110999107
-0.03286874666810036
-0.03284204006195068
-0.03281548619270325
-0.03278909996151924
-0.03276288881897926
-0.03273686766624451
-0.03271103650331497
-0.03268541023135185
-0.03265997767448425
-0.03263474255800247
-0.03260969743132591
-0.03258484229445457
-0.03256017342209816
-0.03253567963838577
-0.03251134976744652
-0.0324871689081192
-0.03246312960982323
-0.0324392132461071
-0.03241540491580963
-0.03239168971776962
-0.03236805647611618
-0.03234448656439781
-0.03232096135616302
-0.03229746222496033
-0.03227397799491882
-0.03225049749016762
-0.03222700208425522
-0.03220348432660103
-0.03217992931604385
-0.0321563296020031
-0.03213267028331757
-0.03210895508527756
-0.03208518028259277
-0.03206134587526321
-0.03203744813799858
-0.03201348334550858
-0.03198946267366409
-0.03196538612246513
-0.03194126114249229
-0.03191708773374557
-0.03189287707209587
-0.03186862915754318
-0.03184435144066811
-0.03182005509734154
-0.03179574385285378
-0.03177141398191452
-0.03174707666039467
-0.03172273933887482
-0.03169839829206467
-0.03167405351996422
-0.03164971247315407
-0.03162537515163422
-0.03160104155540466
-0.03157671913504601
-0.03155240416526794
-0.03152809664607048
-0.03150380402803421
-0.03147953003644943
-0.03145527467131615
-0.03143104910850525
-0.03140684962272644
-0.03138267993927002
-0.03135855495929718
-0.03133447468280792
-0.03131045028567314
-0.03128648549318314
-0.0312625877559185
-0.03123877011239529
-0.03121503442525864
-0.0311913937330246
-0.03116785734891891
-0.03114442899823189
-0.03112111240625381
-0.03109791316092014
-0.03107482939958572
-0.03105186298489571
-0.03102901391685009
-0.03100627474486828
-0.03098364546895027
-0.03096111863851547
-0.03093869052827358
-0.03091635182499886
-0.03089409507811069
-0.03087190352380276
-0.03084977716207504
-0.03082770109176636
-0.03080567345023155
-0.03078368492424488
-0.03076172806322575
-0.0307398047298193
-0.03071791119873524
-0.03069604374468327
-0.03067421540617943
-0.03065242804586887
-0.03063069097697735
-0.03060901537537575
-0.03058741427958012
-0.0305658970028162
-0.03054448030889034
-0.03052317537367344
-0.03050199151039124
-0.03048094548285007
-0.030460050329566
-0.03043931536376476
-0.03041875176131725
-0.03039836324751377
-0.03037815727293491
-0.03035813942551613
-0.03033830597996712
-0.03031866252422333
-0.03029920905828476
-0.03027994185686111
-0.0302608534693718
-0.0302419438958168
-0.03022321313619614
-0.0302046462893486
-0.0301862433552742
-0.03016799502074718
-0.03014989756047726
-0.03013193793594837
-0.03011411428451538
-0.03009641729295254
-0.03007883951067924
-0.03006137534976006
-0.03004401549696922
-0.03002675250172615
-0.03000957146286964
-0.02999246679246426
-0.02997542172670364
-0.02995841950178146
-0.02994145080447197
-0.02992449887096882
-0.02990754693746567
-0.02989057824015617
-0.02987357974052429
-0.02985653840005398
-0.02983944118022919
-0.02982227131724358
-0.02980502508580685
-0.02978769317269325
-0.02977026626467705
-0.02975273877382278
-0.02973511442542076
-0.02971739508211613
-0.02969958633184433
-0.02968169003725052
-0.02966371551156044
-0.02964567020535469
-0.02962756715714931
-0.02960941009223461
-0.02959120832383633
-0.02957297302782536
-0.02955471351742744
-0.02953642979264259
-0.02951812744140625
-0.02949980832636356
-0.02948147058486938
-0.02946312166750431
-0.02944475226104259
-0.02942636609077454
-0.02940795570611954
-0.0293895285576582
-0.02937107719480991
-0.02935260534286499
-0.02933411672711372
-0.02931561693549156
-0.02929711155593395
-0.02927860990166664
-0.02926012873649597
-0.02924167551100254
-0.02922326140105724
-0.02920490503311157
-0.02918662130832672
-0.02916842140257359
-0.02915032021701336
-0.02913232520222664
-0.02911444567143917
-0.0290966872125864
-0.02907905168831348
-0.02906153723597527
-0.02904414013028145
-0.02902685850858688
-0.02900967746973038
-0.02899258956313133
-0.0289755817502737
-0.0289586391299963
-0.02894174680113792
-0.02892488799989223
-0.02890805155038834
-0.02889122627675533
-0.02887439168989658
-0.02885754220187664
-0.02884066849946976
-0.02882376313209534
-0.02880681864917278
-0.02878983318805695
-0.02877280302345753
-0.02875572443008423
-0.02873859368264675
-0.02872141264379025
-0.02870418690145016
-0.02868691645562649
-0.02866959944367409
-0.02865224331617355
-0.02863484993577003
-0.02861742302775383
-0.02859997004270554
-0.02858248911798
-0.02856498770415783
-0.02854747325181961
-0.02852995879948139
-0.02851244807243347
-0.0284949503839016
-0.02847748063504696
-0.02846004441380501
-0.02844264544546604
-0.02842529863119125
-0.02840801142156124
-0.0283907875418663
-0.02837363630533218
-0.02835655771195889
-0.02833955734968185
-0.02832263521850109
-0.02830578945577145
-0.02828902006149292
-0.02827231213450432
-0.02825566008687019
-0.02823906019330025
-0.02822249755263329
-0.02820595912635326
-0.02818943560123444
-0.02817291766405106
-0.02815640158951283
-0.0281398743391037
-0.02812332846224308
-0.02810676023364067
-0.02809016592800617
-0.02807353623211384
-0.02805687300860882
-0.02804017439484596
-0.02802343852818012
-0.0280066691339016
-0.02798986248672009
-0.02797302417457104
-0.02795615419745445
-0.02793925628066063
-0.02792233601212502
-0.02790539711713791
-0.02788843773305416
-0.02787146903574467
-0.02785449102520943
-0.02783750370144844
-0.02782051265239716
-0.02780351787805557
-0.02778652496635914
-0.02776953391730785
-0.02775254473090172
-0.02773556299507618
-0.02771858312189579
-0.027701610699296
-0.02768464386463165
-0.02766768261790276
-0.02765072137117386
-0.02763376198709011
-0.02761680446565151
-0.02759984321892262
-0.02758287452161312
-0.02756589278578758
-0.02754889987409115
-0.02753188833594322
-0.0275148581713438
-0.02749780751764774
-0.02748073823750019
-0.02746365033090115
-0.02744654379785061
-0.02742942050099373
-0.02741227857768536
-0.02739512547850609
-0.02737795934081078
-0.02736079506576061
-0.02734363079071045
-0.02732647582888603
-0.02730933763086796
-0.02729222364723682
-0.02727514319121838
-0.02725810185074806
-0.02724110707640648
-0.02722416631877422
-0.02720728516578674
-0.02719046920537949
-0.0271737277507782
-0.02715706638991833
-0.02714048139750957
-0.02712398022413254
-0.02710756845772266
-0.02709124051034451
-0.02707499638199806
-0.02705883421003819
-0.02704275026917458
-0.02702673524618149
-0.02701078355312347
-0.02699488960206509
-0.02697904407978058
-0.0269632413983345
-0.02694747224450111
-0.02693172357976437
-0.02691598609089851
-0.02690025232732296
-0.02688451483845711
-0.02686876431107521
-0.02685298584401608
-0.0268371757119894
-0.0268213301897049
-0.0268054474145174
-0.02678952179849148
-0.02677354775369167
-0.02675752900540829
-0.02674146182835102
-0.02672534808516502
-0.02670919150114059
-0.02669299580156803
-0.02667676657438278
-0.02666050754487514
-0.02664422616362572
-0.02662792801856995
-0.02661161869764328
-0.02659530565142632
-0.02657900378108025
-0.02656271122395992
-0.02654643915593624
-0.02653019316494465
-0.02651397697627544
-0.02649779990315437
-0.02648165822029114
-0.02646555379033089
-0.02644949220120907
-0.02643346227705479
-0.02641746774315834
-0.02640150673687458
-0.02638556808233261
-0.02636964991688728
-0.0263537410646677
-0.02633783593773842
-0.02632192522287369
-0.02630599401891232
-0.0262900348752737
-0.02627403847873211
-0.02625799924135208
-0.02624190412461758
-0.026225745677948
-0.0262095220386982
-0.02619322016835213
-0.02617683820426464
-0.02616037614643574
-0.02614383026957512
-0.02612720057368279
-0.02611048892140388
-0.02609370090067387
-0.02607683278620243
-0.02605988830327988
-0.0260428749024868
-0.02602579817175865
-0.02600865997374058
-0.02599146403372288
-0.0259742233902216
-0.02595693990588188
-0.02593962103128433
-0.02592226304113865
-0.02590487524867058
-0.02588745579123497
-0.02587000653147697
-0.02585252374410629
-0.02583500556647778
-0.02581744641065598
-0.02579984441399574
-0.02578219771385193
-0.02576449885964394
-0.02574674226343632
-0.02572892233729362
-0.02571103535592556
-0.02569307386875153
-0.02567503973841667
-0.02565693482756615
-0.0256387535482645
-0.02562050335109234
-0.02560218423604965
-0.02558380179107189
-0.02556536160409451
-0.02554687671363354
-0.02552835457026958
-0.02550980262458324
-0.02549123764038086
-0.02547267079353333
-0.02545411325991154
-0.02543557435274124
-0.02541706897318363
-0.02539860457181931
-0.02538019604980946
-0.02536184899508953
-0.02534356899559498
-0.0253253597766161
-0.02530722506344318
-0.02528916299343109
-0.02527117729187012
-0.02525326237082481
-0.02523542009294033
-0.02521764487028122
-0.02519993670284748
-0.02518229000270367
-0.02516470476984978
-0.02514717541635036
-0.02512970380485058
-0.02511228993535042
-0.02509492821991444
-0.02507761865854263
-0.02506036683917046
-0.02504317462444305
-0.02502604015171528
-0.02500896714627743
-0.02499195374548435
-0.0249750018119812
-0.02495811134576797
-0.02494128420948982
-0.02492452412843704
-0.02490782551467419
-0.02489118278026581
-0.02487458847463131
-0.02485804073512554
-0.02484153211116791
-0.02482505515217781
-0.0248086005449295
-0.02479215152561665
-0.02477570623159409
-0.02475924789905548
-0.02474277280271053
-0.0247262679040432
-0.02470973134040833
-0.02469315938651562
-0.02467654831707478
-0.0246598981320858
-0.02464320883154869
-0.0246264822781086
-0.02460972033441067
-0.02459292486310005
-0.0245761014521122
-0.024559261277318
-0.02454240433871746
-0.02452553994953632
-0.02450868114829063
-0.02449183166027069
-0.02447499521076679
-0.02445818483829498
-0.02444140240550041
-0.02442465163767338
-0.02440793253481388
-0.02439125441014767
-0.02437462098896503
-0.02435803227126598
-0.02434149570763111
-0.02432501502335072
-0.0243085939437151
-0.02429223619401455
-0.02427594177424908
-0.02425971999764442
-0.02424357272684574
-0.02422750927507877
-0.02421152964234352
-0.02419564314186573
-0.02417985536158085
-0.02416416816413403
-0.02414858341217041
-0.0241331085562706
-0.02411774173378944
-0.02410248108208179
-0.0240873247385025
-0.02407227456569672
-0.02405732311308384
-0.02404247410595417
-0.02402771823108196
-0.02401304617524147
-0.02399845235049725
-0.02398393116891384
-0.02396947517991066
-0.0239550806581974
-0.02394074015319347
-0.02392644993960857
-0.02391220442950726
-0.02389800362288952
-0.02388384379446507
-0.02386972494423389
-0.02385564334690571
-0.02384160086512566
-0.02382759749889374
-0.02381363697350025
-0.0237997118383646
-0.02378582954406738
-0.02377198822796345
-0.02375818602740765
-0.02374442480504513
-0.02373070456087589
-0.02371702343225479
-0.02370338141918182
-0.02368977479636669
-0.0236761998385191
-0.02366265840828419
-0.02364914491772652
-0.02363565564155579
-0.023622190579772
-0.02360874786973
-0.02359532564878464
-0.02358192019164562
-0.02356853149831295
-0.02355515770614147
-0.02354179322719574
-0.02352843247354031
-0.02351507358253002
-0.02350171469151974
-0.02348834834992886
-0.02347497083246708
-0.02346158027648926
-0.02344816923141479
-0.02343473024666309
-0.02342125773429871
-0.02340774983167648
-0.02339420281350613
-0.02338061109185219
-0.02336697094142437
-0.02335328236222267
-0.02333953976631165
-0.02332574687898159
-0.02331190370023251
-0.02329801209270954
-0.023284075781703
-0.02327009849250317
-0.0232560820877552
-0.02324203774333
-0.02322797477245331
-0.02321389690041542
-0.02319981344044209
-0.0231857243925333
-0.02317164465785027
-0.02315757796168327
-0.02314353175461292
-0.02312951534986496
-0.02311553247272968
-0.02310159243643284
-0.02308769896626472
-0.02307385392487049
-0.02306006290018559
-0.0230463333427906
-0.0230326633900404
-0.02301905862987041
-0.02300551719963551
-0.02299203909933567
-0.02297862619161606
-0.02296527475118637
-0.02295198477804661
-0.02293875254690647
-0.02292557619512081
-0.02291245199739933
-0.02289936691522598
-0.02288631908595562
-0.02287330292165279
-0.02286030724644661
-0.02284732833504677
-0.02283435687422752
-0.02282138727605343
-0.02280841581523418
-0.02279543690383434
-0.02278244495391846
-0.02276943624019623
-0.02275640703737736
-0.02274335362017155
-0.0227302759885788
-0.0227171778678894
-0.02270404994487762
-0.02269089967012405
-0.02267772518098354
-0.02266453020274639
-0.02265131287276745
-0.02263808250427246
-0.02262483723461628
-0.02261158265173435
-0.02259831875562668
-0.02258505113422871
-0.02257178351283073
-0.02255852147936821
-0.02254526503384113
-0.0225320179015398
-0.02251878380775452
-0.02250556275248528
-0.02249236591160297
-0.02247919514775276
-0.02246605046093464
-0.02245293371379375
-0.02243984863162041
-0.02242679707705975
-0.02241378091275692
-0.02240079455077648
-0.02238784544169903
-0.02237492613494396
-0.02236204035580158
-0.02234918251633644
-0.02233635075390339
-0.02232354134321213
-0.02231075614690781
-0.02229799516499043
-0.02228524908423424
-0.02227252162992954
-0.02225981280207634
-0.02224711515009403
-0.02223442681133747
-0.02222174592316151
-0.02220907062292099
-0.02219639718532562
-0.0221837256103754
-0.02217105217278004
-0.02215837873518467
-0.02214569970965385
-0.02213302068412304
-0.02212033607065678
-0.02210764586925507
-0.02209495194256306
-0.0220822524279356
-0.02206955105066299
-0.02205684781074524
-0.02204414270818233
-0.02203143760561943
-0.02201873622834682
-0.02200603671371937
-0.02199334278702736
-0.02198065258562565
-0.02196797356009483
-0.02195530757308006
-0.02194265834987164
-0.02193002589046955
-0.02191740646958351
-0.02190480940043926
-0.02189223282039165
-0.02187968231737614
-0.02186715602874756
-0.02185465395450592
-0.02184217609465122
-0.02182971686124802
-0.02181728556752205
-0.02180487662553787
-0.02179249003529549
-0.02178011834621429
-0.02176776342093945
-0.02175542339682579
-0.02174309641122818
-0.02173077687621117
-0.02171846479177475
-0.02170616015791893
-0.02169385924935341
-0.02168156392872334
-0.02166926860809326
-0.02165697328746319
-0.02164467610418797
-0.02163237892091274
-0.02162008360028267
-0.02160778641700745
-0.02159548550844193
-0.0215831845998764
-0.02157088741660118
-0.02155859023332596
-0.02154629677534103
-0.02153400704264641
-0.02152172476053238
-0.02150944992899895
-0.02149718441069126
-0.02148493379354477
-0.02147269807755947
-0.02146047912538052
-0.02144827879965305
-0.02143609710037708
-0.02142393216490746
-0.02141178771853447
-0.02139966189861298
-0.02138755656778812
-0.02137547172605991
-0.0213634055107832
-0.02135135419666767
-0.02133931964635849
-0.02132729813456535
-0.02131528966128826
-0.02130329050123692
-0.02129130065441132
-0.02127931825816631
-0.02126733958721161
-0.02125536277890205
-0.0212433859705925
-0.02123140729963779
-0.02121942862868309
-0.02120745182037354
-0.02119547501206398
-0.02118349634110928
-0.02117151953279972
-0.02115954644978046
-0.02114757522940636
-0.0211356095969677
-0.02112365141510963
-0.02111169882118702
-0.02109975181519985
-0.02108781412243843
-0.0210758876055479
-0.02106397226452827
-0.02105206623673439
-0.02104017324745655
-0.02102828770875931
-0.02101641520857811
-0.02100455388426781
-0.0209927000105381
-0.02098085731267929
-0.02096902392804623
-0.02095719613134861
-0.02094537578523159
-0.02093355730175972
-0.020921740680933
-0.02090992406010628
-0.02089810557663441
-0.02088627964258194
-0.02087444998323917
-0.02086261659860611
-0.0208507739007473
-0.02083892375230789
-0.02082706056535244
-0.02081518620252609
-0.020803302526474
-0.02079140581190586
-0.02077949605882168
-0.02076757326722145
-0.02075563557446003
-0.02074368111789227
-0.02073171362280846
-0.02071972750127316
-0.02070772461593151
-0.02069570496678352
-0.02068366296589375
-0.02067160047590733
-0.02065951563417912
-0.02064740285277367
-0.02063526399433613
-0.0206230990588665
-0.02061090059578419
-0.02059867046773434
-0.0205864068120718
-0.02057410404086113
-0.02056176215410233
-0.02054937928915024
-0.02053695172071457
-0.02052447572350502
-0.02051194757223129
-0.02049936912953854
-0.0204867348074913
-0.02047404460608959
-0.02046129480004311
-0.02044848166406155
-0.02043560519814491
-0.02042266726493835
-0.02040966600179672
-0.02039659954607487
-0.02038346417248249
-0.02037026174366474
-0.02035699598491192
-0.02034366317093372
-0.0203302688896656
-0.02031680569052696
-0.0203032810240984
-0.02028968930244446
-0.0202760323882103
-0.02026231028139591
-0.0202485229820013
-0.02023467607796192
-0.02022076770663261
-0.02020679786801338
-0.02019277215003967
-0.02017868869006634
-0.02016455307602882
-0.02015036717057228
-0.02013613097369671
-0.02012185007333755
-0.02010753192007542
-0.02009317465126514
-0.02007878385484219
-0.02006435953080654
-0.02004990912973881
-0.02003543637692928
-0.02002094313502312
-0.02000643685460091
-0.01999192498624325
-0.01997740939259529
-0.01996289566159248
-0.01994838751852512
-0.01993389800190926
-0.01991943083703518
-0.01990498974919319
-0.01989058218896389
-0.01987621188163757
-0.01986188441514969
-0.01984759978950024
-0.01983336731791496
-0.01981918886303902
-0.019805071875453
-0.01979101449251175
-0.01977702230215073
-0.01976309716701508
-0.0197492428123951
-0.01973545737564564
-0.01972174271941185
-0.01970810070633888
-0.01969452947378159
-0.01968103274703026
-0.0196676105260849
-0.01965426094830036
-0.01964098215103149
-0.01962777227163315
-0.01961462758481503
-0.01960154809057713
-0.0195885319262743
-0.01957557164132595
-0.01956266909837723
-0.01954981870949268
-0.01953701302409172
-0.01952424831688404
-0.01951152272522449
-0.01949883252382278
-0.01948616653680801
-0.01947352290153503
-0.01946090348064899
