0
0
0
0
0
0
0
0
0
0
0
0
0
0
0
0
0
0
0
0
0
0
0
0
0
0
0
0
0
0
0
0
0
0
0
0
0
0
0
0
0
0
0
0
0
0
0
0
0
0
0
0
0
0
0
0
0
0
0
0
0
0
0
0
0
0
0
0
0
0
0
0
0
0
0
0
0
0
0
0
0
0
0
0
0
0
0
0
0
0
0
0
0
0
0
0
0
0
0
0
0
0
0
0
0
0
0
0
0
0
0
0
0
0
0
0
0
0
0
0
0
0
0
0
0
0
0
0
0
0
0
0
0
0
0
0
0
0
0
0
0
0
0
0
0
0
0
0
0
0
0
0
0
0
0
0
0
0
0
0
0
0
0
0
0
0
0
0
0
0
0
0
0
0
0
0
0
0
0
0
0
0
0
0
0
0
0
0
0
0
0
0
0
0
0
0
0
0
0
0
0
0
0
0
0
0
0
0
0
0
0
0
0
0
0
0
0
0
0
0
0
0
0
0
0
0
0
0
0
0
0
0
0
0
0
0
0
0
0
0
0
0
0
0
0
0
0
0
0
0
0
0
0
0
0
0
0
0
0
0
0
0
0
0
0
0
0
0
0
0
0
0
0
0
0
0
0
0
0
0
0
0
0
0
0
0
0
0
0
0
0
0
0
0
0
0
0
0
0
0
0
0
0
0
0
0
0
0
0
0
0
0
0
0
0
0
0
0
0
0
0
0
0
0
0
0
0
0
0
0
0
0
0
0
0
0
0
0
0
0
0
0
0
0
0
0
0
0
0
0
0
0
0
0
0
0
0
0
0
0
0
0
0
0
0
0
0
0
0
0
0
0
0
0
0
0
0
0
0
0
0
0
0
0
0
0
0
0
0
0
0
0
0
0
0
0
0
0
0
0
0
0
0
0
0
0
0
0
0
0
0
0
0
0
0
0
0
0
0
0
0
0
0
0
0
0
0
0
0
0
0
0
0
0
0
0
0
0
0
0
0
0
0
0
0
0
0
0
0
0
0
0
0
0
0
0
0
0
0
0
0
0
0
0
0
0
0
0
0
0
0
0
0
0
0
0
0
0
0
0
0
0
0
0
0
0
0
0
0
0
0
0
0
0
0
0
0
0
0
0
0
0
0
0
0
0
0
0
0
0
0
0
0
0
0
0
0
0
0
0
0
0
0
0
0
0
0
0
0
0
0
0
0
0
0
0
0
0
0
0
0
0
0
0
0
0
0
0
0
0
0
0
0
0
0
0
0
0
0
0
0
0
0
0
0
0
0
0
0
0
0
0
0
0
0
0
0
0
0
0
0
0
0
0
0
0
0
0
0
0
0
0
0
0
0
0
0
0
0
0
0
0
0
0
0
0
0
0
0
0
0
0
0
0
0
0
0
0
0
0
0
0
0
0
0
0
0
0
0
0
0
0
0
0
0
0
0
0
0
0
0
0
0
0
0
0
0
0
0
0
0
0
0
0
0
0
0
0
0
0
0
0
0
0
0
0
0
0
0
0
0
0
0
0
0
0
0
0
0
0
0
0
0
0
0
0
0
0
0
0
0
0
0
0
0
0
0
0
0
0
0
0
0
0
0
0
0
0
0
0
0
0
0
0
0
0
0
0
0
0
0
0
0
0
0
0
0
0
0
0
0
0
0
0
0
0
0
0
0
0
0
0
0
0
0
0
0
0
0
0
0
0
0
0
0
0
0
0
0
0
0
0
0
0
0
0
0
0
0
0
0
0
0
0
0
0
0
0
0
0
0
0
0
0
0
0
0
0
0
0
0
0
0
0
0
0
0
0
0
0
0
0
0
0
0
0
0
0
0
0
0
0
0
0
0
0
0
0
0
0
0
0
0
0
0
0
0
0
0
0
0
0
0
0
0
0
0
0
0
0
0
0
0
0
0
0
0
0
0
0
0
0
0
0
0
0
0
0
0
0
0
0
0
0
0
0
0
0
0
0
0
0
0
0
0
0
0
0
0
0
0
0
0
0
0
0
0
0
0
0
0
0
0
0
0
0
0
0
0
0
0
0
0
0
0
0
0
0
0
0
0
0
0
0
0
0
0
0
0
0
0
0
0
0
0
0
0
0
0
0
0
0
0
0
0
0
0
0
0
0
0
0
0
0
0
0
0
0
0
0
0
0
0
0
0
0
0
0
0
0
0
0
0
0
0
0
0
0
0
0
0
0
0
0
0
0
0
0
0
0
0
0
0
0
0
0
0
0
0
0
0
0
0
0
0
0
0
0
0
0
0
0
0
0
0
0
0
0
0
0
0
0
0
0
0
0
0
0
0
0
0
0
0
0
0
0
0
0
0
0
0
0
0
0
0
0
0
0
0
0
0
0
0
0
0
0
0
0
0
0
0
0
0
0
0
0
0
0
0
0
0
0
0
0
0
0
0
0
0
0
0
0
0
0
0
0
0
0
0
0
0
0
0
0
0
0
0
0
0
0
0
0
0
0
0
0
0
0
0
0
0
0
0
0
0
0
0
0
0
0
0
0
0
0
0
0
0
0
0
0
0
0
0
0
0
0
0
0
0
0
0
0
0
0
0
0
0
0
0
0
0
0
0
0
0
0
0
0
0
0
0
0
0
0
0
0
0
0
0
0
0
0
0
0
0
0
0
0
0
0
0
0
0
0
0
0
0
0
0
0
0
0
0
0
0
0
0
0
0
0
0
0
0
0
0
0
0
0
0
0
0
0
0
0
0
0
0
0
0
0
0
0
0
2.802596928649634e-45
1.401298464324817e-44
3.082856621514598e-44
5.885453550164232e-44
1.036960863600365e-43
1.807675018979014e-43
3.068843636871349e-43
5.170791333358575e-43
8.88423226381934e-43
1.5302179230427e-42
2.637243709859306e-42
4.531799233626458e-42
7.768798686216786e-42
1.329692112797819e-41
2.273746888213448e-41
3.883138174490501e-41
6.620574724549031e-41
1.126840147102158e-40
1.91481829956129e-40
3.248546151936364e-40
5.502254472109967e-40
9.304145361638915e-40
1.570730862944795e-39
2.647380702950231e-39
4.454740429774772e-39
7.483808209736262e-39
1.255212538899569e-38
2.101876090135699e-38
3.513929099784669e-38
5.865110620097935e-38
9.77367339340576e-38
1.626068980080061e-37
2.70097588505557e-37
4.479239106618809e-37
7.416357100519557e-37
1.225973381454599e-36
2.023375972340741e-36
3.334097732523263e-36
5.485135089031004e-36
9.009583052553709e-36
1.47751360354411e-35
2.41918315821817e-35
3.954736651841168e-35
6.454742795298358e-35
1.051850253037534e-34
1.71136847581733e-34
2.780025543006738e-34
4.508901996989109e-34
7.301471580004807e-34
1.180507099544575e-33
1.90566442177906e-33
3.071459842181109e-33
4.942706156710077e-33
7.941586936909587e-33
1.274011209933559e-32
2.040627042427194e-32
3.263467660838314e-32
5.211001722025725e-32
8.30788155607497e-32
1.322474990614359e-31
2.101907326177086e-31
3.335566077873541e-31
5.285136859347905e-31
8.361312946494986e-31
1.320763823487867e-30
2.083095796041329e-30
3.280404500828436e-30
5.157990970504207e-30
8.097847046656485e-30
1.269390356921903e-29
1.986818670968869e-29
3.104985460047317e-29
4.845068581479153e-29
7.548838898833752e-29
1.174359135490693e-28
1.824160796860276e-28
2.829224551337633e-28
4.381416956660589e-28
6.774939580385713e-28
1.046021567713792e-27
1.612578638726505e-27
2.482258497761805e-27
3.81522061232646e-27
5.855170231653287e-27
8.972372202375592e-27
1.372851705942611e-26
2.097438782241181e-26
3.199667286490254e-26
4.873837511505652e-26
7.412906204839217e-26
1.125791163190442e-25
1.707181403819295e-25
2.584965052207631e-25
3.908259745712281e-25
5.900197379824852e-25
8.894155256953369e-25
1.33874645718186e-24
2.012093671190453e-24
3.019636877315271e-24
4.524999632364992e-24
6.770803404703712e-24
1.011626705157649e-23
1.509243319614684e-23
2.248317635385388e-23
3.34438338074917e-23
4.967466902051936e-23
7.367409914308044e-23
1.091078945374209e-22
1.613464782513226e-22
2.382457878737448e-22
3.512803921836407e-22
5.171850349630751e-22
7.603294344880762e-22
1.116148263366311e-21
1.636088126828163e-21
2.39473028250328e-21
3.500032200672007e-21
5.108029306209611e-21
7.443909000083368e-21
1.083216922827771e-20
1.573971548028119e-20
2.283735165098951e-20
3.308738929200876e-20
4.786822795893053e-20
6.915135570654692e-20
9.97522885448353e-20
1.436859123667094e-19
2.066688142243865e-19
2.968283861406724e-19
4.257022983958215e-19
6.096447259559228e-19
8.718027672996242e-19
1.244888727316407e-18
1.775063626884946e-18
2.527368677570286e-18
3.593311458419142e-18
5.101441213296236e-18
7.232075664317461e-18
1.023776546020445e-17
1.447170845071121e-17
2.042711603915616e-17
2.879167888985568e-17
4.052283043769908e-17
5.695155722784337e-17
7.992536054098084e-17
1.120048739162204e-16
1.567337986547435e-16
2.190089447211903e-16
3.055868557077921e-16
4.257759869535102e-16
5.923814384478003e-16
8.229917699310591e-16
1.141730003285056e-15
1.581631376364775e-15
2.187867679791255e-15
3.022113394157331e-15
4.168448186181017e-15
5.74132272417884e-15
7.896296091221711e-15
1.084447981446798e-14
1.487194698987504e-14
2.036576372225086e-14
2.784884918971466e-14
3.802658871381731e-14
5.184907882270322e-14
7.059404330631708e-14
9.59772625958033e-14
1.302992138014006e-13
1.766396680617441e-13
2.391153410257613e-13
3.232207524631742e-13
4.362782108236624e-13
5.880307634049953e-13
7.914229167849118e-13
1.063625858395423e-12
1.427383818780603e-12
1.912775276710632e-12
2.559517268269085e-12
3.419974589982666e-12
4.563080382297136e-12
6.079438601841458e-12
8.087952182989078e-12
1.074442011056442e-11
1.425267716348433e-11
1.887898171126778e-11
2.497059156669756e-11
3.297971964966173e-11
4.349431578787311e-11
5.727761667739806e-11
7.531887613598798e-11
9.889828539444423e-11
1.296698859398759e-10
1.697674639755675e-10
2.2193927251557e-10
2.897194983919604e-10
3.776457480064721e-10
4.915347018297211e-10
6.388306550419998e-10
8.290463870963549e-10
1.074317634852662e-09
1.390102144505079e-09
1.796057080838409e-09
2.317139813357016e-09
2.984986036125292e-09
3.839631723678849e-09
4.931662189733288e-09
6.324885504227495e-09
8.09966138604068e-09
1.035702545948425e-08
1.32238016092856e-08
1.685892314640114e-08
2.146122923818439e-08
2.727908210431451e-08
3.462216824345887e-08
4.387602103861354e-08
5.55197523510742e-08
7.01478271025735e-08
8.849652033404709e-08
1.114762469001107e-07
1.40210829613352e-07
1.760851233711946e-07
2.20802760964034e-07
2.764559212664608e-07
3.456094077591843e-07
4.314020429774246e-07
5.376684839575319e-07
6.690850682389282e-07
8.313447210639424e-07
1.031365400194773e-06
1.277539126931515e-06
1.580027287673147e-06
1.95111169887241e-06
2.405611212452641e-06
2.961371137644164e-06
3.639844180725049e-06
4.466770405997522e-06
5.472977136378177e-06
6.6953166424355e-06
8.177757990779355e-06
9.972668522095773e-06
1.214228905155323e-05
1.476045690651517e-05
1.791460636013653e-05
2.170805964851752e-05
2.626267814775929e-05
3.172189099132083e-05
3.825419844361022e-05
4.605715002981015e-05
5.53618447156623e-05
6.643812957918271e-05
7.960038783494383e-05
9.521418542135507e-05
0.0001137036015279591
0.0001355596614303067
0.0001613495696801692
0.0001917271583806723
0.0002274443831993267
0.0002693641581572592
0.0003184744855388999
0.0003759038227144629
0.0004429382679518312
0.0005210398812778294
0.0006118668825365603
0.0007172952173277736
0.000839441956486553
0.0009806901216506958
0.001143715111538768
0.001331512932665646
0.001547428895719349
0.001795188640244305
0.002078929450362921
0.00240323250181973
0.002773154992610216
0.003194263204932213
0.003672663820907474
0.004215035121887922
0.00482865609228611
0.005521434359252453
0.006301924586296082
0.007179352454841137
0.008163626305758953
0.009265342727303505
0.01049579028040171
0.01186693273484707
0.01339139509946108
0.01508242823183537
0.01695386692881584
0.0190200712531805
0.02129584550857544
0.02379635162651539
0.02653699368238449
0.02953329309821129
0.03280072286725044
0.03635454922914505
0.04020963609218597
0.04438022151589394
0.04887968674302101
0.05372028425335884
0.05891288816928864
0.06446667015552521
0.0703888013958931
0.0766841396689415
0.08335490524768829
0.0904003232717514
0.09781633317470551
0.105595238506794
0.113725446164608
0.1221911534667015
0.1309721022844315
0.1400434374809265
0.1493754386901855
0.1589335501194
0.1686782538890839
0.1785651743412018
0.1885452121496201
0.1985647678375244
0.2085660099983215
0.2184873819351196
0.228264108300209
0.2378288060426712
0.2471122294664383
0.2560441792011261
0.264554351568222
0.2725734412670135
0.2800341248512268
0.286872386932373
0.2930285036563873
0.2984484136104584
0.3030847012996674
0.3068979978561401
0.3098578751087189
0.3119439780712128
0.3131468594074249
0.313468724489212
0.3129240572452545
0.3115397691726685
0.3093557357788086
0.3064243495464325
0.3028105199337006
0.2985908687114716
0.2938530147075653
0.2886943519115448
0.2832208573818207
0.2775454819202423
0.2717863023281097
0.2660646438598633
0.2605029344558716
0.2552224397659302
0.25034099817276
0.2459707707166672
0.2422159761190414
0.2391705960035324
0.2369163930416107
0.2355210334062576
0.2350364476442337
0.2354975640773773
0.2369212657213211
0.2393058091402054
0.2426306009292603
0.2468564063310623
0.2519260346889496
0.2577653527259827
0.2642848789691925
0.2713816463947296
0.2789416313171387
0.2868421673774719
0.294954925775528
0.3031489253044128
0.3112938106060028
0.319262832403183
0.3269361555576324
0.3342037498950958
0.3409679532051086
0.3471460044384003
0.3526719510555267
0.3574981093406677
0.3615958988666534
0.3649564683437347
0.367590069770813
0.3695257008075714
0.3708094954490662
0.3715027868747711
0.3716799318790436
0.371425598859787
0.3708316087722778
0.3699938654899597
0.3690090775489807
0.3679714798927307
0.3669698238372803
0.366084486246109
0.3653849363327026
0.3649278879165649
0.3647556304931641
0.3648952543735504
0.3653581440448761
0.3661403656005859
0.3672235012054443
0.3685759902000427
0.3701550662517548
0.3719090223312378
0.3737799525260925
0.3757064640522003
0.3776265680789948
0.3794805705547333
0.3812137246131897
0.3827787339687347
0.3841377198696136
0.3852637112140656
0.3861418962478638
0.3867699503898621
0.3871577978134155
0.387327253818512
0.3873103857040405
0.3871479332447052
0.38688725233078
0.3865797817707062
0.3862785995006561
0.3860356509685516
0.385899156332016
0.3859114050865173
0.3861065804958344
0.3865090906620026
0.3871324956417084
0.387978732585907
0.3890383541584015
0.3902908265590668
0.3917057514190674
0.393244206905365
0.3948610424995422
0.3965069353580475
0.3981309533119202
0.399683028459549
0.4011166095733643
0.4023908972740173
0.4034727215766907
0.4043383896350861
0.404974490404129
0.4053789675235748
0.4055605232715607
0.4055384397506714
0.4053415060043335
0.4050063490867615
0.4045754671096802
0.4040952324867249
0.4036132097244263
0.4031759798526764
0.4028265476226807
0.4026024341583252
0.4025337696075439
0.4026418328285217
0.4029383063316345
0.4034246802330017
0.4040925204753876
0.4049240946769714
0.4058934152126312
0.4069680571556091
0.4081106781959534
0.4092815518379211
0.4104402959346771
0.4115483164787292
0.4125708639621735
0.4134785234928131
0.4142490029335022
0.4148679077625275
0.4153294265270233
0.4156363606452942
0.4157997071743011
0.4158379137516022
0.4157755374908447
0.4156418442726135
0.4154688715934753
0.4152898490428925
0.4151373207569122
0.4150412082672119
0.4150276184082031
0.4151172935962677
0.4153250455856323
0.4156591296195984
0.4161211252212524
0.4167064130306244
0.41740483045578
0.4182016849517822
0.4190791547298431
0.4200176000595093
0.4209971129894257
0.4219990372657776
0.4230072796344757
0.4240097105503082
0.4249989688396454
0.4259730577468872
0.4269357919692993
0.4278965294361115
0.4288701713085175
0.429876297712326
0.4309382140636444
0.4320818781852722
0.4333349466323853
0.4347251653671265
0.4362794458866119
0.4380225539207458
0.4399763941764832
0.4421589970588684
0.4445841312408447
0.4472610652446747
0.4501943588256836
0.4533841013908386
0.4568262696266174
0.4605132341384888
0.464434415102005
0.4685767889022827
0.4729254245758057
0.4774642884731293
0.4821764826774597
0.487044483423233
0.4920506477355957
0.4971769154071808
0.5024048686027527
0.5077154040336609
0.513088583946228
0.5185032486915588
0.5239367485046387
0.5293645262718201
0.5347601771354675
0.5400953888893127
0.5453398823738098
0.5504619479179382
0.555428683757782
0.5602071285247803
0.5647647380828857
0.5690703392028809
0.5730955004692078
0.5768151879310608
0.580208957195282
0.5832619667053223
0.585965633392334
0.5883183479309082
0.5903259515762329
0.5920019149780273
0.5933669805526733
0.5944489240646362
0.5952818989753723
0.5959054231643677
0.5963635444641113
0.5967032909393311
0.5969735383987427
0.5972230434417725
0.5974994301795959
0.597847580909729
0.5983081459999084
0.5989165306091309
0.5997019410133362
0.6006864309310913
0.6018841862678528
0.603301465511322
0.6049364805221558
0.6067796349525452
0.6088143587112427
0.6110172271728516
0.6133592128753662
0.6158071160316467
0.6183242797851562
0.6208723187446594
0.6234126091003418
0.6259073615074158
0.62832111120224
0.6306222081184387
0.6327835917472839
0.634783923625946
0.6366081237792969
0.638248085975647
0.6397027373313904
0.640977680683136
0.6420851945877075
0.6430433392524719
0.6438754200935364
0.6446083784103394
0.6452720165252686
0.6458975076675415
0.6465160250663757
0.6471572518348694
0.6478483080863953
0.6486124992370605
0.6494683027267456
0.6504287123680115
0.6515007019042969
0.6526851058006287
0.6539768576622009
0.6553653478622437
0.6568350791931152
0.6583666205406189
0.6599376201629639
0.6615243554115295
0.6631026268005371
0.6646493673324585
0.666143536567688
0.6675674319267273
0.6689074635505676
0.6701546311378479
0.6713048815727234
0.6723594665527344
0.6733242869377136
0.6742094159126282
0.6750285625457764
0.6757980585098267
0.6765357851982117
0.6772602200508118
0.6779890060424805
0.6787384748458862
0.6795220971107483
0.6803504228591919
0.6812300682067871
0.6821638941764832
0.6831509470939636
0.6841864585876465
0.6852624416351318
0.6863685846328735
0.6874926090240479
0.6886215806007385
0.689742386341095
0.690842866897583
0.6919125914573669
0.6929432153701782
0.6939289569854736
0.694866955280304
0.6957574486732483
0.6966033577919006
0.6974098086357117
0.698184072971344
0.6989347338676453
0.6996710300445557
0.7004022002220154
0.7011369466781616
0.701882541179657
0.7026448249816895
0.7034276723861694
0.7042326927185059
0.7050597071647644
0.7059063315391541
0.7067686319351196
0.7076413035392761
0.708518385887146
0.7093935012817383
0.7102603912353516
0.7111135125160217
0.7119480967521667
0.7127607464790344
0.7135493755340576
0.7143135666847229
0.7150541543960571
0.7157731056213379
0.7164733409881592
0.7171584963798523
0.7178325057029724
0.7184991240501404
0.7191618084907532
0.7198231816291809
0.7204849123954773
0.7211477756500244
0.7218111753463745
0.7224736213684082
0.7231324911117554
0.7237845063209534
0.7244256734848022
0.7250515818595886
0.72565758228302
0.7262393236160278
0.7267926335334778
0.7273133993148804
0.7277981638908386
0.7282440066337585
0.7286479473114014
0.7290075421333313
0.7293206453323364
0.7295845150947571
0.7297964692115784
0.7299534678459167
0.730051577091217
0.7300861477851868
0.7300516366958618
0.7299417853355408
0.729749321937561
0.7294660806655884
0.7290830612182617
0.7285906672477722
0.727978527545929
0.7272359132766724
0.7263517379760742
0.725314736366272
0.7241136431694031
0.7227369546890259
0.7211734652519226
0.7194118499755859
0.7174409627914429
0.71524977684021
0.7128275036811829
0.7101637125015259
0.7072480916976929
0.7040705680847168
0.7006217241287231
0.6968924403190613
0.692874550819397
0.688560426235199
0.6839439272880554
0.6790199279785156
0.6737850308418274
0.6682376265525818
0.6623780131340027
0.6562088131904602
0.649735152721405
0.6429647207260132
0.6359081268310547
0.6285787224769592
0.6209930777549744
0.6131709218025208
0.6051347851753235
0.5969107151031494
0.5885277390480042
0.5800179839134216
0.5714161992073059
0.5627601146697998
0.5540899634361267
0.545448362827301
0.5368799567222595
0.5284311771392822
0.520149827003479
0.5120846033096313
0.5042846202850342
0.4967991411685944
0.4896766543388367
0.4829643368721008
0.4767074882984161
0.4709489941596985
0.4657282829284668
0.4610807299613953
0.4570371210575104
0.4536227881908417
0.4508568942546844
0.4487520158290863
0.4473134577274323
0.446538895368576
0.4464177489280701
0.4469311237335205
0.4480516314506531
0.4497431516647339
0.4519610702991486
0.4546527564525604
0.4577575623989105
0.4612076878547668
0.4649288356304169
0.4688410758972168
0.472859799861908
0.4768970012664795
0.4808626174926758
0.484665721654892
0.4882163107395172
0.4914267659187317
0.4942134916782379
0.4964984655380249
0.4982107877731323
0.4992883205413818
0.4996790587902069
0.4993423819541931
0.4982500970363617
0.4963873624801636
0.4937532842159271
0.4903614521026611
0.4862397909164429
0.4814305007457733
0.4759895801544189
0.4699858427047729
0.4634999334812164
0.456622838973999
0.4494543075561523
0.4421009719371796
0.4346741139888763
0.4272874891757965
0.4200551211833954
0.4130886793136597
0.4064953029155731
0.4003750085830688
0.3948188126087189
0.3899064064025879
0.3857042789459229
0.3822644352912903
0.3796229064464569
0.37779900431633
0.3767947554588318
0.3765947818756104
0.3771667182445526
0.3784617483615875
0.3804160356521606
0.3829520046710968
0.3859803080558777
0.3894021511077881
0.3931115865707397
0.3969983458518982
0.40095055103302
0.4048575460910797
0.4086126983165741
0.412116140127182
0.4152774512767792
0.4180177450180054
0.4202717840671539
0.4219892919063568
0.4231363832950592
0.423695832490921
0.4236677289009094
0.4230687022209167
0.4219312369823456
0.4203025698661804
0.4182426929473877
0.4158223867416382
0.4131209254264832
0.4102232754230499
0.4072175323963165
0.4041920006275177
0.4012326300144196
0.3984201550483704
0.3958278596401215
0.393519401550293
0.3915469944477081
0.3899501860141754
0.3887548446655273
0.3879726827144623
0.3876014053821564
0.387625515460968
0.3880166113376617
0.3887354135513306
0.3897331357002258
0.3909536600112915
0.3923355937004089
0.3938147127628326
0.3953263163566589
0.3968075811862946
0.3981995284557343
0.3994493186473846
0.4005115330219269
0.4013497829437256
0.4019374549388885
0.4022584557533264
0.4023069739341736
0.402087390422821
0.4016135632991791
0.400907576084137
0.3999985456466675
0.3989208936691284
0.397712767124176
0.3964138329029083
0.3950636684894562
0.3936999440193176
0.3923567235469818
0.3910629749298096
0.3898414075374603
0.38870769739151
0.3876697719097137
0.3867277503013611
0.3858741223812103
0.38509401679039
0.3843661844730377
0.3836638629436493
0.3829559683799744
0.3822085857391357
0.3813863396644592
0.3804537057876587
0.3793765306472778
0.3781231641769409
0.3766656816005707
0.3749806880950928
0.3730500042438507
0.3708611726760864
0.3684073686599731
0.3656876385211945
0.3627062737941742
0.3594724535942078
0.3559995889663696
0.3523044288158417
0.348406195640564
0.344325840473175
0.3400852084159851
0.3357061445713043
0.3312098681926727
0.3266165852546692
0.3219451010227203
0.3172124624252319
0.312434196472168
0.307624340057373
0.3027957379817963
0.2979603707790375
0.2931297719478607
0.288315623998642
0.2835301756858826
0.2787866592407227
0.2740996181964874
0.2694852650165558
0.2649613916873932
0.2605474889278412
0.2562644779682159
0.2521343529224396
0.2481796741485596
0.2444231063127518
0.2408864796161652
0.2375901192426682
0.2345521748065948
0.2317877411842346
0.2293081283569336
0.2271202653646469
0.2252262383699417
0.2236228585243225
0.222301572561264
0.2212484180927277
0.2204443067312241
0.2198651731014252
0.2194827049970627
0.2192649245262146
0.2191770523786545
0.2191824316978455
0.2192433923482895
0.2193222194910049
0.2193823009729385
0.2193888425827026
0.2193098813295364
0.2191169708967209
0.2187858819961548
0.2182970643043518
0.2176360189914703
0.2167934626340866
0.2157654613256454
0.2145533114671707
0.2131633162498474
0.2116064429283142
0.2098979204893112
0.2080567181110382
0.2061048448085785
0.2040667831897736
0.2019687443971634
0.1998379677534103
0.1977019757032394
0.1955879926681519
0.1935220956802368
0.1915287226438522
0.1896299421787262
0.18784499168396
0.1861898005008698
0.1846766173839569
0.1833137273788452
0.1821051985025406
0.1810508966445923
0.1801465153694153
0.1793836355209351
0.1787500828504562
0.1782302111387253
0.1778055429458618
0.1774551868438721
0.1771566122770309
0.1768864393234253
0.1766210347414017
0.176337406039238
0.1760140359401703
0.1756314635276794
0.1751731485128403
0.1746258735656738
0.1739802360534668
0.1732310503721237
0.1723773181438446
0.1714223176240921
0.170373409986496
0.1692416220903397
0.1680411696434021
0.1667887419462204
0.1655027866363525
0.1642026901245117
0.1629078537225723
0.1616367995738983
0.1604063808917999
0.1592309921979904
0.1581218987703323
0.1570867598056793
0.1561292111873627
0.1552486270666122
0.1544402837753296
0.1536953896284103
0.1530014872550964
0.1523428708314896
0.1517012566328049
0.1510564982891083
0.150387242436409
0.1496718227863312
0.1488890200853348
0.1480186581611633
0.1470423191785812
0.1459438353776932
0.144709587097168
0.1433288007974625
0.1417936235666275
0.1400989592075348
0.1382423788309097
0.1362237632274628
0.1340449601411819
0.1317092329263687
0.1292209178209305
0.1265847980976105
0.123805858194828
0.1208888217806816
0.1178379207849503
0.11465685069561
0.1113486215472221
0.1079157814383507
0.104360543191433
0.1006852611899376
0.09689268469810486
0.0929865688085556
0.08897214382886887
0.08485659211874008
0.08064951002597809
0.07636329531669617
0.07201337814331055
0.06761837005615234
0.06320010125637054
0.05878333002328873
0.05439543724060059
0.05006586760282516
0.04582545161247253
0.04170560091733932
0.03773735463619232
0.03395043313503265
0.03037216141819954
0.02702650986611843
0.02393315173685551
0.02110660076141357
0.01855551451444626
0.01628220267593861
0.01428228616714478
0.01254466082900763
0.01105163618922234
0.009779368527233601
0.008698483929038048
0.00777500681579113
0.006971371825784445
0.006247695535421371
0.005563071463257074
0.004876991733908653
0.004150743596255779
0.003348754951730371
0.002439833944663405
0.001398263266310096
0.0002046996378339827
-0.00115327094681561
-0.002680686069652438
-0.004375199787318707
-0.00622732937335968
-0.008220943622291088
-0.01033411640673876
-0.0125401709228754
-0.01480886526405811
-0.01710783503949642
-0.01940403878688812
-0.02166518568992615
-0.02386122941970825
-0.0259656235575676
-0.02795644663274288
-0.02981731295585632
-0.0315379835665226
-0.03311466425657272
-0.03455003350973129
-0.03585290163755417
-0.03703758865594864
-0.03812306001782417
-0.03913178294897079
-0.04008851572871208
-0.04101892560720444
-0.04194819554686546
-0.04289974644780159
-0.04389403760433197
-0.04494757577776909
-0.04607215523719788
-0.047274399548769
-0.04855560138821602
-0.04991187155246735
-0.05133460462093353
-0.05281117558479309
-0.0543258935213089
-0.05586106330156326
-0.05739818513393402
-0.05891913548111916
-0.06040726602077484
-0.06184840202331543
-0.06323161721229553
-0.06454982608556747
-0.06579999625682831
-0.06698321551084518
-0.06810437142848969
-0.06917167454957962
-0.07019590586423874
-0.07118956744670868
-0.07216595113277435
-0.07313814014196396
-0.07411816716194153
-0.07511619478464127
-0.07613988220691681
-0.07719402015209198
-0.07828032970428467
-0.0793975442647934
-0.08054168522357941
-0.08170650899410248
-0.08288414776325226
-0.08406579494476318
-0.08524245023727417
-0.08640565723180771
-0.08754808455705643
-0.08866408467292786
-0.0897500216960907
-0.09080444276332855
-0.09182802587747574
-0.09282340854406357
-0.09379484504461288
-0.09474774450063705
-0.09568815678358078
-0.09662220627069473
-0.09755560755729675
-0.09849317371845245
-0.09943850338459015
-0.1003937497735023
-0.1013595685362816
-0.1023351401090622
-0.1033184006810188
-0.1043063029646873
-0.1052951589226723
-0.1062810570001602
-0.1072601974010468
-0.1082292497158051
-0.1091856360435486
-0.1101276949048042
-0.1110548004508018
-0.1119673028588295
-0.1128664463758469
-0.1137541905045509
-0.1146329194307327
-0.1155052185058594
-0.1163736283779144
-0.1172403991222382
-0.1181072741746902
-0.1189753711223602
-0.1198451444506645
-0.1207164227962494
-0.1215884312987328
-0.1224599629640579
-0.1233295574784279
-0.1241956278681755
-0.1250566691160202
-0.1259114295244217
-0.1267589330673218
-0.1275986880064011
-0.12843057513237
-0.129254937171936
-0.1300724446773529
-0.130883976817131
-0.1316905468702316
-0.1324931979179382
-0.1332928538322449
-0.1340902894735336
-0.1348859816789627
-0.13568015396595
-0.1364727914333344
-0.1372635811567307
-0.1380521208047867
-0.1388377994298935
-0.1396200358867645
-0.1403983235359192
-0.1411721706390381
-0.1419412940740585
-0.1427055597305298
-0.1434650123119354
-0.144219845533371
-0.1449703723192215
-0.145716980099678
-0.146460086107254
-0.1472000479698181
-0.1479371935129166
-0.1486717462539673
-0.149403840303421
-0.150133490562439
-0.1508606374263763
-0.1515851318836212
-0.1523067653179169
-0.1530253291130066
-0.1537406593561172
-0.1544526070356369
-0.1551610678434372
-0.1558660417795181
-0.1565675288438797
-0.1572656482458115
-0.1579604893922806
-0.1586522310972214
-0.159341037273407
-0.160027027130127
-0.1607103198766708
-0.1613910049200058
-0.1620691269636154
-0.1627446860074997
-0.1634176522493362
-0.1640879660844803
-0.1647555977106094
-0.1654204577207565
-0.1660825312137604
-0.1667417734861374
-0.1673981845378876
-0.1680517494678497
-0.1687025129795074
-0.1693505495786667
-0.1699959188699722
-0.1706386804580688
-0.1712788790464401
-0.1719165593385696
-0.1725517958402634
-0.1731845736503601
-0.1738149523735046
-0.1744429171085358
-0.1750684827566147
-0.1756916046142578
-0.1763122826814651
-0.1769305318593979
-0.1775463223457336
-0.178159698843956
-0.1787706464529037
-0.1793792396783829
-0.1799854338169098
-0.1805892735719681
-0.1811908036470413
-0.1817900389432907
-0.1823869943618774
-0.1829817295074463
-0.1835742294788361
-0.1841645240783691
-0.1847525984048843
-0.185338482260704
-0.1859221458435059
-0.186503604054451
-0.1870828717947006
-0.1876599788665771
-0.1882349103689194
-0.1888076663017273
-0.1893782615661621
-0.1899467408657074
-0.1905130743980408
-0.1910772621631622
-0.1916393637657166
-0.1921993345022202
-0.1927572041749954
-0.19331294298172
-0.1938665062189102
-0.1944179087877274
-0.194967120885849
-0.1955140978097916
-0.1960587948560715
-0.1966011226177216
-0.1971410512924194
-0.1976784616708755
-0.1982132494449615
-0.1987452954053879
-0.199274405837059
-0.1998003870248795
-0.2003230154514313
-0.2008419781923294
-0.2013569921255112
-0.2018676400184631
-0.2023734450340271
-0.2028739154338837
-0.2033684104681015
-0.2038561701774597
-0.2043363898992538
-0.2048080861568451
-0.2052701264619827
-0.2057212442159653
-0.2061600387096405
-0.2065848410129547
-0.2069937735795975
-0.2073848098516464
-0.2077556401491165
-0.20810367166996
-0.2084260433912277
-0.2087196111679077
-0.2089809477329254
-0.2092062532901764
-0.2093914747238159
-0.2095322161912918
-0.209623783826828
-0.2096611857414246
-0.2096391320228577
-0.209552139043808
-0.2093944549560547
-0.2091601639986038
-0.2088432908058167
-0.2084378004074097
-0.2079377621412277
-0.2073373794555664
-0.2066311240196228
-0.2058138698339462
-0.2048810422420502
-0.203828752040863
-0.2026539742946625
-0.2013546675443649
-0.1999300122261047
-0.1983805149793625
-0.1967082023620605
-0.1949168145656586
-0.1930118650197983
-0.191000908613205
-0.1888934671878815
-0.186701238155365
-0.1844380795955658
-0.1821199655532837
-0.1797649413347244
-0.1773930490016937
-0.1750261336565018
-0.1726875454187393
-0.1704019159078598
-0.1681947708129883
-0.1660920977592468
-0.1641198843717575
-0.1623035967350006
-0.1606675684452057
-0.1592345237731934
-0.1580248475074768
-0.15705606341362
-0.1563421934843063
-0.1558933258056641
-0.1557150483131409
-0.1558080613613129
-0.1561679542064667
-0.1567849367856979
-0.1576438248157501
-0.1587241590023041
-0.1600004136562347
-0.161442443728447
-0.1630159616470337
-0.1646833419799805
-0.1664044111967087
-0.1681373715400696
-0.1698399037122726
-0.1714702546596527
-0.1729883998632431
-0.1743572056293488
-0.1755435019731522
-0.1765191256999969
-0.1772618591785431
-0.1777561157941818
-0.1779935657978058
-0.1779734641313553
-0.1777027547359467
-0.1771959513425827
-0.1764746606349945
-0.1755669713020325
-0.1745065301656723
-0.1733314543962479
-0.1720830202102661
-0.1708041876554489
-0.1695381551980972
-0.1683267802000046
-0.1672090590000153
-0.1662197411060333
-0.1653880476951599
-0.1647366136312485
-0.1642807573080063
-0.1640278846025467
-0.1639774292707443
-0.1641209423542023
-0.1644425690174103
-0.1649199426174164
-0.1655251681804657
-0.1662261337041855
-0.1669880002737045
-0.1677747517824173
-0.1685508042573929
-0.1692825257778168
-0.1699397712945938
-0.1704970449209213
-0.1709345579147339
-0.1712389439344406
-0.1714036464691162
-0.1714290082454681
-0.1713219732046127
-0.171095535159111
-0.17076775431633
-0.1703608483076096
-0.1698997467756271
-0.1694108098745346
-0.1689203828573227
-0.1684534996747971
-0.1680325865745544
-0.1676763892173767
-0.1673992574214935
-0.1672105193138123
-0.1671142876148224
-0.1671095043420792
-0.1671901941299438
-0.1673462092876434
-0.1675638854503632
-0.1678271740674973
-0.1681185215711594
-0.1684201210737228
-0.1687148362398148
-0.1689871698617935
-0.1692241728305817
-0.1694159060716629
-0.1695559322834015
-0.1696414202451706
-0.1696730703115463
-0.1696548461914062
-0.1695934534072876
-0.1694977432489395
-0.1693780124187469
-0.1692452281713486
-0.1691103130578995
-0.1689834296703339
-0.1688733696937561
-0.1687871515750885
-0.1687296330928802
-0.1687034070491791
-0.168708860874176
-0.168744295835495
-0.1688062250614166
-0.1688897907733917
-0.1689891815185547
-0.1690981835126877
-0.1692105382680893
-0.1693204790353775
-0.1694230437278748
-0.1695142984390259
-0.1695915758609772
-0.1696535050868988
-0.1696999669075012
-0.1697319447994232
-0.1697513610124588
-0.1697608530521393
-0.1697634607553482
-0.1697623878717422
-0.1697607338428497
-0.1697612851858139
-0.1697663515806198
-0.1697776317596436
-0.1697961986064911
-0.1698224991559982
-0.1698563694953918
-0.1698972135782242
-0.1699439883232117
-0.169995442032814
-0.1700502038002014
-0.1701069176197052
-0.1701642721891403
-0.170221209526062
-0.1702768504619598
-0.170330598950386
-0.1703820824623108
-0.1704311668872833
-0.1704779267311096
-0.1705225706100464
-0.1705654114484787
-0.1706068068742752
-0.1706471741199493
-0.1706869155168533
-0.1707264184951782
-0.1707660704851151
-0.1708061248064041
-0.1708468198776245
-0.1708884239196777
-0.1709311157464981
-0.1709750443696976
-0.1710202693939209
-0.1710668802261353
-0.1711149215698242
-0.1711643040180206
-0.1712149530649185
-0.1712667196989059
-0.171319380402565
-0.1713726669549942
-0.1714263111352921
-0.1714799851179123
-0.1715334057807922
-0.1715862900018692
-0.1716384291648865
-0.1716897040605545
-0.1717400699853897
-0.1717895716428757
-0.1718383282423019
-0.171886533498764
-0.1719344854354858
-0.17198246717453
-0.1720307916402817
-0.1720797717571259
-0.1721296161413193
-0.1721805334091187
-0.1722325682640076
-0.1722857654094696
-0.1723399758338928
-0.1723950505256653
-0.1724507212638855
-0.1725067347288132
-0.1725628077983856
-0.1726187169551849
-0.1726742088794708
-0.1727291792631149
-0.1727835237979889
-0.1728372424840927
-0.1728904396295547
-0.1729432344436646
-0.1729958355426788
-0.1730484366416931
-0.1731012314558029
-0.1731544137001038
-0.1732081174850464
-0.1732624620199203
-0.1733174622058868
-0.1733731031417847
-0.1734293252229691
-0.1734859794378281
-0.1735429316759109
-0.1736000329256058
-0.1736571043729782
-0.1737140417098999
-0.1737707257270813
-0.1738271266222
-0.1738831996917725
-0.1739389896392822
-0.1739945113658905
-0.1740498840808868
-0.174105167388916
-0.1741604655981064
-0.1742158681154251
-0.1742713898420334
-0.174327090382576
-0.1743829399347305
-0.1744388937950134
-0.1744948476552963
-0.1745506972074509
-0.1746063083410263
-0.1746615171432495
-0.1747161597013474
-0.1747700870037079
-0.1748231053352356
-0.1748750805854797
-0.1749258041381836
-0.1749750971794128
-0.1750227510929108
-0.1750685125589371
-0.1751120984554291
-0.1751531809568405
-0.175191342830658
-0.1752261072397232
-0.1752569228410721
-0.1752830892801285
-0.1753038763999939
-0.1753184050321579
-0.1753257066011429
-0.1753247082233429
-0.17531418800354
-0.1752928048372269
-0.1752591282129288
-0.1752115190029144
-0.1751482486724854
-0.1750673353672028
-0.1749667376279831
-0.1748441904783249
-0.1746972948312759
-0.1745234727859497
-0.1743199676275253
-0.1740839034318924
-0.1738122403621674
-0.1735017895698547
-0.1731493175029755
-0.1727514714002609
-0.1723048985004425
-0.1718062609434128
-0.1712522506713867
-0.1706396490335464
-0.1699654310941696
-0.169226810336113
-0.1684212982654572
-0.1675467491149902
-0.1666014641523361
-0.1655843257904053
-0.1644947677850723
-0.1633329093456268
-0.162099614739418
-0.160796582698822
-0.1594263315200806
-0.1579923629760742
-0.1564991027116776
-0.1549519896507263
-0.1533574610948563
-0.1517228931188583
-0.1500565409660339
-0.148367628455162
-0.1466661244630814
-0.1449626386165619
-0.1432683765888214
-0.1415948569774628
-0.1399538218975067
-0.1383569687604904
-0.1368157714605331
-0.1353412419557571
-0.1339436620473862
-0.13263238966465
-0.131415531039238
-0.1302997916936874
-0.129290372133255
-0.1283905804157257
-0.1276018619537354
-0.1269236207008362
-0.1263532191514969
-0.125885933637619
-0.1255150735378265
-0.1252320855855942
-0.125026673078537
-0.1248871311545372
-0.1248005479574203
-0.1247531995177269
-0.1247308701276779
-0.1247193142771721
-0.124704584479332
-0.124673530459404
-0.1246141791343689
-0.1245161071419716
-0.1243708059191704
-0.1241720095276833
-0.1239158809185028
-0.1236012056469917
-0.1232293993234634
-0.1228045895695686
-0.1223334074020386
-0.1218248605728149
-0.1212900206446648
-0.120741680264473
-0.1201939284801483
-0.1196616739034653
-0.1191601306200027
-0.1187043413519859
-0.1183086335659027
-0.1179861426353455
-0.11774842441082
-0.117605023086071
-0.1175632625818253
-0.1176280528306961
-0.1178017780184746
-0.1180843189358711
-0.1184732541441917
-0.1189639866352081
-0.1195501610636711
-0.1202239543199539
-0.1209765896201134
-0.1217987388372421
-0.1226810291409492
-0.1236144304275513
-0.1245907172560692
-0.1256027370691299
-0.1266446858644485
-0.1277122646570206
-0.1288027167320251
-0.1299147456884384
-0.1310483664274216
-0.1322046369314194
-0.1333853155374527
-0.1345925182104111
-0.1358282566070557
-0.1370939910411835
-0.1383902132511139
-0.1397161781787872
-0.1410694867372513
-0.1424459517002106
-0.1438394784927368
-0.145241990685463
-0.1466437131166458
-0.1480332762002945
-0.1493981033563614
-0.1507247984409332
-0.1519996374845505
-0.1532091498374939
-0.1543405652046204
-0.1553822904825211
-0.1563244462013245
-0.1571592837572098
-0.157881423830986
-0.1584880799055099
-0.1589792221784592
-0.1593574583530426
-0.1596279591321945
-0.1597983092069626
-0.1598781198263168
-0.1598786413669586
-0.1598124504089355
-0.1596929281949997
-0.1595339328050613
-0.1593492478132248
-0.1591523289680481
-0.1589559316635132
-0.1587718427181244
-0.1586106866598129
-0.1584817916154861
-0.1583930850028992
-0.1583510786294937
-0.1583608537912369
-0.1584261208772659
-0.1585492491722107
-0.1587313115596771
-0.1589721590280533
-0.1592704951763153
-0.1596238911151886
-0.1600288301706314
-0.1604807674884796
-0.1609741896390915
-0.1615025997161865
-0.1620586663484573
-0.1626343131065369
-0.1632208526134491
-0.1638091802597046
-0.1643899977207184
-0.1649540513753891
-0.1654924303293228
-0.165996789932251
-0.166459783911705
-0.1668752282857895
-0.1672384291887283
-0.167546346783638
-0.1677977442741394
-0.1679933667182922
-0.168135792016983
-0.1682294756174088
-0.1682805120944977
-0.1682964116334915
-0.1682857722043991
-0.1682579517364502
-0.1682227104902267
-0.1681897193193436
-0.1681682169437408
-0.1681665927171707
-0.1681920737028122
-0.1682504266500473
-0.1683457940816879
-0.1684805154800415
-0.1686551421880722
-0.1688684821128845
-0.169117659330368
-0.1693983525037766
-0.1697050482034683
-0.1700312346220016
-0.1703698486089706
-0.1707135438919067
-0.171055018901825
-0.1713873296976089
-0.1717041730880737
-0.1720001548528671
-0.1722709536552429
-0.172513484954834
-0.1727259308099747
-0.1729077994823456
-0.1730599403381348
-0.1731843799352646
-0.173284187912941
-0.1733633428812027
-0.1734265089035034
-0.173478826880455
-0.1735256463289261
-0.1735722422599792
-0.1736236363649368
-0.1736843287944794
-0.1737582236528397
-0.1738482713699341
-0.1739565283060074
-0.1740840375423431
-0.174230769276619
-0.1743957102298737
-0.1745769381523132
-0.1747717261314392
-0.1749767661094666
-0.1751882582902908
-0.1754022538661957
-0.1756147295236588
-0.1758219450712204
-0.1760205030441284
-0.1762076169252396
-0.1763811558485031
-0.1765398234128952
-0.17668317258358
-0.1768115609884262
-0.1769261211156845
-0.1770286560058594
-0.1771215498447418
-0.1772075444459915
-0.1772896200418472
-0.1773708015680313
-0.1774539351463318
-0.1775416135787964
-0.1776359677314758
-0.1777385622262955
-0.1778503507375717
-0.177971675992012
-0.1781022250652313
-0.178241103887558
-0.1783869117498398
-0.1785378456115723
-0.1786918491125107
-0.1788467168807983
-0.1790002733469009
-0.1791504770517349
-0.1792955696582794
-0.1794341057538986
-0.1795650571584702
-0.1796878427267075
-0.179802417755127
-0.1799091249704361
-0.1800086945295334
-0.1801021844148636
-0.1801909059286118
-0.1802763044834137
-0.1803598403930664
-0.1804429143667221
-0.1805267930030823
-0.1806125193834305
-0.1807008236646652
-0.1807921528816223
-0.1808866262435913
-0.1809840351343155
-0.1810839027166367
-0.1811854839324951
-0.1812879145145416
-0.1813901513814926
-0.1814912408590317
-0.1815901547670364
-0.1816860288381577
-0.1817782074213028
-0.1818661689758301
-0.1819496750831604
-0.1820286512374878
-0.1821032762527466
-0.1821739673614502
-0.1822412312030792
-0.1823057383298874
-0.1823681890964508
-0.1824292540550232
-0.1824895590543747
-0.1825496703386307
-0.1826099902391434
-0.1826707571744919
-0.1827320754528046
-0.1827937960624695
-0.1828556656837463
-0.1829172223806381
-0.1829779148101807
-0.1830370873212814
-0.1830940246582031
-0.1831480115652084
-0.1831983625888824
-0.1832443475723267
-0.1832853257656097
-0.1833207011222839
-0.1833499670028687
-0.1833725571632385
-0.1833879500627518
-0.1833955943584442
-0.1833949089050293
-0.1833852082490921
-0.1833657175302505
-0.1833354383707047
-0.1832932382822037
-0.1832377761602402
-0.1831675171852112
-0.1830806732177734
-0.182975247502327
-0.1828490495681763
-0.1826996803283691
-0.1825246065855026
-0.182321161031723
-0.1820865124464035
-0.1818177998065948
-0.1815120726823807
-0.1811663657426834
-0.1807777583599091
-0.1803433448076248
-0.1798603385686874
-0.1793260425329208
-0.1787378638982773
-0.1780934035778046
-0.1773905158042908
-0.1766272783279419
-0.175802081823349
-0.1749136298894882
-0.1739610880613327
-0.1729440093040466
-0.1718624979257584
-0.1707172393798828
-0.169509544968605
-0.1682413667440414
-0.1669154018163681
-0.1655351221561432
-0.1641047745943069
-0.1626293808221817
-0.1611147969961166
-0.1595675945281982
-0.1579950898885727
-0.1564052700996399
-0.1548067331314087
-0.1532085835933685
-0.1516203135251999
-0.1500516384840012
-0.1485124677419662
-0.1470126211643219
-0.1455616503953934
-0.1441688537597656
-0.1428428590297699
-0.1415916085243225
-0.1404220759868622
-0.13934026658535
-0.1383509039878845
-0.1374573558568954
-0.1366615146398544
-0.1359637677669525
-0.1353628635406494
-0.1348559409379959
-0.1344385147094727
-0.1341045349836349
-0.1338464766740799
-0.1336554884910583
-0.1335215419530869
-0.1334336251020432
-0.1333799958229065
-0.1333484202623367
-0.133326455950737
-0.1333017796278
-0.133262500166893
-0.1331973671913147
-0.1330961883068085
-0.1329500079154968
-0.1327513307332993
-0.1324944496154785
-0.1321755200624466
-0.1317926198244095
-0.1313459277153015
-0.1308375597000122
-0.1302715986967087
-0.1296539306640625
-0.128992035984993
-0.1282947361469269
-0.1275719702243805
-0.126834362745285
-0.1260929107666016
-0.1253586113452911
-0.1246421188116074
-0.1239533051848412
-0.1233009845018387
-0.1226925700902939
-0.1221338585019112
-0.1216288506984711
-0.1211796030402184
-0.1207861602306366
-0.1204466745257378
-0.1201574057340622
-0.1199129521846771
-0.1197064444422722
-0.1195299252867699
-0.1193745955824852
-0.119231253862381
-0.1190906316041946
-0.1189438030123711
-0.1187825202941895
-0.118599571287632
-0.1183890551328659
-0.1181465685367584
-0.1178693547844887
-0.1175564303994179
-0.1172085255384445
-0.1168280467391014
-0.1164188757538795
-0.115986168384552
-0.1155360713601112
-0.115075409412384
-0.1146113350987434
-0.1141509711742401
-0.1137010604143143
-0.113267682492733
-0.1128559559583664
-0.1124698370695114
-0.1121119260787964
-0.111783392727375
-0.111483983695507
-0.1112121120095253
-0.1109648942947388
-0.1107384487986565
-0.1105280816555023
-0.1103285998106003
-0.1101345643401146
-0.1099406182765961
-0.1097417548298836
-0.1095336005091667
-0.1093126237392426
-0.1090762540698051
-0.1088230237364769
-0.108552597463131
-0.1082656979560852
-0.1079640761017799
-0.1076503098011017
-0.1073276698589325
-0.1069998368620872
-0.1066706851124763
-0.1063440814614296
-0.1060236096382141
-0.1057123988866806
-0.1054128929972649
-0.1051268130540848
-0.1048550307750702
-0.1045975983142853
-0.104353740811348
-0.1041219756007195
-0.103900246322155
-0.1036860793828964
-0.1034767329692841
-0.1032694205641747
-0.1030614972114563
-0.1028506010770798
-0.1026347726583481
-0.1024126037955284
-0.1021833121776581
-0.1019466817378998
-0.1017031073570251
-0.10145353525877
-0.1011993139982224
-0.1009421423077583
-0.100683867931366
-0.1004263907670975
-0.1001715213060379
-0.09992083162069321
-0.09967560321092606
-0.09943672269582748
-0.0992046445608139
-0.09897939115762711
-0.09876057505607605
-0.09854744374752045
-0.09833895415067673
-0.09813389182090759
-0.09793093800544739
-0.09772881120443344
-0.09752631932497025
-0.09732246398925781
-0.09711648523807526
-0.09690792858600616
-0.096696637570858
-0.09648276120424271
-0.0962667241692543
-0.09604912996292114
-0.09583079069852829
-0.0956125482916832
-0.0953952744603157
-0.09517976641654968
-0.09496670961380005
-0.09475663304328918
-0.09454984962940216
-0.09434644877910614
-0.09414634853601456
-0.09394925832748413
-0.09375473856925964
-0.09356225281953812
-0.09337121993303299
-0.09318105131387711
-0.0929911807179451
-0.09280116856098175
-0.09261065721511841
-0.09241944551467896
-0.09222748130559921
-0.09203483164310455
-0.09184172004461288
-0.09164843708276749
-0.09145533293485641
-0.09126278758049011
-0.09107118844985962
-0.0908808633685112
-0.09069206565618515
-0.09050501137971878
-0.09031975269317627
-0.09013631194829941
-0.08995457738637924
-0.08977439254522324
-0.08959552645683289
-0.0894177183508873
-0.08924072980880737
-0.08906431496143341
-0.08888827264308929
-0.08871246129274368
-0.08853678405284882
-0.0883612185716629
-0.08818580955266953
-0.08801064640283585
-0.08783586323261261
-0.08766160905361176
-0.08748807013034821
-0.0873154029250145
-0.08714374154806137
-0.08697320520877838
-0.08680387586355209
-0.08663579076528549
-0.08646894246339798
-0.08630330115556717
-0.08613879978656769
-0.08597538620233536
-0.08581297099590302
-0.08565147966146469
-0.08549085259437561
-0.08533108234405518
-0.08517216145992279
-0.08501411974430084
-0.08485700190067291
-0.08470088243484497
-0.08454585820436478
-0.08439204841852188
-0.08423954993486404
-0.08408849686384201
-0.08393899351358414
-0.08379113674163818
-0.08364500850439072
-0.0835006982088089
-0.08335826545953751
-0.08321774750947952
-0.08307921141386032
-0.08294268697500229
-0.08280821144580841
-0.08267583698034286
-0.08254560828208923
-0.0824175700545311
-0.08229178190231323
-0.08216831088066101
-0.082047238945961
-0.08192862570285797
-0.0818125382065773
-0.08169903606176376
-0.08158819377422333
-0.08148003369569778
-0.08137457817792892
-0.08127184212207794
-0.08117181062698364
-0.08107443898916245
-0.08097967505455017
-0.08088744431734085
-0.08079764246940613
-0.08071017265319824
-0.08062488585710526
-0.08054165542125702
-0.0804603099822998
-0.08038069307804108
-0.08030260354280472
-0.080225870013237
-0.08015026897192001
-0.08007558435201645
-0.0800015777349472
-0.07992799580097198
-0.07985459268093109
-0.07978109270334244
-0.07970724254846573
-0.07963278144598007
-0.07955742627382278
-0.07948090881109238
-0.07940297573804855
-0.07932340353727341
-0.07924197614192963
-0.0791584774851799
-0.07907276600599289
-0.07898468524217606
-0.07889413833618164
-0.07880104333162308
-0.07870537042617798
-0.07860711216926575
-0.07850632071495056
-0.07840307056903839
-0.07829746603965759
-0.0781896561384201
-0.07807982712984085
-0.07796819508075714
-0.07785502076148987
-0.07774055749177933
-0.07762511074542999
-0.07750899344682693
-0.07739252597093582
-0.07727603614330292
-0.07715986669063568
-0.07704432308673859
-0.07692974060773849
-0.07681640982627869
-0.07670461386442184
-0.07659458369016647
-0.07648655027151108
-0.07638067007064819
-0.07627708464860916
-0.07617588341236115
-0.07607710361480713
-0.07598073780536652
-0.07588673382997513
-0.07579499483108521
-0.075705386698246
-0.07561773806810379
-0.07553184777498245
-0.07544746249914169
-0.07536432892084122
-0.07528217136859894
-0.07520070672035217
-0.07511965930461884
-0.07503875344991684
-0.07495774328708649
-0.07487639039754868
-0.07479450851678848
-0.07471191138029099
-0.07462850958108902
-0.07454420626163483
-0.07445895671844482
-0.07437280565500259
-0.07428581267595291
-0.07419807463884354
-0.0741097703576088
-0.07402109354734421
-0.07393227517604828
-0.0738435760140419
-0.07375526428222656
-0.07366762310266495
-0.07358094304800034
-0.07349549233913422
-0.07341153174638748
-0.07332931458950043
-0.07324902713298798
-0.07317083328962326
-0.07309485226869583
-0.07302115112543106
-0.07294975966215134
-0.07288065552711487
-0.0728137344121933
-0.07274886965751648
-0.07268588989973068
-0.072624571621418
-0.07256466895341873
-0.07250590622425079
-0.07244797796010971
-0.07239057123661041
-0.07233338057994843
-0.07227609306573868
-0.07221844792366028
-0.07216017693281174
-0.07210104912519455
-0.0720408707857132
-0.07197949290275574
-0.07191681116819382
-0.07185275107622147
-0.07178730517625809
-0.07172050327062607
-0.07165239006280899
-0.07158305495977402
-0.0715126246213913
-0.07144124805927277
-0.07136904448270798
-0.07129617035388947
-0.07122278213500977
-0.07114902138710022
-0.07107503712177277
-0.07100091129541397
-0.070926733314991
-0.07085257023572922
-0.07077845931053162
-0.07070440053939819
-0.07063036412000656
-0.07055631279945374
-0.07048217952251434
-0.07040788233280182
-0.07033334672451019
-0.07025846838951111
-0.07018318027257919
-0.07010739296674728
-0.0700310692191124
-0.06995416432619095
-0.06987667828798294
-0.06979863345623016
-0.0697200670838356
-0.06964105367660522
-0.06956169009208679
-0.06948209553956985
-0.06940241903066635
-0.06932281702756882
-0.06924346834421158
-0.06916454434394836
-0.06908620893955231
-0.06900863349437714
-0.06893197447061539
-0.06885635107755661
-0.06878185272216797
-0.06870856136083603
-0.06863651424646378
-0.06856571882963181
-0.06849614530801773
-0.06842773407697678
-0.06836042553186417
-0.06829410046339035
-0.06822863221168518
-0.06816388666629791
-0.06809969991445541
-0.06803593039512634
-0.06797242164611816
-0.06790901720523834
-0.06784559786319733
-0.06778202950954437
-0.06771821528673172
-0.0676540732383728
-0.06758952885866165
-0.06752454489469528
-0.0674590989947319
-0.06739319860935211
-0.06732684373855591
-0.06726006418466568
-0.06719291210174561
-0.06712543964385986
-0.06705769896507263
-0.06698974221944809
-0.06692163646221161
-0.06685344874858856
-0.06678523868322372
-0.06671707332134247
-0.06664901971817017
-0.0665811225771904
-0.06651345640420914
-0.06644608080387115
-0.06637907773256302
-0.06631248444318771
-0.06624636054039001
-0.06618078052997589
-0.06611581891775131
-0.06605154275894165
-0.06598802655935287
-0.06592533737421036
-0.06586356461048126
-0.06580278277397156
-0.06574303656816483
-0.06568439304828644
-0.06562691926956177
-0.06557063013315201
-0.06551557779312134
-0.06546176224946976
-0.06540917605161667
-0.06535781174898148
-0.06530763953924179
-0.06525859981775284
-0.06521064043045044
-0.06516368687152863
-0.06511764228343964
-0.06507242470979691
-0.06502792984247208
-0.06498406082391739
-0.06494071334600449
-0.0648977980017662
-0.06485521048307419
-0.06481286883354187
-0.06477069109678268
-0.06472860276699066
-0.06468652188777924
-0.06464438140392303
-0.06460211426019669
-0.06455965340137482
-0.06451692432165146
-0.06447385996580124
-0.06443037837743759
-0.06438641995191574
-0.06434188783168793
-0.06429667770862579
-0.06425070762634277
-0.06420385837554932
-0.06415604054927826
-0.06410712003707886
-0.06405698508024216
-0.0640055239200592
-0.06395263969898224
-0.06389819830656052
-0.06384213268756866
-0.06378436088562012
-0.0637248232960701
-0.06366347521543503
-0.06360029429197311
-0.06353532522916794
-0.06346859782934189
-0.06340018659830093
-0.06333022564649582
-0.06325886398553848
-0.06318627297878265
-0.06311266869306564
-0.06303828209638596
-0.06296338140964508
-0.0628882497549057
-0.06281318515539169
-0.06273849308490753
-0.06266447156667709
-0.06259142607450485
-0.06251965463161469
-0.06244944408535957
-0.0623810663819313
-0.06231475248932838
-0.06225070729851723
-0.06218909099698067
-0.06213002279400826
-0.06207357719540596
-0.06201976910233498
-0.06196857616305351
-0.061919916421175
-0.0618736557662487
-0.06182961165904999
-0.06178754940629005
-0.06174720451235771
-0.06170827150344849
-0.06167041137814522
-0.06163326650857925
-0.06159647554159164
-0.06155966222286224
-0.0615224689245224
-0.06148453056812286
-0.06144553050398827
-0.06140518188476562
-0.06136322766542435
-0.06131947413086891
-0.06127376481890678
-0.06122599914669991
-0.06117614731192589
-0.06112423166632652
-0.06107034161686897
-0.06101461127400398
-0.06095723062753677
-0.06089842692017555
-0.0608384758234024
-0.06077767163515091
-0.06071632355451584
-0.06065475195646286
-0.06059328094124794
-0.06053222715854645
-0.06047187373042107
-0.06041248142719269
-0.06035426631569862
-0.06029741838574409
-0.06024205312132835
-0.06018825992941856
-0.06013606861233711
-0.06008546054363251
-0.06003636866807938
-0.05998868867754936
-0.05994227156043053
-0.05989693850278854
-0.0598524771630764
-0.05980867519974709
-0.0597652979195118
-0.05972211435437202
-0.05967889726161957
-0.05963544920086861
-0.05959157645702362
-0.05954713374376297
-0.05950198695063591
-0.05945604667067528
-0.05940926074981689
-0.05936159566044807
-0.05931307375431061
-0.05926372855901718
-0.05921362712979317
-0.05916284397244453
-0.05911147594451904
-0.05905962735414505
-0.05900740250945091
-0.05895490199327469
-0.05890222266316414
-0.05884944275021553
-0.05879661813378334
-0.05874380841851234
-0.05869102105498314
-0.05863826721906662
-0.0585855171084404
-0.05853273347020149
-0.05847986042499542
-0.05842681601643562
-0.05837352201342583
-0.05831987783312798
-0.05826579034328461
-0.05821115523576736
-0.05815587565302849
-0.05809985101222992
-0.05804299935698509
-0.05798524245619774
-0.05792651697993279
-0.05786676704883575
-0.05780595168471336
-0.05774401873350143
-0.05768093839287758
-0.05761667713522911
-0.05755121260881424
-0.05748451501131058
-0.05741655826568604
-0.05734730884432793
-0.05727672204375267
-0.05720475688576698
-0.05713138729333878
-0.05705657601356506
-0.05698027834296227
-0.05690246820449829
-0.05682311952114105
-0.05674220994114876
-0.0566597580909729
-0.05657576397061348
-0.05649027600884438
-0.05640335381031036
-0.05631507933139801
-0.05622555688023567
-0.0561349093914032
-0.05604329332709312
-0.05595087632536888
-0.0558578334748745
-0.05576436966657639
-0.05567068606615067
-0.05557699128985405
-0.05548350512981415
-0.05539044365286827
-0.05529801174998283
-0.05520642548799515
-0.05511588975787163
-0.0550265833735466
-0.05493868142366409
-0.05485234782099724
-0.05476773157715797
-0.05468497797846794
-0.05460421741008759
-0.05452556535601616
-0.05444913730025291
-0.05437503755092621
-0.0543033592402935
-0.05423419177532196
-0.05416760221123695
-0.05410367250442505
-0.05404245853424072
-0.05398400872945786
-0.05392836034297943
-0.05387553572654724
-0.05382552742958069
-0.05377832055091858
-0.05373385921120644
-0.05369206517934799
-0.05365284532308578
-0.05361606553196907
-0.05358157306909561
-0.05354918912053108
-0.05351870879530907
-0.05348990112543106
-0.05346252769231796
-0.05343632772564888
-0.05341104418039322
-0.05338642001152039
-0.05336220562458038
-0.05333815887570381
-0.05331405624747276
-0.05328968912363052
-0.05326488241553307
-0.05323949828743935
-0.05321341753005981
-0.05318658053874969
-0.05315892770886421
-0.05313045531511307
-0.05310118198394775
-0.05307117104530334
-0.05304049700498581
-0.0530092716217041
-0.05297761783003807
-0.05294566601514816
-0.05291356518864632
-0.05288146808743477
-0.05284951999783516
-0.05281788110733032
-0.0527866892516613
-0.05275607854127884
-0.05272616818547249
-0.0526970662176609
-0.05266886204481125
-0.0526416189968586
-0.05261538550257683
-0.05259019881486893
-0.05256607010960579
-0.05254298821091652
-0.05252093449234962
-0.05249986425042152
-0.05247973278164864
-0.05246047303080559
-0.05244201049208641
-0.05242427438497543
-0.05240718275308609
-0.05239066109061241
-0.05237463116645813
-0.05235903337597847
-0.05234380811452866
-0.05232890322804451
-0.05231429263949394
-0.05229995399713516
-0.05228590220212936
-0.05227215588092804
-0.05225875973701477
-0.05224576592445374
-0.0522332489490509
-0.05222128704190254
-0.05220997333526611
-0.05219939723610878
-0.0521896556019783
-0.05218083411455154
-0.05217300727963448
-0.05216622352600098
-0.05216052010655403
-0.05215589329600334
-0.05215231329202652
-0.05214972794055939
-0.05214802548289299
-0.05214707553386688
-0.05214668810367584
-0.05214665085077286
-0.05214671045541763
-0.05214659124612808
-0.05214598029851913
-0.05214455723762512
-0.05214198306202888
-0.05213792994618416
-0.05213208496570587
-0.05212413519620895
-0.05211381614208221
-0.05210088193416595
-0.05208515748381615
-0.05206651240587234
-0.05204487219452858
-0.05202024430036545
-0.05199269205331802
-0.05196235328912735
-0.05192943662405014
-0.05189422890543938
-0.05185705423355103
-0.05181831121444702
-0.05177842453122139
-0.05173785984516144
-0.05169710889458656
-0.05165666341781616
-0.05161699280142784
-0.05157857015728951
-0.05154180899262428
-0.05150707811117172
-0.0514746867120266
-0.05144486203789711
-0.0514177642762661
-0.05139346420764923
-0.05137193948030472
-0.0513530857861042
-0.05133670568466187
-0.05132251605391502
-0.05131017416715622
-0.05129927024245262
-0.05128935724496841
-0.05127996578812599
-0.05127058923244476
-0.05126073211431503
-0.0512499213218689
-0.05123771727085114
-0.05122371762990952
-0.05120759457349777
-0.05118909105658531
-0.05116803571581841
-0.05114433169364929
-0.05111797526478767
-0.05108904838562012
-0.05105769634246826
-0.05102416500449181
-0.05098874121904373
-0.0509517565369606
-0.05091359838843346
-0.05087464675307274
-0.05083530023694038
-0.05079593881964684
-0.05075690522789955
-0.0507185086607933
-0.0506809838116169
-0.05064449831843376
-0.05060917511582375
-0.05057502537965775
-0.05054198950529099
-0.05050993710756302
-0.05047866329550743
-0.05044789612293243
-0.05041733011603355
-0.05038660019636154
-0.05035533383488655
-0.05032315850257874
-0.05028970539569855
-0.05025464296340942
-0.05021766573190689
-0.05017854273319244
-0.05013708770275116
-0.05009318888187408
-0.05004681646823883
-0.04999801889061928
-0.04994690418243408
-0.04989365115761757
-0.04983850196003914
-0.04978174343705177
-0.04972369223833084
-0.0496646836400032
-0.04960507526993752
-0.04954520240426064
-0.04948538914322853
-0.04942593723535538
-0.04936709254980087
-0.04930905625224113
-0.049251988530159
-0.04919598624110222
-0.04914109408855438
-0.04908731579780579
-0.04903460666537285
-0.0489828884601593
-0.04893204942345619
-0.04888198152184486
-0.04883256182074547
-0.04878366738557816
-0.04873519390821457
-0.04868705570697784
-0.0486392043530941
-0.04859161376953125
-0.04854428395628929
-0.04849724471569061
-0.04845055937767029
-0.04840429127216339
-0.04835852980613708
-0.04831335321068764
-0.04826885089278221
-0.04822508245706558
-0.04818208888173103
-0.04813988134264946
-0.04809842631220818
-0.0480576679110527
-0.04801748692989349
-0.0479777418076992
-0.04793824255466461
-0.04789877682924271
-0.04785911738872528
-0.04781900346279144
-0.04777819290757179
-0.04773643985390663
-0.04769351333379745
-0.04764922708272934
-0.04760341718792915
-0.04755597934126854
-0.04750684276223183
-0.04745600372552872
-0.04740350693464279
-0.04734946042299271
-0.0472940132021904
-0.04723735898733139
-0.04717973619699478
-0.04712140932679176
-0.04706265404820442
-0.04700376838445663
-0.04694503918290138
-0.04688675701618195
-0.04682919010519981
-0.04677258059382439
-0.04671715572476387
-0.04666310176253319
-0.04661059752106667
-0.04655975848436356
-0.04651068150997162
-0.04646342992782593
-0.04641802608966827
-0.04637447744607925
-0.04633275419473648
-0.04629281908273697
-0.04625460505485535
-0.04621803015470505
-0.04618298634886742
-0.0461493656039238
-0.04611702635884285
-0.04608583822846413
-0.0460556335747242
-0.04602625221014023
-0.04599751532077789
-0.04596924781799316
-0.04594126343727112
-0.04591337591409683
-0.04588540643453598
-0.04585717618465424
-0.04582851752638817
-0.04579928144812584
-0.0457693375647068
-0.045738585293293
-0.04570692405104637
-0.04567430913448334
-0.04564070701599121
-0.04560613632202148
-0.04557062312960625
-0.04553423076868057
-0.04549705609679222
-0.04545919597148895
-0.04542078450322151
-0.04538194462656975
-0.045342817902565
-0.04530354216694832
-0.04526424780488014
-0.04522505030035973
-0.04518605768680573
-0.0451473593711853
-0.04510901868343353
-0.04507108777761459
-0.04503358528017998
-0.04499652236700058
-0.04495988786220551
-0.04492367058992386
-0.04488783702254295
-0.04485234990715981
-0.04481716826558113
-0.04478225111961365
-0.04474756866693497
-0.04471308365464211
-0.04467878118157387
-0.04464464634656906
-0.04461066797375679
-0.04457685723900795
-0.04454321786761284
-0.04450977966189384
-0.04447656124830246
-0.04444359242916107
-0.04441089183092117
-0.04437848925590515
-0.0443463958799839
-0.04431463778018951
-0.04428320378065109
-0.04425209388136864
-0.04422128573060036
-0.04419075325131416
-0.04416045174002647
-0.04413033276796341
-0.04410033673048019
-0.04407040774822235
-0.04404047131538391
-0.0440104678273201
-0.04398032650351524
-0.04394998401403427
-0.04391938075423241
-0.04388847574591637
-0.04385722801089287
-0.04382561147212982
-0.04379361495375633
-0.043761245906353
-0.04372852668166161
-0.04369549080729485
-0.0436621867120266
-0.04362868145108223
-0.04359505325555801
-0.04356138780713081
-0.04352778941392899
-0.0434943288564682
-0.04346111416816711
-0.04342822730541229
-0.0433957539498806
-0.04336376115679741
-0.0433322973549366
-0.04330139979720116
-0.04327109083533287
-0.04324136301875114
-0.04321219399571419
-0.04318354278802872
-0.04315536469221115
-0.04312758520245552
-0.04310013353824615
-0.04307292401790619
-0.04304587468504906
-0.0430188924074173
-0.04299191012978554
-0.04296486079692841
-0.04293767735362053
-0.04291032254695892
-0.0428827591240406
-0.04285497590899467
-0.04282698407769203
-0.04279880598187447
-0.04277046024799347
-0.04274200648069382
-0.04271349310874939
-0.04268499463796616
-0.04265657812356949
-0.04262832552194595
-0.04260030388832092
-0.04257258400321007
-0.04254523664712906
-0.04251830279827118
-0.04249183088541031
-0.04246583580970764
-0.04244033992290497
-0.04241533577442169
-0.04239081963896751
-0.04236676171422005
-0.04234311729669571
-0.04231984913349152
-0.04229689389467239
-0.04227419570088387
-0.04225168749690056
-0.0422292985022068
-0.04220696166157722
-0.04218460991978645
-0.04216217249631882
-0.04213958606123924
-0.04211678728461266
-0.04209372028708458
-0.04207033291459084
-0.04204657673835754
-0.04202240705490112
-0.04199777916073799
-0.04197264835238457
-0.04194698855280876
-0.04192076995968819
-0.04189394786953926
-0.0418664962053299
-0.0418383926153183
-0.04180960357189178
-0.04178009927272797
-0.04174985736608505
-0.04171885550022125
-0.04168707132339478
-0.04165447875857353
-0.04162105545401573
-0.04158680513501167
-0.04155172035098076
-0.04151580855250359
-0.04147908091545105
-0.04144155606627464
-0.04140327125787735
-0.04136427119374275
-0.04132460057735443
-0.04128433018922806
-0.0412435345351696
-0.04120228812098503
-0.04116068780422211
-0.04111883416771889
-0.04107683897018433
-0.04103481024503708
-0.04099287092685699
-0.04095113649964333
-0.04090973734855652
-0.04086878895759583
-0.0408284105360508
-0.04078872129321098
-0.04074982926249504
-0.04071183875203133
-0.04067483171820641
-0.04063889011740685
-0.04060407727956772
-0.04057043418288231
-0.04053798317909241
-0.04050673171877861
-0.04047666117548943
-0.04044773429632187
-0.04041990265250206
-0.04039309173822403
-0.04036720469594002
-0.04034212976694107
-0.04031774774193764
-0.04029392078518867
-0.04027050733566284
-0.0402473583817482
-0.04022432491183281
-0.04020125791430473
-0.04017802327871323
-0.04015447944402695
-0.04013051092624664
-0.04010600969195366
-0.04008089005947113
-0.04005508869886398
-0.04002856090664864
-0.0400012843310833
-0.03997326269745827
-0.03994452208280563
-0.03991510719060898
-0.03988508507609367
-0.03985453397035599
-0.03982355445623398
-0.0397922545671463
-0.03976074978709221
-0.03972915932536125
-0.03969760984182358
-0.03966621309518814
-0.03963508084416389
-0.0396043062210083
-0.03957397490739822
-0.03954415023326874
-0.03951488062739372
-0.03948619589209557
-0.03945809975266457
-0.03943058475852013
-0.03940361738204956
-0.03937715291976929
-0.03935112804174423
-0.03932547196745872
-0.0393001027405262
-0.03927493095397949
-0.03924986347556114
-0.03922480717301369
-0.03919967636466026
-0.0391743890941143
-0.03914887085556984
-0.03912306949496269
-0.03909692913293839
-0.03907043486833572
-0.03904357552528381
-0.03901635482907295
-0.03898880630731583
-0.03896097466349602
-0.0389329195022583
-0.03890471160411835
-0.03887643665075302
-0.03884817287325859
-0.03882000967860222
-0.03879202529788017
-0.03876430541276932
-0.03873691707849503
-0.03870991244912148
-0.03868332877755165
-0.03865718841552734
-0.03863149508833885
-0.03860622644424438
-0.03858135268092155
-0.03855681419372559
-0.0385325513780117
-0.03850848972797394
-0.03848453983664513
-0.03846061229705811
-0.03843661397695541
-0.03841246291995049
-0.03838808089494705
-0.03836340829730034
-0.03833839297294617
-0.03831300139427185
-0.03828722611069679
-0.03826106712222099
-0.03823455423116684
-0.03820773586630821
-0.03818067163228989
-0.03815343603491783
-0.03812611475586891
-0.03809880092740059
-0.03807158768177032
-0.03804456815123558
-0.03801781311631203
-0.03799140825867653
-0.03796539455652237
-0.03793982043862343
-0.0379146970808506
-0.03789002448320389
-0.0378657728433609
-0.03784189745783806
-0.03781833872199059
-0.03779501467943192
-0.03777183592319489
-0.03774870932102203
-0.0377255342900753
-0.03770221397280693
-0.03767865523695946
-0.03765477985143661
-0.03763053193688393
-0.03760586306452751
-0.03758074343204498
-0.03755516931414604
-0.03752915933728218
-0.03750274330377579
-0.03747597336769104
-0.03744892030954361
-0.03742165490984917
-0.03739424794912338
-0.03736678510904312
-0.03733933717012405
-0.03731197491288185
-0.0372847281396389
-0.03725764527916908
-0.0372307300567627
-0.03720397874712944
-0.03717736899852753
-0.03715084865689278
-0.03712435439229012
-0.03709780424833298
-0.0370711088180542
-0.03704416379332542
-0.03701686859130859
-0.03698911517858505
-0.03696082159876823
-0.03693189099431038
-0.03690224513411522
-0.03687183558940887
-0.03684060275554657
-0.03680852428078651
-0.03677559643983841
-0.03674181550741196
-0.03670720010995865
-0.03667178750038147
-0.03663561120629311
-0.03659869730472565
-0.03656109049916267
-0.03652281686663628
-0.03648390620946884
-0.03644437342882156
-0.03640422224998474
-0.03636344149708748
-0.03632200881838799
-0.03627989813685417
-0.03623705729842186
-0.03619343787431717
-0.03614899143576622
-0.03610366210341454
-0.03605739772319794
-0.03601015731692314
-0.03596191108226776
-0.03591263666749001
-0.03586232662200928
-0.03581099584698677
-0.03575866669416428
-0.03570539131760597
-0.03565121814608574
-0.03559622541069984
-0.03554049506783485
-0.03548412770032883
-0.03542722389101982
-0.03536989167332649
-0.0353122390806675
-0.03525438159704208
-0.03519642725586891
-0.03513848409056664
-0.03508065268397331
-0.035023033618927
-0.03496571257710457
-0.03490877896547318
-0.03485231474041939
-0.03479640930891037
-0.03474114462733269
-0.03468658775091171
-0.03463282808661461
-0.03457993641495705
-0.03452799096703529
-0.03447706997394562
-0.03442724421620369
-0.03437859565019608
-0.03433119505643845
-0.03428511321544647
-0.03424040228128433
-0.0341971218585968
-0.03415531292557716
-0.0341150090098381
-0.03407623991370201
-0.03403900191187859
-0.03400329872965813
-0.03396910056471825
-0.03393637016415596
-0.03390504792332649
-0.03387506678700447
-0.03384632989764214
-0.03381874784827232
-0.03379220515489578
-0.03376658633351326
-0.03374175727367401
-0.03371759504079819
-0.03369395807385445
-0.03367070853710175
-0.03364770114421844
-0.0336248092353344
-0.03360190987586975
-0.03357886523008347
-0.03355556726455688
-0.03353189304471016
-0.03350774571299553
-0.03348303958773613
-0.0334576889872551
-0.03343162313103676
-0.03340479359030724
-0.03337716311216354
-0.033348698168993
-0.0333193875849247
-0.03328923881053925
-0.03325826302170753
-0.03322649002075195
-0.03319396451115608
-0.033160749822855
-0.03312690928578377
-0.03309252485632896
-0.03305769339203835
-0.03302250429987907
-0.03298706561326981
-0.03295149654150009
-0.03291590884327888
-0.03288041800260544
-0.032845139503479
-0.03281018882989883
-0.03277567028999329
-0.03274167701601982
-0.0327082984149456
-0.0326756164431572
-0.03264368698000908
-0.03261256217956543
-0.03258226811885834
-0.03255283460021019
-0.03252425044775009
-0.03249651193618774
-0.03246958553791046
-0.03244343027472496
-0.03241799399256706
-0.03239321336150169
-0.03236901387572289
-0.03234530240297318
-0.0323219895362854
-0.03229899331927299
-0.03227620199322701
-0.03225352242588997
-0.03223085030913353
-0.03220809623599052
-0.03218516707420349
-0.03216198086738586
-0.03213846683502197
-0.03211456909775734
-0.03209024295210838
-0.03206545114517212
-0.03204017505049706
-0.03201441839337349
-0.03198819607496262
-0.03196153789758682
-0.03193448483943939
-0.0319070927798748
-0.03187943249940872
-0.03185157850384712
-0.03182362392544746
-0.03179565817117691
-0.03176778554916382
-0.03174010664224625
-0.03171272948384285
-0.03168575465679169
-0.03165927156805992
-0.03163338452577591
-0.03160817921161652
-0.03158373385667801
-0.03156012296676636
-0.03153740987181664
-0.03151565417647362
-0.0314948782324791
-0.03147512301802635
-0.03145641088485718
-0.03143874555826187
-0.03142213076353073
-0.03140655159950256
-0.03139199689030647
-0.03137844055891037
-0.03136586397886276
-0.03135423734784126
-0.03134352341294289
-0.03133369609713554
-0.03132471814751625
-0.03131655976176262
-0.03130920603871346
-0.03130264207720757
-0.03129685297608376
-0.03129183873534203
-0.03128760308027267
-0.0312841609120369
-0.03128154575824738
-0.0312797799706459
-0.03127890825271606
-0.03127898275852203
-0.03128004819154739
-0.03128216415643692
-0.03128538280725479
-0.03128975629806519
-0.03129532933235168
-0.03130214288830757
-0.03131023049354553
-0.03131961449980736
-0.03133030980825424
-0.03134230151772499
-0.03135556727647781
-0.03137006983160973
-0.03138574585318565
-0.03140250965952873
-0.0314202643930912
-0.03143889456987381
-0.03145825490355492
-0.03147820010781288
-0.03149855881929398
-0.03151915967464447
-0.03153981268405914
-0.03156032785773277
-0.03158051520586014
-0.03160018101334572
-0.03161913156509399
-0.03163718804717064
-0.03165417537093163
-0.03166993334889412
-0.03168430551886559
-0.03169716522097588
-0.03170838207006454
-0.03171787410974503
-0.03172555565834045
-0.03173136338591576
-0.03173526749014854
-0.03173724561929703
-0.0317373014986515
-0.03173546120524406
-0.03173175454139709
-0.03172624111175537
-0.03171898424625397
-0.03171007707715034
-0.03169961646199226
-0.03168771043419838
-0.03167447075247765
-0.03166002035140991
-0.03164448961615562
-0.03162801265716553
-0.03161073476076126
-0.03159279003739357
-0.03157432377338409
-0.03155548498034477
-0.03153641521930695
-0.03151726722717285
-0.03149817883968353
-0.03147929906845093
-0.03146077692508698
-0.03144275024533272
-0.0314253531396389
-0.03140871226787567
-0.03139293938875198
-0.03137814253568649
-0.03136442601680756
-0.03135185316205025
-0.03134049847722054
-0.03133039548993111
-0.03132156655192375
-0.03131401538848877
-0.03130771592259407
-0.03130263090133667
-0.0312986895442009
-0.03129580616950989
-0.03129386901855469
-0.03129275143146515
-0.03129230812191963
-0.0312923789024353
-0.03129279613494873
-0.03129337355494499
-0.03129393234848976
-0.03129428625106812
-0.03129426017403603
-0.03129367530345917
-0.03129237145185471
-0.031290203332901
-0.03128704428672791
-0.03128278627991676
-0.03127735108137131
-0.03127067908644676
-0.03126274794340134
-0.03125355392694473
-0.03124313242733479
-0.03123153373599052
-0.03121884167194366
-0.03120516054332256
-0.03119061700999737
-0.03117535263299942
-0.03115952014923096
-0.03114329092204571
-0.03112683445215225
-0.03111032024025917
-0.03109392151236534
-0.03107780031859875
-0.03106210753321648
-0.03104698471724987
-0.03103255294263363
-0.03101890906691551
-0.03100613132119179
-0.03099427372217178
-0.03098335489630699
-0.03097338043153286
-0.03096432238817215
-0.03095612861216068
-0.03094873391091824
-0.03094204142689705
-0.03093594685196877
-0.03093031980097294
-0.03092503547668457
-0.03091995604336262
-0.03091493621468544
-0.03090984188020229
-0.03090453706681728
-0.03089890070259571
-0.03089281916618347
-0.03088619373738766
-0.03087894432246685
-0.03087100945413113
-0.0308623481541872
-0.03085293993353844
-0.03084279038012028
-0.03083192370831966
-0.03082038089632988
-0.0308082289993763
-0.03079554252326488
-0.0307824183255434
-0.03076895885169506
-0.03075527586042881
-0.03074147552251816
-0.0307276789098978
-0.03071399033069611
-0.03070050850510597
-0.03068733029067516
-0.0306745320558548
-0.03066218644380569
-0.03065033815801144
-0.03063902258872986
-0.03062825091183186
-0.03061802685260773
-0.03060832619667053
-0.03059911355376244
-0.03059033863246441
-0.03058193996548653
-0.03057384863495827
-0.03056598082184792
-0.03055825456976891
-0.03055058047175407
-0.03054287470877171
-0.03053505532443523
-0.03052705153822899
-0.0305187925696373
-0.03051022626459599
-0.03050131164491177
-0.03049201890826225
-0.0304823350161314
-0.03047226369380951
-0.03046182170510292
-0.03045103698968887
-0.0304399523884058
-0.03042862191796303
-0.03041710332036018
-0.03040546551346779
-0.03039378300309181
-0.03038212656974792
-0.03037056513130665
-0.03035916574299335
-0.03034798428416252
-0.03033706732094288
-0.03032645583152771
-0.0303161758929491
-0.03030623868107796
-0.03029664419591427
-0.03028737939894199
-0.03027841635048389
-0.03026972338557243
-0.03026124835014343
-0.03025294281542301
-0.03024474903941154
-0.03023660182952881
-0.03022844344377518
-0.03022021427750587
-0.03021186403930187
-0.03020334057509899
-0.03019460663199425
-0.03018563240766525
-0.03017639555037022
-0.03016688674688339
-0.03015711158514023
-0.03014707751572132
-0.03013680689036846
-0.03012633323669434
-0.03011569194495678
-0.03010492771863937
-0.03009409084916115
-0.03008322976529598
-0.03007239662110806
-0.0300616417080164
-0.03005100786685944
-0.03004053793847561
-0.0300302691757679
-0.03002022765576839
-0.03001043014228344
-0.03000088594853878
-0.02999159507453442
-0.0299825556576252
-0.02997375093400478
-0.02996516041457653
-0.02995676174759865
-0.0299485307186842
-0.02994043380022049
-0.02993244864046574
-0.02992454543709755
-0.02991669811308384
-0.02990888617932796
-0.02990109100937843
-0.0298933032900095
-0.02988550998270512
-0.02987770363688469
-0.02986987866461277
-0.02986204065382481
-0.02985418774187565
-0.0298463199287653
-0.02983844093978405
-0.02983055636286736
-0.02982266247272491
-0.02981475740671158
-0.02980683743953705
-0.02979890070855618
-0.02979093417525291
-0.02978292293846607
-0.02977485209703445
-0.02976670302450657
-0.02975845150649548
-0.02975007332861423
-0.0297415480017662
-0.0297328494489193
-0.02972395531833172
-0.02971484512090683
-0.02970550023019314
-0.0296959076076746
-0.02968605421483517
-0.02967593632638454
-0.02966555207967758
-0.02965490520000458
-0.02964401245117188
-0.02963288500905037
-0.02962154895067215
-0.02961002103984356
-0.02959834039211273
-0.02958652749657631
-0.02957461588084698
-0.02956263348460197
-0.02955061011016369
-0.02953857555985451
-0.02952655032277107
-0.02951455488801003
-0.02950260974466801
-0.02949072048068047
-0.02947890013456345
-0.0294671468436718
-0.02945546433329582
-0.02944384515285492
-0.02943228371441364
-0.0294207725673914
-0.02940929867327213
-0.02939785271883011
-0.02938642911612988
-0.02937501855194569
-0.02936361357569695
-0.0293522123247385
-0.02934081479907036
-0.02932942099869251
-0.02931803464889526
-0.02930665761232376
-0.02929529920220375
-0.02928396686911583
-0.02927266806364059
-0.02926141396164894
-0.02925021015107632
-0.02923906780779362
-0.02922799065709114
-0.02921698056161404
-0.02920604310929775
-0.02919518202543259
-0.02918439172208309
-0.02917367219924927
-0.02916301786899567
-0.02915242500603199
-0.02914188988506794
-0.02913139760494232
-0.02912094071507454
-0.02911051549017429
-0.02910010702908039
-0.02908970788121223
-0.02907930687069893
-0.02906889840960503
-0.02905847132205963
-0.02904802188277245
-0.02903753891587257
-0.02902701869606972
-0.02901645749807358
-0.02900585345923901
-0.02899520099163055
-0.02898449823260307
-0.02897375077009201
-0.02896296046674252
-0.02895212732255459
-0.02894124947488308
-0.02893033251166344
-0.02891938202083111
-0.02890840359032154
-0.02889740094542503
-0.02888637408614159
-0.02887533605098724
-0.0288642942905426
-0.02885325253009796
-0.02884222008287907
-0.02883120439946651
-0.0288202129304409
-0.02880925685167313
-0.02879834361374378
-0.02878747880458832
-0.02877667173743248
-0.02876592613756657
-0.02875524573028088
-0.02874463424086571
-0.02873408794403076
-0.02872360870242119
-0.02871318906545639
-0.02870281971991062
-0.02869249507784843
-0.02868220396339893
-0.02867193520069122
-0.02866167575120926
-0.02865141443908215
-0.02864114008843899
-0.02863083966076374
-0.02862050384283066
-0.02861012704670429
-0.0285996999591589
-0.02858921885490417
-0.02857868187129498
-0.0285680890083313
-0.02855744585394859
-0.02854675985872746
-0.02853603847324848
-0.02852529101073742
-0.02851452678442001
-0.02850375697016716
-0.0284929946064949
-0.02848225273191929
-0.02847154065966606
-0.02846086956560612
-0.0284502487629652
-0.02843968197703362
-0.0284291710704565
-0.02841871604323387
-0.02840831689536572
-0.02839796990156174
-0.02838766016066074
-0.02837738767266273
-0.02836714126169682
-0.02835691161453724
-0.02834669314324856
-0.02833647653460503
-0.0283262487500906
-0.02831600606441498
-0.02830574102699757
-0.02829544991254807
-0.02828513458371162
-0.02827479504048824
-0.02826443500816822
-0.02825405262410641
-0.0282436516135931
-0.02823323756456375
-0.02822281792759895
-0.02821239642798901
-0.02820197865366936
-0.0281915720552206
-0.02818117663264275
-0.02817080169916153
-0.0281604528427124
-0.02815012447535992
-0.02813982032239437
-0.02812953852117062
-0.0281192809343338
-0.02810904569923878
-0.02809883095324039
-0.0280886348336935
-0.02807845361530781
-0.02806828357279301
-0.0280581209808588
-0.0280479621142149
-0.02803780511021614
-0.02802764624357224
-0.02801748365163803
-0.02800732105970383
-0.02799715660512447
-0.02798698842525482
-0.02797681838274002
-0.02796664461493492
-0.02795647084712982
-0.02794629521667957
-0.02793612517416477
-0.02792596071958542
-0.02791580744087696
-0.0279056578874588
-0.02789551950991154
-0.02788539044559002
-0.02787527441978455
-0.02786516584455967
-0.02785507217049599
-0.0278449859470129
-0.02783491462469101
-0.02782484702765942
-0.02781479246914387
-0.02780474908649921
-0.02779471501708031
-0.0277846921235323
-0.02777468226850033
-0.02776467986404896
-0.02775469422340393
-0.0277447197586298
-0.02773475460708141
-0.02772480621933937
-0.02771486528217793
-0.02770493179559708
-0.02769501134753227
-0.02768510021269321
-0.0276751983910799
-0.02766530588269234
-0.02765541896224022
-0.02764554135501385
-0.02763567492365837
-0.02762581780552864
-0.0276159755885601
-0.02760614827275276
-0.02759633399546146
-0.02758653089404106
-0.02757674269378185
-0.02756697311997414
-0.02755722217261791
-0.02754748240113258
-0.02753776125609875
-0.02752804942429066
-0.02751834690570831
-0.02750864811241627
-0.02749895490705967
-0.02748926356434822
-0.02747956663370132
-0.02746986411511898
-0.02746014855802059
-0.02745041623711586
-0.02744066342711449
-0.02743088640272617
-0.02742107771337032
-0.02741123735904694
-0.02740135788917542
-0.02739143185317516
-0.02738145925104618
-0.02737143076956272
-0.02736134268343449
-0.02735119126737118
-0.0273409690707922
-0.02733067236840725
-0.02732029743492603
-0.0273098386824131
-0.02729928679764271
-0.02728863619267941
-0.02727788314223289
-0.02726702764630318
-0.02725606225430965
-0.02724498324096203
-0.0272337906062603
-0.02722248248755932
-0.02721106074750423
-0.0271995272487402
-0.0271878819912672
-0.02717613056302071
-0.02716427482664585
-0.02715231850743294
-0.02714026719331741
-0.02712813578546047
-0.02711592987179756
-0.02710365131497383
-0.02709131874144077
-0.02707894332706928
-0.02706653624773026
-0.02705411054193974
-0.02704167366027832
-0.0270292442291975
-0.02701682969927788
-0.02700444124639034
-0.02699209190905094
-0.02697978913784027
-0.02696754783391953
-0.0269553679972887
-0.0269432608038187
-0.02693122811615467
-0.02691927365958691
-0.02690740115940571
-0.02689560502767563
-0.02688389085233212
-0.02687224932014942
-0.0268606785684824
-0.0268491692841053
-0.02683770842850208
-0.0268262904137373
-0.0268148984760046
-0.02680351957678795
-0.02679214254021645
-0.02678075432777405
-0.02676933817565441
-0.02675788290798664
-0.02674637176096439
-0.02673479728400707
-0.02672314830124378
-0.02671141736209393
-0.0266996044665575
-0.02668770030140877
-0.02667571045458317
-0.0266636349260807
-0.02665147930383682
-0.02663925476372242
-0.02662696875631809
-0.02661463245749474
-0.02660226449370384
-0.02658988535404205
-0.02657751552760601
-0.0265651773661375
-0.02655289694666862
-0.02654069662094116
-0.02652860246598721
-0.0265166386961937
-0.02650482952594757
-0.02649320103228092
-0.02648176811635494
-0.02647055499255657
-0.026459576562047
-0.02644884958863258
-0.02643838711082935
-0.02642819099128246
-0.02641827054321766
-0.02640862762928009
-0.02639926597476006
-0.02639018185436726
-0.02638137340545654
-0.02637283504009247
-0.02636456117033958
-0.02635654620826244
-0.02634878642857075
-0.02634127624332905
-0.0263340100646019
-0.02632698602974415
-0.0263202004134655
-0.02631365321576595
-0.02630733884871006
-0.02630126103758812
-0.02629542537033558
-0.02628984116017818
-0.02628451399505138
-0.02627944760024548
-0.02627464942634106
-0.02627013251185417
-0.02626590058207512
-0.02626196481287479
-0.02625833451747894
-0.02625501900911331
-0.02625203132629395
-0.02624937333166599
-0.0262470580637455
-0.02624508738517761
-0.02624347060918808
-0.0262422114610672
-0.02624130994081497
-0.02624076977372169
-0.02624059468507767
-0.02624078281223774
-0.02624133415520191
-0.02624224871397018
-0.02624352090060711
-0.02624515257775784
-0.02624714374542236
-0.02624949440360069
-0.02625220268964767
-0.02625527791678905
-0.02625872194766998
-0.02626254223287106
-0.02626675181090832
-0.02627135254442692
-0.0262763537466526
-0.02628177031874657
-0.02628761716187
-0.02629390731453896
-0.02630065195262432
-0.02630786597728729
-0.02631556056439877
-0.02632374688982964
-0.0263324324041605
-0.0263416301459074
-0.02635134384036064
-0.02636157907545567
-0.02637234516441822
-0.02638364024460316
-0.02639546804130077
-0.02640782855451107
-0.02642072178423405
-0.02643414400517941
-0.0264480896294117
-0.02646255493164062
-0.02647753618657589
-0.02649302594363689
-0.0265090074390173
-0.0265254657715559
-0.02654238604009151
-0.0265597440302372
-0.02657751739025116
-0.02659567259252071
-0.02661417424678802
-0.02663297951221466
-0.02665203809738159
-0.02667130343616009
-0.02669071406126022
-0.02671020478010178
-0.02672971226274967
-0.02674916200339794
-0.02676847763359547
-0.02678757905960083
-0.02680637873709202
-0.02682479657232761
-0.02684274315834045
-0.02686013467609882
-0.02687688730657101
-0.02689291723072529
-0.0269081573933363
-0.02692253142595291
-0.02693597599864006
-0.02694843523204327
-0.02695986442267895
-0.02697022072970867
-0.0269794762134552
-0.02698760665953159
-0.0269946102052927
-0.02700048685073853
-0.02700524963438511
-0.02700892463326454
-0.02701154537498951
-0.0270131528377533
-0.02701379917562008
-0.02701354213058949
-0.02701244875788689
-0.0270105879753828
-0.02700803615152836
-0.02700487524271011
-0.02700119093060493
-0.02699706703424454
-0.02699258923530579
-0.02698784321546555
-0.02698291651904583
-0.0269778911024332
-0.02697284892201424
-0.02696786634624004
-0.0269630178809166
-0.02695837616920471
-0.02695399709045887
-0.0269499346613884
-0.02694624289870262
-0.02694296091794968
-0.0269401278346777
-0.02693777531385422
-0.02693592198193073
-0.02693458646535873
-0.02693377435207367
-0.02693348750472069
-0.02693372033536434
-0.02693446353077888
-0.02693569846451283
-0.02693740464746952
-0.02693954855203629
-0.02694209851324558
-0.02694500982761383
-0.02694823406636715
-0.02695172838866711
-0.02695543318986893
-0.02695928886532784
-0.02696323022246361
-0.02696719393134117
-0.02697111293673515
-0.02697492390871048
-0.02697855234146118
-0.02698193676769733
-0.02698501013219357
-0.0269877091050148
-0.02698998153209686
-0.02699176780879498
-0.02699302509427071
-0.02699370495975018
-0.02699376828968525
-0.02699319086968899
-0.02699194848537445
-0.026990020647645
-0.02698740176856518
-0.02698408626019955
-0.02698008343577385
-0.02697540633380413
-0.02697007730603218
-0.02696412429213524
-0.02695757709443569
-0.02695047855377197
-0.02694287151098251
-0.0269348006695509
-0.02692632004618645
-0.02691747061908245
-0.02690830640494823
-0.02689887210726738
-0.02688921429216862
-0.02687937393784523
-0.0268693882972002
-0.02685928344726562
-0.02684908546507359
-0.02683880552649498
-0.0268284510821104
-0.02681801468133926
-0.02680748328566551
-0.02679682895541191
-0.02678601630032063
-0.02677499875426292
-0.02676372602581978
-0.02675212733447552
-0.02674013562500477
-0.02672767266631126
-0.02671465463936329
-0.02670099586248398
-0.02668660692870617
-0.026671402156353
-0.02665529400110245
-0.0266382023692131
-0.02662005089223385
-0.02660076878964901
-0.02658029831945896
-0.02655858919024467
-0.02653560228645802
-0.02651131339371204
-0.02648571506142616
-0.02645881101489067
-0.02643062174320221
-0.02640118263661861
-0.02637054771184921
-0.02633878029882908
-0.02630596235394478
-0.02627218328416348
-0.02623754553496838
-0.02620216831564903
-0.02616617456078529
-0.02612969279289246
-0.02609285898506641
-0.02605581283569336
-0.02601869404315948
-0.02598164044320583
-0.0259447880089283
-0.02590827271342278
-0.02587222494184971
-0.0258367657661438
-0.025802006945014
-0.02576805464923382
-0.02573499828577042
-0.02570292726159096
-0.02567190676927567
-0.02564199641346931
-0.02561324834823608
-0.02558569610118866
-0.02555935457348824
-0.0255342461168766
-0.02551036514341831
-0.02548770420253277
-0.02546624094247818
-0.02544594556093216
-0.02542678080499172
-0.02540870569646358
-0.02539166994392872
-0.02537562139332294
-0.02536050230264664
-0.02534625306725502
-0.02533281221985817
-0.02532011829316616
-0.02530810609459877
-0.02529671788215637
-0.02528589218854904
-0.02527557127177715
-0.02526568993926048
-0.0252561941742897
-0.02524702250957489
-0.02523811347782612
-0.02522940561175346
-0.025220837444067
-0.02521234564483166
-0.02520386874675751
-0.02519534155726433
-0.0251866951584816
-0.02517786994576454
-0.02516879700124264
-0.02515940926969051
-0.02514964900910854
-0.02513944916427135
-0.02512875013053417
-0.02511749416589737
-0.02510563656687737
-0.02509313076734543
-0.02507994137704372
-0.02506603673100471
-0.02505139634013176
-0.02503601089119911
-0.02501988038420677
-0.02500301040709019
-0.02498542703688145
-0.02496716193854809
-0.02494826167821884
-0.02492878399789333
-0.02490879222750664
-0.02488837018609047
-0.02486760728061199
-0.02484659850597382
-0.0248254518955946
-0.02480427920818329
-0.02478318847715855
-0.02476229891180992
-0.02474172227084637
-0.02472157031297684
-0.02470194734632969
-0.02468295022845268
-0.02466465905308723
-0.02464715018868446
-0.024630481377244
-0.02461469918489456
-0.0245998241007328
-0.02458587288856506
-0.02457283437252045
-0.02456068247556686
-0.02454937249422073
-0.02453884482383728
-0.02452902495861053
-0.02451982535421848
-0.02451114729046822
-0.02450287900865078
-0.02449490875005722
-0.02448711358010769
-0.02447937242686749
-0.02447156608104706
-0.02446357160806656
-0.02445527538657188
-0.02444657310843468
-0.02443736977875233
-0.02442758716642857
-0.02441715449094772
-0.02440602704882622
-0.02439416758716106
-0.02438156120479107
-0.02436820790171623
-0.02435413002967834
-0.02433936856687069
-0.02432397194206715
-0.02430801466107368
-0.02429158054292202
-0.02427476271986961
-0.02425766550004482
-0.024240393191576
-0.02422306127846241
-0.0242057777941227
-0.02418865077197552
-0.02417178452014923
-0.0241552721709013
-0.02413919940590858
-0.02412363886833191
-0.02410864643752575
-0.02409426309168339
-0.02408051677048206
-0.02406741864979267
-0.02405495569109917
-0.02404311485588551
-0.02403185330331326
-0.02402112074196339
-0.02401085756719112
-0.0240009892731905
-0.02399143576622009
-0.02398211322724819
-0.02397292666137218
-0.02396378479897976
-0.0239546000957489
-0.02394529059529305
-0.02393577247858047
-0.02392597310245037
-0.02391583658754826
-0.0239053126424551
-0.02389436587691307
-0.02388297207653522
-0.02387112192809582
-0.0238588210195303
-0.023846086114645
-0.02383295074105263
-0.0238194577395916
-0.02380565740168095
-0.0237916111946106
-0.02377738803625107
-0.02376305684447289
-0.02374868467450142
-0.02373434789478779
-0.02372011542320251
-0.02370604872703552
-0.02369220182299614
-0.02367862686514854
-0.02366536669433117
-0.0236524511128664
-0.02363990433514118
-0.02362773008644581
-0.02361593395471573
-0.02360450476408005
-0.02359342202544212
-0.02358265966176987
-0.02357217855751514
-0.02356194332242012
-0.02355190552771091
-0.0235420186072588
-0.02353223226964474
-0.02352249808609486
-0.02351276576519012
-0.02350299432873726
-0.02349314093589783
-0.02348317019641399
-0.02347305230796337
-0.02346276864409447
-0.02345230430364609
-0.02344165928661823
-0.02343083173036575
-0.0234198309481144
-0.0234086774289608
-0.02339739352464676
-0.02338601276278496
-0.02337456867098808
-0.02336309663951397
-0.0233516376465559
-0.02334023080766201
-0.02332891337573528
-0.023317726328969
-0.02330669946968555
-0.02329586632549763
-0.02328524924814701
-0.02327486872673035
-0.02326473593711853
-0.02325485087931156
-0.02324522472918034
-0.02323584631085396
-0.02322671189904213
-0.02321780286729336
-0.0232090950012207
-0.02320056408643723
-0.02319218404591084
-0.02318392507731915
-0.02317575924098492
-0.02316765300929546
-0.0231595803052187
-0.02315151318907738
-0.02314343303442001
-0.02313532494008541
-0.02312716841697693
-0.02311896532773972
-0.02311071567237377
-0.0231024194508791
-0.02309409528970718
-0.02308575622737408
-0.02307742275297642
-0.02306912466883659
-0.02306088805198669
-0.02305274456739426
-0.02304472960531712
-0.02303687296807766
-0.02302920818328857
-0.02302176132798195
-0.02301456592977047
-0.02300764247775078
-0.02300101704895496
-0.02299470826983452
-0.02298873290419579
-0.02298309281468391
-0.02297780103981495
-0.02297285757958889
-0.02296826057136059
-0.02296400628983974
-0.02296008728444576
-0.02295649237930775
-0.0229532103985548
-0.02295022830367088
-0.0229475274682045
-0.02294510044157505
-0.02294292859733105
-0.02294100448489189
-0.02293931692838669
-0.02293785661458969
-0.0229366160929203
-0.02293559163808823
-0.02293478325009346
-0.02293418534100056
-0.02293379418551922
-0.0229336079210043
-0.02293362095952034
-0.0229338277131319
-0.02293422259390354
-0.02293479815125465
-0.0229355376213789
-0.02293642796576023
-0.02293744869530201
-0.02293857559561729
-0.022939782589674
-0.02294103614985943
-0.02294230274856091
-0.02294354513287544
-0.02294472232460976
-0.02294579148292542
-0.02294671162962914
-0.02294743992388248
-0.02294793166220188
