0
0
0
0
0
0
0
0
0
0
0
0
0
0
0
0
0
0
0
0
0
0
0
0
0
0
0
0
0
0
0
0
0
0
0
0
0
0
0
0
0
0
0
0
0
0
0
0
0
0
0
0
0
0
0
0
0
0
0
0
0
0
0
0
0
0
0
0
0
0
0
0
0
0
0
0
0
0
0
0
0
0
0
0
0
0
0
0
0
0
0
0
0
0
0
0
0
0
0
0
0
0
0
0
0
0
0
0
0
0
0
0
0
0
0
0
0
0
0
0
0
0
0
0
0
0
0
0
0
0
0
0
0
0
0
0
0
0
0
0
0
0
0
0
0
0
0
0
0
0
0
0
0
0
0
0
0
0
0
0
0
0
0
0
0
0
0
0
0
0
0
0
0
0
0
0
0
0
0
0
0
0
0
0
0
0
0
0
0
0
0
0
0
0
0
0
0
0
0
0
0
0
0
0
0
0
0
0
0
0
0
0
0
0
0
0
0
0
0
0
0
0
0
0
0
0
0
0
0
0
0
0
0
0
0
0
0
0
0
0
0
0
0
0
0
0
0
0
0
0
0
0
0
0
0
0
0
0
0
0
0
0
0
0
0
0
0
0
0
0
0
0
0
0
0
0
0
0
0
0
0
0
0
0
0
0
0
0
0
0
0
0
0
0
0
0
0
0
0
0
0
0
0
0
0
0
0
0
0
0
0
0
0
0
0
0
0
0
0
0
0
0
0
0
0
0
0
0
0
0
0
0
0
0
0
0
0
0
0
0
0
0
0
0
0
0
0
0
0
0
0
0
0
0
0
0
0
0
0
0
0
0
0
0
0
0
0
0
0
0
0
0
0
0
0
0
0
0
0
0
0
0
0
0
0
0
0
0
0
0
0
0
0
0
0
0
0
0
0
0
0
0
0
0
0
0
0
0
0
0
0
0
0
0
0
0
0
0
0
0
0
0
0
0
0
0
0
0
0
0
0
0
0
0
0
0
0
0
0
0
0
0
0
0
0
0
0
0
0
0
0
0
0
0
0
0
0
0
0
0
0
0
0
0
0
0
0
0
0
0
0
0
0
0
0
0
0
0
0
0
0
0
0
0
0
0
0
0
0
0
0
0
0
0
0
0
0
0
0
0
0
0
0
0
0
0
0
0
0
0
0
0
0
0
0
0
0
0
0
0
0
0
0
0
0
0
0
0
0
0
0
0
0
0
0
0
0
0
0
0
0
0
0
0
0
0
0
0
0
0
0
0
0
0
0
0
0
0
0
0
0
0
0
0
0
0
0
0
0
0
0
0
0
0
0
0
0
0
0
0
0
0
0
0
0
0
0
0
0
0
0
0
0
0
0
0
0
0
0
0
0
0
0
0
0
0
0
0
0
0
0
0
0
0
0
0
0
0
0
0
0
0
0
0
0
0
0
0
0
0
0
0
0
0
0
0
0
0
0
0
0
0
0
0
0
0
0
0
0
0
0
0
0
0
0
0
0
0
0
0
0
0
0
0
0
0
0
0
0
0
0
0
0
0
0
0
0
0
0
0
0
0
0
0
0
0
0
0
0
0
0
0
0
0
0
0
0
0
0
0
0
0
0
0
0
0
0
0
0
0
0
0
0
0
0
0
0
0
0
0
0
0
0
0
0
0
0
0
0
0
0
0
0
0
0
0
0
0
0
0
0
0
0
0
0
0
0
0
0
0
0
0
0
0
0
0
0
0
0
0
0
0
0
0
0
0
0
0
0
0
0
0
0
0
0
0
0
0
0
0
0
0
0
0
0
0
0
0
0
0
0
0
0
0
0
0
0
0
0
0
0
0
0
0
0
0
0
0
0
0
0
0
0
0
0
0
0
0
0
0
0
0
0
0
0
0
0
0
0
0
0
0
0
0
0
0
0
0
0
0
0
0
0
0
0
0
0
0
0
0
0
0
0
0
0
0
0
0
0
0
0
0
0
0
0
0
0
0
0
0
0
0
0
0
0
0
0
0
0
0
0
0
0
0
0
0
0
0
0
0
0
0
0
0
0
0
0
0
0
0
0
0
0
0
0
0
0
0
0
0
0
0
0
0
0
0
0
0
0
0
0
0
0
0
0
0
0
0
0
0
0
0
0
0
0
0
0
0
0
0
0
0
0
0
0
0
0
0
0
0
0
0
0
0
0
0
0
0
0
0
0
0
0
0
0
0
0
0
0
0
0
0
0
0
0
0
0
0
0
0
0
0
0
0
0
0
0
0
0
0
0
0
0
0
0
0
0
0
0
0
0
0
0
0
0
0
0
0
0
0
0
0
0
0
0
0
0
0
0
0
0
0
0
0
0
0
0
0
0
0
0
0
0
0
0
0
0
0
0
0
0
0
0
0
0
0
0
0
0
0
0
0
0
0
0
0
0
0
0
0
0
0
0
0
0
0
0
0
0
0
0
0
0
0
0
0
0
0
0
0
0
0
0
0
0
0
0
0
0
0
0
0
0
0
0
0
0
0
0
0
0
0
0
0
0
0
0
0
0
0
0
0
0
0
0
0
0
0
0
0
0
0
0
0
0
0
0
0
0
0
0
0
0
0
0
0
0
0
0
0
0
0
0
0
0
0
0
0
0
0
0
0
0
0
0
0
0
0
0
0
0
0
0
0
0
0
0
0
0
0
0
0
0
0
0
0
0
0
0
0
0
0
0
0
0
0
0
0
0
0
0
0
0
0
0
0
0
0
0
0
0
0
0
0
0
0
0
0
0
0
2.802596928649634e-45
1.401298464324817e-44
3.503246160812043e-44
6.305843089461677e-44
1.093012802173357e-43
1.933791880768248e-43
3.475220191525546e-43
6.067622350526458e-43
1.050973848243613e-42
1.810477615907664e-42
3.130500769301641e-42
5.411814669222444e-42
9.332647772403282e-42
1.606168299809105e-41
2.760838234412755e-41
4.738350627267936e-41
8.118282523219395e-41
1.38871480411518e-40
2.37155752102332e-40
4.043194485085681e-40
6.881804784268463e-40
1.169439620417633e-39
1.984007411237327e-39
3.360446840805022e-39
5.682496487083747e-39
9.593362154287843e-39
1.616935877208977e-38
2.720858908965875e-38
4.57100588310011e-38
7.666753329447724e-38
1.283826044606188e-37
2.146332984565636e-37
3.582492615774294e-37
5.96996866314459e-37
9.932495888729072e-37
1.649853925169472e-36
2.7361159215442e-36
4.530294889278261e-36
7.488978799282642e-36
1.236015521212994e-35
2.036721176608605e-35
3.350785677104798e-35
5.503895861205898e-35
9.026167108230215e-35
1.477906917755e-34
2.416030732620992e-34
3.94339737874743e-34
6.426172772443607e-34
1.045560072563688e-33
1.698483542446631e-33
2.754802969904694e-33
4.461054693300337e-33
7.2127892556074e-33
1.164363962156336e-32
1.87670068178518e-32
3.02011094285933e-32
4.852588498609019e-32
7.784804202374314e-32
1.246942543157357e-31
1.994209003952489e-31
3.184353305770204e-31
5.076906498659062e-31
8.081748416423104e-31
1.284518912793257e-30
2.038476663591461e-30
3.229995165325062e-30
5.110104151838149e-30
8.072168983819835e-30
1.273163674980133e-29
2.004991475090209e-29
3.15265132339124e-29
4.949659517301194e-29
7.759104106071552e-29
1.214466145100071e-28
1.898006367606051e-28
2.961755253789453e-28
4.614670184085216e-28
7.179147979323873e-28
1.11518440831866e-27
1.729668438590443e-27
2.678687752056753e-27
4.142143368526305e-27
6.395474084925582e-27
9.859744424252011e-27
1.517764992008525e-26
2.332867848279779e-26
3.580330883709488e-26
5.486612028580899e-26
8.395261131564135e-26
1.282666138214472e-25
1.956785499137857e-25
2.980736814876046e-25
4.533728082458423e-25
6.885562550460286e-25
1.044181949475421e-24
1.5811253508176e-24
2.390618715799441e-24
3.60918379179269e-24
5.440800879010549e-24
8.189785101770827e-24
1.230944788508018e-23
1.847402903906146e-23
2.768484943223433e-23
4.142674013686831e-23
6.189819812010739e-23
9.234947861731232e-23
1.375785156955714e-22
2.046571760020397e-22
3.039933432214048e-22
4.508815409365132e-22
6.677633599097391e-22
9.875177401206763e-22
1.458243386361499e-21
2.150197033401208e-21
3.165848607871491e-21
4.654426965078329e-21
6.832927873374986e-21
1.001641647131628e-20
1.466166649757731e-20
2.142989899196913e-20
3.127686218336638e-20
4.558194275109944e-20
6.633298333851683e-20
9.639037450382691e-20
1.398638726476199e-19
2.026495048539001e-19
2.931932892400198e-19
4.23576030631254e-19
6.110515533827224e-19
8.802252236942157e-19
1.266133930771642e-18
1.818593179439937e-18
2.608326291686923e-18
3.735587764549182e-18
5.342283120447175e-18
7.628973465832654e-18
1.087869395013197e-17
1.54902788046743e-17
2.202488322111256e-17
3.127088476946492e-17
4.433423385488211e-17
6.276403627824528e-17
8.872690636567987e-17
1.252485781536763e-16
1.765482551014061e-16
2.485005673017761e-16
3.492728975997879e-16
4.90203059927126e-16
6.870066653591304e-16
9.61434487659887e-16
1.343545979121997e-15
1.874819337320879e-15
2.612405039878083e-15
3.634929237759845e-15
5.050399219652928e-15
7.006963589130952e-15
9.70752273596158e-15
1.342955067762169e-14
1.85519273690005e-14
2.559123025254115e-14
3.525070589160267e-14
4.848628687133608e-14
6.659543793155476e-14
9.133653170812286e-14
1.250889582887771e-13
1.710675871791079e-13
2.336096268686083e-13
3.185575447092054e-13
4.337696651521283e-13
5.897995308291881e-13
8.007989345422406e-13
1.085716152399163e-12
1.469882483957907e-12
1.98711164710319e-12
2.682471866161107e-12
3.615939362169862e-12
4.867208632658437e-12
6.542011724008923e-12
8.780416498044286e-12
1.176768318206234e-11
1.574848411400875e-11
2.10454431659457e-11
2.808333773862692e-11
3.742057011479893e-11
4.979007484084974e-11
6.615238912210941e-11
8.776437215862742e-11
1.162681201316573e-10
1.538056348948658e-10
2.031667889479394e-10
2.679795829685361e-10
3.529545267166867e-10
4.641980688724345e-10
6.096141369482666e-10
7.994170880820661e-10
1.046786102243402e-09
1.368699598103262e-09
1.786995551533721e-09
2.32971819613681e-09
3.032824658077971e-09
3.94234467293586e-09
5.117109402874576e-09
6.63219212881927e-09
8.583236343895351e-09
1.109190073123045e-08
1.431268259466378e-08
1.84414741255523e-08
2.372625118596261e-08
3.048040042585853e-08
3.909935131218845e-08
5.008122272442961e-08
6.405250729812906e-08
8.179980426348266e-08
1.043091515384731e-07
1.328145913248591e-07
1.688579516212485e-07
2.143624300288138e-07
2.717229108384345e-07
3.439168381191848e-07
4.346394177900947e-07
5.48469301975274e-07
6.910699994477909e-07
8.694352118254756e-07
1.092186380446947e-06
1.369933670503087e-06
1.715712073746545e-06
2.145508460671408e-06
2.678895725694019e-06
3.339796194268274e-06
4.157396233495092e-06
5.16724185217754e-06
6.412552465917543e-06
7.945778634166345e-06
9.830463568505365e-06
1.21434513857821e-05
1.497750508860918e-05
1.844440157583449e-05
2.26785778068006e-05
2.784144453471527e-05
3.412642763578333e-05
4.176490620011464e-05
5.103310832055286e-05
6.226023833733052e-05
7.583785918541253e-05
9.223083179676905e-05
0.0001119899898185395
0.0001357667788397521
0.0001643300929572433
0.000198585752514191
0.0002395987685304135
0.0002886187867261469
0.0003471091040410101
0.0004167799488641322
0.000499625806696713
0.0005979679990559816
0.0007145028794184327
0.000852355093229562
0.001015138812363148
0.001207024790346622
0.001432815799489617
0.001698030391708016
0.002008995739743114
0.002372948685660958
0.002798148430883884
0.003293999237939715
0.003871183609589934
0.004541806410998106
0.00531955249607563
0.006219853181391954
0.007260065525770187
0.008459663949906826
0.009840438142418861
0.01142670679837465
0.01324553322046995
0.01532695349305868
0.01770420745015144
0.02041396126151085
0.02349655702710152
0.02699621766805649
0.03096128813922405
0.03544441238045692
0.04050273820757866
0.04619806259870529
0.05259694531559944
0.05977081879973412
0.06779599189758301
0.07675360143184662
0.08672954142093658
0.09781424701213837
0.1101024299860001
0.1236926317214966
0.1386867761611938
0.1551894843578339
0.1733072698116302
0.1931475549936295
0.214817613363266
0.238423228263855
0.2640671133995056
0.2918474078178406
0.3218555748462677
0.3541745543479919
0.388876348733902
0.4260197281837463
0.465647429227829
0.5077838897705078
0.5524320006370544
0.5995708107948303
0.6491523385047913
0.701099157333374
0.7553018927574158
0.8116167187690735
0.8698635101318359
0.9298247098922729
0.991243839263916
1.053825616836548
1.117236256599426
1.181104183197021
1.245023250579834
1.308554887771606
1.371232986450195
1.432568430900574
1.492055654525757
1.549179553985596
1.603423118591309
1.654277443885803
1.701249361038208
1.743872046470642
1.781714797019958
1.814392924308777
1.841576814651489
1.863000392913818
1.878469705581665
1.887869000434875
1.891166090965271
1.888416647911072
1.879765272140503
1.865446448326111
1.845782279968262
1.821178197860718
1.792119026184082
1.75916051864624
1.722920298576355
1.684068202972412
1.643314361572266
1.601396560668945
1.559066772460938
1.517078161239624
1.476169943809509
1.437054514884949
1.400403141975403
1.366832971572876
1.336894631385803
1.311061501502991
1.289719104766846
1.273157358169556
1.261563301086426
1.255016207695007
1.253485798835754
1.25683069229126
1.264801144599915
1.277042984962463
1.293105363845825
1.312450170516968
1.334463715553284
1.358471393585205
1.383754014968872
1.409565925598145
1.435154795646667
1.459780693054199
1.482737183570862
1.503370881080627
1.52109968662262
1.535430312156677
1.545972108840942
1.552448749542236
1.554706811904907
1.552719712257385
1.546587705612183
1.536534786224365
1.522900342941284
1.506128549575806
1.48675274848938
1.465378880500793
1.442664504051208
1.419298052787781
1.395976066589355
1.37338125705719
1.352159976959229
1.332901835441589
1.316121459007263
1.302242994308472
1.291586399078369
1.284358859062195
1.280649185180664
1.280426621437073
1.283542990684509
1.289740443229675
1.298662066459656
1.30986499786377
1.322838187217712
1.337022304534912
1.351830005645752
1.366668820381165
1.38096284866333
1.394174337387085
1.405822992324829
1.415503025054932
1.422897696495056
1.427789688110352
1.430066108703613
1.42972207069397
1.426856637001038
1.421666145324707
1.414434194564819
1.405516505241394
1.395324945449829
1.384307622909546
1.372930407524109
1.361655592918396
1.35092294216156
1.341131806373596
1.332625031471252
1.325676918029785
1.320482015609741
1.317151308059692
1.315709233283997
1.31609582901001
1.318172574043274
1.321731328964233
1.32650625705719
1.332188725471497
1.338442206382751
1.344919800758362
1.351280808448792
1.357206106185913
1.362412333488464
1.366665005683899
1.369786858558655
1.371664524078369
1.372251629829407
1.371567249298096
1.369693875312805
1.36676824092865
1.362973928451538
1.358528971672058
1.353673577308655
1.348657011985779
1.34372353553772
1.339100360870361
1.334986925125122
1.331545948982239
1.328895568847656
1.32710587978363
1.326197504997253
1.326143145561218
1.326870441436768
1.328269481658936
1.330199480056763
1.33249843120575
1.334993362426758
1.337509989738464
1.339883327484131
1.341965556144714
1.343633890151978
1.344796776771545
1.345396518707275
1.34541118144989
1.344854235649109
1.34377121925354
1.342235684394836
1.340343713760376
1.338205933570862
1.335940837860107
1.333666682243347
1.331494331359863
1.329521536827087
1.327826380729675
1.326464414596558
1.325465798377991
1.324835181236267
1.324551939964294
1.324572920799255
1.324835896492004
1.325264573097229
1.325773477554321
1.326273441314697
1.326677083969116
1.32690441608429
1.326885938644409
1.326565980911255
1.325905561447144
1.324883103370667
1.323493123054504
1.321746110916138
1.319665431976318
1.317284345626831
1.314641833305359
1.311779499053955
1.308738112449646
1.30555272102356
1.302250862121582
1.298850178718567
1.295356869697571
1.291765689849854
1.288060188293457
1.284213662147522
1.280192017555237
1.27595591545105
1.271463751792908
1.266675472259521
1.261554956436157
1.256072878837585
1.250209450721741
1.243955612182617
1.237314701080322
1.230303049087524
1.222949147224426
1.215292811393738
1.207383871078491
1.199280381202698
1.191046357154846
1.182749390602112
1.174458503723145
1.166241765022278
1.158164262771606
1.15028703212738
1.142665266990662
1.135347366333008
1.128374934196472
1.121782541275024
1.115597605705261
1.109840750694275
1.10452675819397
1.099663972854614
1.095255851745605
1.0913006067276
1.087791681289673
1.084717869758606
1.082062840461731
1.079805374145508
1.077919006347656
1.076371669769287
1.07512629032135
1.074140071868896
1.073365330696106
1.072749495506287
1.072236657142639
1.071768164634705
1.071284294128418
1.070725560188293
1.070035457611084
1.069161534309387
1.068057775497437
1.066686034202576
1.065017700195312
1.063035249710083
1.060732483863831
1.05811607837677
1.055204033851624
1.052026510238647
1.048623561859131
1.04504382610321
1.041343092918396
1.037581086158752
1.033819675445557
1.030120491981506
1.026541829109192
1.023136138916016
1.019948840141296
1.017015814781189
1.01436185836792
1.012000560760498
1.009933829307556
1.008151531219482
1.006633281707764
1.005348443984985
1.004258751869202
1.003319382667542
1.002481818199158
1.001695871353149
1.000911355018616
1.000081658363342
0.999164342880249
0.9981237053871155
0.9969320297241211
0.9955706000328064
0.9940299987792969
0.9923105239868164
0.9904217720031738
0.9883816242218018
0.9862152934074402
0.9839537739753723
0.9816321134567261
0.9792876243591309
0.9769576191902161
0.9746779799461365
0.9724809527397156
0.9703940749168396
0.968438446521759
0.9666280746459961
0.9649695158004761
0.9634613990783691
0.9620952010154724
0.9608554840087891
0.9597212672233582
0.9586676359176636
0.9576666355133057
0.9566893577575684
0.9557074904441833
0.9546948075294495
0.9536287784576416
0.9524915218353271
0.9512709379196167
0.9499608278274536
0.9485613703727722
0.9470787644386292
0.9455243945121765
0.9439142942428589
0.9422674775123596
0.9406051635742188
0.9389488101005554
0.9373193383216858
0.935735285282135
0.9342120885848999
0.9327608942985535
0.9313883185386658
0.9300959706306458
0.9288805723190308
0.9277346134185791
0.9266468286514282
0.9256032109260559
0.9245880842208862
0.9235849380493164
0.9225782155990601
0.9215536117553711
0.9204995036125183
0.9194073081016541
0.9182717800140381
0.9170917272567749
0.9158693552017212
0.9146102666854858
0.9133223295211792
0.912015438079834
0.9107003808021545
0.90938800573349
0.908088207244873
0.9068095684051514
0.9055582284927368
0.9043377637863159
0.9031488299369812
0.9019891023635864
0.9008535742759705
0.8997346162796021
0.8986228704452515
0.8975076079368591
0.8963775634765625
0.8952213525772095
0.8940278887748718
0.8927873969078064
0.8914909362792969
0.8901309967041016
0.8887013792991638
0.8871972560882568
0.8856142163276672
0.8839482069015503
0.8821951150894165
0.8803496360778809
0.8784055113792419
0.8763541579246521
0.8741847276687622
0.8718835711479187
0.869434118270874
0.8668168187141418
0.8640090823173523
0.8609852194786072
0.8577170968055725
0.8541737794876099
0.850322425365448
0.8461281061172485
0.8415542244911194
0.8365626931190491
0.8311139345169067
0.8251672387123108
0.8186802864074707
0.8116095066070557
0.8039095997810364
0.7955336570739746
0.7864327430725098
0.7765561938285828
0.7658512592315674
0.7542634606361389
0.7417364716529846
0.7282125949859619
0.7136328220367432
0.6979378461837769
0.6810680031776428
0.6629647612571716
0.6435707807540894
0.622830867767334
0.6006928086280823
0.5771083235740662
0.5520336627960205
0.5254306197166443
0.4972669184207916
0.4675174653530121
0.4361646473407745
0.403199166059494
0.3686206638813019
0.3324384391307831
0.2946717143058777
0.255350649356842
0.2145165801048279
0.1722224801778793
0.1285336911678314
0.08352809399366379
0.03729667514562607
-0.01005631498992443
-0.05841311439871788
-0.107642374932766
-0.1575992256402969
-0.2081254422664642
-0.2590497732162476
-0.3101884722709656
-0.3613459765911102
-0.4123155176639557
-0.4628802537918091
-0.5128146409988403
-0.5618853569030762
-0.6098530888557434
-0.6564739346504211
-0.7015012502670288
-0.7446878552436829
-0.78578782081604
-0.8245589733123779
-0.8607649207115173
-0.8941781520843506
-0.924582302570343
-0.9517750144004822
-0.9755709767341614
-0.9958049654960632
-1.012334823608398
-1.025044322013855
-1.033846616744995
-1.038687229156494
-1.039546608924866
-1.036442875862122
-1.029433965682983
-1.018620491027832
-1.004146099090576
-0.9861986637115479
-0.9650110602378845
-0.9408601522445679
-0.9140653610229492
-0.8849867582321167
-0.8540218472480774
-0.8216011524200439
-0.788183331489563
-0.7542486190795898
-0.720292329788208
-0.6868165135383606
-0.65432208776474
-0.6232991218566895
-0.5942178964614868
-0.5675193071365356
-0.5436057448387146
-0.522831916809082
-0.5054970979690552
-0.4918372631072998
-0.482019454240799
-0.4761368334293365
-0.4742054045200348
-0.4761628210544586
-0.4818686246871948
-0.4911065697669983
-0.5035886764526367
-0.5189611315727234
-0.5368117690086365
-0.5566793084144592
-0.5780634880065918
-0.6004368662834167
-0.6232563853263855
-0.6459763646125793
-0.6680616140365601
-0.6889996528625488
-0.7083129286766052
-0.7255702614784241
-0.7403972744941711
-0.7524853944778442
-0.7615990042686462
-0.7675817608833313
-0.770359218120575
-0.7699413895606995
-0.7664218544960022
-0.7599746584892273
-0.7508496642112732
-0.7393654584884644
-0.7259005308151245
-0.7108820080757141
-0.6947740316390991
-0.6780641674995422
-0.6612492203712463
-0.6448209881782532
-0.6292517185211182
-0.6149802803993225
-0.6023993492126465
-0.5918440818786621
-0.5835825204849243
-0.5778082013130188
-0.574634850025177
-0.5740941166877747
-0.5761355757713318
-0.5806296467781067
-0.5873727798461914
-0.5960955023765564
-0.6064719557762146
-0.618131160736084
-0.6306699514389038
-0.6436668634414673
-0.6566956639289856
-0.669339656829834
-0.6812053322792053
-0.6919344663619995
-0.7012155652046204
-0.7087934613227844
-0.7144767045974731
-0.7181429266929626
-0.7197417020797729
-0.7192946076393127
-0.7168940305709839
-0.712698221206665
-0.7069244980812073
-0.6998408436775208
-0.6917554140090942
-0.6830049753189087
-0.6739419102668762
-0.6649208664894104
-0.6562861800193787
-0.6483586430549622
-0.6414241790771484
-0.635723352432251
-0.6314430236816406
-0.628710150718689
-0.6275879740715027
-0.6280745267868042
-0.630104124546051
-0.6335513591766357
-0.6382370591163635
-0.6439367532730103
-0.6503903865814209
-0.6573138236999512
-0.6644105911254883
-0.6713846325874329
-0.6779516935348511
-0.6838513016700745
-0.6888561844825745
-0.6927808523178101
-0.6954882144927979
-0.696893572807312
-0.6969665288925171
-0.6957305073738098
-0.6932597160339355
-0.6896740198135376
-0.6851320266723633
-0.6798227429389954
-0.6739556789398193
-0.667750358581543
-0.6614260673522949
-0.6551913619041443
-0.6492347121238708
-0.643716037273407
-0.6387599110603333
-0.6344509720802307
-0.6308304667472839
-0.627896249294281
-0.6256036758422852
-0.6238689422607422
-0.6225743889808655
-0.6215752363204956
-0.6207072734832764
-0.6197954416275024
-0.6186625361442566
-0.6171382069587708
-0.6150672435760498
-0.6123167872428894
-0.6087822914123535
-0.6043925881385803
-0.599112331867218
-0.5929434299468994
-0.5859246253967285
-0.5781289935112
-0.5696602463722229
-0.5606477856636047
-0.5512403845787048
-0.5415992736816406
-0.5318913459777832
-0.5222815275192261
-0.512926459312439
-0.5039679408073425
-0.4955283403396606
-0.487706333398819
-0.4805742204189301
-0.4741767942905426
-0.4685313999652863
-0.4636296331882477
-0.459439605474472
-0.4559099972248077
-0.4529741108417511
-0.450554758310318
-0.4485691487789154
-0.4469337463378906
-0.4455684721469879
-0.444400817155838
-0.4433683454990387
-0.442421168088913
-0.4415226876735687
-0.4406498074531555
-0.4397917985916138
-0.4389487504959106
-0.438129186630249
-0.4373472630977631
-0.4366194903850555
-0.4359617233276367
-0.4353863298892975
-0.4348996877670288
-0.4345000982284546
-0.4341768622398376
-0.4339096248149872
-0.4336688220500946
-0.4334168434143066
-0.4331098198890686
-0.4326999485492706
-0.4321383833885193
-0.431378185749054
-0.4303772747516632
-0.4291013479232788
-0.427526593208313
-0.425641268491745
-0.42344731092453
-0.4209607243537903
-0.4182114899158478
-0.4152426719665527
-0.4121085405349731
-0.4088722765445709
-0.4056030809879303
-0.4023730158805847
-0.3992536962032318
-0.3963126540184021
-0.3936104476451874
-0.3911976516246796
-0.389112651348114
-0.387379914522171
-0.3860091269016266
-0.3849948048591614
-0.3843169808387756
-0.3839423656463623
-0.3838262259960175
-0.3839147090911865
-0.3841477632522583
-0.3844617903232574
-0.3847929239273071
-0.3850799202919006
-0.3852667212486267
-0.3853048980236053
-0.3851555287837982
-0.3847905099391937
-0.3841933012008667
-0.3833590447902679
-0.382294237613678
-0.381015807390213
-0.379549652338028
-0.3779290914535522
-0.3761928081512451
-0.3743827939033508
-0.3725422322750092
-0.3707133829593658
-0.3689359128475189
-0.3672451972961426
-0.3656709492206573
-0.3642365038394928
-0.3629579842090607
-0.3618443012237549
-0.3608973026275635
-0.3601121604442596
-0.3594781160354614
-0.3589795827865601
-0.3585970997810364
-0.3583085238933563
-0.3580905497074127
-0.3579194843769073
-0.3577728271484375
-0.3576299548149109
-0.3574731051921844
-0.3572880923748016
-0.3570647537708282
-0.3567972481250763
-0.3564841747283936
-0.3561285138130188
-0.3557374775409698
-0.3553218841552734
-0.3548957407474518
-0.3544756770133972
-0.3540802597999573
-0.3537290096282959
-0.3534418642520905
-0.3532383143901825
-0.3531366288661957
-0.3531531393527985
-0.3533016741275787
-0.3535929918289185
-0.3540343940258026
-0.3546294867992401
-0.3553780019283295
-0.3562757670879364
-0.3573147356510162
-0.3584834933280945
-0.3597674667835236
-0.3611494898796082
-0.362610250711441
-0.364128977060318
-0.3656840920448303
-0.3672538101673126
-0.3688167035579681
-0.3703524768352509
-0.371842235326767
-0.3732689917087555
-0.3746179342269897
-0.3758766949176788
-0.3770353198051453
-0.3780863881111145
-0.3790248334407806
-0.3798477053642273
-0.3805541694164276
-0.3811450600624084
-0.3816226720809937
-0.381990522146225
-0.3822531402111053
-0.3824159204959869
-0.3824848830699921
-0.3824666738510132
-0.382368415594101
-0.3821978271007538
-0.3819630444049835
-0.3816727101802826
-0.3813359141349792
-0.3809621632099152
-0.3805611431598663
-0.3801427185535431
-0.3797164857387543
-0.3792915940284729
-0.3788763880729675
-0.3784779608249664
-0.3781017065048218
-0.3777510225772858
-0.3774268925189972
-0.3771276473999023
-0.3768487274646759
-0.3765826225280762
-0.3763189315795898
-0.3760446906089783
-0.3757447600364685
-0.3754021525382996
-0.3749989867210388
-0.3745169639587402
-0.3739383816719055
-0.3732468783855438
-0.3724281787872314
-0.3714709579944611
-0.3703673779964447
-0.3691135346889496
-0.367709755897522
-0.3661608099937439
-0.3644756078720093
-0.362667053937912
-0.3607513904571533
-0.358747661113739
-0.3566767871379852
-0.354560911655426
-0.3524223864078522
-0.3502830862998962
-0.3481635451316833
-0.3460823595523834
-0.3440557420253754
-0.3420970141887665
-0.3402168154716492
-0.338422954082489
-0.3367205262184143
-0.3351124823093414
-0.3335999250411987
-0.332182765007019
-0.330859899520874
-0.329630047082901
-0.3284919559955597
-0.3274447023868561
-0.326487809419632
-0.3256214559078217
-0.3248459994792938
-0.3241619467735291
-0.3235695660114288
-0.323068380355835
-0.3226568400859833
-0.3223316669464111
-0.3220876455307007
-0.3219173848628998
-0.3218110799789429
-0.3217566609382629
-0.3217397630214691
-0.321744292974472
-0.3217529654502869
-0.321747899055481
-0.3217112720012665
-0.321626216173172
-0.3214775919914246
-0.3212526738643646
-0.3209417462348938
-0.3205386996269226
-0.3200412690639496
-0.3194510638713837
-0.318773627281189
-0.3180181384086609
-0.3171968758106232
-0.3163246810436249
-0.3154181838035583
-0.3144950270652771
-0.3135730028152466
-0.3126693665981293
-0.3118000626564026
-0.3109790086746216
-0.3102176189422607
-0.3095245361328125
-0.3089052438735962
-0.30836221575737
-0.3078947365283966
-0.3074994087219238
-0.3071702420711517
-0.3068991899490356
-0.3066765666007996
-0.3064915239810944
-0.3063325583934784
-0.3061879873275757
-0.3060464560985565
-0.3058972954750061
-0.3057308793067932
-0.3055389523506165
-0.3053148090839386
-0.3050535619258881
-0.3047521710395813
-0.30440953373909
-0.3040263652801514
-0.3036052286624908
-0.3031502664089203
-0.3026670813560486
-0.3021624386310577
-0.3016439378261566
-0.3011196851730347
-0.3005978763103485
-0.3000866174697876
-0.2995932698249817
-0.2991243898868561
-0.298685222864151
-0.2982794642448425
-0.2979092299938202
-0.297574907541275
-0.2972751557826996
-0.2970069646835327
-0.2967658638954163
-0.2965462803840637
-0.2963418662548065
-0.2961457967758179
-0.2959511280059814
-0.2957513332366943
-0.2955406010150909
-0.2953141331672668
-0.2950684428215027
-0.2948014438152313
-0.294512540102005
-0.294202595949173
-0.2938738763332367
-0.2935298085212708
-0.2931747138500214
-0.2928134799003601
-0.2924512624740601
-0.2920931279659271
-0.2917436957359314
-0.2914068996906281
-0.2910858988761902
-0.2907826900482178
-0.2904981672763824
-0.2902321815490723
-0.2899834811687469
-0.2897498905658722
-0.2895285785198212
-0.2893162071704865
-0.2891091704368591
-0.2889039516448975
-0.2886970937252045
-0.2884857952594757
-0.2882677316665649
-0.2880412936210632
-0.2878056466579437
-0.2875607907772064
-0.287307471036911
-0.2870470881462097
-0.286781519651413
-0.2865130305290222
-0.2862439751625061
-0.285976767539978
-0.2857136428356171
-0.2854565382003784
-0.2852069437503815
-0.2849658131599426
-0.2847335636615753
-0.2845101058483124
-0.2842947840690613
-0.2840864956378937
-0.2838838696479797
-0.2836852967739105
-0.2834890484809875
-0.2832935154438019
-0.2830972373485565
-0.2828989923000336
-0.2826979458332062
-0.2824935913085938
-0.2822858691215515
-0.282075047492981
-0.2818616628646851
-0.2816466093063354
-0.2814309597015381
-0.2812158167362213
-0.2810022532939911
-0.2807912826538086
-0.2805837094783783
-0.2803802192211151
-0.2801811099052429
-0.2799864411354065
-0.2797960042953491
-0.2796093821525574
-0.2794259190559387
-0.2792449593544006
-0.2790657579898834
-0.2788875102996826
-0.2787095308303833
-0.2785313427448273
-0.2783525288105011
-0.2781729102134705
-0.2779924273490906
-0.2778112292289734
-0.277629554271698
-0.2774478197097778
-0.2772665023803711
-0.2770860493183136
-0.2769069671630859
-0.2767295837402344
-0.2765541970729828
-0.2763809859752655
-0.2762099802494049
-0.2760411500930786
-0.2758742868900299
-0.2757091522216797
-0.2755453884601593
-0.2753826379776001
-0.2752204239368439
-0.275058388710022
-0.2748961746692657
-0.2747336030006409
-0.2745703756809235
-0.2744063436985016
-0.2742413878440857
-0.2740753591060638
-0.2739082276821136
-0.2737398147583008
-0.2735699415206909
-0.2733984291553497
-0.2732249200344086
-0.273048996925354
-0.2728700935840607
-0.2726874649524689
-0.2725002467632294
-0.2723074853420258
-0.2721079885959625
-0.271900475025177
-0.2716835141181946
-0.2714555263519287
-0.2712147533893585
-0.2709592878818512
-0.2706871330738068
-0.2703961133956909
-0.2700839042663574
-0.2697480022907257
-0.2693857550621033
-0.2689943611621857
-0.2685706615447998
-0.2681115567684174
-0.2676136493682861
-0.2670734226703644
-0.2664873003959656
-0.2658515274524689
-0.265162318944931
-0.2644159197807312
-0.2636086940765381
-0.2627370357513428
-0.2617975771427155
-0.2607872188091278
-0.2597033083438873
-0.2585436999797821
-0.2573066651821136
-0.2559910714626312
-0.2545967102050781
-0.2531240880489349
-0.2515746355056763
-0.249950647354126
-0.2482555061578751
-0.2464936673641205
-0.2446707040071487
-0.2427932620048523
-0.2408690750598907
-0.2389070093631744
-0.2369168847799301
-0.2349094450473785
-0.2328962236642838
-0.2308893501758575
-0.2289015501737595
-0.2269457429647446
-0.2250349372625351
-0.2231819480657578
-0.2213990688323975
-0.219697892665863
-0.2180889993906021
-0.2165816575288773
-0.2151835858821869
-0.2139007300138474
-0.2127370089292526
-0.2116941958665848
-0.2107717841863632
-0.2099669724702835
-0.2092745453119278
-0.2086870670318604
-0.2081948816776276
-0.2077864408493042
-0.2074484378099442
-0.2071662098169327
-0.2069240808486938
-0.2067058086395264
-0.2064950168132782
-0.20627561211586
-0.2060323655605316
-0.2057512700557709
-0.2054200321435928
-0.2050284147262573
-0.2045686095952988
-0.2040354609489441
-0.2034265846014023
-0.2027424573898315
-0.2019863873720169
-0.2011643648147583
-0.2002848535776138
-0.1993584036827087
-0.1983972489833832
-0.197414830327034
-0.1964252889156342
-0.1954428553581238
-0.1944812685251236
-0.1935532540082932
-0.1926699876785278
-0.191840648651123
-0.1910721212625504
-0.1903687119483948
-0.1897319406270981
-0.1891606450080872
-0.1886509954929352
-0.1881967633962631
-0.1877896785736084
-0.1874197870492935
-0.1870760321617126
-0.1867467761039734
-0.1864203661680222
-0.1860856711864471
-0.1857326775789261
-0.1853528916835785
-0.1849397569894791
-0.1844888925552368
-0.183998242020607
-0.1834681034088135
-0.1829011142253876
-0.1823018789291382
-0.1816767156124115
-0.1810332834720612
-0.1803800761699677
-0.1797259151935577
-0.1790793836116791
-0.1784484833478928
-0.1778400540351868
-0.1772595196962357
-0.1767105907201767
-0.1761951148509979
-0.1757130473852158
-0.175262525677681
-0.174840122461319
-0.1744409948587418
-0.1740593761205673
-0.1736888885498047
-0.1733230501413345
-0.1729556024074554
-0.1725809425115585
-0.1721944510936737
-0.1717927157878876
-0.1713736951351166
-0.1709368079900742
-0.1704828888177872
-0.1700139939785004
-0.1695332825183868
-0.1690446585416794
-0.1685525476932526
-0.1680614948272705
-0.1675758510828018
-0.1670994907617569
-0.1666355282068253
-0.1661861836910248
-0.165752649307251
-0.165335088968277
-0.1649326533079147
-0.1645435988903046
-0.1641654819250107
-0.1637953966856003
-0.1634302288293839
-0.1630668342113495
-0.1627023369073868
-0.1623342782258987
-0.1619608998298645
-0.1615810841321945
-0.1611944586038589
-0.1608013808727264
-0.1604028791189194
-0.1600004583597183
-0.1595959961414337
-0.1591915637254715
-0.1587892323732376
-0.1583909243345261
-0.157998189330101
-0.157612219452858
-0.1572336703538895
-0.1568627208471298
-0.1564989984035492
-0.1561417877674103
-0.1557899415493011
-0.1554421484470367
-0.1550970375537872
-0.1547532081604004
-0.1544094532728195
-0.154064804315567
-0.1537186205387115
-0.1533705741167068
-0.1530206799507141
-0.1526692807674408
-0.1523169428110123
-0.1519644409418106
-0.1516126394271851
-0.1512624174356461
-0.1509146094322205
-0.1505698412656784
-0.1502285748720169
-0.1498910635709763
-0.14955735206604
-0.1492272019386292
-0.1489002704620361
-0.1485760658979416
-0.148254007101059
-0.1479335278272629
-0.147614061832428
-0.1472951918840408
-0.1469765901565552
-0.1466580778360367
-0.146339625120163
-0.1460213214159012
-0.1457034051418304
-0.1453861743211746
-0.14506995677948
-0.1447550803422928
-0.1444419026374817
-0.1441306620836258
-0.1438214927911758
-0.143514484167099
-0.1432096362113953
-0.1429068297147751
-0.1426058858633041
-0.1423066109418869
-0.1420087516307831
-0.1417120844125748
-0.1414164155721664
-0.1411216109991074
-0.140827551484108
-0.1405342221260071
-0.1402416378259659
-0.1399498879909515
-0.13965904712677
-0.1393692642450333
-0.1390806287527084
-0.1387932896614075
-0.1385072767734528
-0.1382227092981339
-0.1379395872354507
-0.1376578956842422
-0.137377604842186
-0.1370986551046371
-0.1368209421634674
-0.1365443617105484
-0.1362688392400742
-0.1359943002462387
-0.1357207298278809
-0.1354480683803558
-0.1351763159036636
-0.1349054723978043
-0.1346355676651001
-0.1343666315078735
-0.1340987086296082
-0.1338318437337875
-0.1335660815238953
-0.1333014070987701
-0.1330378651618958
-0.1327754706144333
-0.132514163851738
-0.1322539299726486
-0.1319947391748428
-0.1317365616559982
-0.13147933781147
-0.1312230676412582
-0.1309677064418793
-0.1307132244110107
-0.130459651350975
-0.1302069574594498
-0.1299551725387573
-0.1297042965888977
-0.1294543445110321
-0.1292053163051605
-0.1289572268724442
-0.1287101060152054
-0.128463938832283
-0.1282186955213547
-0.1279743909835815
-0.1277310103178024
-0.1274885088205338
-0.1272469162940979
-0.1270061731338501
-0.1267663091421127
-0.1265272796154022
-0.1262890845537186
-0.1260516941547394
-0.125815138220787
-0.1255794167518616
-0.1253445148468018
-0.1251104474067688
-0.1248772144317627
-0.124644823372364
-0.1244132593274117
-0.1241825148463249
-0.123952604830265
-0.1237235218286514
-0.1234952583909035
-0.12326779961586
-0.123041145503521
-0.1228152811527252
-0.1225901991128922
-0.1223658919334412
-0.1221423521637917
-0.121919572353363
-0.1216975525021553
-0.1214762926101685
-0.1212557777762413
-0.1210360080003738
-0.1208169758319855
-0.1205986887216568
-0.1203811392188072
-0.1201643198728561
-0.1199482381343842
-0.1197328940033913
-0.1195182800292969
-0.1193043738603592
-0.11909119784832
-0.1188787296414375
-0.1186669766902924
-0.1184559091925621
-0.118245542049408
-0.1180358752608299
-0.1178268939256668
-0.117618590593338
-0.1174109727144241
-0.1172040328383446
-0.1169977709650993
-0.1167921870946884
-0.1165872886776924
-0.1163830459117889
-0.1161794662475586
-0.1159765496850014
-0.1157742887735367
-0.1155726686120033
-0.1153716966509819
-0.1151713728904724
-0.1149716898798943
-0.114772655069828
-0.114574246108532
-0.1143764778971672
-0.1141793355345726
-0.1139828190207481
-0.1137869134545326
-0.1135916039347649
-0.1133968904614449
-0.113202765583992
-0.1130092218518257
-0.1128162518143654
-0.1126238405704498
-0.1124319955706596
-0.112240694463253
-0.1120499223470688
-0.1118596643209457
-0.1116699203848839
-0.1114806830883026
-0.1112919300794601
-0.1111036539077759
-0.1109158247709274
-0.1107284501194954
-0.1105414852499962
-0.1103549152612686
-0.1101687178015709
-0.1099828705191612
-0.1097973361611366
-0.1096120849251747
-0.1094270870089531
-0.1092423051595688
-0.1090576946735382
-0.108873225748539
-0.1086888462305069
-0.1085045114159584
-0.1083201691508293
-0.108135774731636
-0.1079512611031532
-0.1077665984630585
-0.1075817048549652
-0.1073965132236481
-0.1072109788656235
-0.1070250421762466
-0.1068386361002922
-0.106651708483696
-0.106464184820652
-0.1062760129570961
-0.1060871556401253
-0.1058975532650948
-0.1057071760296822
-0.1055159643292427
-0.105323888361454
-0.1051309183239937
-0.1049370318651199
-0.1047422215342522
-0.1045464873313904
-0.104349821805954
-0.1041522845625877
-0.1039538830518723
-0.1037546843290329
-0.1035547778010368
-0.1033542156219482
-0.1031531170010567
-0.1029515787959099
-0.1027497351169586
-0.1025477349758148
-0.102345734834671
-0.1021438986063004
-0.1019423976540565
-0.1017414256930351
-0.1015411540865898
-0.1013417989015579
-0.101143553853035
-0.1009466201066971
-0.1007511913776398
-0.1005574613809586
-0.1003656163811684
-0.1001758053898811
-0.0999881848692894
-0.09980288147926331
-0.09962001442909241
-0.09943965822458267
-0.09926187247037888
-0.09908667951822281
-0.09891406446695328
-0.0987439900636673
-0.0985763892531395
-0.09841113537549973
-0.09824810922145844
-0.0980871245265007
-0.09792798757553101
-0.09777050465345383
-0.09761442989110947
-0.09745950251817703
-0.09730546176433563
-0.09715204685926437
-0.09699899703264236
-0.09684605896472931
-0.09669297933578491
-0.09653954207897186
-0.09638552367687225
-0.09623074531555176
-0.09607507288455963
-0.09591839462518692
-0.09576065093278885
-0.09560179710388184
-0.09544186294078827
-0.09528090804815292
-0.09511901438236237
-0.09495632350444794
-0.09479300677776337
-0.09462926536798477
-0.09446530789136887
-0.09430138021707535
-0.09413772821426392
-0.09397459030151367
-0.09381221979856491
-0.09365084767341614
-0.09349066019058228
-0.09333186596632004
-0.09317459166049957
-0.09301895648241043
-0.09286504238843918
-0.0927128791809082
-0.09256245940923691
-0.09241373836994171
-0.09226658940315247
-0.09212092310190201
-0.09197656065225601
-0.09183332324028015
-0.09169100970029831
-0.09154941886663437
-0.09140831977128983
-0.09126751869916916
-0.09112683683633804
-0.09098608791828156
-0.09084515273571014
-0.09070389717817307
-0.09056226164102554
-0.09042021632194519
-0.09027776122093201
-0.09013494104146957
-0.08999183028936386
-0.08984854072332382
-0.0897052139043808
-0.08956200629472733
-0.08941910415887833
-0.08927667886018753
-0.08913492411375046
-0.08899398893117905
-0.08885405212640762
-0.08871523290872574
-0.08857764303684235
-0.08844134211540222
-0.08830638974905014
-0.0881728008389473
-0.08804053068161011
-0.08790954202413559
-0.08777973055839539
-0.08765098452568054
-0.08752317726612091
-0.08739617466926575
-0.08726982027292252
-0.08714396506547928
-0.08701846748590469
-0.08689320087432861
-0.08676806837320328
-0.08664296567440033
-0.08651783317327499
-0.08639263361692429
-0.08626735955476761
-0.08614201843738556
-0.08601665496826172
-0.08589131385087967
-0.08576605468988419
-0.08564096689224243
-0.08551612496376038
-0.08539161831140518
-0.08526749908924103
-0.08514381945133209
-0.08502062410116196
-0.08489792048931122
-0.08477573841810226
-0.08465403318405151
-0.08453277498483658
-0.08441191166639328
-0.08429137617349625
-0.08417108654975891
-0.08405095338821411
-0.08393088728189468
-0.08381082862615585
-0.08369069546461105
-0.08357042819261551
-0.08344999700784683
-0.08332939445972443
-0.08320862799882889
-0.0830877274274826
-0.08296672999858856
-0.08284569531679153
-0.08272472769021988
-0.08260389417409897
-0.08248330652713776
-0.08236308395862579
-0.08224332332611084
-0.08212414383888245
-0.08200565725564957
-0.08188795298337936
-0.0817711129784584
-0.08165521919727325
-0.0815403163433075
-0.0814264640212059
-0.08131369948387146
-0.08120205998420715
-0.08109156787395477
-0.08098224550485611
-0.08087409287691116
-0.08076714724302292
-0.08066141605377197
-0.08055692911148071
-0.08045370876789093
-0.08035179227590561
-0.08025122433900833
-0.08015204966068268
-0.08005432784557343
-0.07995809614658356
-0.07986340671777725
-0.0797702893614769
-0.07967880368232727
-0.07958897948265076
-0.07950085401535034
-0.07941443473100662
-0.0793297216296196
-0.07924670726060867
-0.07916537672281265
-0.07908570021390915
-0.07900763303041458
-0.07893113046884537
-0.07885616272687912
-0.07878265529870987
-0.07871055603027344
-0.07863980531692505
-0.07857033610343933
-0.07850208133459091
-0.07843497395515442
-0.07836896181106567
-0.0783039852976799
-0.07823998481035233
-0.07817688584327698
-0.07811461389064789
-0.07805309444665909
-0.07799225300550461
-0.07793199270963669
-0.07787223160266876
-0.07781286537647247
-0.07775378972291946
-0.07769489288330078
-0.07763607054948807
-0.07757718861103058
-0.07751811295747757
-0.0774587094783783
-0.0773988664150238
-0.07733845710754395
-0.07727737724781036
-0.07721551507711411
-0.0771527886390686
-0.0770891085267067
-0.0770244374871254
-0.07695872336626053
-0.07689195871353149
-0.0768241360783577
-0.07675527781248093
-0.07668540626764297
-0.07661459594964981
-0.0765429362654686
-0.07647053897380829
-0.07639751583337784
-0.07632402330636978
-0.07625022530555725
-0.07617630064487457
-0.07610245794057846
-0.07602890580892563
-0.07595587521791458
-0.07588358968496323
-0.07581228762865067
-0.07574222981929779
-0.07567363977432251
-0.07560674101114273
-0.07554175704717636
-0.07547889649868011
-0.07541832327842712
-0.07536020874977112
-0.07530465722084045
-0.07525178045034409
-0.0752016082406044
-0.075154148042202
-0.07510935515165329
-0.07506713271141052
-0.07502734661102295
-0.07498980313539505
-0.07495429366827011
-0.07492052018642426
-0.07488816231489182
-0.07485687732696533
-0.07482627779245377
-0.07479595392942429
-0.07476546615362167
-0.0747344046831131
-0.07470232248306274
-0.07466880232095718
-0.07463343441486359
-0.07459582388401031
-0.07455562800168991
-0.07451255619525909
-0.07446635514497757
-0.07441682368516922
-0.0743638351559639
-0.07430732250213623
-0.07424730062484741
-0.07418385893106461
-0.07411713898181915
-0.07404736429452896
-0.0739748403429985
-0.07389991730451584
-0.073822982609272
-0.07374449074268341
-0.07366491109132767
-0.07358474284410477
-0.07350450754165649
-0.07342471927404404
-0.0733458548784256
-0.07326837629079819
-0.07319270074367523
-0.07311920076608658
-0.0730481892824173
-0.07297990471124649
-0.07291450351476669
-0.07285207509994507
-0.07279261946678162
-0.07273604720830917
-0.07268220186233521
-0.07263085246086121
-0.07258171588182449
-0.07253442704677582
-0.07248862087726593
-0.072443887591362
-0.07239978760480881
-0.07235592603683472
-0.0723118931055069
-0.0722673162817955
-0.07222187519073486
-0.07217531651258469
-0.07212742418050766
-0.07207805663347244
-0.07202715426683426
-0.07197476178407669
-0.07192094624042511
-0.07186587899923325
-0.0718097910284996
-0.07175297290086746
-0.07169573754072189
-0.07163842022418976
-0.07158137857913971
-0.07152498513460159
-0.07146957516670227
-0.07141546159982681
-0.07136291265487671
-0.07131213694810867
-0.07126329839229584
-0.07121647894382477
-0.07117170840501785
-0.07112892717123032
-0.0710880383849144
-0.07104886323213577
-0.07101119309663773
-0.07097474485635757
-0.07093925774097443
-0.07090438902378082
-0.07086982578039169
-0.07083526253700256
-0.07080041617155075
-0.07076504826545715
-0.07072891294956207
-0.0706918016076088
-0.07065358012914658
-0.07061412930488586
-0.07057337462902069
-0.07053127884864807
-0.07048782706260681
-0.07044303417205811
-0.07039691507816315
-0.07034948468208313
-0.07030077278614044
-0.07025080174207687
-0.07019955664873123
-0.07014703005552292
-0.07009318470954895
-0.07003796845674515
-0.06998129934072495
-0.06992309540510178
-0.06986325234174728
-0.06980163604021072
-0.06973816454410553
-0.06967274844646454
-0.06960529834032059
-0.0695357620716095
-0.06946412473917007
-0.06939040124416351
-0.06931467354297638
-0.06923702359199524
-0.06915759295225143
-0.06907657533884048
-0.0689941942691803
-0.06891068071126938
-0.06882631033658981
-0.06874136626720428
-0.06865610927343369
-0.0685708299279213
-0.06848578900098801
-0.06840121746063232
-0.06831733882427216
-0.06823433190584183
-0.06815236061811447
-0.06807155907154083
-0.06799205392599106
-0.06791394203901291
-0.06783728301525116
-0.06776212900876999
-0.06768853962421417
-0.0676165372133255
-0.06754616647958755
-0.06747744977474213
-0.06741040199995041
-0.067345030605793
-0.06728137284517288
-0.06721942871809006
-0.06715918332338333
-0.06710061430931091
-0.06704369187355042
-0.06698835641145706
-0.06693451106548309
-0.06688205152750015
-0.0668308287858963
-0.06678065657615662
-0.06673136353492737
-0.06668271124362946
-0.06663449108600616
-0.06658646464347839
-0.06653840094804764
-0.0664900615811348
-0.06644122302532196
-0.06639168411493301
-0.06634128838777542
-0.06628988683223724
-0.06623738259077072
-0.06618371605873108
-0.06612884253263474
-0.06607280671596527
-0.06601563841104507
-0.06595742702484131
-0.06589827686548233
-0.06583831459283829
-0.06577768921852112
-0.06571654975414276
-0.06565505266189575
-0.06559335440397263
-0.06553161144256592
-0.06546997278928757
-0.06540855765342712
-0.06534751504659653
-0.06528692692518234
-0.06522687524557114
-0.06516743451356888
-0.06510866433382034
-0.06505060195922852
-0.06499326229095459
-0.06493666023015976
-0.06488081067800522
-0.06482569873332977
-0.06477132439613342
-0.06471765041351318
-0.06466463953256607
-0.06461223959922791
-0.06456038355827332
-0.06450901180505753
-0.06445804238319397
-0.06440739333629608
-0.0643569678068161
-0.06430667638778687
-0.0642564445734024
-0.06420616805553436
-0.06415576487779617
-0.06410513818264008
-0.0640542283654213
-0.06400299817323685
-0.06395141035318375
-0.06389943510293961
-0.06384707242250443
-0.06379434466362
-0.0637412890791893
-0.06368794292211533
-0.06363437324762344
-0.06358065456151962
-0.06352686136960983
-0.06347308307886124
-0.0634194016456604
-0.06336591392755508
-0.06331270933151245
-0.06325985491275787
-0.06320743262767792
-0.06315550953149796
-0.06310413777828217
-0.06305335462093353
-0.06300318986177444
-0.06295366585254669
-0.06290478259325027
-0.06285654753446579
-0.06280895322561264
-0.06276199221611023
-0.06271560490131378
-0.0626697763800621
-0.06262446194887161
-0.06257962435483932
-0.06253523379564285
-0.06249126791954041
-0.0624476931989193
-0.06240449100732803
-0.06236166507005692
-0.06231921911239624
-0.0622771680355072
-0.06223555281758308
-0.06219441071152687
-0.06215378642082214
-0.06211375445127487
-0.06207437813282013
-0.06203573569655418
-0.061997901648283
-0.06196095421910286
-0.06192496418952942
-0.06188999861478806
-0.06185611709952354
-0.06182336062192917
-0.06179176270961761
-0.06176133453845978
-0.06173206865787506
-0.06170393899083138
-0.06167691573500633
-0.06165092438459396
-0.0616258978843689
-0.06160174310207367
-0.06157837063074112
-0.0615556612610817
-0.06153350695967674
-0.06151178106665611
-0.06149036437273026
-0.06146911531686783
-0.06144791096448898
-0.06142662093043327
-0.06140511482954025
-0.06138326972723007
-0.06136097386479378
-0.06133811175823212
-0.06131456792354584
-0.06129025667905807
-0.06126508489251137
-0.06123895943164825
-0.06121180579066277
-0.06118356436491013
-0.06115416437387466
-0.0611235536634922
-0.06109168380498886
-0.06105852127075195
-0.06102404370903969
-0.06098822876811028
-0.06095107272267342
-0.0609125941991806
-0.06087281554937363
-0.06083177030086517
-0.06078952178359032
-0.06074616312980652
-0.06070178747177124
-0.06065652146935463
-0.06061050668358803
-0.06056389212608337
-0.06051685661077499
-0.06046958640217781
-0.06042228266596794
-0.0603751540184021
-0.0603284053504467
-0.06028224900364876
-0.06023689359426498
-0.0601925402879715
-0.06014937534928322
-0.06010756641626358
-0.06006726250052452
-0.06002859026193619
-0.05999165028333664
-0.05995652079582214
-0.05992322787642479
-0.05989179387688637
-0.05986219272017479
-0.05983438342809677
-0.05980828404426575
-0.05978380143642426
-0.05976080894470215
-0.05973917245864868
-0.05971872434020042
-0.05969929695129395
-0.05968071520328522
-0.05966279655694962
-0.05964536219835281
-0.05962822958827019
-0.05961123108863831
-0.05959420278668404
-0.05957699194550514
-0.05955946445465088
-0.0595414973795414
-0.05952299013733864
-0.05950384959578514
-0.05948400124907494
-0.05946339666843414
-0.05944196879863739
-0.05941969156265259
-0.05939653143286705
-0.05937245860695839
-0.05934745073318481
-0.05932148918509483
-0.05929455906152725
-0.05926662310957909
-0.05923765525221825
-0.05920760706067085
-0.05917643010616302
-0.05914406105875969
-0.05911042541265488
-0.05907543376088142
-0.05903900042176247
-0.05900100991129875
-0.05896136164665222
-0.05891994386911392
-0.05887665972113609
-0.05883141234517097
-0.0587841272354126
-0.05873472988605499
-0.05868317931890488
-0.05862946435809135
-0.05857360735535622
-0.05851565301418304
-0.0584556944668293
-0.05839385837316513
-0.05833031982183456
-0.05826529115438461
-0.05819902569055557
-0.05813181027770042
-0.05806396901607513
-0.05799587443470955
-0.05792789906263351
-0.05786044523119926
-0.05779391527175903
-0.05772871896624565
-0.05766525119543076
-0.0576038733124733
-0.05754492804408073
-0.05748872458934784
-0.05743551626801491
-0.05738549679517746
-0.05733881518244743
-0.0572955459356308
-0.05725569650530815
-0.05721921846270561
-0.05718597397208214
-0.05715577304363251
-0.05712837353348732
-0.0571034736931324
-0.05708072707056999
-0.05705975741147995
-0.05704015865921974
-0.05702152103185654
-0.05700341984629631
-0.05698544904589653
-0.05696721002459526
-0.05694834142923355
-0.05692851915955544
-0.05690746009349823
-0.05688492953777313
-0.05686074495315552
-0.05683478713035583
-0.05680699646472931
-0.05677735060453415
-0.05674588307738304
-0.05671268701553345
-0.05667788535356522
-0.05664163455367088
-0.05660412460565567
-0.0565655492246151
-0.05652612447738647
-0.05648605898022652
-0.05644555017352104
-0.05640479177236557
-0.05636394396424294
-0.05632315948605537
-0.05628255382180214
-0.0562422052025795
-0.05620216950774193
-0.05616247653961182
-0.05612312257289886
-0.05608409270644188
-0.05604534223675728
-0.05600681528449059
-0.05596844851970673
-0.05593017488718033
-0.05589193478226662
-0.05585366487503052
-0.05581531673669815
-0.05577686429023743
-0.05573829263448715
-0.05569960922002792
-0.05566083639860153
-0.05562201887369156
-0.05558321252465248
-0.05554448440670967
-0.05550592392683029
-0.05546760559082031
-0.05542959272861481
-0.05539195239543915
-0.05535472556948662
-0.05531793832778931
-0.05528159067034721
-0.05524565279483795
-0.05521005392074585
-0.05517470091581345
-0.05513946712017059
-0.05510419234633446
-0.05506870895624161
-0.05503280833363533
-0.05499628186225891
-0.05495890229940414
-0.05492043495178223
-0.05488066002726555
-0.05483937636017799
-0.05479638651013374
-0.05475153028964996
-0.05470467358827591
-0.05465571954846382
-0.05460460856556892
-0.05455132201313972
-0.05449587106704712
-0.05443831533193588
-0.05437873676419258
-0.05431723967194557
-0.0542539656162262
-0.05418906360864639
-0.0541226826608181
-0.05405498668551445
-0.05398613214492798
-0.05391626805067062
-0.05384551361203194
-0.05377398058772087
-0.0537017360329628
-0.05362884700298309
-0.05355532839894295
-0.05348116904497147
-0.05340634286403656
-0.05333079397678375
-0.05325446277856827
-0.05317725986242294
-0.05309909209609032
-0.05301987007260323
-0.0529395118355751
-0.05285793915390968
-0.05277510359883308
-0.05269099026918411
-0.05260559543967247
-0.05251894891262054
-0.05243111029267311
-0.05234217643737793
-0.05225227773189545
-0.052161555737257
-0.05207019299268723
-0.05197838321328163
-0.05188635364174843
-0.05179433524608612
-0.05170256271958351
-0.0516112707555294
-0.0515207052230835
-0.05143110081553459
-0.0513426885008812
-0.05125567317008972
-0.05117025971412659
-0.05108663812279701
-0.05100497603416443
-0.05092541128396988
-0.05084806680679321
-0.05077304691076279
-0.05070042982697487
-0.05063027516007423
-0.05056260898709297
-0.05049744993448257
-0.05043478310108185
-0.0503745824098587
-0.05031678453087807
-0.05026131123304367
-0.05020806565880775
-0.05015691742300987
-0.05010772496461868
-0.05006032809615135
-0.05001454055309296
-0.04997016862034798
-0.04992701485753059
-0.0498848520219326
-0.0498434491455555
-0.04980259388685226
-0.0497620478272438
-0.04972159489989281
-0.04968102276325226
-0.04964013025164604
-0.04959872737526894
-0.04955665394663811
-0.04951376095414162
-0.04946993291378021
-0.04942507296800613
-0.04937910288572311
-0.04933198541402817
-0.04928369447588921
-0.04923422634601593
-0.04918361082673073
-0.04913188889622688
-0.04907912388443947
-0.04902539774775505
-0.04897080734372139
-0.04891546070575714
-0.04885946959257126
-0.04880297556519508
-0.04874609783291817
-0.04868898168206215
-0.04863177612423897
-0.04857463017106056
-0.04851769283413887
-0.04846109822392464
-0.0484049916267395
-0.04834950342774391
-0.04829476401209831
-0.04824088886380196
-0.04818796738982201
-0.04813610017299652
-0.04808535054326057
-0.04803576320409775
-0.04798736050724983
-0.04794014990329742
-0.04789410158991814
-0.04784917458891869
-0.0478052906692028
-0.04776236042380333
-0.04772026464343071
-0.0476788729429245
-0.04763803258538246
-0.04759758710861206
-0.04755737259984016
-0.04751721397042274
-0.04747693613171577
-0.04743637889623642
-0.04739540070295334
-0.04735385999083519
-0.04731163755059242
-0.04726864770054817
-0.04722481593489647
-0.04718010127544403
-0.04713448137044907
-0.04708797112107277
-0.04704060778021812
-0.0469924621284008
-0.04694360494613647
-0.0468941405415535
-0.04684418439865112
-0.0467938631772995
-0.04674330726265907
-0.04669265076518059
-0.04664201289415359
-0.04659152030944824
-0.04654127731919289
-0.04649136587977409
-0.04644184932112694
-0.0463927760720253
-0.04634414985775948
-0.04629597812891006
-0.04624822735786438
-0.04620083421468735
-0.0461537204682827
-0.04610678553581238
-0.04605990275740623
-0.04601294919848442
-0.0459657721221447
-0.04591823369264603
-0.04587018117308617
-0.04582146182656288
-0.04577193781733513
-0.04572148248553276
-0.04566998779773712
-0.04561736434698105
-0.04556355252861977
-0.04550850763916969
-0.04545221477746964
-0.04539469629526138
-0.04533597826957703
-0.04527613893151283
-0.04521526023745537
-0.04515344277024269
-0.04509081691503525
-0.04502750560641289
-0.04496365040540695
-0.04489939659833908
-0.04483488574624062
-0.0447702519595623
-0.04470562562346458
-0.04464112594723701
-0.04457686468958855
-0.04451293870806694
-0.04444942623376846
-0.04438640922307968
-0.04432394728064537
-0.04426209256052971
-0.04420089721679688
-0.04414039850234985
-0.04408063739538193
-0.04402166232466698
-0.04396351054310799
-0.04390624538064003
-0.04384992644190788
-0.04379462823271751
-0.04374043643474579
-0.04368744045495987
-0.04363574460148811
-0.04358547180891037
-0.04353674501180649
-0.04348969459533691
-0.04344445466995239
-0.04340115934610367
-0.04335994273424149
-0.04332093149423599
-0.04328424856066704
-0.04324999079108238
-0.04321824759244919
-0.04318908974528313
-0.04316257312893867
-0.04313871264457703
-0.04311751946806908
-0.04309896752238274
-0.04308301210403442
-0.04306958243250847
-0.0430586002767086
-0.04304995760321617
-0.04304353147745132
-0.04303918406367302
-0.04303678125143051
-0.04303617775440216
-0.04303722456097603
-0.04303977638483047
-0.04304369539022446
-0.04304884001612663
-0.04305508360266685
-0.04306230694055557
-0.04307039827108383
-0.04307925701141357
-0.04308879002928734
-0.04309890791773796
-0.04310952872037888
-0.04312057048082352
-0.04313195869326591
-0.04314360395073891
-0.04315543174743652
-0.04316733777523041
-0.0431792326271534
-0.04319100081920624
-0.04320253431797028
-0.04321369528770447
-0.04322434216737747
-0.04323432222008705
-0.04324346780776978
-0.04325161501765251
-0.04325858876109123
-0.04326422140002251
-0.04326833412051201
-0.04327075555920601
-0.04327132925391197
-0.04326990619301796
-0.04326635971665382
-0.04326057806611061
-0.04325246065855026
-0.0432419516146183
-0.04322900623083115
-0.0432136096060276
-0.04319579526782036
-0.04317561164498329
-0.04315314069390297
-0.04312850907444954
-0.04310186579823494
-0.0430733785033226
-0.04304326698184013
-0.04301175847649574
-0.04297912493348122
-0.04294562339782715
-0.04291157051920891
-0.04287726059556007
-0.04284301027655602
-0.0428091324865818
-0.04277592897415161
-0.04274369031190872
-0.04271270334720612
-0.04268322885036469
-0.04265548661351204
-0.04262968897819519
-0.04260598495602608
-0.04258449003100395
-0.04256529361009598
-0.04254840314388275
-0.04253381118178368
-0.04252142459154129
-0.04251112043857574
-0.04250271990895271
-0.04249600693583488
-0.04249070584774017
-0.0424865297973156
-0.04248314723372459
-0.04248020425438881
-0.04247734323143959
-0.04247420281171799
-0.04247042536735535
-0.04246567934751511
-0.0424596443772316
-0.04245204851031303
-0.04244266077876091
-0.04243129119277
-0.04241780564188957
-0.04240214452147484
-0.04238429665565491
-0.04236431047320366
-0.04234230890870094
-0.04231845214962959
-0.04229296743869781
-0.0422661118209362
-0.04223818331956863
-0.04220952093601227
-0.04218045994639397
-0.04215136170387268
-0.04212256520986557
-0.0420943945646286
-0.04206715896725655
-0.0420411191880703
-0.04201648756861687
-0.04199343547224998
-0.0419720746576786
-0.04195244610309601
-0.0419345386326313
-0.04191828891634941
-0.04190355911850929
-0.04189018532633781
-0.04187794029712677
-0.04186657071113586
-0.04185579717159271
-0.04184532538056374
-0.04183486104011536
-0.041824109852314
-0.04181280359625816
-0.04180070012807846
-0.04178758710622787
-0.04177330434322357
-0.041757732629776
-0.04174080491065979
-0.04172251001000404
-0.04170288518071175
-0.04168202728033066
-0.04166006669402122
-0.04163717105984688
-0.04161354899406433
-0.04158942028880119
-0.04156503081321716
-0.04154061526060104
-0.04151640832424164
-0.04149262234568596
-0.04146945476531982
-0.04144706577062607
-0.04142557829618454
-0.04140507429838181
-0.04138558730483055
-0.04136712476611137
-0.0413496345281601
-0.04133302718400955
-0.0413171797990799
-0.04130193963646889
-0.0412871390581131
-0.0412725917994976
-0.04125810414552689
-0.04124348610639572
-0.04122857376933098
-0.04121320694684982
-0.04119725525379181
-0.04118062928318977
-0.04116325825452805
-0.04114511236548424
-0.04112619906663895
-0.04110657051205635
-0.04108629748225212
-0.04106548428535461
-0.04104426130652428
-0.04102276265621185
-0.04100113362073898
-0.04097952321171761
-0.04095806926488876
-0.0409368984401226
-0.04091612994670868
-0.04089584946632385
-0.0408761091530323
-0.04085694625973701
-0.04083836078643799
-0.04082033038139343
-0.04080279543995857
-0.04078569635748863
-0.04076892510056496
-0.04075238108634949
-0.04073595628142357
-0.04071953520178795
-0.04070299863815308
-0.04068625345826149
-0.04066922143101692
-0.0406518280506134
-0.04063402861356735
-0.04061581194400787
-0.04059718549251556
-0.04057816416025162
-0.04055880382657051
-0.04053916409611702
-0.04051931947469711
-0.04049935936927795
-0.04047936201095581
-0.04045940935611725
-0.04043958336114883
-0.04041995853185654
-0.04040058702230453
-0.04038150981068611
-0.04036275297403336
-0.04034431278705597
-0.04032618179917336
-0.04030833765864372
-0.04029072821140289
-0.04027330502867699
-0.04025600105524063
-0.04023875668644905
-0.04022150859236717
-0.04020418971776962
-0.04018675163388252
-0.04016914218664169
-0.04015133529901505
-0.04013330489397049
-0.04011505469679832
-0.04009659588336945
-0.04007794335484505
-0.04005914181470871
-0.04004022479057312
-0.04002125188708305
-0.04000226035714149
-0.03998330608010292
-0.03996443375945091
-0.03994568437337875
-0.03992708027362823
-0.03990864753723145
-0.03989039361476898
-0.03987231850624084
-0.03985440731048584
-0.03983663767576218
-0.03981897979974747
-0.03980140760540962
-0.03978388011455536
-0.03976635634899139
-0.03974881395697594
-0.0397312119603157
-0.03971352055668831
-0.03969573974609375
-0.03967785835266113
-0.03965986520051956
-0.03964177146553993
-0.03962359204888344
-0.03960534185171127
-0.03958704695105553
-0.03956873714923859
-0.03955043107271194
-0.03953215479850769
-0.03951393440365791
-0.03949578478932381
-0.03947772830724716
-0.03945976495742798
-0.03944190219044685
-0.03942412883043289
-0.03940644115209579
-0.03938882797956467
-0.03937126323580742
-0.03935373201966286
-0.03933622315526009
-0.03931871429085732
-0.03930119052529335
-0.039283636957407
-0.03926604241132736
-0.03924840316176414
-0.03923071920871735
-0.03921299800276756
-0.0391952320933342
-0.03917744383215904
-0.03915964066982269
-0.03914184123277664
-0.03912405297160149
-0.03910628333687782
-0.03908855095505714
-0.03907086327672005
-0.03905322775244713
-0.03903564065694809
-0.03901810571551323
-0.03900061175227165
-0.03898315876722336
-0.03896573185920715
-0.03894833475351334
-0.03893094137310982
-0.03891355916857719
-0.03889617696404457
-0.03887878730893135
-0.03886138647794724
-0.03884396702051163
-0.03882654011249542
-0.03880909830331802
-0.03879165276885033
-0.03877420350909233
-0.03875675424933434
-0.03873931244015694
-0.03872187808156013
-0.03870446234941483
-0.03868707269430161
-0.03866970166563988
-0.03865236043930054
-0.03863503783941269
-0.03861774131655693
-0.03860047459602356
-0.03858321532607079
-0.03856597095727921
-0.03854872658848763
-0.03853148221969604
-0.03851423412561417
-0.03849697485566139
-0.03847971186041832
-0.03846244141459465
-0.03844515606760979
-0.03842785209417343
-0.03841053321957588
-0.03839319944381714
-0.0383758470416069
-0.03835847973823547
-0.03834109380841255
-0.03832368925213814
-0.03830627724528313
-0.03828884288668633
-0.03827139362692833
-0.03825392201542854
-0.03823643177747726
-0.03821891918778419
-0.03820138052105904
-0.03818382322788239
-0.03816623613238335
-0.03814862668514252
-0.0381309799849987
-0.0381133034825325
-0.03809559717774391
-0.03807785362005234
-0.03806007280945778
-0.03804226219654083
-0.0380244255065918
-0.03800657019019127
-0.03798869252204895
-0.03797079995274544
-0.03795289993286133
-0.03793500363826752
-0.0379171185195446
-0.03789925575256348
-0.03788142278790474
-0.03786362707614899
-0.03784587979316711
-0.03782818838953972
-0.0378105640411377
-0.03779300674796104
-0.03777553141117096
-0.03775813058018684
-0.03774081543087959
-0.0377235971391201
-0.03770649060606956
-0.03768949583172798
-0.03767263144254684
-0.03765589743852615
-0.0376393124461174
-0.03762287646532059
-0.03760660067200661
-0.03759048879146576
-0.03757454082369804
-0.03755876794457436
-0.0375431664288044
-0.03752774000167847
-0.03751248866319656
-0.03749740868806839
-0.03748249262571335
-0.03746773302555084
-0.03745312988758087
-0.03743867576122284
-0.03742435574531555
-0.03741016611456871
-0.03739609941840172
-0.03738214820623398
-0.03736830502748489
-0.03735456615686417
-0.0373409241437912
-0.0373273678123951
-0.03731389343738556
-0.03730049356818199
-0.0372871533036232
-0.03727388009428978
-0.03726065903902054
-0.03724749386310577
-0.03723438456654549
-0.03722132369875908
-0.03720831498503685
-0.03719534352421761
-0.03718240931630135
-0.03716951236128807
-0.03715664520859718
-0.03714380040764809
-0.03713097423315048
-0.03711815178394318
-0.03710532933473587
-0.03709249198436737
-0.03707962483167648
-0.03706671670079231
-0.03705374523997307
-0.03704068809747696
-0.03702754154801369
-0.03701427578926086
-0.03700088337063789
-0.03698734566569328
-0.03697364032268524
-0.03695975244045258
-0.03694567084312439
-0.03693138062953949
-0.03691687062382698
-0.03690212965011597
-0.03688715770840645
-0.03687194734811783
-0.0368565060198307
-0.03684083372354507
-0.03682494163513184
-0.03680883720517159
-0.03679253906011581
-0.03677605837583542
-0.03675942122936249
-0.03674264624714851
-0.03672575578093529
-0.0367087684571743
-0.03669171035289764
-0.03667460754513741
-0.03665747120976448
-0.03664032742381096
-0.03662319108843803
-0.0366060733795166
-0.03658898919820786
-0.03657194972038269
-0.03655495494604111
-0.036538016051054
-0.03652112931013107
-0.03650429472327232
-0.03648750856518745
-0.03647076711058617
-0.03645407781004906
-0.03643742203712463
-0.0364207997918129
-0.03640421107411385
-0.03638765588402748
-0.03637112677097321
-0.03635461628437042
-0.03633813187479973
-0.03632167726755142
-0.0363052599132061
-0.03628887981176376
-0.03627254813909531
-0.03625626862049103
-0.03624005615711212
-0.03622390702366829
-0.03620783612132072
-0.03619185462594032
-0.03617595881223679
-0.03616015240550041
-0.0361444391310215
-0.03612882271409035
-0.03611329942941666
-0.03609785810112953
-0.03608249500393867
-0.03606719896197319
-0.03605195879936218
-0.03603675588965416
-0.03602157905697823
-0.03600640967488289
-0.03599122911691666
-0.03597603365778923
-0.03596080094575882
-0.03594551980495453
-0.03593018278479576
-0.03591477870941162
-0.03589931130409241
-0.03588378056883812
-0.03586818277835846
-0.03585252165794373
-0.03583680465817451
-0.03582103550434113
-0.03580522909760475
-0.03578939661383629
-0.03577354177832603
-0.03575768694281578
-0.03574183583259583
-0.03572599962353706
-0.03571019694209099
-0.0356944277882576
-0.03567869961261749
-0.03566302359104156
-0.03564740717411041
-0.03563185408711433
-0.03561636433005333
-0.0356009379029274
-0.03558557480573654
-0.03557027503848076
-0.03555503860116005
-0.03553985804319382
-0.03552472591400146
-0.0355096347630024
-0.03549458086490631
-0.03547956421971321
-0.0354645736515522
-0.03544959425926208
-0.03543462231755257
-0.03541965037584305
-0.03540467470884323
-0.03538970276713371
-0.0353747196495533
-0.03535972535610199
-0.03534472361207008
-0.03532970696687698
-0.03531467914581299
-0.0352996438741684
-0.03528460115194321
-0.03526955842971802
-0.03525452315807343
-0.03523949533700943
-0.03522448614239693
-0.03520949557423592
-0.03519453108310699
-0.03517960011959076
-0.03516471013426781
-0.03514987230300903
-0.03513508662581444
-0.03512037545442581
-0.03510573506355286
-0.03509118035435677
-0.03507670760154724
-0.03506232425570488
-0.03504803031682968
-0.03503382951021194
-0.03501972928643227
-0.03500572964549065
-0.03499183058738708
-0.03497804328799248
-0.03496436774730682
-0.03495081141591072
-0.03493737429380417
-0.03492406383156776
-0.0349108874797821
-0.03489785268902779
-0.03488496690988541
-0.03487225249409676
-0.03485971689224243
-0.03484737500548363
-0.03483524546027184
-0.03482335805892944
-0.03481172770261765
-0.03480037301778793
-0.0347893238067627
-0.03477859497070312
-0.03476821258664131
-0.03475820273160934
-0.03474859520792961
-0.0347394160926342
-0.0347306914627552
-0.0347224622964859
-0.03471473976969719
-0.03470755741000175
-0.03470093756914139
-0.03469492122530937
-0.0346895232796669
-0.03468477353453636
-0.03468069806694984
-0.03467731922864914
-0.03467467054724693
-0.03467276319861412
-0.03467163443565369
-0.03467129170894623
-0.03467176482081413
-0.03467307239770889
-0.034675233066082
-0.03467826917767525
-0.03468219563364983
-0.03468703478574753
-0.03469279408454895
-0.03469947725534439
-0.03470709547400475
-0.03471565619111061
-0.03472515195608139
-0.03473558276891708
-0.0347469300031662
-0.03475917875766754
-0.03477231040596962
-0.03478630632162094
-0.03480112925171852
-0.03481673076748848
-0.03483307734131813
-0.034850113093853
-0.0348677784204483
-0.03488601371645927
-0.03490475565195084
-0.03492392227053642
-0.03494343906641006
-0.0349632240831852
-0.03498319163918495
-0.03500325232744217
-0.03502330183982849
-0.03504324331879616
-0.03506298735737801
-0.03508243337273598
-0.03510147333145142
-0.03512000665068626
-0.03513794392347336
-0.03515517711639404
-0.03517160192131996
-0.03518712893128395
-0.03520167618989944
-0.03521515429019928
-0.03522748127579689
-0.03523858264088631
-0.03524839133024216
-0.03525685518980026
-0.03526391834020615
-0.03526953607797623
-0.03527368977665901
-0.03527635335922241
-0.03527753055095673
-0.03527722507715225
-0.03527545928955078
-0.0352722629904747
-0.03526768460869789
-0.03526176884770393
-0.03525460138916969
-0.03524625673890114
-0.03523682430386543
-0.03522640094161034
-0.0352151058614254
-0.03520305082201958
-0.03519036620855331
-0.03517717495560646
-0.03516361489892006
-0.03514981642365456
-0.0351359136402607
-0.03512204065918922
-0.03510833159089088
-0.03509492054581642
-0.03508192300796509
-0.03506945073604584
-0.03505761176347733
-0.03504649922251701
-0.03503619506955147
-0.03502677008509636
-0.03501827642321587
-0.03501074388623238
-0.03500420972704887
-0.03499867394566536
-0.03499413281679153
-0.03499055281281471
-0.03498790040612221
-0.03498611226677895
-0.03498511388897896
-0.03498482331633568
-0.03498515114188194
-0.0349859818816185
-0.0349871963262558
-0.03498867526650429
-0.03499029204249382
-0.03499191626906395
-0.03499342501163483
-0.0349946916103363
-0.03499559313058853
-0.03499601781368256
-0.03499585762619972
-0.03499501571059227
-0.03499342128634453
-0.03499099984765053
-0.03498770669102669
-0.03498350456357002
-0.03497838228940964
-0.03497232869267464
-0.03496536239981651
-0.03495752066373825
-0.03494885936379433
-0.03493944182991982
-0.03492934256792068
-0.0349186547100544
-0.03490749001502991
-0.03489596396684647
-0.03488418459892273
-0.03487226739525795
-0.03486033529043198
-0.03484850749373436
-0.03483688458800316
-0.03482558205723763
-0.03481468930840492
-0.03480428084731102
-0.03479442745447159
-0.03478518128395081
-0.03477657958865166
-0.03476863354444504
-0.03476134687662125
-0.0347546860575676
-0.0347486175596714
-0.03474308177828789
-0.03473800420761108
-0.03473330289125443
-0.03472887352108955
-0.03472460806369781
-0.03472039103507996
-0.03471610695123672
-0.03471163287758827
-0.03470685333013535
-0.03470166027545929
-0.03469594195485115
-0.03468959778547287
-0.03468254208564758
-0.03467470034956932
-0.03466600179672241
-0.03465641289949417
-0.03464590013027191
-0.03463444858789444
-0.03462205454707146
-0.03460874408483505
-0.03459453955292702
-0.03457947447896004
-0.03456359356641769
-0.03454694896936417
-0.03452958911657333
-0.03451157361268997
-0.03449295461177826
-0.03447378799319267
-0.03445412218570709
-0.0344339944422245
-0.03441343083977699
-0.03439245000481606
-0.03437104821205139
-0.0343492217361927
-0.03432695940136909
-0.03430421277880669
-0.03428094834089279
-0.03425711020827293
-0.03423263505101204
-0.03420745208859444
-0.03418149054050446
-0.03415467217564583
-0.03412691876292229
-0.03409815579652786
-0.03406832367181778
-0.03403735905885696
-0.03400522097945213
-0.03397186473011971
-0.03393727540969849
-0.03390143811702728
-0.03386436775326729
-0.03382609412074089
-0.03378665447235107
-0.03374611213803291
-0.03370454162359238
-0.03366203233599663
-0.03361868858337402
-0.03357462584972382
-0.03352997452020645
-0.03348487615585327
-0.03343947976827621
-0.03339393436908722
-0.03334839269518852
-0.03330301865935326
-0.03325797244906425
-0.03321341052651405
-0.03316948562860489
-0.0331263430416584
-0.03308412805199623
-0.03304297104477882
-0.03300299867987633
-0.03296432644128799
-0.03292705118656158
-0.03289126604795456
-0.03285704925656319
-0.03282446041703224
-0.0327935479581356
-0.03276435285806656
-0.03273690119385719
-0.03271119296550751
-0.0326872393488884
-0.03266501799225807
-0.03264448791742325
-0.03262561187148094
-0.03260833770036697
-0.03259259834885597
-0.03257830813527107
-0.03256537392735481
-0.03255369886755943
-0.03254317864775658
-0.0325336866080761
-0.03252509608864784
-0.03251727297902107
-0.03251006826758385
-0.03250333666801453
-0.03249691799283028
-0.03249064832925797
-0.03248437866568565
-0.03247794508934021
-0.0324711874127388
-0.03246395662426949
-0.03245609626173973
-0.03244746476411819
-0.03243792802095413
-0.03242737427353859
-0.03241568803787231
-0.03240279108285904
-0.03238860890269279
-0.0323730930685997
-0.03235621750354767
-0.0323379784822464
-0.03231839463114738
-0.03229751437902451
-0.03227541223168373
-0.03225218132138252
-0.03222795203328133
-0.03220287337899208
-0.03217710554599762
-0.03215082734823227
-0.03212423250079155
-0.03209751471877098
-0.03207089379429817
-0.03204457461833954
-0.0320187471807003
-0.03199360892176628
-0.0319693349301815
-0.0319460891187191
-0.03192399442195892
-0.03190317004919052
-0.03188370168209076
-0.03186563029885292
-0.0318489745259285
-0.03183372691273689
-0.03181983157992363
-0.03180721029639244
-0.03179576992988586
-0.03178537264466286
-0.03177586942911148
-0.03176708146929741
-0.03175882622599602
-0.03175091743469238
-0.03174315392971039
-0.03173533827066422
-0.03172728791832924
-0.03171882405877113
-0.03170978277921677
-0.03170002624392509
-0.03168942779302597
-0.03167789801955223
-0.0316653773188591
-0.031651820987463
-0.03163722157478333
-0.03162159398198128
-0.03160499036312103
-0.03158748894929886
-0.03156919032335281
-0.03155019879341125
-0.03153065219521523
-0.03151069208979607
-0.03149047121405602
-0.0314701572060585
-0.03144991025328636
-0.03142987564206123
-0.03141020238399506
-0.03139102086424828
-0.03137245401740074
-0.03135459870100021
-0.03133752942085266
-0.03132130205631256
-0.0313059389591217
-0.03129144012928009
-0.03127778694033623
-0.03126493096351624
-0.03125280514359474
-0.03124132938683033
-0.03123039565980434
-0.03121989034116268
-0.03120969049632549
-0.03119966574013233
-0.0311896912753582
-0.03117963671684265
-0.03116939403116703
-0.03115885145962238
-0.0311479177325964
-0.0311365220695734
-0.03112460114061832
-0.03111211583018303
-0.03109905868768692
-0.03108542785048485
-0.03107125125825405
-0.03105657733976841
-0.03104146383702755
-0.03102598898112774
-0.03101024590432644
-0.03099432773888111
-0.03097833879292011
-0.03096238523721695
-0.03094656951725483
-0.03093099407851696
-0.0309157483279705
-0.03090091049671173
-0.03088654763996601
-0.03087271191179752
-0.03085943683981895
-0.0308467410504818
-0.0308346152305603
-0.03082304261624813
-0.03081198781728745
-0.03080139867961407
-0.03079121373593807
-0.03078136034309864
-0.03077175654470921
-0.0307623166590929
-0.03075295314192772
-0.03074358031153679
-0.03073411993682384
-0.03072449564933777
-0.03071464411914349
-0.03070451132953167
-0.03069406002759933
-0.03068326786160469
-0.03067211806774139
-0.03066061809659004
-0.03064878284931183
-0.03063663654029369
-0.03062421455979347
-0.03061156719923019
-0.03059874475002289
-0.03058579936623573
-0.03057278506457806
-0.03055975399911404
-0.03054675459861755
-0.03053382411599159
-0.03052099980413914
-0.03050830215215683
-0.03049574978649616
-0.03048334643244743
-0.0304710865020752
-0.03045895509421825
-0.03044693358242512
-0.03043500147759914
-0.03042312152683735
-0.0304112620651722
-0.0303993932902813
-0.03038748539984226
-0.03037551045417786
-0.03036344982683659
-0.03035128861665726
-0.03033902682363987
-0.03032667189836502
-0.03031424060463905
-0.03030176647007465
-0.03028928488492966
-0.03027684241533279
-0.03026449680328369
-0.03025230951607227
-0.03024034947156906
-0.03022868931293488
-0.03021739795804024
-0.03020654059946537
-0.0301961824297905
-0.03018637932837009
-0.03017717413604259
-0.03016861155629158
-0.03016071580350399
-0.03015350550413132
-0.03014698624610901
-0.03014115057885647
-0.0301359836012125
-0.03013145551085472
-0.03012753091752529
-0.03012417070567608
-0.03012131899595261
-0.03011892735958099
-0.03011693805456161
-0.03011529333889484
-0.0301139410585165
-0.03011282160878181
-0.0301118902862072
-0.03011110052466393
-0.03011041320860386
-0.03010979108512402
-0.03010920248925686
-0.03010862320661545
-0.03010802716016769
-0.0301073957234621
-0.03010671213269234
-0.0301059577614069
-0.0301051139831543
-0.03010416217148304
-0.03010308369994164
-0.03010185435414314
-0.03010044433176517
-0.03009882010519505
-0.03009695000946522
-0.03009478934109211
-0.03009229898452759
-0.03008943796157837
-0.03008615784347057
-0.03008241206407547
-0.03007815405726433
-0.03007334657013416
-0.03006795234978199
-0.03006194531917572
-0.03005530126392841
-0.03004799783229828
-0.03004003129899502
-0.03003140166401863
-0.03002212196588516
-0.03001221269369125
-0.03000170364975929
-0.02999062463641167
-0.02997902221977711
-0.02996694482862949
-0.02995444647967815
-0.02994158491492271
-0.0299284216016531
-0.02991501055657864
-0.02990142069756985
-0.02988771162927151
-0.02987394109368324
-0.02986015938222408
-0.0298464223742485
-0.02983277477324009
-0.02981926314532757
-0.02980592288076878
-0.02979278191924095
-0.02977987378835678
-0.02976722083985806
-0.02975484728813171
-0.02974276430904865
-0.02973099052906036
-0.02971953339874744
-0.02970840409398079
-0.029697610065341
-0.02968715876340866
-0.02967705018818378
-0.02966728061437607
-0.02965785190463066
-0.02964875474572182
-0.02963997982442379
-0.02963151969015598
-0.02962335757911205
-0.02961547486484051
-0.02960784547030926
-0.02960043773055077
-0.02959322184324265
-0.02958616055548191
-0.02957920916378498
-0.02957231923937798
-0.02956544421613216
-0.02955853380262852
-0.02955153211951256
-0.0295443944633007
-0.02953706122934818
-0.02952948585152626
-0.02952162176370621
-0.02951342798769474
-0.02950487285852432
-0.02949591539800167
-0.02948653511703014
-0.0294767189770937
-0.02946646511554718
-0.02945577725768089
-0.02944466471672058
-0.02943314425647259
-0.02942124754190445
-0.02940900810062885
-0.02939646504819393
-0.02938366308808327
-0.02937064878642559
-0.02935747615993023
-0.02934419363737106
-0.02933084964752197
-0.02931749261915684
-0.02930416166782379
-0.02929089777171612
-0.02927772700786591
-0.02926467731595039
-0.02925176918506622
-0.02923901006579399
-0.0292263999581337
-0.02921394631266594
-0.02920162864029408
-0.02918943203985691
-0.02917732857167721
-0.02916528657078743
-0.02915327064692974
-0.02914123982191086
-0.02912914380431175
-0.02911694161593914
-0.02910458110272884
-0.02909201383590698
-0.02907918579876423
-0.02906604111194611
-0.02905253320932388
-0.02903860807418823
-0.02902422472834587
-0.02900933288037777
-0.02899389341473579
-0.02897786907851696
-0.02896122820675373
-0.02894394285976887
-0.02892599254846573
-0.02890735864639282
-0.0288880318403244
-0.02886801213026047
-0.02884729392826557
-0.02882589399814606
-0.02880381979048252
-0.02878109365701675
-0.02875774353742599
-0.02873379923403263
-0.0287092924118042
-0.02868425659835339
-0.02865873649716377
-0.02863277308642864
-0.02860640548169613
-0.02857968024909496
-0.02855263650417328
-0.02852531895041466
-0.02849776297807693
-0.02847000956535339
-0.02844209223985672
-0.02841404639184475
-0.02838590554893017
-0.02835769951343536
-0.02832945622503757
-0.02830119989812374
-0.02827296033501625
-0.02824475429952145
-0.02821661345660686
-0.02818855829536915
-0.02816061675548553
-0.02813281118869781
-0.02810517512261868
-0.02807773649692535
-0.02805053256452084
-0.0280236043035984
-0.02799698524177074
-0.02797072008252144
-0.02794484235346317
-0.02791940420866013
-0.02789445221424103
-0.02787003107368946
-0.02784619107842445
-0.02782297506928444
-0.02780042216181755
-0.02777857519686222
-0.02775746956467628
-0.02773713693022728
-0.02771759778261185
-0.02769886702299118
-0.02768095582723618
-0.02766386419534683
-0.02764757908880711
-0.0276320818811655
-0.02761734835803509
-0.02760333567857742
-0.02758999355137348
-0.02757726795971394
-0.02756508812308311
-0.02755337953567505
-0.02754206582903862
-0.02753105945885181
-0.02752027101814747
-0.02750960364937782
-0.02749896794557571
-0.02748826704919338
-0.02747741155326366
-0.02746631763875484
-0.02745490148663521
-0.02744308486580849
-0.02743081003427505
-0.02741801738739014
-0.02740465849637985
-0.02739069983363152
-0.02737611718475819
-0.02736089564859867
-0.02734503336250782
-0.02732854150235653
-0.02731144241988659
-0.02729376591742039
-0.0272755604237318
-0.02725686691701412
-0.02723774872720242
-0.02721826359629631
-0.02719848230481148
-0.02717848122119904
-0.02715833485126495
-0.02713812328875065
-0.02711792849004269
-0.02709782309830189
-0.02707787975668907
-0.02705816924571991
-0.02703875303268433
-0.02701968885958195
-0.02700103260576725
-0.02698281593620777
-0.02696508169174194
-0.02694785036146641
-0.02693114057183266
-0.02691495418548584
-0.02689929120242596
-0.02688413858413696
-0.02686947397887707
-0.02685526944696903
-0.02684149518609047
-0.02682810463011265
-0.02681505307555199
-0.02680228464305401
-0.02678974159061909
-0.02677736803889275
-0.02676510624587536
-0.02675289660692215
-0.02674067765474319
-0.02672839164733887
-0.02671598456799984
-0.02670340612530708
-0.02669060789048672
-0.02667755074799061
-0.02666420303285122
-0.02665053866803646
-0.02663653902709484
-0.02662219293415546
-0.02660750038921833
-0.02659246884286404
-0.02657710947096348
-0.02656144089996815
-0.02654549665749073
-0.02652931027114391
-0.02651292644441128
-0.02649638801813126
-0.02647974714636803
-0.02646305784583092
-0.02644637413322926
-0.02642975002527237
-0.02641324140131474
-0.02639689669013023
-0.0263807624578476
-0.02636488154530525
-0.02634929306805134
-0.02633402869105339
-0.02631910890340805
-0.02630454674363136
-0.02629034966230392
-0.02627651952207088
-0.02626304142177105
-0.02624989859759808
-0.02623706869781017
-0.02622451446950436
-0.02621219679713249
-0.02620007656514645
-0.02618810534477234
-0.02617623656988144
-0.02616441622376442
-0.02615259774029255
-0.0261407345533371
-0.02612878754734993
-0.02611671388149261
-0.02610448747873306
-0.02609208412468433
-0.02607947774231434
-0.02606666088104248
-0.02605363912880421
-0.02604041621088982
-0.0260270070284605
-0.02601343020796776
-0.02599971927702427
-0.02598589845001698
-0.02597200497984886
-0.02595807798206806
-0.02594415470957756
-0.02593027614057064
-0.02591647952795029
-0.02590279839932919
-0.02588926069438457
-0.02587589249014854
-0.02586271427571774
-0.02584973536431789
-0.02583696506917477
-0.02582439780235291
-0.02581202611327171
-0.0257998388260603
-0.02578781731426716
-0.02577593363821507
-0.02576415799558163
-0.02575245499610901
-0.02574079297482967
-0.02572913095355034
-0.02571743726730347
-0.02570567652583122
-0.02569382078945637
-0.02568184584379196
-0.02566972561180592
-0.02565744519233704
-0.02564499154686928
-0.02563237026333809
-0.02561958134174347
-0.02560663223266602
-0.02559354342520237
-0.02558033354580402
-0.02556703053414822
-0.02555366419255733
-0.02554026804864407
-0.02552688121795654
-0.02551354095339775
-0.02550028450787067
-0.02548714354634285
-0.02547415159642696
-0.02546134032309055
-0.02544873207807541
-0.02543635293841362
-0.02542421594262123
-0.02541233040392399
-0.02540070004761219
-0.02538932673633099
-0.02537820301949978
-0.02536731958389282
-0.02535666525363922
-0.02534621953964233
-0.02533597312867641
-0.02532589994370937
-0.02531598508358002
-0.02530621364712715
-0.02529657073318958
-0.02528704144060612
-0.02527761273086071
-0.02526828646659851
-0.02525905705988407
-0.02524992823600769
-0.02524090744554996
-0.02523200213909149
-0.02522322721779346
-0.02521459944546223
-0.02520613931119442
-0.02519786357879639
-0.02518979832530022
-0.0251819659024477
-0.02517439052462578
-0.02516709268093109
-0.02516009844839573
-0.02515342831611633
-0.02514709532260895
-0.02514111995697021
-0.02513551153242588
-0.02513028495013714
-0.02512544766068459
-0.02512099966406822
-0.02511694096028805
-0.02511327154934406
-0.02510998025536537
-0.02510706149041653
-0.02510450407862663
-0.02510229125618935
-0.02510041370987892
-0.02509885281324387
-0.02509758993983269
-0.02509660646319389
-0.02509588375687599
-0.02509540505707264
-0.02509515173733234
-0.02509510330855846
-0.02509523928165436
-0.02509554475545883
-0.02509599737823009
-0.02509657479822636
-0.02509726211428642
-0.02509803883731365
-0.02509887889027596
-0.02509975805878639
-0.02510065585374832
-0.02510153874754906
-0.02510238252580166
-0.02510316111147404
-0.02510384097695351
-0.02510439045727253
-0.02510477602481842
-0.02510496787726879
-0.02510493248701096
-0.02510464005172253
-0.02510406263172626
-0.02510316669940948
-0.0251019261777401
-0.02510031498968601
-0.02509830892086029
-0.02509588748216629
-0.02509303018450737
-0.02508972398936749
-0.02508595027029514
-0.02508170157670975
-0.025076974183321
-0.02507176250219345
-0.0250660665333271
-0.02505989000201225
-0.0250532478094101
-0.02504615113139153
-0.02503861486911774
-0.02503065764904022
-0.02502230368554592
-0.02501357533037663
-0.02500450238585472
-0.0249951109290123
-0.02498543635010719
-0.02497551403939724
-0.02496538311243057
-0.02495507523417473
-0.02494463324546814
-0.02493409812450409
-0.02492351084947586
-0.02491290867328644
-0.02490233816206455
-0.02489183656871319
-0.02488144487142563
-0.02487120591104031
-0.02486115135252476
-0.02485131658613682
-0.02484173141419888
-0.02483242377638817
-0.02482341974973679
-0.02481473796069622
-0.02480639517307281
-0.02479839324951172
-0.02479074522852898
-0.02478345297276974
-0.0247765127569437
-0.02476990967988968
-0.02476363256573677
-0.02475765720009804
-0.02475195750594139
-0.02474651113152504
-0.02474128268659115
-0.02473623491823673
-0.02473132871091366
-0.02472652122378349
-0.0247217733412981
-0.02471704035997391
-0.02471227757632732
-0.02470744214951992
-0.02470249123871326
-0.02469738759100437
-0.02469208836555481
-0.02468655817210674
-0.02468075789511204
-0.02467465586960316
-0.02466822229325771
-0.02466144226491451
-0.02465429157018661
-0.02464675530791283
-0.0246388241648674
-0.02463049069046974
-0.02462175488471985
-0.02461261488497257
-0.02460307441651821
-0.02459314465522766
-0.02458283677697182
-0.02457217127084732
-0.02456116676330566
-0.02454984188079834
-0.02453822270035744
-0.02452633157372475
-0.02451419457793236
-0.02450183779001236
-0.02448928356170654
-0.024476557970047
-0.02446367964148521
-0.02445067279040813
-0.02443755231797695
-0.02442432753741741
-0.02441100776195526
-0.02439759112894535
-0.02438407763838768
-0.0243704617023468
-0.02435672841966152
-0.02434285916388035
-0.02432883158326149
-0.02431461587548256
-0.02430018223822117
-0.02428549341857433
-0.02427051216363907
-0.02425519935786724
-0.02423951402306557
-0.02422340773046017
-0.02420683950185776
-0.02418977208435535
-0.02417215891182423
-0.02415396645665169
-0.0241351593285799
-0.02411570399999619
-0.02409557811915874
-0.02407476305961609
-0.02405324578285217
-0.02403101697564125
-0.02400807477533817
-0.02398442104458809
-0.02396006882190704
-0.02393504045903683
-0.02390935644507408
-0.02388305775821209
-0.02385617606341839
-0.02382876165211201
-0.02380085736513138
-0.02377251721918583
-0.02374379709362984
-0.02371476031839848
-0.02368546463549137
-0.0236559733748436
-0.02362635545432568
-0.02359667047858238
-0.02356698177754879
-0.02353735081851482
-0.02350784093141556
-0.02347850613296032
-0.02344939857721329
-0.02342057041823864
-0.02339206635951996
-0.02336392551660538
-0.02333618700504303
-0.0233088806271553
-0.02328203245997429
-0.02325566299259663
-0.02322979457676411
-0.02320444211363792
-0.02317960560321808
-0.02315530180931091
-0.02313152700662613
-0.02310828305780888
-0.0230855718255043
-0.02306338399648666
-0.02304171770811081
-0.0230205561965704
-0.02299988828599453
-0.02297970466315746
-0.022959990426898
-0.02294072322547436
-0.02292189002037048
-0.02290346845984459
-0.02288543619215488
-0.02286776900291443
-0.02285044081509113
-0.02283342368900776
-0.02281668409705162
-0.02280019223690033
-0.02278391644358635
-0.02276781760156155
-0.02275185659527779
-0.02273599617183208
-0.02272019349038601
-0.02270440757274628
-0.02268859185278416
-0.02267270348966122
-0.02265669777989388
-0.02264053001999855
-0.02262416481971741
-0.02260755561292171
-0.02259066700935364
-0.02257346920669079
-0.02255593240261078
-0.02253803238272667
-0.02251975238323212
-0.02250108309090137
-0.02248202078044415
-0.02246256172657013
-0.02244272641837597
-0.02242253348231316
-0.02240200340747833
-0.02238116972148418
-0.02236007899045944
-0.02233877032995224
-0.02231729961931705
-0.02229572087526321
-0.02227409183979034
-0.02225247770547867
-0.02223094366490841
-0.02220954559743404
-0.02218834683299065
-0.02216740511357784
-0.02214677073061466
-0.02212649956345558
-0.02210662886500359
-0.02208719216287136
-0.022068215534091
-0.02204971387982368
-0.02203169465065002
-0.02201415412127972
-0.02199708484113216
-0.02198046259582043
-0.02196426317095757
-0.0219484455883503
-0.02193296886980534
-0.02191778458654881
-0.02190283127129078
-0.02188805676996708
-0.02187339961528778
-0.02185879833996296
-0.02184418961405754
-0.02182951383292675
-0.02181472070515156
-0.02179975807666779
-0.0217845793813467
-0.02176914736628532
-0.02175343781709671
-0.02173742465674877
-0.02172110043466091
-0.02170446515083313
-0.02168752811849117
-0.02167030051350594
-0.02165280841290951
-0.02163508348166943
-0.02161716297268867
-0.02159908786416054
-0.02158090658485889
-0.02156267128884792
-0.0215444304049015
-0.02152623422443867
-0.02150813490152359
-0.021490179002285
-0.02147240936756134
-0.02145486697554588
-0.02143758721649647
-0.02142059057950974
-0.02140390127897263
-0.02138753607869148
-0.0213715024292469
-0.02135580219328403
-0.02134043164551258
-0.02132537961006165
-0.02131062932312489
-0.02129616588354111
-0.02128196507692337
-0.02126799710094929
-0.02125423587858677
-0.02124064974486828
-0.02122720703482628
-0.02121388539671898
-0.02120065316557884
-0.02118748798966408
-0.02117436565458775
-0.0211612693965435
-0.02114818431437016
-0.02113509736955166
-0.02112201042473316
-0.02110891789197922
-0.02109582349658012
-0.02108273468911648
-0.02106966078281403
-0.02105661667883396
-0.02104362100362778
-0.02103068679571152
-0.02101783268153667
-0.02100507915019989
-0.02099244855344296
-0.02097996138036251
-0.0209676343947649
-0.02095548622310162
-0.02094353176653385
-0.02093178778886795
-0.02092026546597481
-0.02090897411108017
-0.02089791558682919
-0.02088708989322186
-0.02087649144232273
-0.02086611278355122
-0.02085594087839127
-0.02084596268832684
-0.02083616331219673
-0.02082651667296886
-0.02081700041890144
-0.02080758288502693
-0.02079823613166809
-0.02078893221914768
-0.02077963761985302
-0.02077032066881657
-0.02076094970107079
-0.02075149491429329
-0.02074193023145199
-0.02073222585022449
-0.02072236128151417
-0.02071231417357922
-0.02070206589996815
-0.02069160714745522
-0.02068093046545982
-0.02067003212869167
-0.02065891772508621
-0.02064759284257889
-0.0206360686570406
-0.02062436006963253
-0.02061249129474163
-0.02060048654675484
-0.02058837376534939
-0.02057617902755737
-0.02056393586099148
-0.02055167593061924
-0.02053942903876305
-0.02052722871303558
-0.02051510289311409
-0.02050307393074036
-0.02049116231501102
-0.02047938480973244
-0.02046776004135609
-0.02045628987252712
-0.02044497989118099
-0.02043383195996284
-0.02042283862829208
-0.02041199058294296
-0.02040127478539944
-0.02039067633450031
-0.0203801766037941
-0.0203697606921196
-0.02035940811038017
-0.02034910395741463
-0.02033882401883602
-0.02032855525612831
-0.02031828090548515
-0.0203079879283905
-0.02029767446219921
-0.02028732933104038
-0.02027695067226887
-0.02026653662323952
-0.02025608718395233
-0.02024560607969761
-0.0202350951731205
-0.02022456005215645
-0.02021400444209576
-0.02020343579351902
-0.02019285783171654
-0.02018227614462376
-0.02017169445753098
-0.02016111649572849
-0.02015054598450661
-0.02013998478651047
-0.02012943476438522
-0.02011889219284058
-0.02010835707187653
-0.02009782381355762
-0.02008729614317417
-0.02007676847279072
-0.02006623707711697
-0.02005569823086262
-0.02004515193402767
-0.02003459632396698
-0.02002403326332569
-0.02001345902681351
-0.02000288106501102
-0.01999229751527309
-0.01998171396553516
-0.01997113600373268
-0.01996056735515594
-0.01995001919567585
-0.01993949711322784
-0.01992900483310223
-0.01991854980587959
-0.01990813575685024
-0.01989776641130447
-0.01988744921982288
-0.01987718231976032
-0.01986696757376194
-0.01985680870711803
-0.01984669640660286
-0.01983663253486156
-0.01982660964131355
-0.01981661841273308
-0.01980665139853954
-0.01979670487344265
-0.0197867639362812
-0.01977682113647461
-0.01976686716079712
-0.01975689642131329
