0
0
0
0
0
0
0
0
0
0
0
0
0
0
0
0
0
0
0
0
0
0
0
0
0
0
0
0
0
0
0
0
0
0
0
0
0
0
0
0
0
0
0
0
0
0
0
0
0
0
0
0
0
0
0
0
0
0
0
0
0
0
0
0
0
0
0
0
0
0
0
0
0
0
0
0
0
0
0
0
0
0
0
0
0
0
0
0
0
0
0
0
0
0
0
0
0
0
0
0
0
0
0
0
0
0
0
0
0
0
0
0
0
0
0
0
0
0
0
0
0
0
0
0
0
0
0
0
0
0
0
0
0
0
0
0
0
0
0
0
0
0
0
0
0
0
0
0
0
0
0
0
0
0
0
0
0
0
0
0
0
0
0
0
0
0
0
0
0
0
0
0
0
0
0
0
0
0
0
0
0
0
0
0
0
0
0
0
0
0
0
0
0
0
0
0
0
0
0
0
0
0
0
0
0
0
0
0
0
0
0
0
0
0
0
0
0
0
0
0
0
0
0
0
0
0
0
0
0
0
0
0
0
0
0
0
0
0
0
0
0
0
0
0
0
0
0
0
0
0
0
0
0
0
0
0
0
0
0
0
0
0
0
0
0
0
0
0
0
0
0
0
0
0
0
0
0
0
0
0
0
0
0
0
0
0
0
0
0
0
0
0
0
0
0
0
0
0
0
0
0
0
0
0
0
0
0
0
0
0
0
0
0
0
0
0
0
0
0
0
0
0
0
0
0
0
0
0
0
0
0
0
0
0
0
0
0
0
0
0
0
0
0
0
0
0
0
0
0
0
0
0
0
0
0
0
0
0
0
0
0
0
0
0
0
0
0
0
0
0
0
0
0
0
0
0
0
0
0
0
0
0
0
0
0
0
0
0
0
0
0
0
0
0
0
0
0
0
0
0
0
0
0
0
0
0
0
0
0
0
0
0
0
0
0
0
0
0
0
0
0
0
0
0
0
0
0
0
0
0
0
0
0
0
0
0
0
0
0
0
0
0
0
0
0
0
0
0
0
0
0
0
0
0
0
0
0
0
0
0
0
0
0
0
0
0
0
0
0
0
0
0
0
0
0
0
0
0
0
0
0
0
0
0
0
0
0
0
0
0
0
0
0
0
0
0
0
0
0
0
0
0
0
0
0
0
0
0
0
0
0
0
0
0
0
0
0
0
0
0
0
0
0
0
0
0
0
0
0
0
0
0
0
0
0
0
0
0
0
0
0
0
0
0
0
0
0
0
0
0
0
0
0
0
0
0
0
0
0
0
0
0
0
0
0
0
0
0
0
0
0
0
0
0
0
0
0
0
0
0
0
0
0
0
0
0
0
0
0
0
0
0
0
0
0
0
0
0
0
0
0
0
0
0
0
0
0
0
0
0
0
0
0
0
0
0
0
0
0
0
0
0
0
0
0
0
0
0
0
0
0
0
0
0
0
0
0
0
0
0
0
0
0
0
0
0
0
0
0
0
0
0
0
0
0
0
0
0
0
0
0
0
0
0
0
0
0
0
0
0
0
0
0
0
0
0
0
0
0
0
0
0
0
0
0
0
0
0
0
0
0
0
0
0
0
0
0
0
0
0
0
0
0
0
0
0
0
0
0
0
0
0
0
0
0
0
0
0
0
0
0
0
0
0
0
0
0
0
0
0
0
0
0
0
0
0
0
0
0
0
0
0
0
0
0
0
0
0
0
0
0
0
0
0
0
0
0
0
0
0
0
0
0
0
0
0
0
0
0
0
0
0
0
0
0
0
0
0
0
0
0
0
0
0
0
0
0
0
0
0
0
0
0
0
0
0
0
0
0
0
0
0
0
0
0
0
0
0
0
0
0
0
0
0
0
0
0
0
0
0
0
0
0
0
0
0
0
0
0
0
0
0
0
0
0
0
0
0
0
0
0
0
0
0
0
0
0
0
0
0
0
0
0
0
0
0
0
0
0
0
0
0
0
0
0
0
0
0
0
0
0
0
0
0
0
0
0
0
0
0
0
0
0
0
0
0
0
0
0
0
0
0
0
0
0
0
0
0
0
0
0
0
0
0
0
0
0
0
0
0
0
0
0
0
0
0
0
0
0
0
0
0
0
0
0
0
0
0
0
0
0
0
0
0
0
0
0
0
0
0
0
0
0
0
0
0
0
0
0
0
0
0
0
0
0
0
0
0
0
0
0
0
0
0
0
0
0
0
0
0
0
0
0
0
0
0
0
0
0
0
0
0
0
0
0
0
0
0
0
0
0
0
0
0
0
0
0
0
2.802596928649634e-45
1.68155815718978e-44
4.764414778704378e-44
1.177090710032846e-43
2.550363205071167e-43
5.324934164434305e-43
1.078999817530109e-42
2.132776262702372e-42
4.189882408331203e-42
8.190589523978556e-42
1.594957912094507e-41
3.094627528614926e-41
5.984104962052699e-41
1.153534882847546e-40
2.216840157577217e-40
4.247363671337807e-40
8.11368626425641e-40
1.545375768531302e-39
2.934809438758681e-39
5.557297475788646e-39
1.049279678400244e-38
1.975458649825867e-38
3.708508920385728e-38
6.942091446800645e-38
1.295824522577122e-37
2.411970968734448e-37
4.476853984528651e-37
8.286171531710766e-37
1.529395708366161e-36
2.814981985630519e-36
5.166852630897377e-36
9.457494900838409e-36
1.726355942694537e-35
3.142631915484946e-35
5.705191807150152e-35
1.03291641400027e-34
1.865016952112453e-34
3.358363023892794e-34
6.031205293034876e-34
1.080231094770199e-33
1.929610711073248e-33
3.437695760097347e-33
6.10821394833816e-33
1.082465948303402e-32
1.913249886824916e-32
3.372800978155471e-32
5.930282601063655e-32
1.039991472970515e-31
1.81910571976191e-31
3.173684519042141e-31
5.522695804089763e-31
9.585704100729558e-31
1.659534336468294e-30
2.865771720186055e-30
4.936212238085979e-30
8.480992001182713e-30
1.453462315062928e-29
2.484670959739862e-29
4.236872844883478e-29
7.206710684981728e-29
1.222777375404452e-28
2.069568447793309e-28
3.494118883087029e-28
5.884702056234532e-28
9.886524480128716e-28
1.65690796084946e-27
2.770078520521772e-27
4.619851417118103e-27
7.686157607572065e-27
1.275672362436742e-26
2.11213070030334e-26
3.488648606488087e-26
5.748461463819788e-26
9.449459100041727e-26
1.549623817593216e-25
2.535202227192092e-25
4.137792384633143e-25
6.737481525636724e-25
1.094465619903632e-24
1.773720416016199e-24
2.867804030026478e-24
4.625916635817653e-24
7.444454330160816e-24
1.195246308191871e-23
1.914582456366948e-23
3.059746904471686e-23
4.878589099304306e-23
7.760735330562516e-23
1.23172565036366e-22
1.950428548335681e-22
3.081438370554729e-22
4.85720819198243e-22
7.638926119118764e-22
1.19865013886826e-21
1.876590889927956e-21
2.931338259399698e-21
4.568607380422736e-21
7.104368322295256e-21
1.102283112829692e-20
1.706432083107555e-20
2.635816353337765e-20
4.06231597687317e-20
6.246932609485821e-20
9.585097519625991e-20
1.467455242055724e-19
2.241680915015843e-19
3.416844779042565e-19
5.196623128623911e-19
7.886123342157654e-19
1.194137164230793e-18
1.804242836583061e-18
2.72011747672678e-18
4.091985148912554e-18
6.142369845626335e-18
9.200152581359765e-18
1.375032506568432e-17
2.050649394509798e-17
3.051631407108179e-17
4.531442302842275e-17
6.714384512515026e-17
9.927565616743792e-17
1.464696783930425e-16
2.156366550952647e-16
3.167879929325034e-16
4.643950777550308e-16
6.793296881208095e-16
9.916285652515427e-16
1.444422838579656e-15
2.099508802623712e-15
3.04523231141969e-15
4.407615562134794e-15
6.366031122119042e-15
9.17522775014919e-15
1.319620580614734e-14
1.893941275511735e-14
2.712503243123155e-14
3.876692261477188e-14
5.528926586852688e-14
7.868821561137981e-14
1.117555077341861e-13
1.583869483050976e-13
2.240072005926103e-13
3.161531637613929e-13
4.452735923032858e-13
6.258222022201276e-13
8.777490995322268e-13
1.228530406745254e-12
1.715925036609167e-12
2.391708142299165e-12
3.326719325361105e-12
4.617669961681781e-12
6.396301023559037e-12
8.841678257598407e-12
1.219665687890448e-11
1.678988545417148e-11
2.306512446315079e-11
3.162026543379604e-11
4.325906993729589e-11
5.905968769592818e-11
8.046512761650249e-11
1.094024454362241e-10
1.484394829276425e-10
2.00990252219313e-10
2.715838387512548e-10
3.66215141545112e-10
4.928016883454234e-10
6.617769665595574e-10
8.868591416799632e-10
1.186044817913512e-09
1.582890929441305e-09
2.108162755476428e-09
2.801949561259676e-09
3.716373875306545e-09
4.919048279816707e-09
6.497482107903352e-09
8.564679632172556e-09
1.126623239144919e-08
1.478929512188643e-08
1.937389448869453e-08
2.532716791847633e-08
3.304120710367897e-08
4.301541878248827e-08
5.588442064663468e-08
7.245277799938776e-08
9.373812304147577e-08
1.210245699212464e-07
1.55928702838537e-07
2.004808692390725e-07
2.572250252796948e-07
3.293410770766059e-07
4.207943220535526e-07
5.365176889426948e-07
6.826330150033755e-07
8.667190058986307e-07
1.098135271604406e-06
1.388412670166872e-06
1.751721356413327e-06
2.205433020208147e-06
2.770789478745428e-06
3.473700189715601e-06
4.345689376350492e-06
5.42501447853283e-06
6.757984010619111e-06
8.400508704653475e-06
1.041991708916612e-05
1.289707506657578e-05
1.592885200807359e-05
1.963097020052373e-05
2.41413144976832e-05
2.962372309411876e-05
3.627234036684968e-05
4.431658089742996e-05
5.402677925303578e-05
6.57206037431024e-05
7.977024506544694e-05
9.661049989517778e-05
0.0001167478621937335
0.0001407705567544326
0.0001693596423137933
0.0002033011987805367
0.0002434998750686646
0.00029099325183779
0.0003469676012173295
0.0004127749125473201
0.0004899505875073373
0.0005802325322292745
0.0006855810061097145
0.0008081991109065711
0.000950553803704679
0.001115396968089044
0.001305786776356399
0.00152510788757354
0.001777090947143734
0.002065831096842885
0.002395802643150091
0.002771872794255614
0.003199309110641479
0.00368378683924675
0.004231385886669159
0.004848582670092583
0.005542238242924213
0.006319573149085045
0.007188137620687485
0.008155764080584049
0.009230518713593483
0.01042062789201736
0.01173440739512444
0.01318016462028027
0.01476609893143177
0.01650017313659191
0.0183899886906147
0.02044263854622841
0.02266454696655273
0.02506130747497082
0.02763750404119492
0.03039652667939663
0.03334040194749832
0.03646958991885185
0.0397828109562397
0.04327689483761787
0.04694660380482674
0.05078449472784996
0.05478082224726677
0.05892342329025269
0.06319771707057953
0.06758665293455124
0.07207078486680984
0.07662831991910934
0.08123528957366943
0.08586572855710983
0.09049194306135178
0.09508481621742249
0.09961418062448502
0.1040492281317711
0.1083590015769005
0.1125128716230392
0.116481140255928
0.1202355399727821
0.1237498968839645
0.1270006000995636
0.1299672573804855
0.1326331794261932
0.1349858492612839
0.1370173990726471
0.1387248784303665
0.1401104927062988
0.1411817818880081
0.1419516205787659
0.142438068985939
0.1426641941070557
0.1426576375961304
0.142450138926506
0.1420769095420837
0.1415759325027466
0.1409870386123657
0.1403510719537735
0.1397088915109634
0.1391003876924515
0.1385634392499924
0.1381330192089081
0.1378401815891266
0.1377113163471222
0.137767419219017
0.1380235254764557
0.1384882479906082
0.1391636282205582
0.1400450617074966
0.1411215215921402
0.1423759013414383
0.1437855660915375
0.1453232020139694
0.146957665681839
0.1486550569534302
0.150379866361618
0.1520961672067642
0.153768852353096
0.1553649008274078
0.1568543612957001
0.1582115441560745
0.1594157963991165
0.1604521125555038
0.1613117605447769
0.1619924008846283
0.1624981015920639
0.1628390103578568
0.1630309820175171
0.1630947291851044
0.1630550473928452
0.1629396080970764
0.162777841091156
0.1625997573137283
0.1624346822500229
0.1623100638389587
0.1622502952814102
0.1622758805751801
0.1624026298522949
0.1626411229372025
0.1629963219165802
0.1634676158428192
0.1640489995479584
0.1647294461727142
0.1654936373233795
0.1663227379322052
0.1671954393386841
0.1680890172719955
0.1689805090427399
0.1698477119207382
0.1706703156232834
0.171430766582489
0.1721150875091553
0.172713428735733
0.1732204109430313
0.1736352443695068
0.1739615499973297
0.1742070615291595
0.1743830889463425
0.1745037436485291
0.174585148692131
0.1746444851160049
0.1746990531682968
0.1747652888298035
0.1748580187559128
0.1749896854162216
0.1751697361469269
0.1754042655229568
0.1756957918405533
0.1760433167219162
0.1764425039291382
0.1768860816955566
0.1773643642663956
0.1778659373521805
0.1783783733844757
0.1788889467716217
0.1793854534626007
0.1798567324876785
0.1802934408187866
0.1806883215904236
0.1810365617275238
0.1813359409570694
0.1815866678953171
0.181791290640831
0.1819542944431305
0.1820815354585648
0.1821798980236053
0.1822564601898193
0.1823180615901947
0.1823706328868866
0.1824187487363815
0.1824651807546616
0.1825105547904968
0.1825533360242844
0.1825896352529526
0.1826133877038956
0.1826165169477463
0.1825893670320511
0.1825210154056549
0.1823997348546982
0.1822134405374527
0.1819502413272858
0.1815987229347229
0.181148424744606
0.1805900633335114
0.1799157857894897
0.1791192591190338
0.1781957149505615
0.177141934633255
0.175956130027771
0.1746378988027573
0.1731879711151123
0.171608179807663
0.1699013113975525
0.1680710017681122
0.1661217510700226
0.1640589833259583
0.1618890315294266
0.1596192866563797
0.1572583317756653
0.1548161655664444
0.1523043513298035
0.1497361361980438
0.1471264362335205
0.1444920152425766
0.1418513059616089
0.1392242312431335
0.1366319507360458
0.1340964883565903
0.1316402107477188
0.1292853504419327
0.1270533204078674
0.1249640733003616
0.1230354309082031
0.1212824210524559
0.1197166964411736
0.1183460503816605
0.117173969745636
0.1161993891000748
0.115416593849659
0.1148151904344559
0.114380419254303
0.1140934303402901
0.1139319017529488
0.1138706356287003
0.113882377743721
0.113938681781292
0.1140108555555344
0.1140709072351456
0.1140924543142319
0.1140516325831413
0.1139278784394264
0.113704614341259
0.1133698150515556
0.1129163056612015
0.1123419851064682
0.111649826169014
0.1108476221561432
0.1099475771188736
0.108965776860714
0.1079214364290237
0.1068359911441803
0.1057322397828102
0.104633241891861
0.1035614013671875
0.1025374680757523
0.1015796437859535
0.1007027998566628
0.09991791844367981
0.09923161566257477
0.09864599257707596
0.09815859794616699
0.09776268899440765
0.09744766354560852
0.09719967842102051
0.09700239449739456
0.09683795273303986
0.09668786823749542
0.09653409570455551
0.09635984897613525
0.09615051001310349
0.09589435160160065
0.09558308869600296
0.0952121764421463
0.09478092193603516
0.09429240226745605
0.0937531441450119
0.09317255765199661
0.09256231784820557
0.09193553775548935
0.0913059189915657
0.09068688750267029
0.09009075909852982
0.08952808380126953
0.08900696784257889
0.08853273093700409
0.08810767531394958
0.08773107081651688
0.08739931881427765
0.0871063768863678
0.08684422820806503
0.08660353720188141
0.08637430518865585
0.08614663779735565
0.08591137826442719
0.0856606662273407
0.08538845181465149
0.08509082347154617
0.08476613461971283
0.08441498130559921
0.0840400755405426
0.08364586532115936
0.0832381546497345
0.08282355964183807
0.08240898698568344
0.08200107514858246
0.08160576224327087
0.08122782409191132
0.0808706134557724
0.0805358812212944
0.08022371679544449
0.07993268966674805
0.07966000586748123
0.07940186560153961
0.07915377616882324
0.07891098409891129
0.07866886258125305
0.07842325419187546
0.07817081362009048
0.07790916413068771
0.07763709127902985
0.07735447585582733
0.07706231623888016
0.07676248997449875
0.07645754516124725
0.07615045458078384
0.07584433257579803
0.0755421444773674
0.07524645328521729
0.07495924830436707
0.07468180358409882
0.07441458851099014
0.07415736466646194
0.07390915602445602
0.07366847991943359
0.07343345880508423
0.07320205122232437
0.07297219336032867
0.07274205982685089
0.07251013815402985
0.07227538526058197
0.07203727215528488
0.07179576903581619
0.07155131548643112
0.07130476832389832
0.07105726003646851
0.07081005722284317
0.07056442648172379
0.07032155245542526
0.0700824111700058
0.06984767317771912
0.06961766630411148
0.06939240545034409
0.06917159259319305
0.06895466148853302
0.06874087452888489
0.0685293972492218
0.06831937283277512
0.06811006367206573
0.06790080666542053
0.06769119203090668
0.06748098880052567
0.0672701969742775
0.06705901026725769
0.0668477863073349
0.06663697957992554
0.066427081823349
0.06621862202882767
0.06601200252771378
0.06580757349729538
0.0656055361032486
0.06540592759847641
0.06520869582891464
0.06501363217830658
0.06482046842575073
0.06462886929512024
0.06443849205970764
0.06424901634454727
0.06406015902757645
0.06387169659137726
0.06368351727724075
0.06349556148052216
0.06330785900354385
0.06312049925327301
0.06293358653783798
0.0627472773194313
0.06256169080734253
0.06237690523266792
0.06219294667243958
0.0620097890496254
0.06182732060551643
0.06164535880088806
0.06146366149187088
0.06128193438053131
0.0610998272895813
0.0609169639647007
0.06073294207453728
0.06054734438657761
0.06035973504185677
0.06016965210437775
0.05997661501169205
0.05978010594844818
0.05957955121994019
0.05937429517507553
0.05916360393166542
0.0589466318488121
0.05872240662574768
0.05848982185125351
0.05824761092662811
0.05799434334039688
0.05772841721773148
0.05744804441928864
0.05715125054121017
0.05683586746454239
0.05649951472878456
0.05613960698246956
0.05575333535671234
0.05533766746520996
0.05488931015133858
0.05440472438931465
0.05388011410832405
0.05331141129136086
0.05269426852464676
0.05202405527234077
0.05129585787653923
0.05050449445843697
0.04964452609419823
0.04871025308966637
0.04769576713442802
0.04659496247768402
0.04540158063173294
0.04410925135016441
0.0427115261554718
0.04120195657014847
0.03957414999604225
0.03782184049487114
0.03593895584344864
0.03391969576478004
0.03175864368677139
0.02945084497332573
0.02699189260601997
0.02437806688249111
0.02160641923546791
0.01867488585412502
0.01558240689337254
0.01232902705669403
0.00891601201146841
0.005345947574824095
0.001622830051928759
-0.002247844589874148
-0.006259008310735226
-0.0104019632562995
-0.01466634403914213
-0.01904010027647018
-0.02350948937237263
-0.02805911749601364
-0.03267198801040649
-0.03732958436012268
-0.04201197996735573
-0.04669797420501709
-0.05136528611183167
-0.05599072948098183
-0.06055046245455742
-0.06502025574445724
-0.06937576085329056
-0.07359281927347183
-0.07764779776334763
-0.08151793479919434
-0.08518169075250626
-0.08861911296844482
-0.09181218594312668
-0.09474516659975052
-0.09740492701530457
-0.09978124499320984
-0.101867102086544
-0.1036588698625565
-0.1051565483212471
-0.1063638627529144
-0.1072883233428001
-0.1079412400722504
-0.1083376780152321
-0.1084962785243988
-0.1084390580654144
-0.1081910952925682
-0.1077802032232285
-0.1072364524006844
-0.1065917015075684
-0.1058790013194084
-0.105132058262825
-0.1043845415115356
-0.1036694645881653
-0.1030184999108315
-0.1024613380432129
-0.102025032043457
-0.1017334386706352
-0.1016067191958427
-0.1016608104109764
-0.1019071266055107
-0.1023522689938545
-0.1029978469014168
-0.1038405150175095
-0.104871965944767
-0.1060792207717896
-0.1074449047446251
-0.1089477464556694
-0.1105631291866302
-0.1122636795043945
-0.114020086824894
-0.1158018782734871
-0.1175781860947609
-0.1193186342716217
-0.1209942176938057
-0.122578002512455
-0.1240459829568863
-0.1253776401281357
-0.1265565901994705
-0.1275709420442581
-0.1284136921167374
-0.1290827691555023
-0.1295811235904694
-0.1299165636301041
-0.1301013827323914
-0.1301519721746445
-0.1300882399082184
-0.1299328804016113
-0.1297105848789215
-0.1294472366571426
-0.1291689723730087
-0.1289013177156448
-0.1286683082580566
-0.1284916400909424
-0.1283900290727615
-0.1283785104751587
-0.128467932343483
-0.1286647021770477
-0.1289704889059067
-0.1293822973966599
-0.1298925876617432
-0.1304895728826523
-0.1311576813459396
-0.1318781524896622
-0.1326297223567963
-0.1333893984556198
-0.1341333240270615
-0.1348375231027603
-0.1354787945747375
-0.1360354274511337
-0.1364878863096237
-0.136819452047348
-0.1370165944099426
-0.1370693296194077
-0.1369713693857193
-0.1367200762033463
-0.1363164037466049
-0.1357644945383072
-0.1350712925195694
-0.1342460662126541
-0.1332997530698776
-0.1322442889213562
-0.1310920119285583
-0.1298549771308899
-0.1285443753004074
-0.1271699219942093
-0.125739648938179
-0.1242594197392464
-0.1227328702807426
-0.1211613491177559
-0.1195440590381622
-0.117878369987011
-0.1161601319909096
-0.1143842414021492
-0.1125451847910881
-0.1106376200914383
-0.1086570546030998
-0.1066004484891891
-0.1044667810201645
-0.1022575050592422
-0.09997696429491043
-0.09763260930776596
-0.09523514658212662
-0.09279845654964447
-0.09033940732479095
-0.08787749707698822
-0.08543439209461212
-0.08303330838680267
-0.08069829642772675
-0.07845356315374374
-0.07632257044315338
-0.07432737946510315
-0.07248780131340027
-0.07082076370716095
-0.06933967024087906
-0.06805398315191269
-0.06696883589029312
-0.06608490645885468
-0.06539833545684814
-0.06490084528923035
-0.0645800456404686
-0.06441978365182877
-0.06440069526433945
-0.06450080126523972
-0.06469617038965225
-0.06496164202690125
-0.06527159363031387
-0.06560058146715164
-0.06592410802841187
-0.06621921807527542
-0.06646504998207092
-0.06664332002401352
-0.06673868000507355
-0.06673900783061981
-0.06663554161787033
-0.0664229691028595
-0.06609941273927689
-0.06566627323627472
-0.06512803584337234
-0.06449202448129654
-0.06376805901527405
-0.06296811252832413
-0.06210587918758392
-0.06119634583592415
-0.06025538593530655
-0.0592992827296257
-0.05834430083632469
-0.0574062243103981
-0.05649999156594276
-0.05563927814364433
-0.05483614653348923
-0.05410075932741165
-0.05344110727310181
-0.05286279693245888
-0.05236891284584999
-0.05195995047688484
-0.05163383111357689
-0.05138596892356873
-0.05120942741632462
-0.05109518766403198
-0.05103243514895439
-0.05100893974304199
-0.05101151019334793
-0.05102645978331566
-0.05104010924696922
-0.05103929340839386
-0.05101187899708748
-0.05094721168279648
-0.05083652585744858
-0.05067329108715057
-0.05045343190431595
-0.0501755066215992
-0.04984071850776672
-0.04945283010601997
-0.04901795089244843
-0.0485442653298378
-0.04804158210754395
-0.04752090945839882
-0.04699390009045601
-0.04647230729460716
-0.04596741124987602
-0.04548949748277664
-0.04504738748073578
-0.04464803263545036
-0.04429623484611511
-0.04399443045258522
-0.04374265298247337
-0.04353857785463333
-0.04337770864367485
-0.04325367137789726
-0.04315858706831932
-0.04308352991938591
-0.04301902651786804
-0.04295557364821434
-0.04288415983319283
-0.04279669746756554
-0.04268643260002136
-0.04254827275872231
-0.04237901791930199
-0.04217741638422012
-0.04194419831037521
-0.0416819304227829
-0.04139481484889984
-0.04108835756778717
-0.04076902195811272
-0.04044381156563759
-0.04011983424425125
-0.0398038811981678
-0.03950205817818642
-0.03921942412853241
-0.03895977139472961
-0.03872545063495636
-0.0385172925889492
-0.03833462297916412
-0.03817538172006607
-0.03803632780909538
-0.03791325911879539
-0.0378013551235199
-0.03769547119736671
-0.03759050741791725
-0.03748168796300888
-0.03736485540866852
-0.03723670542240143
-0.03709493577480316
-0.03693835809826851
-0.03676687180995941
-0.03658146038651466
-0.03638402372598648
-0.03617722541093826
-0.03596428036689758
-0.0357486829161644
-0.03553399443626404
-0.03532357886433601
-0.0351204015314579
-0.03492684662342072
-0.03474460169672966
-0.03457457572221756
-0.03441687673330307
-0.03427087143063545
-0.03413525223731995
-0.03400817140936852
-0.03388740867376328
-0.03377053141593933
-0.03365509584546089
-0.03353879228234291
-0.03341962024569511
-0.03329599276185036
-0.03316682577133179
-0.03303157910704613
-0.03289027139544487
-0.0327434241771698
-0.03259199857711792
-0.03243729844689369
-0.03228085860610008
-0.03212430328130722
-0.03196922689676285
-0.03181708604097366
-0.03166909515857697
-0.03152614831924438
-0.0313887856900692
-0.03125715628266335
-0.03113104216754436
-0.03100991807878017
-0.03089298121631145
-0.03077924251556396
-0.030667619779706
-0.03055701032280922
-0.03044638596475124
-0.03033487685024738
-0.03022180125117302
-0.03010672144591808
-0.0299894567579031
-0.02987007796764374
-0.02974888123571873
-0.02962635084986687
-0.0295031052082777
-0.02937983348965645
-0.02925724349915981
-0.02913600578904152
-0.02901668660342693
-0.02889972180128098
-0.02878539077937603
-0.0286737997084856
-0.02856488153338432
-0.02845842763781548
-0.0283541064709425
-0.02825150080025196
-0.02815013192594051
-0.0280495285987854
-0.0279492512345314
-0.02784892357885838
-0.02774826809763908
-0.0276471134275198
-0.02754539623856544
-0.0274431724101305
-0.02734058350324631
-0.02723785676062107
-0.02713526412844658
-0.02703310176730156
-0.02693165652453899
-0.02683119848370552
-0.02673193253576756
-0.02663400210440159
-0.02653747983276844
-0.02644236572086811
-0.02634858712553978
-0.0262560173869133
-0.02616448141634464
-0.02607378736138344
-0.02598373219370842
-0.02589412964880466
-0.02580481395125389
-0.02571566961705685
-0.02562661655247211
-0.02553762868046761
-0.02544872462749481
-0.02535996213555336
-0.02527143806219101
-0.02518325857818127
-0.02509554661810398
-0.02500841580331326
-0.02492197044193745
-0.02483628503978252
-0.02475140430033207
-0.02466734871268272
-0.02458410337567329
-0.02450163103640079
-0.024419866502285
-0.02433873526751995
-0.02425815351307392
-0.0241780411452055
-0.02409832738339901
-0.02401894889771938
-0.02393987029790878
-0.02386107109487057
-0.02378254942595959
-0.02370432019233704
-0.0236264169216156
-0.02354887500405312
-0.02347174286842346
-0.02339506335556507
-0.02331887744367123
-0.02324321679770947
-0.02316810004413128
-0.02309353090822697
-0.02301950380206108
-0.02294600382447243
-0.02287300303578377
-0.02280046977102757
-0.02272837236523628
-0.02265667729079723
-0.02258535102009773
-0.02251437306404114
-0.02244372852146626
-0.02237340807914734
-0.02230340801179409
-0.02223373390734196
-0.02216439880430698
-0.02209541760385036
-0.02202680148184299
-0.02195856720209122
-0.02189072966575623
-0.02182329818606377
-0.02175627648830414
-0.02168966457247734
-0.02162345498800278
-0.02155763655900955
-0.02149219624698162
-0.02142711915075779
-0.02136239036917686
-0.0212979968637228
-0.0212339274585247
-0.02117016911506653
-0.02110671810805798
-0.02104357071220875
-0.0209807213395834
-0.02091816999018192
-0.02085591852664948
-0.0207939688116312
-0.02073232084512711
-0.02067096903920174
-0.02060991525650024
-0.02054915018379688
-0.0204886682331562
-0.02042846009135246
-0.02036851085722446
-0.02030880004167557
-0.02024930343031883
-0.02019000239670277
-0.02013087272644043
-0.02007188834249973
-0.02001302316784859
-0.01995424367487431
-0.01989551819860935
-0.01983681134879589
-0.01977808587253094
-0.01971930079162121
-0.01966040581464767
-0.01960135437548161
-0.01954208500683308
-0.01948253437876701
-0.0194226335734129
-0.01936230435967445
-0.01930146478116512
-0.01924002356827259
-0.01917789317667484
-0.01911497302353382
-0.01905116066336632
-0.01898634806275368
-0.01892042905092239
-0.01885329373180866
-0.01878483407199383
-0.01871494017541409
-0.01864350587129593
-0.0185704305768013
-0.01849561557173729
-0.01841897703707218
-0.01834043860435486
-0.01825993880629539
-0.01817743480205536
-0.01809290051460266
-0.018006332218647
-0.01791775040328503
-0.01782719418406487
-0.01773474551737309
-0.01764050871133804
-0.01754461787641048
-0.01744724065065384
-0.01734857819974422
-0.017248859629035
-0.01714835315942764
-0.01704734563827515
-0.01694615930318832
-0.01684513501822948
-0.01674462482333183
-0.01664500683546066
-0.01654665358364582
-0.0164499469101429
-0.016355250030756
-0.01626291498541832
-0.01617326773703098
-0.01608659699559212
-0.01600315794348717
-0.01592314802110195
-0.01584671251475811
-0.01577394083142281
-0.01570484787225723
-0.01563938148319721
-0.0155774187296629
-0.01551876869052649
-0.01546317338943481
-0.01541031058877707
-0.01535980403423309
-0.0153112281113863
-0.01526412088423967
-0.01521799433976412
-0.01517234556376934
-0.01512667816132307
-0.01508050784468651
-0.01503338571637869
-0.01498490665107965
-0.01493472512811422
-0.01488256268203259
-0.01482822373509407
-0.01477160025388002
-0.01471267081797123
-0.01465150620788336
-0.01458826754242182
-0.01452319789677858
-0.01445661019533873
-0.01438888814300299
-0.01432045549154282
-0.0142517676576972
-0.01418329495936632
-0.01411550212651491
-0.01404882594943047
-0.01398366130888462
-0.01392034348100424
-0.01385913416743279
-0.01380021311342716
-0.01374366786330938
-0.01368949562311172
-0.01363759953528643
-0.01358779426664114
-0.01353981997817755
-0.01349335256963968
-0.0134480195119977
-0.01340341567993164
-0.0133591266348958
-0.01331474911421537
-0.01326990593224764
-0.01322427019476891
-0.01317757368087769
-0.01312962546944618
-0.01308031380176544
-0.01302961725741625
-0.01297759544104338
-0.01292438805103302
-0.01287020277231932
-0.01281530782580376
-0.01276000868529081
-0.01270463690161705
-0.01264952309429646
-0.01259498670697212
-0.01254131179302931
-0.01248873583972454
-0.01243743672966957
-0.01238752249628305
-0.01233902759850025
-0.01229191571474075
-0.01224607974290848
-0.01220135390758514
-0.01215752214193344
-0.01211434043943882
-0.01207154337316751
-0.01202886551618576
-0.01198606099933386
-0.01194291282445192
-0.01189924869686365
-0.01185495220124722
-0.01180996280163527
-0.01176428142935038
-0.01171796675771475
-0.01167112775146961
-0.01162391528487206
-0.01157650910317898
-0.01152910478413105
-0.01148190349340439
-0.01143508963286877
-0.01138882618397474
-0.01134324073791504
-0.01129841897636652
-0.01125440001487732
-0.01121117547154427
-0.01116869505494833
-0.01112686935812235
-0.01108557730913162
-0.01104467734694481
-0.0110040195286274
-0.01096345763653517
-0.01092285756021738
-0.01088210754096508
-0.01084112655371428
-0.01079986803233624
-0.01075832173228264
-0.01071651000529528
-0.01067449059337378
-0.0106323417276144
-0.01059016119688749
-0.0105480533093214
-0.01050612796097994
-0.01046447828412056
-0.01042318623512983
-0.01038230955600739
-0.01034188363701105
-0.01030191406607628
-0.01026238221675158
-0.01022324524819851
-0.01018444262444973
-0.01014590356498957
-0.0101075517013669
-0.01006930973380804
-0.01003111153841019
-0.009992903098464012
-0.009954645298421383
-0.009916317649185658
-0.009877919219434261
-0.009839467704296112
-0.009800994768738747
-0.009762546978890896
-0.009724171832203865
-0.009685922414064407
-0.009647847153246403
-0.009609988890588284
-0.009572379291057587
-0.00953503604978323
-0.009497964754700661
-0.009461157023906708
-0.009424594230949879
-0.009388245642185211
-0.00935207586735487
-0.009316049516201019
-0.009280131198465824
-0.009244288317859173
-0.009208496659994125
-0.009172739461064339
-0.00913701020181179
-0.009101313538849354
-0.009065660648047924
-0.009030069224536419
-0.008994560688734055
-0.008959159255027771
-0.008923889137804508
-0.008888768032193184
-0.008853815495967865
-0.008819038979709148
-0.008784441277384758
-0.008750021457672119
-0.008715767413377762
-0.008681666105985641
-0.00864769984036684
-0.00861385278403759
-0.008580108173191547
-0.008546452969312668
-0.008512875065207481
-0.008479369804263115
-0.008445935323834419
-0.008412571623921394
-0.008379286155104637
-0.00834608543664217
-0.008312982507050037
-0.00827998761087656
-0.008247110061347485
-0.008214357309043407
-0.008181736804544926
-0.008149248547852039
-0.008116892538964748
-0.00808466412127018
-0.00805255863815546
-0.008020569570362568
-0.007988691329956055
-0.007956916466355324
-0.007925236597657204
-0.007893647998571396
-0.007862147875130177
-0.007830736227333546
-0.007799413520842791
-0.00776818348094821
-0.00773704843595624
-0.007706014905124903
-0.007675088476389647
-0.007644273806363344
-0.007613576948642731
-0.007583002094179392
-0.007552553899586201
-0.007522235624492168
-0.007492049597203732
-0.007462001405656338
-0.007432094309478998
-0.007402334362268448
-0.007372727151960135
-0.007343283388763666
-0.007314014248549938
-0.007284934166818857
-0.007256061304360628
-0.00722741661593318
-0.007199025247246027
-0.007170914206653833
-0.007143116556107998
-0.007115668617188931
-0.007088611833751202
-0.007061991840600967
-0.007035858929157257
-0.007010268978774548
-0.006985283456742764
-0.006960969418287277
-0.006937400903552771
-0.006914659403264523
-0.006892831530421972
-0.006872013211250305
-0.006852306891232729
-0.006833821069449186
-0.006816670298576355
-0.006800975650548935
-0.006786862388253212
-0.006774459034204483
-0.006763897836208344
-0.006755308713763952
-0.006748821586370468
-0.006744561716914177
-0.006742647849023342
-0.006743189878761768
-0.006746283732354641
-0.006752010434865952
-0.006760433316230774
-0.006771590560674667
-0.006785497535020113
-0.006802139803767204
-0.006821469869464636
-0.006843405310064554
-0.006867825519293547
-0.006894572172313929
-0.00692344456911087
-0.006954199634492397
-0.006986553780734539
-0.007020182907581329
-0.007054724730551243
-0.007089782506227493
-0.007124930154532194
-0.007159717381000519
-0.007193677593022585
-0.007226337678730488
-0.007257223594933748
-0.007285874802619219
-0.00731185358017683
-0.007334757130593061
-0.007354226429015398
-0.007369960658252239
-0.007381727453321218
-0.007389368489384651
-0.007392812985926867
-0.00739207910373807
-0.007387280929833651
-0.007378627080470324
-0.007366423029452562
-0.007351062726229429
-0.007333021610975266
-0.007312849164009094
-0.007291152607649565
-0.007268581073731184
-0.00724580604583025
-0.007223503664135933
-0.007202331908047199
-0.007182907778769732
-0.007165788672864437
-0.00715144956484437
-0.007140269037336111
-0.007132509723305702
-0.007128311321139336
-0.007127682212740183
-0.007130496669560671
-0.007136499509215355
-0.007145315874367952
-0.007156465668231249
-0.007169377524405718
-0.007183418143540621
-0.007197914179414511
-0.007212183903902769
-0.007225567009299994
-0.0072374502196908
-0.007247301284223795
-0.007254688534885645
-0.007259305566549301
-0.00726098520681262
-0.007259707432240248
-0.00725560262799263
-0.00724894693121314
-0.007240148726850748
-0.007229730021208525
-0.007218298502266407
-0.007206525187939405
-0.007195104844868183
-0.007184723857790232
-0.00717602763324976
-0.007169590331614017
-0.007165881805121899
-0.007165251765400171
-0.007167911157011986
-0.007173928432166576
-0.007183227688074112
-0.007195599842816591
-0.007210719864815474
-0.007228170055896044
-0.007247470784932375
-0.007268112152814865
-0.007289586123079062
-0.007311422843486071
-0.007333218585699797
-0.007354663219302893
-0.00737555930390954
-0.007395830936729908
-0.007415526546537876
-0.007434815634042025
-0.007453969679772854
-0.007473342586308718
-0.007493341341614723
-0.007514395285397768
-0.007536920718848705
-0.007561288308352232
-0.007587792817503214
-0.007616627961397171
-0.007647867314517498
-0.007681453600525856
-0.007717198226600885
-0.007754788734018803
-0.007793802302330732
-0.007833733223378658
-0.007874013856053352
-0.007914053276181221
-0.007953262887895107
-0.007991093210875988
-0.008027058094739914
-0.008060760796070099
-0.008091902360320091
-0.008120299316942692
-0.008145874366164207
-0.008168654516339302
-0.008188758045434952
-0.00820637121796608
-0.008221727795898914
-0.008235086686909199
-0.008246708661317825
-0.008256836794316769
-0.008265682496130466
-0.008273409679532051
-0.008280143141746521
-0.008285959251224995
-0.008290901780128479
-0.008294988423585892
-0.008298235945403576
-0.008300662040710449
-0.008302317000925541
-0.008303285576403141
-0.008303701877593994
-0.008303751237690449
-0.008303670212626457
-0.008303736336529255
-0.008304260671138763
-0.008305568248033524
-0.00830797478556633
-0.008311768062412739
-0.008317189291119576
-0.008324414491653442
-0.008333539590239525
-0.008344573900103569
-0.008357435464859009
-0.008371954783797264
-0.00838788878172636
-0.008404926396906376
-0.008422714658081532
-0.008440876379609108
-0.008459027856588364
-0.008476807735860348
-0.008493886329233646
-0.008509982377290726
-0.008524876087903976
-0.008538412861526012
-0.008550502359867096
-0.008561120368540287
-0.008570296689867973
-0.008578107692301273
-0.008584671653807163
-0.00859012920409441
-0.008594641461968422
-0.008598378859460354
-0.008601516485214233
-0.008604226633906364
-0.008606680668890476
-0.008609039708971977
-0.008611462078988552
-0.008614097721874714
-0.008617089129984379
-0.008620565757155418
-0.008624647743999958
-0.008629435673356056
-0.008635012432932854
-0.008641431108117104
-0.008648715913295746
-0.008656853809952736
-0.008665797300636768
-0.008675457909703255
-0.00868571363389492
-0.008696405217051506
-0.00870735477656126
-0.008718365803360939
-0.008729234337806702
-0.008739765733480453
-0.008749782107770443
-0.008759130723774433
-0.008767697028815746
-0.008775409311056137
-0.008782239630818367
-0.008788207545876503
-0.008793379180133343
-0.008797856979072094
-0.008801772259175777
-0.008805282413959503
-0.008808553218841553
-0.008811754174530506
-0.008815045468509197
-0.008818571455776691
-0.008822452276945114
-0.008826781064271927
-0.008831619285047054
-0.008836995810270309
-0.008842908777296543
-0.008849329315125942
-0.00885620154440403
-0.008863448165357113
-0.008870978839695454
-0.008878693915903568
-0.008886485360562801
-0.008894248865544796
-0.008901882916688919
-0.008909296244382858
-0.00891641341149807
-0.008923172019422054
-0.008929532952606678
-0.008935476653277874
-0.008941003121435642
-0.008946132846176624
-0.008950908668339252
-0.008955386467278004
-0.008959638886153698
-0.008963745087385178
-0.008967790752649307
-0.008971860632300377
-0.008976032957434654
-0.008980375714600086
-0.008984942920506001
-0.008989770896732807
-0.008994877338409424
-0.009000261314213276
-0.009005900472402573
-0.009011757560074329
-0.009017781354486942
-0.009023910388350487
-0.009030078537762165
-0.009036216884851456
-0.009042263031005859
-0.009048162028193474
-0.009053869172930717
-0.009059354662895203
-0.009064598940312862
-0.00906960666179657
-0.00907439086586237
-0.009078980423510075
-0.009083411656320095
-0.009087729267776012
-0.009091981686651707
-0.009096216410398483
-0.009100477211177349
-0.009104804135859013
-0.009109226986765862
-0.009113767184317112
-0.009118436835706234
-0.009123235940933228
-0.009128153324127197
-0.0091331722214818
-0.009138263761997223
-0.009143398143351078
-0.009148541837930679
-0.009153661318123341
-0.009158724918961525
-0.009163705632090569
-0.00916858296841383
-0.009173340164124966
-0.009177968837320805
-0.009182469919323921
-0.009186849929392338
-0.00919112004339695
-0.009195298887789249
-0.009199404157698154
-0.009203457273542881
-0.009207474067807198
-0.009211473166942596
-0.009215463884174824
-0.009219453670084476
-0.009223440662026405
-0.009227417409420013
-0.009231369011104107
-0.009235275909304619
-0.009239110164344311
-0.00924284104257822
-0.009246435016393661
-0.00924985483288765
-0.009253060445189476
-0.009256015531718731
-0.009258680045604706
-0.009261016733944416
-0.009262992069125175
-0.00926456693559885
-0.009265705943107605
-0.00926637090742588
-0.009266521781682968
-0.009266115725040436
-0.009265106171369553
-0.009263441897928715
-0.009261061437427998
-0.009257903322577477
-0.009253894910216331
-0.00924895703792572
-0.009243007749319077
-0.009235955774784088
-0.009227707982063293
-0.009218171238899231
-0.009207248687744141
-0.009194847196340561
-0.00918087363243103
-0.009165241383016109
-0.009147871285676956
-0.009128691628575325
-0.009107642807066441
-0.009084674529731274
-0.009059751406311989
-0.009032852947711945
-0.009003974497318268
-0.008973131887614727
-0.008940356783568859
-0.008905705995857716
-0.008869254030287266
-0.008831100538372993
-0.008791366592049599
-0.008750199340283871
-0.008707770146429539
-0.008664269931614399
-0.008619917556643486
-0.008574956096708775
-0.008529645390808582
-0.008484264835715294
-0.008439108729362488
-0.008394484408199787
-0.008350704796612263
-0.008308084681630135
-0.00826693419367075
-0.008227551355957985
-0.008190223015844822
-0.008155212737619877
-0.008122751489281654
-0.008093037642538548
-0.008066227659583092
-0.008042431436479092
-0.008021709509193897
-0.008004067465662956
-0.00798945315182209
-0.007977756671607494
-0.007968811318278313
-0.007962395437061787
-0.007958234287798405
-0.007956007495522499
-0.007955350913107395
-0.007955870591104031
-0.007957148365676403
-0.007958751171827316
-0.00796024315059185
-0.007961197756230831
-0.007961208932101727
-0.00795990414917469
-0.007956952787935734
-0.007952080108225346
-0.007945068180561066
-0.007935769855976105
-0.007924112491309643
-0.007910101674497128
-0.007893817499279976
-0.007875416427850723
-0.007855125702917576
-0.007833238691091537
-0.007810099516063929
-0.007786097005009651
-0.007761647924780846
-0.007737183012068272
-0.007713133469223976
-0.007689912337809801
-0.007667900994420052
-0.007647434715181589
-0.007628786843270063
-0.00761216226965189
-0.007597687188535929
-0.007585404440760612
-0.007575274910777807
-0.007567172404378653
-0.007560896221548319
-0.007556176278740168
-0.007552685216069221
-0.007550053298473358
-0.007547885645180941
-0.007545777596533298
-0.007543333806097507
-0.007540184538811445
-0.007536004297435284
-0.007530524861067533
-0.007523547392338514
-0.007514948956668377
-0.007504688575863838
-0.007492809556424618
-0.007479434832930565
-0.0074647581204772
-0.007449034601449966
-0.007432568818330765
-0.007415695115923882
-0.007398764602839947
-0.007382122334092855
-0.007366091478615999
-0.007350958418101072
-0.007336955983191729
-0.007324253208935261
-0.007312948349863291
-0.007303065154701471
-0.007294550072401762
-0.007287279237061739
-0.007281068246811628
-0.007275681011378765
-0.007270845584571362
-0.007266269531100988
-0.007261658553034067
-0.007256732787936926
-0.007251243107020855
-0.007244984619319439
-0.00723780645057559
-0.007229621056467295
-0.007220405619591475
-0.007210204843431711
-0.0071991216391325
-0.007187312934547663
-0.007174976170063019
-0.007162337657064199
-0.007149635814130306
-0.007137107197195292
-0.007124969735741615
-0.007113410159945488
-0.007102572359144688
-0.007092550862580538
-0.007083384785801172
-0.007075058296322823
-0.007067502476274967
-0.007060601841658354
-0.007054202724248171
-0.007048129104077816
-0.007042190060019493
-0.007036196999251842
-0.007029974833130836
-0.007023375015705824
-0.007016284391283989
-0.007008630782365799
-0.00700038718059659
-0.006991573143750429
-0.006982248276472092
-0.006972508504986763
-0.006962479557842016
-0.006952302064746618
-0.00694212457165122
-0.006932089570909739
-0.006922325119376183
-0.00691293366253376
-0.006903987377882004
-0.006895523518323898
-0.006887542549520731
-0.006880010478198528
-0.006872863043099642
-0.006866011302918196
-0.006859349552541971
-0.006852764170616865
-0.006846145261079073
-0.006839392706751823
-0.006832424085587263
-0.006825179792940617
-0.00681762769818306
-0.006809764541685581
-0.006801614537835121
-0.006793224718421698
-0.006784661673009396
-0.00677600409835577
-0.006767336279153824
-0.00675874063745141
-0.006750291213393211
-0.006742046680301428
-0.006734047085046768
-0.006726312916725874
-0.006718840915709734
-0.006711609661579132
-0.006704578641802073
-0.006697694305330515
-0.006690896116197109
-0.006684121675789356
-0.006677311379462481
-0.006670414004474878
-0.00666339136660099
-0.006656220648437738
-0.006648894865065813
-0.006641422864049673
-0.006633827928453684
-0.006626144982874393
-0.00661841593682766
-0.006610686425119638
-0.00660299975425005
-0.006595396902412176
-0.00658790860325098
-0.006580555345863104
-0.006573345512151718
-0.006566275376826525
-0.00655933003872633
-0.006552485749125481
-0.00654571270570159
-0.006538977846503258
-0.006532248575240374
-0.006525495555251837
-0.006518695037811995
-0.006511831656098366
-0.006504898425191641
-0.006497898139059544
-0.00649084011092782
-0.006483740638941526
-0.006476621609181166
-0.006469506770372391
-0.006462418008595705
-0.00645537581294775
-0.006448396015912294
-0.006441489327698946
-0.006434659473598003
-0.00642790412530303
-0.006421214435249567
-0.006414578761905432
-0.006407980807125568
-0.006401404738426208
-0.006394834257662296
-0.006388255394995213
-0.006381656974554062
-0.006375035736709833
-0.006368388887494802
-0.006361718755215406
-0.006355032324790955
-0.006348340306431055
-0.006341652013361454
-0.006334978155791759
-0.00632832944393158
-0.006321714725345373
-0.006315139122307301
-0.006308604963123798
-0.006302112247794867
-0.006295658182352781
-0.006289236713200808
-0.006282840389758348
-0.006276462692767382
-0.006270095705986023
-0.006263732444494963
-0.006257369183003902
-0.006251002196222544
-0.006244628690183163
-0.006238251458853483
-0.006231872830539942
-0.006225496996194124
-0.006219129543751478
-0.006212775595486164
-0.006206439808011055
-0.006200126837939024
-0.00619383854791522
-0.006187576334923506
-0.006181338801980019
-0.006175125483423471
-0.006168932188302279
-0.006162756588310003
-0.006156594026833773
-0.006150441244244576
-0.006144295446574688
-0.006138154771178961
-0.006132017821073532
-0.006125885061919689
-0.006119758356362581
-0.006113638635724783
-0.006107527296990156
-0.006101427599787712
-0.006095340941101313
-0.006089269183576107
-0.006083213724195957
-0.00607717502862215
-0.006071152631193399
-0.00606514560058713
-0.006059153936803341
-0.006053175311535597
-0.00604720925912261
-0.006041253451257944
-0.006035307887941599
-0.006029370706528425
-0.00602344237267971
-0.006017522886395454
-0.006011612713336945
-0.006005712319165468
-0.005999821703881025
-0.005993942730128765
-0.005988075397908688
-0.005982221104204655
-0.005976379849016666
-0.00597055209800601
-0.005964737385511398
-0.005958934780210257
-0.005953143816441298
-0.005947364028543234
-0.005941594950854778
-0.005935836117714643
-0.005930087063461542
-0.005924347322434187
-0.005918616894632578
-0.005912895314395428
-0.005907182116061449
-0.005901478696614504
-0.005895785056054592
-0.005890101660043001
-0.005884428508579731
-0.005878766998648643
-0.005873116664588451
-0.005867477506399155
-0.005861849989742041
-0.005856234580278397
-0.005850629881024361
-0.005845035426318645
-0.005839451216161251
-0.005833876319229603
-0.005828311666846275
-0.005822754930704832
-0.005817207042127848
-0.005811667535454035
-0.005806135945022106
-0.005800613667815924
-0.0057951002381742
-0.00578959658741951
-0.005784102715551853
-0.00577861862257123
-0.005773143842816353
-0.005767679773271084
-0.005762226413935423
-0.005756782833486795
-0.005751349497586489
-0.005745925009250641
-0.005740509368479252
-0.005735103506594896
-0.005729706957936287
-0.005724319256842136
-0.005718940868973732
-0.005713571328669786
-0.0057082106359303
-0.005702859722077847
-0.005697518121451139
-0.005692185368388891
-0.005686861462891102
-0.005681546870619059
-0.005676240660250187
-0.005670943763107061
-0.005665655247867107
-0.005660374648869038
-0.005655101500451565
-0.005649836268275976
-0.005644578952342272
-0.005639330018311739
-0.005634088534861803
-0.005628856830298901
-0.00562363350763917
-0.00561841856688261
-0.005613213405013084
-0.005608017090708017
-0.005602830555289984
-0.005597652867436409
-0.005592484958469868
-0.005587325897067785
-0.005582175683230162
-0.005577033385634422
-0.005571899469941854
-0.005566774401813745
-0.005561657715588808
-0.005556548945605755
-0.005551447626203299
-0.005546354688704014
-0.005541268270462751
-0.00553619023412466
-0.005531119182705879
-0.005526055581867695
-0.005520999431610107
-0.005515951197594404
-0.005510910879820585
-0.005505878478288651
-0.005500854924321175
-0.00549583975225687
-0.005490833427757025
-0.005485836416482925
-0.005480848252773285
-0.005475867539644241
-0.005470894742757082
-0.005465929862111807
-0.005460973363369703
-0.005456024315208197
-0.005451082251966
-0.005446147639304399
-0.005441220477223396
-0.005436299834400415
-0.005431385710835457
-0.005426479037851095
-0.00542157981544733
-0.005416688043624163
-0.005411803722381592
-0.005406926851719618
-0.005402056965976954
-0.005397194530814886
-0.005392339546233416
-0.005387492012232542
-0.005382651928812265
-0.005377819295972586
-0.005372993648052216
-0.005368175450712442
-0.005363364238291979
-0.005358560476452112
-0.005353763699531555
-0.005348974838852882
-0.005344192031770945
-0.005339416675269604
-0.00533464876934886
-0.005329886917024851
-0.005325132049620152
-0.005320384632796049
-0.005315644666552544
-0.005310912150889635
-0.005306187085807323
-0.005301468539983034
-0.005296758376061916
-0.005292055197060108
-0.005287359468638897
-0.00528267165645957
-0.005277991760522127
-0.005273318383842707
-0.005268651526421309
-0.005263991188257933
-0.005259337835013866
-0.005254691001027822
-0.005250050686299801
-0.005245416425168514
-0.00524078868329525
-0.005236168392002583
-0.005231554619967937
-0.005226947832852602
-0.005222347564995289
-0.005217754282057285
-0.005213167984038591
-0.005208587739616632
-0.005204013548791409
-0.005199446342885494
-0.005194885656237602
-0.005190331023186445
-0.005185782909393311
-0.005181240849196911
-0.005176704842597246
-0.005172174889594316
-0.005167651455849409
-0.005163134541362524
-0.005158624146133661
-0.005154120735824108
-0.005149623844772577
-0.005145133472979069
-0.00514065008610487
-0.005136172752827406
-0.005131701938807964
-0.00512723857536912
-0.005122780799865723
-0.005118329077959061
-0.005113883875310421
-0.005109444726258516
-0.005105011630803347
-0.005100584588944912
-0.0050961640663445
-0.00509175006300211
-0.005087342113256454
-0.005082940217107534
-0.005078545305877924
-0.005074156448245049
-0.005069774575531483
-0.005065399222075939
-0.005061030387878418
-0.005056668072938919
-0.005052311811596155
-0.005047961603850126
-0.005043617449700832
-0.005039278417825699
-0.005034944508224726
-0.005030615720897913
-0.005026292055845261
-0.005021973047405481
-0.005017659161239862
-0.005013350397348404
-0.005009047221392393
-0.005004751030355692
-0.005000460427254438
-0.004996177740395069
-0.004991901572793722
-0.00498763145878911
-0.004983368329703808
-0.004979111719876528
-0.004974862094968557
-0.004970618523657322
-0.004966381005942822
-0.004962149541825056
-0.004957923199981451
-0.004953702446073294
-0.004949487280100584
-0.00494527630507946
-0.004941070917993784
-0.004936870653182268
-0.004932675510644913
-0.004928485490381718
-0.00492430105805397
-0.004920121282339096
-0.004915947094559669
-0.004911778029054403
-0.004907615017145872
-0.004903458058834076
-0.004899305757135153
-0.004895159974694252
-0.004891020245850086
-0.004886886570602655
-0.004882758483290672
-0.004878635983914137
-0.004874519072473049
-0.004870408214628696
-0.004866302944719791
-0.004862203262746334
-0.004858109168708324
-0.004854020196944475
-0.004849937278777361
-0.004845859482884407
-0.004841788206249475
-0.004837722051888704
-0.004833661951124668
-0.00482960743829608
-0.004825558047741652
-0.004821514245122671
-0.004817475099116564
-0.004813441075384617
-0.004809411708265543
-0.004805386532098055
-0.004801366478204727
-0.00479735154658556
-0.004793341271579266
-0.004789336118847132
-0.004785336554050446
-0.00478134211152792
-0.004777352791279554
-0.004773369058966637
-0.004769389983266592
-0.004765416961163282
-0.004761449061334133
-0.004757486749440432
-0.004753529094159603
-0.004749576095491648
-0.004745628219097853
-0.004741684999316931
-0.004737747367471457
-0.004733815789222717
-0.004729888867586851
-0.004725967533886433
-0.004722051788121462
-0.004718141164630651
-0.004714236129075289
-0.004710336215794086
-0.004706441890448332
-0.004702552687376738
-0.004698667675256729
-0.004694787319749594
-0.004690910223871469
-0.004687037784606218
-0.00468317000195384
-0.004679307341575623
-0.004675449337810278
-0.004671596456319094
-0.004667749162763357
-0.004663906991481781
-0.004660069476813078
-0.004656237084418535
-0.004652409814298153
-0.004648587666451931
-0.004644770640879869
-0.004640958737581968
-0.004637151025235653
-0.004633348435163498
-0.004629550036042929
-0.004625756293535233
-0.004621967207640409
-0.004618183244019747
-0.004614403937011957
-0.004610629286617041
-0.004606860224157572
-0.004603095352649689
-0.004599335137754679
-0.004595579113811255
-0.004591828212141991
-0.004588081501424313
-0.004584339447319508
-0.00458060298115015
-0.004576872568577528
-0.004573146812617779
-0.004569426644593477
-0.004565711598843336
-0.004562001675367355
-0.004558296874165535
-0.004554597195237875
-0.004550901707261801
-0.004547210410237312
-0.00454352330416441
-0.004539840389043093
-0.004536161199212074
-0.004532485269010067
-0.004528812132775784
-0.004525142256170511
-0.004521476104855537
-0.004517813678830862
-0.00451415590941906
-0.004510502796620131
-0.004506854806095362
-0.004503212403506041
-0.004499575588852167
-0.004495944362133741
-0.004492317792028189
-0.004488695878535509
-0.004485078621655703
-0.004481466021388769
-0.004477858543395996
-0.004474254790693521
-0.00447065569460392
-0.004467061255127192
-0.004463470540940762
-0.004459884483367205
-0.004456302151083946
-0.004452723544090986
-0.004449149593710899
-0.004445580765604973
-0.004442015662789345
-0.004438455682247877
-0.004434898961335421
-0.00443134643137455
-0.004427797626703978
-0.004424253012984991
-0.004420712124556303
-0.004417174961417913
-0.00441364198923111
-0.004410113673657179
-0.004406589549034834
-0.004403069615364075
-0.004399554338306189
-0.004396042786538601
-0.004392536822706461
-0.004389035515487194
-0.004385538399219513
-0.004382045473903418
-0.004378557205200195
-0.004375073127448559
-0.004371592774987221
-0.004368116613477468
-0.004364644642919302
-0.004361176397651434
-0.004357711877673864
-0.004354252479970455
-0.004350797273218632
-0.004347346257418394
-0.004343900363892317
-0.004340459126979113
-0.004337022081017494
-0.004333589226007462
-0.004330161958932877
-0.00432673841714859
-0.004323319531977177
-0.004319903440773487
-0.004316490609198809
-0.004313081502914429
-0.004309675190597773
-0.004306272137910128
-0.004302871879190207
-0.004299474880099297
-0.004296081140637398
-0.004292691126465797
-0.004289306234568357
-0.004285925999283791
-0.004282550886273384
-0.004279180429875851
-0.004275815095752478
-0.004272454418241978
-0.004269098397344351
-0.004265747498720884
-0.004262400791049004
-0.004259058274328709
-0.00425571808591485
-0.004252382088452578
-0.004249047953635454
-0.004245717544108629
-0.004242390859872103
-0.004239066503942013
-0.004235745407640934
-0.004232428036630154
-0.004229114856570959
-0.004225805401802063
-0.00422250060364604
-0.004219199996441603
-0.004215904045850039
-0.004212611820548773
-0.004209322854876518
-0.004206038545817137
-0.004202757496386766
-0.004199481569230556
-0.004196210764348507
-0.004192943219095469
-0.004189679864794016
-0.004186420235782862
-0.004183164332062006
-0.004179912619292736
-0.004176664166152477
-0.004173419438302517
-0.004170178435742855
-0.004166940692812204
-0.004163707606494427
-0.004160477314144373
-0.004157250747084618
-0.004154027905315161
-0.004150807857513428
-0.004147592466324568
-0.004144379869103432
-0.004141170997172594
-0.004137965384870768
-0.00413476349785924
-0.00413156533613801
-0.004128370899707079
-0.004125180188566446
-0.004121992737054825
-0.004118809476494789
-0.004115629475563765
-0.004112452734261751
-0.004109279718250036
-0.004106109961867332
-0.004102944396436214
-0.004099782090634108
-0.004096623044461012
-0.004093468189239502
-0.004090316593647003
-0.004087168723344803
-0.004084025043994188
-0.004080885089933872
-0.004077748395502567
-0.004074615892022848
-0.00407148664817214
-0.004068359732627869
-0.004065237008035183
-0.004062117077410221
-0.004059001337736845
-0.004055889789015055
-0.004052781499922276
-0.004049676470458508
-0.004046575631946325
-0.004043478984385729
-0.004040386527776718
-0.004037297796458006
-0.004034212324768305
-0.004031130578368902
-0.004028052557259798
-0.004024977795779705
-0.004021905828267336
-0.004018837120383978
-0.004015772137790918
-0.004012709949165583
-0.004009651485830545
-0.004006595350801945
-0.004003542475402355
-0.004000493325293064
-0.003997447434812784
-0.003994405269622803
-0.003991366364061832
-0.003988329786807299
-0.003985296469181776
-0.003982266876846552
-0.003979240544140339
-0.00397621700540185
-0.003973196260631084
-0.003970179241150618
-0.003967165015637875
-0.003964154049754143
-0.003961145877838135
-0.003958141431212425
-0.003955141175538301
-0.003952145110815763
-0.003949152305722237
-0.003946163225919008
-0.003943178802728653
-0.003940198570489883
-0.003937222063541412
-0.003934248350560665
-0.003931278362870216
-0.003928310703486204
-0.003925347235053778
-0.003922386094927788
-0.003919429145753384
-0.003916474059224129
-0.003913522697985172
-0.003910573665052652
-0.003907628357410431
-0.003904685843735933
-0.003901746822521091
-0.003898811060935259
-0.003895879024639726
-0.003892950247973204
-0.003890024963766336
-0.003887103404849768
-0.00388418510556221
-0.003881270065903664
-0.003878358053043485
-0.003875449532642961
-0.003872543340548873
-0.003869639942422509
-0.003866739338263869
-0.003863841528072953
-0.003860946046188474
-0.003858053125441074
-0.003855163231492043
-0.003852276597172022
-0.003849393222481012
-0.00384651287458837
-0.003843636019155383
-0.003840762889012694
-0.003837893018499017
-0.003835026873275638
-0.003832164220511913
-0.003829305060207844
-0.003826448926702142
-0.003823596285656095
-0.003820746438577771
-0.003817899385467172
-0.00381505535915494
-0.003812213893979788
-0.00380937522277236
-0.003806538879871368
-0.00380370463244617
-0.003800872946158051
-0.003798043821007013
-0.003795217489823699
-0.003792393952608109
-0.003789573675021529
-0.003786757355555892
-0.00378394452854991
-0.003781135892495513
-0.003778331447392702
-0.00377553072758019
-0.003772733500227332
-0.003769939765334129
-0.003767149290069938
-0.003764362307265401
-0.003761577652767301
-0.003758795326575637
-0.003756015095859766
-0.003753237891942263
-0.003750462550669909
-0.003747690236195922
-0.003744920948520303
-0.003742154920473695
-0.003739392384886742
-0.003736633574590087
-0.003733878023922443
-0.003731126198545098
-0.003728378098458052
-0.003725633258000016
-0.003722892142832279
-0.00372015405446291
-0.00371741852723062
-0.003714686026796699
-0.00371195562183857
-0.003709226846694946
-0.003706500399857759
-0.003703775815665722
-0.003701052628457546
-0.003698331536725163
-0.003695613006129861
-0.003692897269502282
-0.003690184559673071
-0.003687474876642227
-0.003684769151732326
-0.003682066686451435
-0.003679367713630199
-0.003676671767607331
-0.003673978848382831
-0.00367128849029541
-0.003668600926175714
-0.003665915923193097
-0.003663233248516917
-0.003660553134977818
-0.003657875116914511
-0.003655199892818928
-0.003652527229860425
-0.003649857360869646
-0.003647190984338522
-0.003644527634605765
-0.00364186754450202
-0.003639211179688573
-0.003636558074504137
-0.00363390869461
-0.003631263040006161
-0.003628620877861977
-0.00362598174251616
-0.00362334493547678
-0.003620710456743836
-0.003618078073486686
-0.003615448251366615
-0.003612820524722338
-0.003610194893553853
-0.003607571823522449
-0.003604951314628124
-0.003602333832532167
-0.003599718911573291
-0.003597106784582138
-0.003594497684389353
-0.003591891378164291
-0.003589288098737597
-0.003586687846109271
-0.003584090620279312
-0.003581496421247721
-0.003578905249014497
-0.003576316870748997
-0.003573731053620577
-0.003571147797629237
-0.003568567102774978
-0.003565988969057798
-0.003563413163647056
-0.003560839220881462
-0.003558268072083592
-0.003555699018761516
-0.003553132060915232
-0.003550567198544741
-0.00354800489731133
-0.003545445390045643
-0.003542888211086392
-0.003540333360433578
-0.003537781303748488
-0.003535231808200479
-0.003532685339450836
-0.00353014119900763
-0.003527600318193436
-0.003525061998516321
-0.003522526239976287
-0.003519993275403976
-0.003517463337630033
-0.003514936426654458
-0.003512412309646606
-0.003509890986606479
-0.003507371991872787
-0.003504856256768107
-0.003502343082800508
-0.003499833168461919
-0.003497326048091054
-0.003494821721687913
-0.003492319723591208
-0.003489820752292871
-0.003487324342131615
-0.003484830725938082
-0.003482339670881629
-0.003479851176962256
-0.003477364545688033
-0.003474880242720246
-0.003472397802397609
-0.003469917690381408
-0.003467439673841
-0.003464964451268315
-0.003462491324171424
-0.003460020758211613
-0.003457552986219525
-0.003455087309703231
-0.00345262442715466
-0.003450164338573813
-0.00344770704396069
-0.003445253008976579
-0.003442801767960191
-0.003440353320911527
-0.003437907434999943
-0.003435464343056083
-0.003433022880926728
-0.00343058374710381
-0.003428146243095398
-0.003425710601732135
-0.003423276590183377
-0.003420844906941056
-0.003418415784835815
-0.003415989223867655
-0.003413565224036574
-0.003411143785342574
-0.00340872467495501
-0.003406308125704527
-0.003403894603252411
-0.003401483641937375
-0.00339907594025135
-0.003396670334041119
-0.003394267288967967
-0.003391866805031896
-0.003389468416571617
-0.003387072589248419
-0.003384678857401013
-0.003382287221029401
-0.003379897680133581
-0.003377510467544198
-0.003375126048922539
-0.003372743958607316
-0.00337036419659853
-0.003367987228557467
-0.003365613054484129
-0.003363241674378514
-0.003360873321071267
-0.003358507761731744
-0.003356144763529301
-0.003353784093633294
-0.00335142551921308
-0.003349069273099303
-0.003346715122461319
-0.00334436260163784
-0.003342011710628867
-0.003339663147926331
-0.003337316680699587
-0.003334972308948636
-0.003332630498334765
-0.003330291248857975
-0.003327954560518265
-0.003325620433315635
-0.003323289332911372
-0.003320960095152259
-0.003318633651360869
-0.00331630976870656
-0.003313987981528044
-0.00331166828982532
-0.003309350926429033
-0.003307035425677896
-0.003304721554741263
-0.003302409779280424
-0.00330009963363409
-0.003297791816294193
-0.003295486327260733
-0.003293183166533709
-0.003290882799774408
-0.003288585226982832
-0.003286290680989623
-0.003283998928964138
-0.003281709970906377
-0.003279423341155052
-0.003277139039710164
-0.003274856600910425
-0.003272575791925192
-0.00327029637992382
-0.003268018597736955
-0.003265742911025882
-0.003263469319790602
-0.003261197358369827
-0.003258927725255489
-0.003256660653278232
-0.00325439590960741
-0.003252133494243026
-0.003249874105677009
-0.003247617511078715
-0.00324536394327879
-0.003243113402277231
-0.003240865422412753
-0.003238620236515999
-0.003236377146095037
-0.003234135918319225
-0.003231896320357919
-0.003229658585041761
-0.003227422712370753
-0.003225188469514251
-0.003222956554964185
-0.003220726270228624
-0.003218497848138213
-0.003216270823031664
-0.003214046126231551
-0.003211823059245944
-0.003209602320566773
-0.003207383910194039
-0.003205167595297098
-0.003202953841537237
-0.003200742648914456
-0.003198533318936825
-0.003196326782926917
-0.00319412280805409
-0.003191921394318342
-0.003189722774550319
-0.003187526948750019
-0.003185333451256156
-0.003183142049238086
-0.003180952975526452
-0.003178765531629324
-0.003176579950377345
-0.003174396231770515
-0.003172214142978191
-0.003170033916831017
-0.00316785485483706
-0.003165677189826965
-0.00316350138746202
-0.00316132721491158
-0.003159155137836933
-0.003156985621899366
-0.003154818434268236
-0.003152653807774186
-0.003150491509586573
-0.003148331772536039
-0.003146174363791943
-0.003144019516184926
-0.003141866764053702
-0.003139716340228915
-0.003137568011879921
-0.00313542177900672
-0.003133277408778667
-0.003131135134026408
-0.003128994954749942
-0.003126856638118625
-0.003124719718471169
-0.00312258442863822
-0.003120451001450419
-0.003118319669738412
-0.003116190200671554
-0.003114062361419201
-0.003111936617642641
-0.00310981273651123
-0.003107690950855613
-0.003105571493506432
-0.003103454597294331
-0.00310134026221931
-0.003099228255450726
-0.003097118576988578
-0.003095011692494154
-0.003092907601967454
-0.003090805606916547
-0.003088705707341433
-0.003086607670411468
-0.003084511728957295
-0.003082417417317629
-0.003080324735492468
-0.003078232984989882
-0.003076143097132444
-0.003074054606258869
-0.0030719677451998
-0.003069882513955235
-0.003067798912525177
-0.003065716940909624
-0.00306363683193922
-0.003061558585613966
-0.003059482667595148
-0.00305740931071341
-0.003055338282138109
-0.003053269814699888
-0.003051204141229391
-0.003049141261726618
-0.003047080477699637
-0.003045022487640381
-0.003042966593056917
-0.003040912793949246
-0.003038861090317369
-0.003036811482161283
-0.003034763736650348
-0.003032717388123274
-0.003030672203749418
-0.003028628183528781
-0.003026585560292006
-0.003024544334039092
-0.003022504504770041
-0.003020466538146138
-0.003018429968506098
-0.003016395028680563
-0.003014361951500177
-0.003012331202626228
-0.003010302549228072
-0.003008276224136353
-0.003006252460181713
-0.003004231257364154
-0.003002212150022388
-0.00300019490532577
-0.002998179756104946
-0.002996166935190558
-0.002994156209751964
-0.002992147346958518
-0.002990140579640865
-0.002988135907799006
-0.002986133098602295
-0.002984132152050734
-0.002982132835313678
-0.002980134915560484
-0.002978138625621796
-0.002976143965497613
-0.002974150702357292
-0.002972159301862121
-0.002970169298350811
-0.002968181157484651
-0.002966194413602352
-0.002964209532365203
-0.002962226513773203
-0.002960245357826352
-0.002958266297355294
-0.002956289332360029
-0.002954314695671201
-0.002952342387288809
-0.00295037217438221
-0.002948404289782047
-0.002946438733488321
-0.002944475272670388
-0.002942514140158892
-0.002940554870292544
-0.002938596997410059
-0.002936640754342079
-0.002934685675427318
-0.002932731760665774
-0.002930779010057449
-0.002928827190771699
-0.00292687676846981
-0.002924927743151784
-0.002922980580478907
-0.002921035280451179
-0.002919091377407312
-0.002917149802669883
-0.002915210090577602
-0.002913272706791759
-0.002911337884142995
-0.002909405156970024
-0.002907474525272846
-0.002905546687543392
-0.002903620945289731
-0.002901697298511863
-0.002899775747209787
-0.002897856058552861
-0.002895938232541084
-0.002894022036343813
-0.002892107469961047
-0.002890194300562143
-0.002888282760977745
-0.002886372851207852
-0.002884463872760534
-0.002882556756958365
-0.002880651038140059
-0.002878746716305614
-0.00287684379145503
-0.002874942263588309
-0.002873042598366737
-0.002871145028620958
-0.002869249088689685
-0.002867355244234204
-0.00286546372808516
-0.002863573841750622
-0.002861685818061233
-0.002859799889847636
-0.002857915824279189
-0.002856033621355891
-0.002854153048247099
-0.002852274337783456
-0.002850397489964962
-0.002848522271960974
-0.002846648916602135
-0.002844777191057801
-0.002842907095327973
-0.002841038862243295
-0.002839172491803765
-0.002837307285517454
-0.002835443243384361
-0.002833580831065774
-0.002831719815731049
-0.002829859731718898
-0.002828001044690609
-0.002826143754646182
-0.002824288327246904
-0.002822434762492776
-0.002820582594722509
-0.002818732755258679
-0.002816884545609355
-0.002815038431435823
-0.002813194412738085
-0.002811352722346783
-0.002809513360261917
-0.002807676559314132
-0.002805841621011496
-0.002804008545354009
-0.002802177798002958
-0.002800348680466413
-0.002798520727083087
-0.002796694170683622
-0.002794868545606732
-0.002793043619021773
-0.002791219856590033
-0.00278939725831151
-0.002787575591355562
-0.002785755088552833
-0.002783936215564609
-0.00278211897239089
-0.002780303359031677
-0.002778489608317614
-0.00277667841874063
-0.002774869557470083
-0.002773063257336617
-0.002771259285509586
-0.002769457874819636
-0.002767658093944192
-0.00276586040854454
-0.002764064585790038
-0.002762269927188754
-0.002760476898401976
-0.002758685033768415
-0.002756894333288074
-0.00275510479696095
-0.002753316424787045
-0.002751529449597001
-0.002749743172898889
-0.002747958293184638
-0.002746174577623606
-0.002744392491877079
-0.002742611803114414
-0.002740832744166255
-0.002739055315032601
-0.002737279515713453
-0.002735505346208811
-0.002733733505010605
-0.002731963293626904
-0.002730194944888353
-0.002728428691625595
-0.002726664068177342
-0.002724901074543595
-0.002723139012232423
-0.002721378114074469
-0.00271961884573102
-0.00271786074154079
-0.002716103801503778
-0.002714348025619984
-0.002712593181058764
-0.002710839500650764
-0.002709086984395981
-0.002707335632294416
-0.00270558544434607
-0.002703836653381586
-0.00270208902657032
-0.002700342331081629
-0.002698596566915512
-0.00269685173407197
-0.002695108065381646
-0.002693365095183253
-0.002691622357815504
-0.002689880784600973
-0.002688139677047729
-0.002686399267986417
-0.00268465862609446
-0.002682918217033148
-0.002681177342310548
-0.002679436234757304
-0.002677694661542773
-0.002675952855497599
-0.002674210118129849
-0.002672466216608882
-0.002670720452442765
-0.002668972825631499
-0.002667222404852509
-0.002665468724444509
-0.002663711551576853
-0.002661950653418899
-0.002660185098648071
-0.002658415120095015
-0.00265663955360651
-0.002654857700690627
-0.002653069095686078
-0.002651273040100932
-0.002649468835443258
-0.002647656248882413
-0.002645834349095821
-0.002644002670422196
-0.002642160281538963
-0.002640306251123548
-0.002638439415022731
-0.002636558841913939
-0.002634663134813309
-0.002632750896736979
-0.002630820730701089
-0.002628871472552419
-0.002626900793984532
-0.002624907763674855
-0.002622890518978238
-0.002620847197249532
-0.002618775935843587
-0.002616675104945898
-0.002614542143419385
-0.002612375421449542
-0.002610173309221864
-0.002607933478429914
-0.002605653833597898
-0.002603332279250026
-0.002600966719910502
-0.002598554827272892
-0.002596094040200114
-0.002593582263216376
-0.002591017400845885
-0.002588396659120917
-0.002585718408226967
-0.00258297985419631
-0.002580179367214441
-0.002577315084636211
-0.002574384910985827
-0.002571386750787497
-0.002568318974226713
-0.002565180649980903
-0.002561970148235559
-0.002558686770498753
-0.002555328886955976
-0.002551896264776587
-0.002548388671129942
-0.002544805873185396
-0.002541148103773594
-0.002537416527047753
-0.002533611841499805
-0.002529736142605543
-0.002525791060179472
-0.002521778922528028
-0.002517702989280224
-0.002513566287234426
-0.002509373007342219
-0.002505127340555191
-0.002500834874808788
-0.002496500732377172
-0.002492131199687719
-0.002487733494490385
-0.002483315300196409
-0.002478884533047676
-0.002474450506269932
-0.002470022300258279
-0.002465611090883613
-0.002461227122694254
-0.002456881804391742
-0.002452587708830833
-0.002448356710374355
-0.002444202313199639
-0.002440137322992086
-0.002436175476759672
-0.002432330511510372
-0.002428616862744093
-0.002425048965960741
-0.002421640325337648
-0.002418406307697296
-0.002415361348539591
-0.002412519883364439
-0.002409896114841104
-0.002407503547146916
-0.002405355684459209
-0.002403465798124671
-0.002401846228167415
-0.002400508616119623
-0.002399464603513479
-0.002398723969236016
-0.002398295793682337
-0.002398187527433038
-0.002398405922576785
-0.002398956101387739
-0.002399841789156199
-0.0024010653141886
-0.002402627607807517
-0.00240452797152102
-0.002406764077022672
-0.002409331733360887
-0.002412225818261504
-0.002415439346805215
-0.002418963704258204
-0.002422787481918931
-0.002426899271085858
-0.002431285101920366
-0.002435930306091905
-0.002440817654132843
-0.002445928985252976
-0.002451244974508882
-0.00245674466714263
-0.002462406177073717
-0.002468207152560353
-0.002474123146384954
-0.002480130409821868
-0.002486203797161579
-0.002492318395525217
-0.002498448826372623
-0.00250456971116364
-0.002510655205696821
-0.002516680397093296
-0.002522621070966125
-0.00252845324575901
-0.002534154104068875
-0.002539701526984572
-0.002545074326917529
-0.002550253411754966
-0.002555219689384103
-0.002559956628829241
-0.002564448630437255
-0.002568682655692101
-0.002572646830230951
-0.002576331375166774
-0.002579728374257684
-0.002582832239568233
-0.002585639245808125
-0.002588147530332208
-0.002590356860309839
-0.002592269098386168
-0.002593888901174068
-0.002595221623778343
-0.002596274483948946
-0.00259705726057291
-0.002597580198198557
-0.002597855869680643
-0.002597897546365857
-0.002597720129415393
-0.002597339916974306
-0.002596773440018296
-0.002596038859337568
-0.002595154568552971
-0.002594140125438571
-0.002593014156445861
-0.002591796219348907
-0.002590506104752421
-0.002589163603261113
-0.002587788039818406
-0.002586398972198367
-0.002585014561191201
-0.002583652967587113
-0.002582331653684378
-0.002581068314611912
-0.00257987785153091
-0.002578775165602565
-0.002577774226665497
-0.002576886909082532
-0.002576124388724566
-0.002575496211647987
-0.002575010061264038
-0.002574672224000096
-0.002574487356469035
-0.002574458485469222
-0.002574586542323232
-0.00257487129420042
-0.002575310412794352
-0.002575899474322796
-0.002576632658019662
-0.002577502513304353
-0.002578499494120479
-0.002579612890258431
-0.002580830128863454
-0.002582137705758214
-0.002583520952612162
-0.002584964502602816
-0.002586451591923833
-0.002587965223938227
-0.002589488169178367
-0.002591002266854048
-0.002592490054666996
-0.002593934303149581
-0.002595317782834172
-0.002596624195575714
-0.002597837941721082
-0.002598944818601012
-0.002599931787699461
-0.002600787905976176
-0.002601503161713481
-0.002602070802822709
-0.002602485008537769
-0.002602742984890938
-0.002602844266220927
-0.0026027902495116
-0.002602585358545184
-0.002602236345410347
-0.002601751824840903
-0.002601143438369036
-0.002600424224510789
-0.002599609317258
-0.002598715480417013
-0.002597760176286101
-0.002596762496978045
-0.002595741767436266
-0.002594717079773545
-0.002593709155917168
-0.002592735690996051
-0.002591815311461687
-0.002590964548289776
-0.002590198768302798
-0.002589530777186155
-0.00258897221647203
-0.002588532166555524
-0.002588216448202729
-0.002588029485195875
-0.002587971743196249
-0.002588041592389345
-0.002588234608992934
-0.002588543109595776
-0.002588957548141479
-0.00258946605026722
-0.00259005487896502
-0.002590708434581757
-0.002591409254819155
-0.002592138946056366
-0.002592879347503185
-0.002593611134216189
-0.002594315446913242
-0.00259497482329607
-0.002595571568235755
-0.002596091479063034
-0.002596520585939288
-0.002596847945824265
-0.002597064478322864
-0.002597164129838347
-0.002597143640741706
-0.002597002079710364
-0.002596742007881403
-0.002596368780359626
-0.002595890080556273
-0.002595315687358379
-0.002594658639281988
-0.002593932906165719
-0.002593153854832053
-0.002592338249087334
-0.002591503318399191
-0.002590666757896543
-0.002589845564216375
-0.002589055337011814
-0.00258831144310534
-0.002587627852335572
-0.002587015740573406
-0.002586484421044588
-0.002586040645837784
-0.00258568930439651
-0.002585431793704629
-0.002585266949608922
-0.002585191279649734
-0.002585198497399688
-0.002585280919447541
-0.002585427602753043
-0.00258562620729208
-0.002585863461717963
-0.002586124930530787
-0.002586396411061287
-0.002586662536486983
-0.002586909104138613
-0.002587122609838843
-0.002587290946394205
-0.002587403170764446
-0.002587450202554464
-0.002587425522506237
-0.002587324474006891
-0.002587144263088703
-0.002586884656921029
-0.002586548682302237
-0.002586140297353268
-0.002585666021332145
-0.002585134236142039
-0.002584554255008698
-0.002583937253803015
-0.002583294408395886
-0.002582637360319495
-0.002581978915259242
-0.002581330249086022
-0.002580702304840088
-0.002580105094239116
-0.002579547697678208
-0.002579037798568606
-0.00257858051918447
-0.002578179584816098
-0.00257783685810864
-0.002577551174908876
-0.002577320439741015
-0.002577140461653471
-0.002577005652710795
-0.002576908795163035
-0.002576841041445732
-0.002576793543994427
-0.002576756523922086
-0.002576720900833607
-0.002576676430180669
-0.002576614497229457
-0.002576526952907443
-0.002576406812295318
-0.002576248487457633
-0.002576046856120229
-0.002575800288468599
-0.002575506689026952
-0.002575166756287217
-0.002574782818555832
-0.00257435766980052
-0.002573896432295442
-0.002573404693976045
-0.002572889206930995
-0.002572356490418315
-0.002571814693510532
-0.002571271266788244
-0.002570733428001404
-0.002570208394899964
-0.002569701988250017
-0.002569220028817654
-0.00256876670755446
-0.00256834551692009
-0.002567957621067762
-0.002567604184150696
-0.002567284507676959
-0.002566996496170759
-0.002566737355664372
-0.002566503128036857
-0.002566288923844695
-0.002566090086475015
-0.002565901027992368
-0.002565717091783881
-0.002565532457083464
-0.002565342467278242
-0.002565143164247274
-0.002564930589869618
-0.002564702415838838
-0.00256445724517107
-0.002564194612205029
-0.002563914982602
-0.002563620219007134
-0.002563312649726868
-0.002562996000051498
-0.002562674228101969
-0.002562352688983083
-0.002562036504969001
-0.002561731729656458
-0.002561444183811545
-0.002561179455369711
-0.002560942899435759
-0.002560739871114492
-0.002560575259849429
-0.002560453722253442
-0.002560378750786185
-0.002560353139415383
-0.002560379914939404
-0.002560460474342108
-0.002560595981776714
-0.002560787368565798
-0.002561034867540002
-0.002561338478699327
-0.002561698434874415
-0.002562114270403981
-0.002562586450949311
-0.002563115442171693
-0.002563701709732413
-0.002564346184954047
-0.002565050963312387
-0.002565818140283227
-0.002566650975495577
-0.002567553194239736
-0.002568528521806002
-0.002569581847637892
-0.002570718061178923
-0.002571942284703255
-0.002573260106146336
-0.002574676880612969
-0.002576197730377316
-0.002577827544882894
-0.002579571213573217
-0.002581432461738586
-0.002583414781838655
-0.002585521899163723
-0.002587754745036364
-0.002590115182101727
-0.002592603443190455
-0.002595218364149332
-0.002597959013655782
-0.002600822830572724
-0.002603806788101792
-0.002606907160952687
-0.00261011952534318
-0.002613438526168466
-0.00261685810983181
-0.002620372688397765
-0.002623975044116378
-0.002627658890560269
-0.002631416078656912
-0.002635239856317639
-0.002639122540131211
-0.002643056912347674
-0.002647035056725144
-0.002651048824191093
-0.002655091229826212
-0.002659153658896685
-0.002663228195160627
-0.002667306922376156
-0.002671381691470742
-0.002675444586202502
-0.002679487923160195
-0.002683503786101937
-0.002687484491616488
-0.00269142328761518
-0.002695313189178705
-0.002699147444218397
-0.002702920231968164
-0.002706625731661916
-0.002710259752348065
-0.002713817870244384
-0.002717297524213791
-0.002720697084441781
-0.002724015153944492
-0.002727252664044499
-0.002730411011725664
-0.002733493456616998
-0.002736504189670086
-0.002739448798820376
-0.002742334036156535
-0.002745168283581734
-0.002747960621491075
-0.002750721527263522
-0.002753461478278041
-0.002756192581728101
-0.002758926479145885
-0.002761675976216793
-0.00276445341296494
-0.002767271595075727
-0.002770142396911979
-0.002773077460005879
-0.002776088193058968
-0.00277918460778892
-0.002782376250252128
-0.002785671269521117
-0.002789076184853911
-0.002792596584185958
-0.002796235727146268
-0.002799995476379991
-0.002803876530379057
-0.002807877957820892
-0.002811996033415198
-0.002816226100549102
-0.002820561407133937
-0.002824993338435888
-0.002829511184245348
-0.002834104001522064
-0.002838758286088705
-0.002843459602445364
-0.002848192816600204
-0.002852941164746881
-0.002857686718925834
-0.002862411318346858
-0.002867096336558461
-0.002871722914278507
-0.00287627219222486
-0.002880725543946028
-0.002885064110159874
-0.002889270661398768
-0.002893327735364437
-0.002897219033911824
-0.002900929423049092
-0.002904444932937622
-0.002907752292230725
-0.002910839393734932
-0.002913696225732565
-0.002916313940659165
-0.002918685553595424
-0.002920805010944605
-0.002922668121755123
-0.002924270927906036
-0.002925611799582839
-0.0029266900382936
-0.002927506109699607
-0.00292806071229279
-0.002928356174379587
-0.00292839459143579
-0.002928178990259767
-0.002927712630480528
-0.002926999004557729
-0.002926041837781668
-0.002924844622612
-0.00292341155000031
-0.002921746345236897
-0.002919852966442704
-0.002917735138908029
-0.0029153972864151
-0.002912843599915504
-0.002910078736022115
-0.002907107817009091
-0.002903936197981238
-0.002900569932535291
-0.002897016005590558
-0.002893282799050212
-0.002889379160478711
-0.002885315800085664
-0.002881104359403253
-0.002876758109778166
-0.002872291952371597
-0.002867722185328603
-0.002863066270947456
-0.002858343999832869
-0.002853575861081481
-0.002848784672096372
-0.002843993250280619
-0.002839226042851806
-0.002834508661180735
-0.002829866483807564
-0.002825325354933739
-0.002820911584421992
-0.002816650783643126
-0.002812567399814725
-0.00280868518166244
-0.002805026713758707
-0.00280161271803081
-0.002798462053760886
-0.002795590553432703
-0.00279301218688488
-0.002790737664327025
-0.002788775600492954
-0.002787131117656827
-0.002785806078463793
-0.002784799551591277
-0.002784107811748981
-0.00278372410684824
-0.002783638192340732
-0.002783837961032987
-0.002784308977425098
-0.002785034012049437
-0.002785994438454509
-0.002787169301882386
-0.002788536716252565
-0.002790073398500681
-0.002791755134239793
-0.00279355701059103
-0.002795454114675522
-0.00279742106795311
-0.00279943342320621
-0.002801466500386596
-0.002803497249260545
-0.002805503085255623
-0.002807462122291327
-0.002809353638440371
-0.002811159240081906
-0.002812860766425729
-0.002814441453665495
-0.002815886633470654
-0.002817182801663876
-0.002818317851051688
-0.002819281537085772
-0.00282006454654038
-0.002820658497512341
-0.002821057103574276
-0.002821255009621382
-0.002821248490363359
-0.002821034519001842
-0.002820612629875541
-0.002819982822984457
-0.002819146029651165
-0.002818105509504676
-0.002816865453496575
-0.002815431449562311
-0.002813810482621193
-0.002812011400237679
-0.002810044446960092
-0.002807920565828681
-0.002805653028190136
-0.002803255338221788
-0.002800742862746119
-0.002798131201416254
-0.002795437350869179
-0.00279267830774188
-0.00278987199999392
-0.002787036122754216
-0.002784188371151686
-0.002781345974653959
-0.002778525929898024
-0.002775744767859578
-0.002773016924038529
-0.002770356135442853
-0.002767774276435375
-0.002765282057225704
-0.002762888325378299
-0.002760598435997963
-0.002758417278528214
-0.002756346948444843
-0.002754387678578496
-0.002752537140622735
-0.002750791842117906
-0.002749145729467273
-0.00274759135209024
-0.002746119629591703
-0.002744719851762056
-0.002743380842730403
-0.002742090495303273
-0.002740835305303335
-0.002739602234214544
-0.0027383784763515
-0.002737150993198156
-0.002735907211899757
-0.002734634559601545
-0.002733322558924556
-0.002731961430981755
-0.002730542561039329
-0.002729058731347322
-0.002727504586800933
-0.00272587570361793
-0.002724170451983809
-0.002722388366237283
-0.002720530843362212
-0.002718600910156965
-0.002716603223234415
-0.002714543836191297
-0.002712430898100138
-0.00271027279086411
-0.00270807882770896
-0.002705859951674938
-0.002703627105802298
-0.002701392397284508
-0.002699167467653751
-0.002696964656934142
-0.002694794908165932
-0.002692669630050659
-0.002690598834306002
-0.002688591834157705
-0.002686657244339585
-0.002684801816940308
-0.002683031372725964
-0.002681349869817495
-0.002679759636521339
-0.002678260905668139
-0.002676852513104677
-0.002675531199201941
-0.002674292074516416
-0.002673128386959434
-0.00267203152179718
-0.002670991700142622
-0.002669997280463576
-0.00266903662122786
-0.002668096218258142
-0.002667162334546447
-0.002666221465915442
-0.002665260108187795
-0.002664264990016818
-0.002663223771378398
-0.002662124577909708
-0.002660958329215646
-0.002659715944901109
-0.002658391604200006
-0.002656980883330107
-0.002655482152476907
-0.002653895877301693
-0.002652224618941545
-0.002650472801178694
-0.002648648107424378
-0.002646759385243058
-0.002644817112013698
-0.00264283362776041
-0.002640821970999241
-0.002638796577230096
-0.002636771881952882
-0.002634762320667505
-0.002632781397551298
-0.00263084308244288
-0.002628959016874433
-0.002627140143886209
-0.002625395078212023
-0.002623730571940541
-0.002622151281684637
-0.00262065976858139
-0.002619255799800158
-0.002617935882881284
-0.002616696059703827
-0.002615529345348477
-0.002614426892250776
-0.002613377058878541
-0.002612368436530232
-0.00261138821952045
-0.002610422438010573
-0.002609457122161984
-0.002608479233458638
-0.002607475267723203
-0.002606433350592852
-0.002605342539027333
-0.002604193985462189
-0.002602980006486177
-0.002601695945486426
-0.002600338775664568
-0.002598908497020602
-0.002597406972199678
-0.002595838159322739
-0.002594207879155874
-0.002592524280771613
-0.002590796444565058
-0.00258903531357646
-0.002587251830846071
-0.002585457172244787
-0.002583663444966078
-0.002581881592050195
-0.002580122090876102
-0.002578394254669547
-0.002576705766841769
-0.002575063146650791
-0.002573470817878842
-0.002571930410340428
-0.00257044262252748
-0.002569005358964205
-0.00256761466152966
-0.002566264942288399
-0.002564948052167892
-0.002563656074926257
-0.002562378766015172
-0.002561104949563742
-0.002559823449701071
-0.002558522392064333
-0.002557190600782633
-0.002555817598477006
-0.002554393606260419
-0.002552910009399056
-0.002551359124481678
-0.002549735829234123
-0.002548035234212875
-0.002546255476772785
-0.002544395858421922
-0.002542456611990929
-0.002540439832955599
-0.002538349013775587
-0.002536188345402479
-0.002533962717279792
-0.002531676786020398
-0.002529335906729102
-0.002526944968849421
-0.002524508628994226
-0.002522031078115106
-0.002519514411687851
-0.002516960958018899
-0.002514371182769537
-0.002511743456125259
-0.002509075216948986
-0.002506363205611706
-0.002503602067008615
-0.002500785747542977
-0.002497906796634197
-0.002494958229362965
-0.002491932129487395
-0.002488819882273674
-0.00248561380431056
-0.002482305746525526
-0.002478888956829906
-0.002475357381626964
-0.002471705665811896
-0.002467930084094405
-0.002464027842506766
-0.002459998009726405
-0.002455841284245253
-0.002451559528708458
-0.002447155537083745
-0.002442633733153343
-0.002438000170513988
-0.002433261135593057
-0.002428424311801791
-0.002423497382551432
-0.002418488031253219
-0.002413405338302255
-0.00240825698710978
-0.002403051592409611
-0.002397796604782343
-0.002392499707639217
-0.0023871676530689
-0.00238180672749877
-0.002376422751694918
-0.002371022244915366
-0.002365610096603632
-0.002360190730541945
-0.002354769734665751
-0.002349350601434708
-0.00234393822029233
-0.002338537247851491
-0.002333152806386352
-0.002327789785340428
-0.002322453074157238
-0.002317148027941585
-0.002311880234628916
-0.002306655747815967
-0.002301479922607541
-0.002296359045431018
-0.002291298704221845
-0.002286304719746113
-0.002281382447108626
-0.002276536542922258
-0.002271771198138595
-0.002267089672386646
-0.002262494759634137
-0.002257988089695573
-0.002253570826724172
-0.002249242505058646
-0.002245001727715135
-0.002240846399217844
-0.002236772794276476
-0.002232776721939445
-0.002228852827101946
-0.002224994357675314
-0.002221194561570883
-0.002217446221038699
-0.002213741652667522
-0.002210072707384825
-0.002206431236118078
-0.002202808856964111
-0.002199197188019753
-0.002195588313043118
-0.002191974781453609
-0.002188349608331919
-0.002184706041589379
-0.002181038493290544
-0.002177342073991895
-0.002173612359911203
-0.002169845858588815
-0.002166039543226361
-0.002162191551178694
-0.002158300252631307
-0.0021543656475842
-0.00215038750320673
-0.002146367449313402
-0.002142306650057435
-0.002138207666575909
-0.002134073525667191
-0.002129907021299005
-0.002125712810084224
-0.002121495082974434
-0.002117258729413152
-0.002113008173182607
-0.00210874923504889
-0.002104486804455519
-0.002100226003676653
-0.00209597242064774
-0.002091731410473585
-0.002087507396936417
-0.002083304803818464
-0.002079128287732601
-0.002074981341138482
-0.002070867223665118
-0.002066788962110877
-0.002062748884782195
-0.002058748388662934
-0.002054788172245026
-0.0020508689340204
-0.002046989975497127
-0.002043150831013918
-0.002039349172264338
-0.002035583136603236
-0.002031850395724177
-0.002028147224336863
-0.002024470828473568
-0.002020816318690777
-0.002017180435359478
-0.002013558521866798
-0.00200994685292244
-0.002006340771913528
-0.00200273678638041
-0.001999130705371499
-0.001995519269257784
-0.001991899218410254
-0.001988267991691828
-0.001984623959288001
-0.001980965491384268
-0.001977291190996766
-0.001973601523786783
-0.001969896489754319
-0.001966177485883236
-0.001962445210665464
-0.001958701992407441
-0.001954950159415603
-0.001951192039996386
-0.001947431359440088
-0.001943671493791044
-0.001939915935508907
-0.001936168526299298
-0.001932433224283159
-0.001928714336827397
-0.001925015356391668
-0.001921340357512236
-0.001917692250572145
-0.001914074877277017
-0.00191049138084054
-0.001906944438815117
-0.001903436612337828
-0.001899969996884465
-0.001896546455100179
-0.001893167267553508
-0.001889833947643638
-0.001886546844616532
-0.001883306773379445
-0.001880114083178341
-0.001876968774013221
-0.001873870845884085
-0.001870820648036897
-0.00186781759839505
-0.001864862046204507
-0.00186195457354188
-0.001859095529653132
-0.001856286078691483
-0.001853527617640793
-0.00185082177631557
-0.001848170533776283
-0.001845576334744692
-0.001843042206019163
-0.001840571174398065
-0.001838166732341051
-0.001835832488723099
-0.001833572401665151
-0.001831390080042183
-0.001829289249144495
-0.001827273634262383
-0.001825346611440182
-0.001823511789552867
-0.001821771846152842
-0.001820129342377186
-0.001818586024455726
-0.001817143289372325
-0.0018158023012802
-0.001814563409425318
-0.001813426031731069
-0.001812389236874878
-0.001811451278626919
-0.001810609363019466
-0.001809860114008188
-0.001809199689887464
-0.001808623550459743
-0.001808125991374254
-0.001807701191864908
-0.001807342399843037
-0.001807042746804655
-0.001806794665753841
-0.001806589774787426
-0.00180641992483288
-0.00180627650115639
-0.001806150889024138
-0.001806034590117633
-0.00180591840762645
-0.001805793610401452
-0.001805651816539466
-0.001805484178476036
-0.001805282896384597
-0.001805039821192622
-0.001804747385904193
-0.001804398372769356
-0.00180398637894541
-0.001803505118004978
-0.001802949351258576
-0.001802314189262688
-0.001801595790311694
-0.001800791011191905
-0.001799897756427526
-0.001798914396204054
-0.001797840581275523
-0.001796677010133862
-0.001795424963347614
-0.001794086885638535
-0.001792666269466281
-0.001791167655028403
-0.001789596281014383
-0.001787958201020956
-0.001786260167136788
-0.001784509513527155
-0.001782714738510549
-0.001780884573236108
-0.001779028563760221
-0.001777155674062669
-0.001775276032276452
-0.001773399417288601
-0.001771535840816796
-0.001769694732502103
-0.001767885638400912
-0.001766117056831717
-0.001764397486113012
-0.00176273426041007
-0.001761134015396237
-0.00175960233900696
-0.001758143887855113
-0.001756761921569705
-0.001755458535626531
-0.001754234661348164
-0.001753089600242674
-0.00175202137324959
-0.001751026371493936
-0.001750099821947515
-0.001749236020259559
-0.00174842809792608
-0.001747668138705194
-0.001746947411447763
-0.001746256486512721
-0.001745585701428354
-0.001744924811646342
-0.001744263339787722
-0.001743591274134815
-0.001742898835800588
-0.001742176478728652
-0.001741415471769869
-0.001740608480758965
-0.001739748520776629
-0.001738830236718059
-0.001737849204801023
-0.001736802631057799
-0.001735689351335168
-0.001734509482048452
-0.001733264303766191
-0.001731957076117396
-0.001730591990053654
-0.001729174866341054
-0.001727711991406977
-0.001726211397908628
-0.001724681351333857
-0.001723130815662444
-0.001721568987704813
-0.001720005529932678
-0.001718449639156461
-0.0017169100465253
-0.001715395483188331
-0.001713913748972118
-0.001712471363134682
-0.001711074030026793
-0.001709726057015359
-0.001708430936560035
-0.001707190414890647
-0.001706004957668483
-0.001704873749986291
-0.001703794696368277
-0.001702764304354787
-0.001701778033748269
-0.00170083052944392
-0.00169991550501436
-0.001699025626294315
-0.001698153326287866
-0.001697290688753128
-0.001696429797448218
-0.001695562852546573
-0.001694682403467596
-0.001693781465291977
-0.00169285386800766
-0.00169189425650984
-0.001690898323431611
-0.001689862692728639
-0.00168878526892513
-0.001687665469944477
-0.001686503761447966
-0.001685301889665425
-0.001684062532149255
-0.001682789530605078
-0.001681488123722374
-0.001680163783021271
-0.001678822445683181
-0.001677470747381449
-0.001676115556620061
-0.001674763741903007
-0.001673421356827021
-0.001672094920650125
-0.001670789672061801
-0.001669510616920888
-0.001668261480517685
-0.001667045406065881
-0.001665864139795303
-0.001664718496613204
-0.001663607778027654
-0.001662530703470111
-0.001661484828218818
-0.001660466543398798
-0.001659471541643143
-0.001658494817093015
-0.001657531363889575
-0.001656575710512698
-0.001655622036196291
-0.00165466486942023
-0.001653699204325676
-0.001652720267884433
-0.001651724218390882
-0.001650707446970046
-0.001649667392484844
-0.001648602541536093
-0.001647512195631862
-0.001646396587602794
-0.001645256765186787
-0.001644094940274954
-0.001642913557589054
-0.001641716342419386
-0.00164050713647157
-0.001639290130697191
-0.001638069865293801
-0.001636850764043629
-0.001635637134313583
-0.001634433050639927
-0.00163324223831296
-0.001632067607715726
-0.001630911836400628
-0.001629776321351528
-0.001628661993891001
-0.001627569203265011
-0.001626497250981629
-0.00162544462364167
-0.001624409342184663
-0.001623388729058206
-0.001622379524633288
-0.001621378818526864
-0.001620383001863956
-0.001619388116523623
-0.001618391368538141
-0.001617389265447855
-0.001616378780454397
-0.001615357701666653
-0.00161432393360883
-0.001613276428543031
-0.001612214604392648
-0.001611138693988323
-0.00161004951223731
-0.001608948223292828
-0.001607836107723415
-0.001606715610250831
-0.001605589292012155
-0.001604459481313825
-0.001603329088538885
-0.001602200674824417
-0.001601077150553465
-0.001599960494786501
-0.001598852802999318
-0.001597755588591099
-0.001596670132130384
-0.00159559678286314
-0.001594535890035331
-0.001593486755155027
-0.00159244891256094
-0.001591420965269208
-0.001590401399880648
-0.001589388237334788
-0.001588379731401801
-0.001587373786605895
-0.001586368540301919
-0.00158536178059876
-0.001584351761266589
-0.001583337201736867
-0.001582316821441054
-0.001581289921887219
-0.001580255688168108
-0.001579214003868401
-0.001578165218234062
-0.001577109913341701
-0.001576049136929214
-0.001574984053149819
-0.001573915942572057
-0.001572846435010433
-0.001571777043864131
-0.001570709398947656
-0.001569644897244871
-0.001568584935739636
-0.00156753056216985
-0.001566482940688729
-0.001565442536957562
-0.00156440946739167
-0.001563383964821696
-0.001562365447171032
-0.001561353332363069
-0.00156034657265991
-0.001559344120323658
-0.00155834446195513
-0.001557346782647073
-0.001556349801830947
-0.001555352122522891
-0.00155435292981565
-0.001553351292386651
-0.001552346511743963
-0.00155133823864162
-0.001550326589494944
-0.001549311331473291
-0.001548293163068593
-0.00154727220069617
-0.001546249259263277
-0.001545225153677166
-0.001544200466014445
-0.001543176476843655
-0.001542154001072049
-0.001541133620776236
-0.001540115918032825
-0.001539101474918425
-0.001538090640679002
-0.001537083648145199
-0.001536080613732338
-0.001535081770271063
-0.001534086652100086
-0.001533094909973443
-0.001532106311060488
-0.001531119924038649
-0.001530135166831315
-0.001529151806607842
-0.001528169028460979
-0.00152718648314476
-0.001526203355751932
-0.001525219529867172
-0.001524234539829195
-0.001523248385637999
-0.001522261183708906
-0.001521272817626595
-0.001520283403806388
-0.00151929329149425
-0.001518302946351469
-0.001517312601208687
-0.001516322838142514
-0.00151533423922956
-0.001514346804469824
-0.001513361465185881
-0.00151237822137773
-0.001511397305876017
-0.001510419067926705
-0.001509443391114473
-0.001508470159024
-0.001507499255239964
-0.001506530679762363
-0.001505563966929913
-0.001504599000327289
-0.001503635430708528
-0.001502672675997019
-0.001501710736192763
-0.001500749262049794
-0.001499787787906826
-0.001498826546594501
-0.001497865072451532
-0.001496903481893241
-0.001495941774919629
-0.001494979718700051
-0.00149401742964983
-0.001493054907768965
-0.001492092851549387
-0.001491131260991096
-0.001490170252509415
-0.001489210175350308
-0.00148825126234442
-0.001487293862737715
-0.001486337976530194
-0.001485383836552501
-0.001484431442804635
-0.001483481144532561
-0.001482532708905637
-0.001481585903093219
-0.001480640843510628
-0.001479697180911899
-0.001478754449635744
-0.001477812533266842
-0.00147687119897455
-0.001475930330343544
-0.001474990043789148
-0.001474050106480718
-0.001473110285587609
-0.001472170697525144
-0.001471231342293322
-0.001470292452722788
-0.001469354261644185
-0.001468416885472834
-0.001467480440624058
-0.001466544927097857
-0.001465610577724874
-0.001464677508920431
-0.00146374583709985
-0.001462815329432487
-0.001461886218748987
-0.001460958272218704
-0.00146003148984164
-0.001459105871617794
-0.001458181184716523
-0.001457257312722504
-0.001456334604881704
-0.001455412711948156
-0.001454492099583149
-0.001453572185710073
-0.001452653086744249
-0.001451735035516322
-0.00145081733353436
-0.001449900446459651
-0.001448984141461551
-0.001448068767786026
-0.001447153859771788
-0.001446239417418838
-0.001445325673557818
-0.001444412511773407
-0.001443499699234962
-0.001442587468773127
-0.001441675936803222
-0.001440764986909926
-0.001439855201169848
-0.001438945881091058
-0.001438037608750165
-0.001437130267731845
-0.001436223974451423
-0.001435318612493575
-0.001434414531104267
-0.001433511730283499
-0.001432609744369984
-0.001431708806194365
-0.001430808915756643
-0.001429909723810852
-0.001429011346772313
-0.001428113551810384
-0.001427216571755707
-0.001426320406608284
-0.001425425172783434
-0.001424530637450516
-0.001423637033440173
-0.001422744360752404
-0.001421852852217853
-0.001420962507836521
-0.001420073211193085
-0.001419184962287545
-0.001418297761119902
-0.001417411491274834
-0.001416526036337018
-0.001415641396306455
-0.001414757687598467
-0.00141387467738241
-0.001412992482073605
-0.001412110752426088
-0.001411229488439858
-0.001410349272191525
-0.001409469521604478
-0.001408590353094041
-0.001407711650244892
-0.001406833762302995
-0.001405956689268351
-0.001405080547556281
-0.001404205220751464
-0.0014033307088539
-0.001402457128278911
-0.001401584362611175
-0.001400712411850691
-0.001399841043166816
-0.001398970372974873
-0.001398100634105504
-0.001397231593728065
-0.001396363251842558
-0.001395495841279626
-0.001394629362039268
-0.001393763697706163
-0.001392899081110954
-0.001392035512253642
-0.001391172758303583
-0.00139031105209142
-0.001389450393617153
-0.001388590782880783
-0.001387732103466988
-0.001386874238960445
-0.001386017072945833
-0.001385160721838474
-0.001384304603561759
-0.001383449300192297
-0.001382594346068799
-0.001381739974021912
-0.001380885951220989
-0.001380032626911998
-0.001379179651848972
-0.001378327375277877
-0.001377475913614035
-0.001376625150442123
-0.001375775318592787
-0.001374926301650703
-0.00137407798320055
-0.001373230945318937
-0.001372384955175221
-0.001371540012769401
-0.001370696001686156
-0.001369853154756129
-0.001369010889902711
-0.001368169556371868
-0.001367329037748277
-0.001366488984785974
-0.001365649630315602
-0.001364810857921839
-0.001363972667604685
-0.00136313505936414
-0.001362298149615526
-0.001361461821943521
-0.001360626192763448
-0.001359791494905949
-0.001358957611955702
-0.001358124776743352
-0.001357292756438255
-0.001356461434625089
-0.001355631044134498
-0.001354801584966481
-0.001353972940705717
-0.001353145227767527
-0.001352318446151912
-0.001351492363028228
-0.001350667094811797
-0.001349842525087297
-0.001349018653854728
-0.001348195481114089
-0.00134737289045006
-0.001346550765447319
-0.001345729222521186
-0.001344908378086984
-0.001344087766483426
-0.001343267853371799
-0.001342448522336781
-0.001341629773378372
-0.001340811606496572
-0.00133999390527606
-0.001339176902547479
-0.001338360481895506
-0.001337544876150787
-0.00133673008531332
-0.001335916109383106
-0.001335103181190789
-0.001334291184321046
-0.001333480351604521
-0.001332670333795249
-0.001331861247308552
-0.00133105309214443
-0.001330245868302882
-0.001329439575783908
-0.001328633981756866
-0.001327829202637076
-0.001327025122009218
-0.001326221507042646
-0.001325418474152684
-0.001324616023339331
-0.001323814154602587
-0.001323012867942452
-0.001322212163358927
-0.00132141204085201
-0.001320612616837025
-0.001319814007729292
-0.001319016213528812
-0.001318219234235585
-0.00131742306984961
-0.001316628069616854
-0.001315833884291351
-0.0013150405138731
-0.001314247841946781
-0.001313455868512392
-0.001312664477154613
-0.00131187355145812
-0.001311083324253559
-0.001310293329879642
-0.001309503684751689
-0.001308714156039059
-0.001307925209403038
-0.001307136612012982
-0.001306348480284214
-0.001305560814216733
-0.001304773613810539
-0.00130398734472692
-0.001303201774135232
-0.001302417367696762
-0.001301633892580867
-0.001300851232372224
-0.001300069619901478
-0.001299288938753307
-0.00129850918892771
-0.00129773048684001
-0.001296952832490206
-0.001296175760217011
-0.001295399619266391
-0.001294624293223023
-0.001293849782086909
-0.001293075969442725
-0.001292302855290473
-0.001291530439630151
-0.001290759071707726
-0.001289988169446588
-0.001289218082092702
-0.001288448693230748
-0.001287679770030081
-0.001286911428906024
-0.001286143553443253
-0.00128537614364177
-0.001284609083086252
-0.001283842604607344
-0.001283076591789722
-0.001282311044633389
-0.001281545963138342
-0.001280781114473939
-0.001280016964301467
-0.001279253512620926
-0.001278490526601672
