0
0
0
0
0
0
0
0
0
0
0
0
0
0
0
0
0
0
0
0
0
0
0
0
0
0
0
0
0
0
0
0
0
0
0
0
0
0
0
0
0
0
0
0
0
0
0
0
0
0
0
0
0
0
0
0
0
0
0
0
0
0
0
0
0
0
0
0
0
0
0
0
0
0
0
0
0
0
0
0
0
0
0
0
0
0
0
0
0
0
0
0
0
0
0
0
0
0
0
0
0
0
0
0
0
0
0
0
0
0
0
0
0
0
0
0
0
0
0
0
0
0
0
0
0
0
0
0
0
0
0
0
0
0
0
0
0
0
0
0
0
0
0
0
0
0
0
0
0
0
0
0
0
0
0
0
0
0
0
0
0
0
0
0
0
0
0
0
0
0
0
0
0
0
0
0
0
0
0
0
0
0
0
0
0
0
0
0
0
0
0
0
0
0
0
0
0
0
0
0
0
0
0
0
0
0
0
0
0
0
0
0
0
0
0
0
0
0
0
0
0
0
0
0
0
0
0
0
0
0
0
0
0
0
0
0
0
0
0
0
0
0
0
0
0
0
0
0
0
0
0
0
0
0
0
0
0
0
0
0
0
0
0
0
0
0
0
0
0
0
0
0
0
0
0
0
0
0
0
0
0
0
0
0
0
0
0
0
0
0
0
0
0
0
0
0
0
0
0
0
0
0
0
0
0
0
0
0
0
0
0
0
0
0
0
0
0
0
0
0
0
0
0
0
0
0
0
0
0
0
0
0
0
0
0
0
0
0
0
0
0
0
0
0
0
0
0
0
0
0
0
0
0
0
0
0
0
0
0
0
0
0
0
0
0
0
0
0
0
0
0
0
0
0
0
0
0
0
0
0
0
0
0
0
0
0
0
0
0
0
0
0
0
0
0
0
0
0
0
0
0
0
0
0
0
0
0
0
0
0
0
0
0
0
0
0
0
0
0
0
0
0
0
0
0
0
0
0
0
0
0
0
0
0
0
0
0
0
0
0
0
0
0
0
0
0
0
0
0
0
0
0
0
0
0
0
0
0
0
0
0
0
0
0
0
0
0
0
0
0
0
0
0
0
0
0
0
0
0
0
0
0
0
0
0
0
0
0
0
0
0
0
0
0
0
0
0
0
0
0
0
0
0
0
0
0
0
0
0
0
0
0
0
0
0
0
0
0
0
0
0
0
0
0
0
0
0
0
0
0
0
0
0
0
0
0
0
0
0
0
0
0
0
0
0
0
0
0
0
0
0
0
0
0
0
0
0
0
0
0
0
0
0
0
0
0
0
0
0
0
0
0
0
0
0
0
0
0
0
0
0
0
0
0
0
0
0
0
0
0
0
0
0
0
0
0
0
0
0
0
0
0
0
0
0
0
0
0
0
0
0
0
0
0
0
0
0
0
0
0
0
0
0
0
0
0
0
0
0
0
0
0
0
0
0
0
0
0
0
0
0
0
0
0
0
0
0
0
0
0
0
0
0
0
0
0
0
0
0
0
0
0
0
0
0
0
0
0
0
0
0
0
0
0
0
0
0
0
0
0
0
0
0
0
0
0
0
0
0
0
0
0
0
0
0
0
0
0
0
0
0
0
0
0
0
0
0
0
0
0
0
0
0
0
0
0
0
0
0
0
0
0
0
0
0
0
0
0
0
0
0
0
0
0
0
0
0
0
0
0
0
0
0
0
0
0
0
0
0
0
0
0
0
0
0
0
0
0
0
0
0
0
0
0
0
0
0
0
0
0
0
0
0
0
0
0
0
0
0
0
0
0
0
0
0
0
0
0
0
0
0
0
0
0
0
0
0
0
0
0
0
0
0
0
0
0
0
0
0
0
0
0
0
0
0
0
0
0
0
0
0
0
0
0
0
0
0
0
0
0
0
0
0
0
0
0
0
0
0
0
0
0
0
0
0
0
0
0
0
0
0
0
0
0
0
0
0
0
0
0
0
0
0
0
0
0
0
0
0
0
0
0
0
0
0
0
0
0
0
0
0
0
0
0
0
0
0
0
0
0
0
0
0
0
0
0
0
0
0
0
0
0
0
0
0
0
0
0
0
0
0
0
0
0
0
0
0
0
0
0
0
0
0
0
0
0
0
0
0
0
0
0
0
0
0
0
0
0
0
0
0
0
0
0
0
0
0
2.802596928649634e-45
1.401298464324817e-44
4.90454462513686e-44
1.261168617892335e-43
2.91470080579562e-43
6.389920997321166e-43
1.328430944179927e-42
2.736735900826368e-42
5.563154903369524e-42
1.124542017620666e-41
2.26141546172739e-41
4.529837415776404e-41
9.041317821670152e-41
1.798678682838049e-40
3.566724981245957e-40
7.050703288173533e-40
1.389527557224489e-39
2.730104956493183e-39
5.347828578744444e-39
1.044400076887772e-38
2.033540789613974e-38
3.947659560981872e-38
7.640671801910325e-38
1.474458239277427e-37
2.836916185391352e-37
5.44223786781783e-37
1.040948443351998e-36
1.985205588686651e-36
3.774940399998239e-36
7.157258942652585e-36
1.353066174756715e-35
2.550532024541839e-35
4.793861113082624e-35
8.984351536970226e-35
1.678951578822891e-34
3.128551123242152e-34
5.813068898188281e-34
1.077031454248559e-33
1.989827245904043e-33
3.665808520398074e-33
6.734339544935713e-33
1.233656929680211e-32
2.253571076688116e-32
4.105148946270729e-32
7.457110466701234e-32
1.350826151114666e-31
2.440162173295694e-31
4.395735264024226e-31
7.8966174601234e-31
1.414654695028158e-30
2.527334295284877e-30
4.502780951785247e-30
8.000331044577806e-30
1.417577876763964e-29
2.504959879387597e-29
4.414407474569524e-29
7.758268733958174e-29
1.35981800393292e-28
2.376966848440685e-28
4.143761053383093e-28
7.20440799499197e-28
1.249213532415462e-27
2.16029250745983e-27
3.725877877764303e-27
6.408960216768159e-27
1.099491988909691e-26
1.88124220670163e-26
3.210318141305902e-26
5.463926114579973e-26
9.275073385074054e-26
1.570320322998787e-25
2.65167285598635e-25
4.465961972471544e-25
7.501977475723853e-25
1.256911308773203e-24
2.100409804973567e-24
3.50087240064494e-24
5.820009077163457e-24
9.650472297175167e-24
1.59607465940199e-23
2.632932922840953e-23
4.332221196448974e-23
7.109970522143322e-23
1.16389396236973e-22
1.90042107783191e-22
3.095130723949959e-22
5.028089852876212e-22
8.147491744287032e-22
1.316872645900575e-21
2.123071123474759e-21
3.414194440661157e-21
5.476672766730882e-21
8.762985811705551e-21
1.398608288814596e-20
2.2266429007266e-20
3.53604202229934e-20
5.601424123904166e-20
8.851063260160116e-20
1.395115454054606e-19
2.193533574992487e-19
3.440325334705649e-19
5.382420301912509e-19
8.400016018548699e-19
1.307701824503963e-18
2.030789821978165e-18
3.145939716311422e-18
4.861458746801739e-18
7.494024739158916e-18
1.152384354272535e-17
1.767725335439713e-17
2.705009643223959e-17
4.129151614605481e-17
6.287705561969963e-17
9.551339389608543e-17
1.44736596043401e-16
2.187941292248327e-16
3.299419646171094e-16
4.963467487122391e-16
7.448687035959333e-16
1.115121839675602e-15
1.665383135453084e-15
2.481168719645818e-15
3.687651109495794e-15
5.467587510131142e-15
8.087141931600525e-15
1.193297644399606e-14
1.756539148346521e-14
2.579426066186621e-14
3.77872612486365e-14
5.52237360115955e-14
8.051279911866493e-14
1.171018035144022e-13
1.699114210874236e-13
2.459475765409502e-13
3.551600745270445e-13
5.116442209143757e-13
7.35317622763132e-13
1.05425434007711e-12
1.507925403466948e-12
2.151685947471282e-12
3.062971317552288e-12
4.349831692757045e-12
6.162654154345804e-12
8.710224382035836e-12
1.228167047229167e-11
1.727636436688051e-11
2.424456121974394e-11
3.39424738315941e-11
4.740673825720521e-11
6.605477276266924e-11
9.181971849514525e-11
1.273313537941689e-10
1.761580187276124e-10
2.43129183452595e-10
3.347644383921988e-10
4.59842303124347e-10
6.301525967700172e-10
8.614886026769852e-10
1.174951913540667e-09
1.598663423862945e-09
2.170001511814235e-09
2.93852053800947e-09
3.969744977183609e-09
5.350090592770584e-09
7.193227791191248e-09
9.64828217320246e-09
1.291037943218498e-08
1.723416431786973e-08
2.295105971938938e-08
3.049129304599774e-08
4.041184098468875e-08
5.343184028561154e-08
7.047731287457282e-08
9.273747991755954e-08
1.217353542415367e-07
1.594162597484683e-07
2.082579726447875e-07
2.714079130328173e-07
3.528530498897453e-07
4.57629766970058e-07
5.920824719396478e-07
7.641808110747661e-07
9.83907625595748e-07
1.263732428924413e-06
1.619186036805331e-06
2.069556785500026e-06
2.638729938553297e-06
3.356197339599021e-06
4.258267381374026e-06
5.389507350628264e-06
6.804459189879708e-06
8.569672900193837e-06
1.076610078598605e-05
1.349192007182864e-05
1.686582254478708e-05
2.103085898852441e-05
2.615889570733998e-05
3.24557586282026e-05
4.016715683974326e-05
4.958545105182566e-05
6.105736247263849e-05
7.499271305277944e-05
9.187427349388599e-05
0.0001122687681345269
0.000136839211336337
0.0001663584698690102
0.0002017242513829842
0.0002439753880025819
0.0002943096624221653
0.0003541027253959328
0.0004249283811077476
0.0005085801240056753
0.0006070933304727077
0.0007227682508528233
0.0008581934380345047
0.001016268855892122
0.001200228463858366
0.001413662219420075
0.001660535228438675
0.001945204799994826
0.002272434532642365
0.002647402696311474
0.003075706074014306
0.003563356352970004
0.004116769414395094
0.004742743447422981
0.005448430776596069
0.00624129269272089
0.007129046600311995
0.008119595237076283
0.009220942854881287
0.01044109743088484
0.01178795844316483
0.01326918043196201
0.01489203050732613
0.01666323095560074
0.01858878321945667
0.02067378163337708
0.02292223088443279
0.02533683925867081
0.02791882492601871
0.03066771663725376
0.03358117491006851
0.03665481880307198
0.03988207876682281
0.043254055082798
0.04675945639610291
0.0503845326602459
0.05411307886242867
0.0579264722764492
0.06180380657315254
0.0657220333814621
0.06965623795986176
0.07357988506555557
0.07746522128582001
0.08128370344638824
0.0850064605474472
0.08860486000776291
0.09205103665590286
0.09531854838132858
0.09838289767503738
0.1012222692370415
0.1038180142641068
0.1061552539467812
0.1082233414053917
0.1100163087248802
0.1115331277251244
0.112777978181839
0.113760307431221
0.1144947037100792
0.1150007843971252
0.1153027787804604
0.1154290288686752
0.1154113784432411
0.1152843683958054
0.1150843799114227
0.1148486733436584
0.1146143525838852
0.1144173145294189
0.114291213452816
0.1142664700746536
0.1143693029880524
0.1146209910511971
0.1150371581315994
0.1156273037195206
0.1163944974541664
0.117335356771946
0.118440181016922
0.1196933016180992
0.1210737377405167
0.1225560009479523
0.1241110414266586
0.1257074028253555
0.1273124217987061
0.1288935244083405
0.1304194778203964
0.1318616569042206
0.1331951171159744
0.1343995928764343
0.1354602426290512
0.1363681703805923
0.13712078332901
0.1377217471599579
0.1381806433200836
0.1385126411914825
0.1387374401092529
0.1388785392045975
0.138961985707283
0.1390151381492615
0.1390653997659683
0.13913893699646
0.139259397983551
0.1394469887018204
0.1397175043821335
0.1400816738605499
0.1405449062585831
0.1411070376634598
0.1417626291513443
0.1425013393163681
0.1433086395263672
0.1441667526960373
0.1450556218624115
0.1459540873765945
0.1468411684036255
0.1476970165967941
0.1485041081905365
0.1492480933666229
0.149918407201767
0.1505088210105896
0.1510176211595535
0.1514474749565125
0.1518051624298096
0.1521010547876358
0.1523482203483582
0.1525617986917496
0.1527577638626099
0.1529521048069
0.1531597971916199
0.1533939987421036
0.153665229678154
0.153980940580368
0.1543451696634293
0.1547584384679794
0.1552178561687469
0.1557175517082214
0.1562491357326508
0.1568023562431335
0.1573659032583237
0.1579281538724899
0.1584779769182205
0.1590055078268051
0.1595026403665543
0.1599635183811188
0.1603848934173584
0.1607660949230194
0.161109060049057
0.1614179760217667
0.1616988778114319
0.161959171295166
0.1622070670127869
0.1624508500099182
0.1626984179019928
0.1629566699266434
0.1632311046123505
0.1635254770517349
0.1638416349887848
0.1641795039176941
0.1645372062921524
0.1649113595485687
0.1652973145246506
0.1656897217035294
0.1660828441381454
0.1664710938930511
0.1668494045734406
0.167213648557663
0.1675608158111572
0.167889267206192
0.1681986600160599
0.168490007519722
0.1687654852867126
0.169028177857399
0.1692817360162735
0.1695301085710526
0.1697771698236465
0.1700264066457748
0.1702806949615479
0.1705421060323715
0.1708117723464966
0.171089842915535
0.1713755428791046
0.1716673076152802
0.1719629019498825
0.1722597032785416
0.1725549399852753
0.1728458106517792
0.1731297671794891
0.173404648900032
0.173668846487999
0.1739212870597839
0.1741614192724228
0.1743892431259155
0.174605056643486
0.1748093962669373
0.1750028133392334
0.1751856803894043
0.1753580868244171
0.1755195558071136
0.1756689995527267
0.1758046001195908
0.1759237945079803
0.1760232299566269
0.1760988235473633
0.1761458069086075
0.1761587858200073
0.1761318892240524
0.1760588586330414
0.1759331375360489
0.1757479161024094
0.1754963397979736
0.1751714497804642
0.1747663170099258
0.1742739379405975
0.1736874282360077
0.1730000227689743
0.1722051352262497
0.1712964624166489
0.1702680438756943
0.1691144555807114
0.1678309887647629
0.1664138287305832
0.1648603230714798
0.1631692796945572
0.1613412201404572
0.1593785583972931
0.1572859883308411
0.1550705581903458
0.152742013335228
0.1503127813339233
0.1477979868650436
0.1452154517173767
0.1425855755805969
0.1399310082197189
0.1372763067483902
0.1346475630998611
0.1320718079805374
0.1295763999223709
0.1271883249282837
0.1249334514141083
0.1228358000516891
0.1209167540073395
0.1191942319273949
0.1176820248365402
0.116389200091362
0.1153195351362228
0.1144711449742317
0.1138363033533096
0.1134013757109642
0.1131470426917076
0.1130487099289894
0.1130771487951279
0.1131993606686592
0.1133796200156212
0.1135806664824486
0.1137651279568672
0.1138969361782074
0.1139427572488785
0.1138734221458435
0.1136652007699013
0.1133009269833565
0.1127708479762077
0.112073116004467
0.1112140491604805
0.1102078780531883
0.1090761423110962
0.1078467220067978
0.1065524965524673
0.1052297279238701
0.103916198015213
0.1026492193341255
0.101463682949543
0.1003900915384293
0.0994529128074646
0.09866917133331299
0.09804745763540268
0.09758741408586502
0.09727978706359863
0.09710696339607239
0.09704401344060898
0.0970601961016655
0.0971209704875946
0.09719005227088928
0.09723178297281265
0.09721332043409348
0.09710685163736343
0.09689126908779144
0.09655353426933289
0.09608951210975647
0.09550406038761139
0.09481067210435867
0.09403034299612045
0.0931900218129158
0.09232058376073837
0.09145452827215195
0.09062361717224121
0.08985650539398193
0.08917663991451263
0.08860062807798386
0.08813705295324326
0.08778601884841919
0.08753924071788788
0.08738090097904205
0.08728903532028198
0.08723744750022888
0.08719782531261444
0.08714213222265244
0.08704492449760437
0.08688532561063766
0.08664868026971817
0.08632756769657135
0.08592230826616287
0.08544068038463593
0.08489701151847839
0.08431079238653183
0.08370479196310043
0.08310291171073914
0.08252805471420288
0.08200009912252426
0.08153417706489563
0.08113942295312881
0.08081838488578796
0.08056698739528656
0.08037509024143219
0.08022771775722504
0.08010659366846085
0.07999201118946075
0.0798647552728653
0.07970798015594482
0.07950869202613831
0.07925888895988464
0.07895614206790924
0.07860362529754639
0.07820954918861389
0.0777861475944519
0.0773482546210289
0.07691168040037155
0.07649154961109161
0.07610080391168594
0.07574893534183502
0.07544110715389252
0.075177863240242
0.0749552845954895
0.07476557791233063
0.07459808886051178
0.07444059103727341
0.07428065687417984
0.07410705089569092
0.07391083240509033
0.07368624955415726
0.07343117892742157
0.07314722985029221
0.07283931970596313
0.07251493632793427
0.07218318432569504
0.07185366004705429
0.07153531163930893
0.07123548537492752
0.07095909863710403
0.07070829719305038
0.0704822763800621
0.07027757912874222
0.07008863985538483
0.06990852206945419
0.06972981244325638
0.06954555213451385
0.0693499743938446
0.06913911551237106
0.06891115009784698
0.0686664879322052
0.06840752065181732
0.06813816726207733
0.06786332279443741
0.06758805364370346
0.06731701642274857
0.06705375760793686
0.06680036336183548
0.06655716896057129
0.06632278114557266
0.06609426438808441
0.06586752086877823
0.06563772261142731
0.0653999075293541
0.06514941155910492
0.06488232314586639
0.06459571421146393
0.06428775191307068
0.06395761668682098
0.06360527873039246
0.06323117017745972
0.06283575296401978
0.06241915002465248
0.06198075041174889
0.06151898205280304
0.06103111803531647
0.06051327660679817
0.05996051803231239
0.05936704203486443
0.058726467192173
0.05803212895989418
0.05727735906839371
0.05645572394132614
0.05556118115782738
0.05458815395832062
0.05353151261806488
0.05238647758960724
0.05114851146936417
0.04981312528252602
0.04837577044963837
0.04683171957731247
0.04517600312829018
0.04340349137783051
0.04150895774364471
0.03948727622628212
0.03733362630009651
0.03504377603530884
0.03261429071426392
0.03004280477762222
0.02732820250093937
0.02447077259421349
0.02147230505943298
0.01833612844347954
0.01506712473928928
0.01167168281972408
0.008157676085829735
0.004534400068223476
0.0008125472231768072
-0.00299583887681365
-0.006877377163618803
-0.01081736944615841
-0.01479982305318117
-0.01880749315023422
-0.02282195165753365
-0.02682369574904442
-0.03079231269657612
-0.03470668196678162
-0.03854524716734886
-0.04228631779551506
-0.04590840637683868
-0.04939061403274536
-0.05271300300955772
-0.05585697665810585
-0.05880565568804741
-0.06154422461986542
-0.06406023353338242
-0.06634391099214554
-0.06838835775852203
-0.07018978893756866
-0.07174764573574066
-0.07306472957134247
-0.07414720207452774
-0.07500462979078293
-0.07564990967512131
-0.07609909772872925
-0.07637125998735428
-0.07648814469575882
-0.07647392153739929
-0.07635468989610672
-0.07615803182125092
-0.07591250538825989
-0.07564699649810791
-0.07539013773202896
-0.07516968995332718
-0.07501187920570374
-0.07494082301855087
-0.07497794181108475
-0.07514142990112305
-0.07544585317373276
-0.07590176165103912
-0.07651544362306595
-0.07728875428438187
-0.07821914553642273
-0.0792996883392334
-0.08051931113004684
-0.08186309784650803
-0.08331272006034851
-0.08484698832035065
-0.08644242584705353
-0.08807400614023209
-0.08971584588289261
-0.09134197980165482
-0.09292715787887573
-0.09444759786128998
-0.09588172286748886
-0.09721078723669052
-0.0984194427728653
-0.09949620813131332
-0.1004338189959526
-0.1012293770909309
-0.1018844619393349
-0.1024049520492554
-0.1028008013963699
-0.1030856594443321
-0.1032763347029686
-0.1033921614289284
-0.1034542769193649
-0.1034848988056183
-0.1035064607858658
-0.1035407707095146
-0.1036083325743675
-0.1037275344133377
-0.1039140373468399
-0.104180246591568
-0.1045349016785622
-0.104982852935791
-0.105524942278862
-0.1061580777168274
-0.1068754270672798
-0.1076667979359627
-0.1085191518068314
-0.1094171926379204
-0.1103440523147583
-0.111282043159008
-0.1122134029865265
-0.1131210699677467
-0.1139893606305122
-0.1148046478629112
-0.1155558526515961
-0.1162348836660385
-0.1168368682265282
-0.1173602864146233
-0.1178069561719894
-0.1181817799806595
-0.1184924989938736
-0.11874920129776
-0.1189637780189514
-0.1191493198275566
-0.1193193942308426
-0.119487464427948
-0.1196661815047264
-0.1198667734861374
-0.1200985908508301
-0.1203686371445656
-0.1206812784075737
-0.1210381016135216
-0.1214378997683525
-0.1218767911195755
-0.1223483979701996
-0.1228442713618279
-0.1233542338013649
-0.1238669902086258
-0.1243705675005913
-0.1248528882861137
-0.1253022998571396
-0.1257080584764481
-0.1260606497526169
-0.1263521611690521
-0.1265764832496643
-0.126729279756546
-0.1268080919981003
-0.1268121749162674
-0.1267421990633011
-0.1265999227762222
-0.126387894153595
-0.1261090338230133
-0.1257661730051041
-0.1253617107868195
-0.1248972713947296
-0.1243733242154121
-0.1237890869379044
-0.1231423988938332
-0.1224297061562538
-0.1216461211442947
-0.1207857206463814
-0.1198417916893959
-0.1188071444630623
-0.1176746115088463
-0.1164374276995659
-0.1150897294282913
-0.1136270090937614
-0.1120464652776718
-0.1103474050760269
-0.1085314899682999
-0.1066028848290443
-0.1045684143900871
-0.1024374812841415
-0.100222036242485
-0.09793635457754135
-0.09559670090675354
-0.09322108328342438
-0.0908287912607193
-0.08843997865915298
-0.08607522398233414
-0.08375511318445206
-0.08149976283311844
-0.07932840287685394
-0.07725901156663895
-0.07530799508094788
-0.07348982989788055
-0.07181686162948608
-0.07029910385608673
-0.068944051861763
-0.0677565261721611
-0.06673868745565414
-0.06588990986347198
-0.06520681828260422
-0.06468330323696136
-0.06431058794260025
-0.06407734751701355
-0.06396985054016113
-0.06397218257188797
-0.06406645476818085
-0.06423316150903702
-0.06445153802633286
-0.06469994783401489
-0.0649564117193222
-0.06519907712936401
-0.06540679186582565
-0.06555964052677155
-0.06563957035541534
-0.06563091278076172
-0.06552089005708694
-0.06530007719993591
-0.06496275216341019
-0.06450711190700531
-0.06393546611070633
-0.06325417757034302
-0.06247349455952644
-0.0616072453558445
-0.06067238003015518
-0.05968838930130005
-0.05867656692862511
-0.05765924230217934
-0.05665889382362366
-0.05569727346301079
-0.0547945648431778
-0.05396854132413864
-0.05323386564850807
-0.05260148644447327
-0.05207820609211922
-0.05166640877723694
-0.0513639785349369
-0.05116444453597069
-0.05105729028582573
-0.05102846771478653
-0.05106104910373688
-0.05113603174686432
-0.05123323202133179
-0.05133222043514252
-0.05141324922442436
-0.05145817250013351
-0.05145126581192017
-0.05137990787625313
-0.0512351430952549
-0.05101200193166733
-0.05070967972278595
-0.05033145099878311
-0.04988442733883858
-0.04937909543514252
-0.04882871359586716
-0.04824854806065559
-0.04765505343675613
-0.04706496745347977
-0.04649443179368973
-0.04595815390348434
-0.04546866565942764
-0.0450357086956501
-0.04466578736901283
-0.04436188936233521
-0.04412344843149185
-0.04394646733999252
-0.04382384195923805
-0.04374584928154945
-0.04370078071951866
-0.04367567971348763
-0.0436570979654789
-0.04363191500306129
-0.04358807578682899
-0.04351526126265526
-0.0434054434299469
-0.04325328022241592
-0.04305634275078773
-0.04281514510512352
-0.0425330214202404
-0.04221582785248756
-0.04187145829200745
-0.04150929301977158
-0.04113955795764923
-0.04077262431383133
-0.04041837528347969
-0.04008554667234421
-0.03978124260902405
-0.03951052203774452
-0.03927614539861679
-0.0390784852206707
-0.03891560062766075
-0.03878344967961311
-0.03867624327540398
-0.03858692944049835
-0.03850769251585007
-0.03843052685260773
-0.03834781423211098
-0.03825280070304871
-0.03814004734158516
-0.03800574317574501
-0.03784789890050888
-0.03766640648245811
-0.03746295347809792
-0.03724083304405212
-0.03700461983680725
-0.03675977885723114
-0.03651222586631775
-0.03626787289977074
-0.03603218495845795
-0.03580980375409126
-0.03560423105955124
-0.03541763499379158
-0.03525074198842049
-0.03510285541415215
-0.03497198224067688
-0.03485503420233727
-0.0347481481730938
-0.03464699164032936
-0.03454713895916939
-0.0344444140791893
-0.03433521836996078
-0.0342167466878891
-0.03408719599246979
-0.03394585102796555
-0.03379307314753532
-0.03363020345568657
-0.03345941752195358
-0.03328348323702812
-0.03310551866889
-0.0329286977648735
-0.032756008207798
-0.03259000554680824
-0.03243261575698853
-0.03228501975536346
-0.0321475937962532
-0.03201992437243462
-0.03190090507268906
-0.03178884088993073
-0.03168164193630219
-0.03157703205943108
-0.03147273883223534
-0.03136670961976051
-0.03125723823904991
-0.03114312328398228
-0.03102372586727142
-0.03089899010956287
-0.03076940961182117
-0.03063595667481422
-0.03049995191395283
-0.03036293014883995
-0.03022649325430393
-0.03009216114878654
-0.0299612320959568
-0.0298346858471632
-0.02971311472356319
-0.02959669195115566
-0.0294851902872324
-0.02937801741063595
-0.02927430346608162
-0.0291729997843504
-0.02907297946512699
-0.02897315099835396
-0.02887255512177944
-0.0287704486399889
-0.02866634726524353
-0.02856006287038326
-0.02845169417560101
-0.02834160067141056
-0.02823034301400185
-0.02811862342059612
-0.02800719998776913
-0.0278968159109354
-0.02778812311589718
-0.0276816263794899
-0.02757764235138893
-0.02747629396617413
-0.02737749740481377
-0.02728098817169666
-0.02718636952340603
-0.02709314972162247
-0.02700080163776875
-0.02690881676971912
-0.02681675367057323
-0.02672427333891392
-0.02663116715848446
-0.02653736434876919
-0.02644293196499348
-0.0263480544090271
-0.02625300362706184
-0.02615810930728912
-0.0260637179017067
-0.02597015351057053
-0.0258776880800724
-0.025786517187953
-0.02569674141705036
-0.02560837008059025
-0.02552131935954094
-0.0254354365170002
-0.02535051479935646
-0.02526632510125637
-0.02518262527883053
-0.02509920485317707
-0.02501589432358742
-0.02493258006870747
-0.02484921738505363
-0.02476582117378712
-0.02468245662748814
-0.0245992373675108
-0.02451630681753159
-0.02443381398916245
-0.02435189671814442
-0.02427067421376705
-0.02419023215770721
-0.02411061525344849
-0.02403182163834572
-0.02395381592214108
-0.02387652359902859
-0.02379985526204109
-0.02372370660305023
-0.0236479714512825
-0.02357256598770618
-0.02349741570651531
-0.02342248149216175
-0.02334774471819401
-0.02327321656048298
-0.0231989286839962
-0.0231249313801527
-0.02305128425359726
-0.02297805063426495
-0.02290528267621994
-0.02283302322030067
-0.02276130393147469
-0.02269013226032257
-0.02261950075626373
-0.02254938147962093
-0.02247973717749119
-0.02241052687168121
-0.02234170585870743
-0.02227322943508625
-0.02220506593585014
-0.02213718928396702
-0.02206959202885628
-0.02200227044522762
-0.02193523570895195
-0.02186850644648075
-0.02180210500955582
-0.02173605188727379
-0.02167036943137646
-0.02160507440567017
-0.02154017984867096
-0.02147568948566914
-0.02141159772872925
-0.0213478971272707
-0.021284569054842
-0.02122159488499165
-0.02115895412862301
-0.02109662815928459
-0.0210346020758152
-0.02097286656498909
-0.02091141603887081
-0.02085024677217007
-0.02078936249017715
-0.02072876505553722
-0.02066846750676632
-0.02060847543179989
-0.02054880000650883
-0.02048944495618343
-0.02043041400611401
-0.02037170343101025
-0.02031331136822701
-0.02025523781776428
-0.02019746974110603
-0.02013999968767166
-0.02008281834423542
-0.02002592012286186
-0.01996929384768009
-0.01991293579339981
-0.01985684596002102
-0.01980101875960827
-0.01974545791745186
-0.01969016529619694
-0.01963514275848866
-0.01958039030432701
-0.01952590979635715
-0.01947170495986938
-0.01941777020692825
-0.01936410926282406
-0.01931071653962135
-0.01925759017467499
-0.01920472458004951
-0.01915211603045464
-0.01909975707530975
-0.01904764771461487
-0.01899578236043453
-0.0189441591501236
-0.01889277622103691
-0.01884162798523903
-0.0187907200306654
-0.01874005235731602
-0.01868962496519089
-0.01863943785429001
-0.01858948916196823
-0.01853977702558041
-0.01849030330777168
-0.01844106242060661
-0.01839205250144005
-0.01834327355027199
-0.01829472184181213
-0.01824639365077019
-0.018198287114501
-0.01815039850771427
-0.01810272969305515
-0.01805527321994305
-0.01800803281366825
-0.01796100847423077
-0.01791419833898544
-0.01786760427057743
-0.01782122068107128
-0.01777505129575729
-0.01772909052670002
-0.01768334023654461
-0.01763779856264591
-0.01759246177971363
-0.01754732988774776
-0.01750239916145802
-0.01745766960084438
-0.01741313561797142
-0.01736879721283913
-0.01732465624809265
-0.0172807089984417
-0.01723695732653141
-0.0171933975070715
-0.01715003326535225
-0.01710685901343822
-0.01706387661397457
-0.01702108420431614
-0.01697847805917263
-0.0169360563158989
-0.01689381711184978
-0.0168517604470253
-0.01680988818407059
-0.0167681947350502
-0.01672668196260929
-0.01668534986674786
-0.01664419658482075
-0.01660321466624737
-0.01656240969896317
-0.01652177795767784
-0.01648132130503654
-0.01644103601574898
-0.01640092022716999
-0.01636097207665443
-0.01632119528949261
-0.01628158800303936
-0.01624215021729469
-0.01620288193225861
-0.01616377755999565
-0.01612483710050583
-0.01608606055378914
-0.01604744605720043
-0.01600899174809456
-0.01597069762647152
-0.01593256182968616
-0.0158945806324482
-0.01585675403475761
-0.01581908203661442
-0.01578156277537346
-0.01574419811367989
-0.01570698618888855
-0.01566992700099945
-0.01563301868736744
-0.01559626311063766
-0.01555965840816498
-0.0155232036486268
-0.01548689790070057
-0.01545074116438627
-0.01541473157703876
-0.0153788672760129
-0.0153431473299861
-0.01530757080763578
-0.01527213677763939
-0.01523684244602919
-0.01520168874412775
-0.01516667474061251
-0.01513179950416088
-0.01509706396609545
-0.01506246812641621
-0.01502801105380058
-0.01499368995428085
-0.01495950389653444
-0.01492545194923878
-0.01489153318107128
-0.01485774852335453
-0.01482409611344337
-0.01479057595133781
-0.01475718803703785
-0.01472393050789833
-0.01469080056995153
-0.01465779822319746
-0.01462492346763611
-0.0145921753719449
-0.01455955300480127
-0.01452705729752779
-0.01449468731880188
-0.01446244213730097
-0.01443031989037991
-0.01439832150936127
-0.01436644420027733
-0.01433468889445066
-0.01430305372923613
-0.01427153870463371
-0.014240144751966
-0.01420887093991041
-0.01417771633714437
-0.01414668001234531
-0.01411575917154551
-0.01408495474606752
-0.01405426487326622
-0.01402368955314159
-0.01399322785437107
-0.01396287977695465
-0.01393264252692461
-0.0139025179669261
-0.01387250423431396
-0.01384260132908821
-0.01381280925124884
-0.01378312893211842
-0.01375356037169695
-0.01372409984469414
-0.01369475014507771
-0.01366551034152508
-0.01363637857139111
-0.01360735576599836
-0.01357844099402428
-0.0135496323928237
-0.01352092996239662
-0.0134923318400979
-0.01346383802592754
-0.01343544665724039
-0.01340715680271387
-0.01337896846234798
-0.01335087977349758
-0.01332289166748524
-0.01329500414431095
-0.01326721627265215
-0.01323952618986368
-0.01321193389594555
-0.01318443939089775
-0.01315704360604286
-0.01312974467873573
-0.01310254354029894
-0.0130754392594099
-0.01304843183606863
-0.01302152033895254
-0.01299470569938421
-0.01296798419207335
-0.01294135861098766
-0.01291482616215944
-0.01288838684558868
-0.01286204066127539
-0.01283578760921955
-0.01280962582677603
-0.01278355717658997
-0.01275757793337107
-0.01273168902844191
-0.01270589139312506
-0.01268018502742052
-0.01265456713736057
-0.01262903772294521
-0.01260359585285187
-0.01257824059575796
-0.01255297381430864
-0.01252779550850391
-0.01250270288437605
-0.01247769687324762
-0.01245277654379606
-0.01242794189602137
-0.01240319199860096
-0.01237852592021227
-0.01235394272953272
-0.01232944242656231
-0.01230502501130104
-0.01228068768978119
-0.01225643139332533
-0.01223225705325603
-0.01220816373825073
-0.01218415051698685
-0.01216021925210953
-0.01213636714965105
-0.01211259607225657
-0.0120889050886035
-0.01206529419869184
-0.01204176153987646
-0.0120183052495122
-0.01199492812156677
-0.01197162829339504
-0.01194840483367443
-0.01192525587975979
-0.01190218143165112
-0.01187918055802584
-0.0118562513962388
-0.01183339487761259
-0.01181060913950205
-0.01178789511322975
-0.0117652490735054
-0.011742671020329
-0.01172015909105539
-0.01169771235436201
-0.01167532708495855
-0.01165300142019987
-0.01163073256611824
-0.01160851586610079
-0.01158635038882494
-0.01156423054635525
-0.01154215354472399
-0.01152011286467314
-0.01149810291826725
-0.01147611625492573
-0.01145414728671312
-0.01143218763172626
-0.01141022704541683
-0.0113882552832365
-0.01136626023799181
-0.01134422980248928
-0.0113221500068903
-0.01130000222474337
-0.01127776969224215
-0.01125543378293514
-0.01123297121375799
-0.01121035683900118
-0.01118756271898746
-0.01116456091403961
-0.01114131603389978
-0.01111779361963272
-0.01109395641833544
-0.01106976345181465
-0.01104517001658678
-0.01102013140916824
-0.01099459733814001
-0.01096851658076048
-0.01094183512032032
-0.01091449707746506
-0.01088644377887249
-0.01085761375725269
-0.01082794461399317
-0.01079737581312656
-0.01076584402471781
-0.01073328591883183
-0.01069963909685612
-0.01066484488546848
-0.01062884926795959
-0.01059159450232983
-0.0105530358850956
-0.01051313243806362
-0.01047184783965349
-0.01042915694415569
-0.01038504298776388
-0.01033949945122004
-0.01029253285378218
-0.01024416368454695
-0.01019442360848188
-0.01014336105436087
-0.01009104028344154
-0.01003754045814276
-0.009982959367334843
-0.009927414357662201
-0.00987103208899498
-0.009813959710299969
-0.009756362065672874
-0.00969841331243515
-0.009640303440392017
-0.00958222895860672
-0.009524400345981121
-0.009467033669352531
-0.009410344064235687
-0.009354551322758198
-0.009299871511757374
-0.009246513247489929
-0.009194674901664257
-0.009144540876150131
-0.009096278809010983
-0.009050034917891026
-0.009005928412079811
-0.008964051492512226
-0.008924465626478195
-0.008887200616300106
-0.008852250874042511
-0.008819572627544403
-0.00878908671438694
-0.008760678581893444
-0.008734198287129402
-0.008709464222192764
-0.008686263114213943
-0.008664358407258987
-0.008643492124974728
-0.008623387664556503
-0.008603760972619057
-0.008584321476519108
-0.00856478326022625
-0.008544868789613247
-0.008524319157004356
-0.008502895943820477
-0.008480389602482319
-0.008456625044345856
-0.008431466296315193
-0.00840482022613287
-0.008376637473702431
-0.008346917107701302
-0.008315702900290489
-0.008283087983727455
-0.008249204605817795
-0.008214226923882961
-0.008178360760211945
-0.008141841739416122
-0.008104924112558365
-0.008067874237895012
-0.008030964992940426
-0.007994463667273521
-0.007958619855344296
-0.007923667319118977
-0.007889805361628532
-0.007857200689613819
-0.007825976237654686
-0.00779621209949255
-0.007767938077449799
-0.007741138339042664
-0.007715748623013496
-0.007691659033298492
-0.007668721023947001
-0.007646750658750534
-0.007625536993145943
-0.007604850921779871
-0.007584451697766781
-0.007564099039882421
-0.007543560583144426
-0.007522622589021921
-0.00750109413638711
-0.007478821557015181
-0.007455684710294008
-0.00743161141872406
-0.007406569551676512
-0.007380576804280281
-0.007353690918534994
-0.007326012011617422
-0.007297675125300884
-0.007268844172358513
-0.00723970215767622
-0.007210445124655962
-0.00718127004802227
-0.007152371108531952
-0.007123926654458046
-0.007096092216670513
-0.007068994920700788
-0.007042726967483759
-0.007017344702035189
-0.006992863491177559
-0.006969260517507792
-0.006946475710719824
-0.006924416404217482
-0.006902961526066065
-0.006881970912218094
-0.006861289031803608
-0.006840754766017199
-0.006820210255682468
-0.006799507886171341
-0.006778516806662083
-0.006757131777703762
-0.006735274568200111
-0.006712897680699825
-0.006689988542348146
-0.006666565779596567
-0.006642678752541542
-0.006618403363972902
-0.006593838334083557
-0.006569097749888897
-0.006544305477291346
-0.006519585847854614
-0.006495059002190828
-0.006470832508057356
-0.006446997635066509
-0.006423623766750097
-0.006400753743946552
-0.006378405727446079
-0.006356570404022932
-0.006335212849080563
-0.006314277183264494
-0.00629368843510747
-0.006273358594626188
-0.006253193598240614
-0.006233097054064274
-0.006212977692484856
-0.006192753557115793
-0.00617235666140914
-0.006151737179607153
-0.006130865775048733
-0.006109732203185558
-0.006088347639888525
-0.006066742353141308
-0.006044964771717787
-0.006023073103278875
-0.006001135800033808
-0.00597922271117568
-0.005957404617220163
-0.005935746245086193
-0.005914301611483097
-0.005893112625926733
-0.005872206762433052
-0.005851594731211662
-0.005831272341310978
-0.005811219569295645
-0.005791403818875551
-0.005771782249212265
-0.005752306431531906
-0.005732923746109009
-0.005713582504540682
-0.005694234278053045
-0.005674839019775391
-0.005655365064740181
-0.005635793320834637
-0.005616114940494299
-0.005596334580332041
-0.005576468072831631
-0.005556540563702583
-0.005536581389605999
-0.005516628734767437
-0.005496720783412457
-0.005476895719766617
-0.005457187537103891
-0.005437625572085381
-0.005418231710791588
-0.005399018526077271
-0.005379991605877876
-0.005361148156225681
-0.005342478863894939
-0.005323968362063169
-0.005305598024278879
-0.005287347361445427
-0.00526919774711132
-0.005251131020486355
-0.005233135540038347
-0.005215204786509275
-0.005197341088205576
-0.005179555620998144
-0.005161866080015898
-0.005144298542290926
-0.005126887932419777
-0.005109674297273159
-0.005092701409012079
-0.005076018627732992
-0.00505967577919364
-0.005043725948780775
-0.005028221290558577
-0.005013213027268648
-0.004998754244297743
-0.004984895698726177
-0.004971689078956842
-0.004959187470376492
-0.00494744535535574
-0.004936518613249063
-0.004926468711346388
-0.00491736177355051
-0.004909266717731953
-0.004902261774986982
-0.004896427970379591
-0.004891851451247931
-0.004888623021543026
-0.004886835813522339
-0.004886582959443331
-0.004887956194579601
-0.004891045391559601
-0.00489593343809247
-0.004902693443000317
-0.004911390133202076
-0.004922072868794203
-0.004934776108711958
-0.004949517548084259
-0.00496629299595952
-0.004985075909644365
-0.005005819723010063
-0.005028450861573219
-0.005052872933447361
-0.005078963004052639
-0.005106572061777115
-0.005135524552315474
-0.005165619775652885
-0.005196632351726294
-0.005228310823440552
-0.005260384641587734
-0.005292562302201986
-0.005324536003172398
-0.005355985835194588
-0.005386581178754568
-0.005415988620370626
-0.005443875212222338
-0.005469915457069874
-0.005493797361850739
-0.005515228025615215
-0.005533942487090826
-0.005549708846956491
-0.005562335718423128
-0.005571676418185234
-0.00557763734832406
-0.005580180324614048
-0.005579326767474413
-0.005575159564614296
-0.005567822139710188
-0.005557519849389791
-0.005544516257941723
-0.005529128015041351
-0.005511720199137926
-0.005492696072906256
-0.005472491029649973
-0.00545155955478549
-0.005430364515632391
-0.005409363657236099
-0.005388999823480844
-0.005369686987251043
-0.005351798608899117
-0.005335654597729445
-0.005321512930095196
-0.00530956219881773
-0.005299915093928576
-0.005292603280395269
-0.005287577398121357
-0.005284707993268967
-0.00528379064053297
-0.005284552928060293
-0.005286663305014372
-0.005289743188768625
-0.005293382331728935
-0.005297151859849691
-0.005300624296069145
-0.005303387530148029
-0.005305062979459763
-0.005305320955812931
-0.005303896032273769
-0.005300597287714481
-0.005295315757393837
-0.005288033746182919
-0.005278822034597397
-0.005267840810120106
-0.005255332682281733
-0.005241613835096359
-0.005227059125900269
-0.005212087649852037
-0.005197142716497183
-0.005182674154639244
-0.005169116426259279
-0.005156869534403086
-0.00514627993106842
-0.005137625616043806
-0.005131102632731199
-0.005126814357936382
-0.00512476684525609
-0.005124870222061872
-0.005126941483467817
-0.005130714271217585
-0.005135850515216589
-0.005141958128660917
-0.005148609168827534
-0.005155361723154783
-0.005161782260984182
-0.005167466588318348
-0.00517205847427249
-0.005175270140171051
-0.005176889710128307
-0.005176796577870846
-0.005174962338060141
-0.005171450786292553
-0.005166412331163883
-0.005160073284059763
-0.005152723286300898
-0.005144696217030287
-0.005136351101100445
-0.005128051619976759
-0.005120146088302135
-0.00511294836178422
-0.005106722004711628
-0.005101668182760477
-0.005097917281091213
-0.005095524713397026
-0.005094472318887711
-0.005094674881547689
-0.005095992237329483
-0.005098241847008467
-0.005101216491311789
-0.005104700103402138
-0.005108487326651812
-0.005112399812787771
-0.005116306245326996
-0.005120125599205494
-0.005123841110616922
-0.005127499345690012
-0.005131212063133717
-0.005135148297995329
-0.005139523185789585
-0.005144587252289057
-0.005150607787072659
-0.00515785301104188
-0.005166578572243452
-0.005177004728466272
-0.005189309362322092
-0.005203615874052048
-0.005219986196607351
-0.005238421261310577
-0.005258861463516951
-0.00528119457885623
-0.005305265076458454
-0.005330887157469988
-0.005357859190553427
-0.005385978147387505
-0.005415054969489574
-0.005444925744086504
-0.005475462879985571
-0.005506581626832485
-0.005538240540772676
-0.005570442415773869
-0.005603229627013206
-0.005636672489345074
-0.005670863203704357
-0.005705898627638817
-0.005741869565099478
-0.005778847727924585
-0.005816873162984848
-0.005855945404618979
-0.005896019283682108
-0.005936998873949051
-0.005978741217404604
-0.006021056789904833
-0.006063720211386681
-0.006106477696448565
-0.006149059161543846
-0.006191188469529152
-0.006232595071196556
-0.006273025646805763
-0.006312252022325993
-0.006350075826048851
-0.006386334542185068
-0.006420901976525784
-0.006453686859458685
-0.006484629586338997
-0.006513696163892746
-0.006540874484926462
-0.006566167343407869
-0.006589587312191725
-0.006611151620745659
-0.0066308812238276
-0.00664880033582449
-0.006664933171123266
-0.00667931092903018
-0.006691974122077227
-0.006702977232635021
-0.006712393369525671
-0.006720318458974361
-0.006726876366883516
-0.006732218433171511
-0.006736526731401682
-0.006740009877830744
-0.006742901168763638
-0.006745451595634222
-0.006747923325747252
-0.006750579457730055
-0.006753676105290651
-0.006757453083992004
-0.006762127391993999
-0.006767882499843836
-0.00677486602216959
-0.006783183198422194
-0.006792895961552858
-0.006804024334996939
-0.006816546432673931
-0.006830404046922922
-0.006845503579825163
-0.006861725822091103
-0.0068789292126894
-0.006896955892443657
-0.006915637757629156
-0.006934798322618008
-0.006954260170459747
-0.006973845884203911
-0.006993380840867758
-0.007012697868049145
-0.007031634915620089
-0.00705003971233964
-0.007067771162837744
-0.007084701210260391
-0.007100717630237341
-0.007115723565220833
-0.00712964590638876
-0.00714243296533823
-0.007154059130698442
-0.007164527662098408
-0.007173870224505663
-0.00718214875087142
-0.007189453113824129
-0.007195900194346905
-0.007201630156487226
-0.007206803187727928
-0.00721159391105175
-0.007216182537376881
-0.007220753934234381
-0.007225485052913427
-0.007230543065816164
-0.007236076984554529
-0.007242214865982533
-0.007249056361615658
-0.007256674580276012
-0.007265110500156879
-0.007274373900145292
-0.007284444756805897
-0.007295274175703526
-0.007306789048016071
-0.007318892981857061
-0.007331472355872393
-0.007344400510191917
-0.007357541471719742
-0.007370754610747099
-0.007383899763226509
-0.007396841887384653
-0.007409455254673958
-0.007421625778079033
-0.007433256134390831
-0.007444266229867935
-0.007454598788172007
-0.007464218884706497
-0.007473115343600512
-0.007481301669031382
-0.007488815113902092
-0.007495715282857418
-0.007502080872654915
-0.007508007809519768
-0.007513606455177069
-0.007518996018916368
-0.007524299435317516
-0.007529639638960361
-0.007535133976489305
-0.00754088768735528
-0.007546992506831884
-0.007553520146757364
-0.007560521364212036
-0.007568023633211851
-0.007576031610369682
-0.007584524340927601
-0.007593460381031036
-0.007602778263390064
-0.007612400688230991
-0.007622236851602793
-0.007632188033312559
-0.007642151322215796
-0.007652026135474443
-0.007661717943847179
-0.007671141065657139
-0.007680223323404789
-0.007688908372074366
-0.00769715802744031
-0.007704952266067266
-0.007712290622293949
-0.007719192653894424
-0.007725694682449102
-0.007731846533715725
-0.007737711071968079
-0.007743359543383121
-0.007748868782073259
-0.007754316087812185
-0.007759777829051018
-0.007765321526676416
-0.007771007250994444
-0.007776882499456406
-0.007782978937029839
-0.00778931425884366
-0.007795887067914009
-0.007802681531757116
-0.00780966691672802
-0.007816795259714127
-0.007824009284377098
-0.007831241004168987
-0.007838415913283825
-0.007845457643270493
-0.007852289825677872
-0.007858837954699993
-0.007865034975111485
-0.007870822213590145
-0.007876146584749222
-0.007880969904363155
-0.007885263301432133
-0.007889008149504662
-0.007892195135354996
-0.007894824258983135
-0.007896896451711655
-0.007898419164121151
-0.007899398915469646
-0.007899838499724865
-0.007899736985564232
-0.007899083197116852
-0.007897857576608658
-0.007896033115684986
-0.007893566973507404
-0.007890408858656883
-0.007886495441198349
-0.007881753146648407
-0.007876103743910789
-0.007869458757340908
-0.007861729711294174
-0.007852829992771149
-0.007842673920094967
-0.007831179536879063
-0.007818276062607765
-0.007803901098668575
-0.007788009010255337
-0.007770567201077938
-0.007751559372991323
-0.007730987388640642
-0.007708870340138674
-0.007685245014727116
-0.007660165894776583
-0.00763370469212532
-0.007605948951095343
-0.007577001117169857
-0.007546977140009403
-0.007516005076467991
-0.007484223693609238
-0.007451782468706369
-0.007418839260935783
-0.007385559845715761
-0.007352115586400032
-0.007318683434277773
-0.007285446394234896
-0.007252590265125036
-0.007220304105430841
-0.007188775576651096
-0.007158194202929735
-0.007128744386136532
-0.007100606337189674
-0.007073951419442892
-0.007048940751701593
-0.007025719620287418
-0.007004416082054377
-0.006985137704759836
-0.006967966910451651
-0.006952960044145584
-0.006940140854567289
-0.006929501891136169
-0.006921000313013792
-0.006914558820426464
-0.006910064723342657
-0.006907369941473007
-0.006906293798238039
-0.006906625349074602
-0.00690812710672617
-0.006910539697855711
-0.006913588382303715
-0.006916986312717199
-0.006920442916452885
-0.006923669949173927
-0.006926388945430517
-0.006928337272256613
-0.006929275579750538
-0.006928994320333004
-0.006927317939698696
-0.006924109999090433
-0.006919278763234615
-0.006912777666002512
-0.006904607638716698
-0.00689481757581234
-0.006883499678224325
-0.006870792247354984
-0.006856872234493494
-0.006841951049864292
-0.006826268043369055
-0.006810085382312536
-0.006793677806854248
-0.006777325179427862
-0.006761305499821901
-0.006745884194970131
-0.006731308996677399
-0.006717800162732601
-0.006705545820295811
-0.006694694980978966
-0.006685351021587849
-0.006677573081105947
-0.006671370472759008
-0.006666705943644047
-0.006663493346422911
-0.006661605555564165
-0.006660874933004379
-0.006661104038357735
-0.0066620665602386
-0.006663523148745298
-0.006665223743766546
-0.006666921079158783
-0.006668380461633205
-0.006669384427368641
-0.006669745314866304
-0.00666930852457881
-0.006667961832135916
-0.00666563818231225
-0.006662317086011171
-0.006658025551587343
-0.006652838550508022
-0.006646873895078897
-0.006640286184847355
-0.006633262149989605
-0.006626011338084936
-0.006618758663535118
-0.006611732300370932
-0.006605156231671572
-0.006599239073693752
-0.006594165228307247
-0.006590090226382017
-0.006587129551917315
-0.006585358642041683
-0.006584805902093649
-0.006585454568266869
-0.006587244104593992
-0.006590072531253099
-0.006593802943825722
-0.006598269566893578
-0.006603285670280457
-0.006608654744923115
-0.006614175625145435
-0.006619655527174473
-0.006624917034059763
-0.006629804614931345
-0.006634194403886795
-0.006637994199991226
-0.006641150917857885
-0.006643648725003004
-0.006645507644861937
-0.006646783091127872
-0.006647559348493814
-0.006647942587733269
-0.006648054346442223
-0.006648024544119835
-0.006647982634603977
-0.0066480478271842
-0.006648325826972723
-0.006648897659033537
-0.006649816408753395
-0.006651106290519238
-0.006652758922427893
-0.006654733791947365
-0.006656962912529707
-0.006659349892288446
-0.006661779712885618
-0.006664123851805925
-0.006666246801614761
-0.006668014917522669
-0.006669302005320787
-0.006669996771961451
-0.00667001074180007
-0.006669279653578997
-0.006667768582701683
-0.006665472406893969
-0.006662414409220219
-0.006658648140728474
-0.006654249038547277
-0.006649313028901815
-0.006643950007855892
-0.006638276390731335
-0.006632409989833832
-0.006626462563872337
-0.006620536092668772
-0.006614715792238712
-0.006609066389501095
-0.006603632122278214
-0.006598433014005423
-0.006593465339392424
-0.006588706281036139
-0.00658411392942071
-0.006579633802175522
-0.006575200706720352
-0.006570744328200817
-0.006566194351762533
-0.006561486050486565
-0.00655656261369586
-0.006551377475261688
-0.006545896641910076
-0.006540100090205669
-0.006533980369567871
-0.006527540739625692
-0.006520794238895178
-0.006513760890811682
-0.006506463047116995
-0.006498920265585184
-0.006491147913038731
-0.006483153905719519
-0.006474936380982399
-0.006466481368988752
-0.006457764189690351
-0.00644874619320035
-0.006439379416406155
-0.006429607979953289
-0.006419370882213116
-0.006408605258911848
-0.006397251039743423
-0.006385254207998514
-0.006372568663209677
-0.006359162274748087
-0.006345018278807402
-0.006330137141048908
-0.006314537022262812
-0.006298250984400511
-0.006281330715864897
-0.006263843271881342
-0.006245865486562252
-0.006227484904229641
-0.00620879465714097
-0.006189890671521425
-0.006170868873596191
-0.006151822861284018
-0.006132840644568205
-0.006114004645496607
-0.006095389369875193
-0.006077061872929335
-0.006059082224965096
-0.006041501648724079
-0.006024367175996304
-0.006007720716297626
-0.005991599056869745
-0.005976036190986633
-0.005961064714938402
-0.005946715828031301
-0.005933018401265144
-0.005920000839978456
-0.005907686892896891
-0.005896099377423525
-0.005885254126042128
-0.005875162780284882
-0.005865827668458223
-0.005857245065271854
-0.005849400069564581
-0.005842269863933325
-0.005835819989442825
-0.00583000760525465
-0.005824780557304621
-0.005820079240947962
-0.005815837532281876
-0.005811985582113266
-0.005808449350297451
-0.0058051529340446
-0.005802022758871317
-0.005798985715955496
-0.005795973353087902
-0.005792921874672174
-0.005789772607386112
-0.005786471534520388
-0.005782973486930132
-0.005779237020760775
-0.005775226280093193
-0.005770912859588861
-0.005766273010522127
-0.005761286709457636
-0.005755938123911619
-0.005750217940658331
-0.005744117312133312
-0.005737634375691414
-0.00573077006265521
-0.005723531357944012
-0.005715929437428713
-0.005707979667931795
-0.005699704401195049
-0.005691132042557001
-0.005682296119630337
-0.00567323574796319
-0.00566399609670043
-0.005654626525938511
-0.005645180121064186
-0.005635711830109358
-0.00562627986073494
-0.005616941023617983
-0.005607750732451677
-0.005598762538284063
-0.005590025335550308
-0.005581582430750132
-0.005573471076786518
-0.005565721541643143
-0.005558356177061796
-0.00555139034986496
-0.005544829647988081
-0.005538671277463436
-0.005532904993742704
-0.005527513567358255
-0.005522470921278
-0.005517744924873114
-0.005513297859579325
-0.005509086884558201
-0.005505064968019724
-0.005501181818544865
-0.005497386679053307
-0.005493625532835722
-0.00548984669148922
-0.005485997535288334
-0.005482029635459185
-0.005477897822856903
-0.005473562050610781
-0.005468988791108131
-0.005464149639010429
-0.005459025967866182
-0.005453606601804495
-0.005447887815535069
-0.005441875662654638
-0.005435585044324398
-0.005429039243608713
-0.005422268062829971
-0.005415309220552444
-0.005408205091953278
-0.005401003174483776
-0.005393752828240395
-0.005386505275964737
-0.005379310809075832
-0.005372218322008848
-0.005365272052586079
-0.005358513444662094
-0.005351976025849581
-0.005345687735825777
-0.005339666735380888
-0.005333923734724522
-0.005328460596501827
-0.005323271732777357
-0.005318343173712492
-0.005313651636242867
-0.00530916964635253
-0.005304863210767508
-0.005300694610923529
-0.005296621937304735
-0.005292602814733982
-0.00528859393671155
-0.005284554790705442
-0.005280446261167526
-0.005276234354823828
-0.005271888803690672
-0.005267385859042406
-0.0052627082914114
-0.00525784632191062
-0.005252796225249767
-0.005247562658041716
-0.005242154467850924
-0.005236588884145021
-0.005230889655649662
-0.005225082859396935
-0.005219200160354376
-0.005213272757828236
-0.005207335576415062
-0.005201421678066254
-0.005195563659071922
-0.005189790390431881
-0.005184128414839506
-0.005178596824407578
-0.005173211451619864
-0.005167982075363398
-0.005162912886589766
-0.005158001091331244
-0.005153239704668522
-0.005148613825440407
-0.005144105292856693
-0.005139692686498165
-0.005135350860655308
-0.00513105234131217
-0.005126769188791513
-0.005122475326061249
-0.005118144676089287
-0.005113753024488688
-0.005109279416501522
-0.005104705691337585
-0.005100020207464695
-0.005095214582979679
-0.005090283695608377
-0.005085228476673365
-0.005080053582787514
-0.005074767861515284
-0.005069384351372719
-0.005063917022198439
-0.005058382637798786
-0.005052797961980104
-0.005047181155532598
-0.005041548516601324
-0.005035916343331337
-0.005030298139899969
-0.005024705547839403
-0.005019144620746374
-0.005013621412217617
-0.005008136387914419
-0.005002687219530344
-0.004997269716113806
-0.004991876427084208
-0.004986498970538378
-0.004981126636266708
-0.004975748248398304
-0.004970353562384844
-0.004964931402355433
-0.004959473386406898
-0.004953971598297358
-0.004948422778397799
-0.00494282552972436
-0.004937180317938328
-0.004931492265313864
-0.004925768356770277
-0.004920019302517176
-0.004914256744086742
-0.004908496048301458
-0.004902753047645092
-0.004897045902907848
-0.004891391843557358
-0.004885808564722538
-0.004880312364548445
-0.004874917678534985
-0.004869635682553053
-0.004864477552473545
-0.004859448876231909
-0.004854553379118443
-0.004849790595471859
-0.00484515493735671
-0.004840640816837549
-0.00483623705804348
-0.004831930156797171
-0.00482770474627614
-0.004823543597012758
-0.004819428082555532
-0.004815337248146534
-0.00481125246733427
-0.004807154182344675
-0.004803024232387543
-0.004798846784979105
-0.004794607404619455
-0.004790293518453836
-0.004785895813256502
-0.004781408235430717
-0.004776827525347471
-0.004772153217345476
-0.004767388105392456
-0.004762537311762571
-0.004757608287036419
-0.00475261127576232
-0.004747558850795031
-0.004742463119328022
-0.004737338982522488
-0.004732201341539621
-0.004727065563201904
-0.00472194654867053
-0.004716858267784119
-0.004711815156042576
-0.004706828854978085
-0.004701909143477678
-0.004697065800428391
-0.004692303016781807
-0.004687624983489513
-0.004683032166212797
-0.004678523167967796
-0.004674094263464212
-0.004669738467782736
-0.004665447399020195
-0.004661210812628269
-0.004657016601413488
-0.004652851726859808
-0.004648702684789896
-0.004644555971026421
-0.00464039808139205
-0.004636217374354601
-0.004632002674043179
-0.004627744201570749
-0.004623434040695429
-0.004619067069143057
-0.00461464049294591
-0.004610154777765274
-0.004605612251907587
-0.004601018037647009
-0.004596380051225424
-0.004591708071529865
-0.004587012343108654
-0.00458230497315526
-0.004577599931508303
-0.004572909791022539
-0.004568248055875301
-0.004563624504953623
-0.004559050314128399
-0.004554532468318939
-0.004550076089799404
-0.00454568350687623
-0.00454135425388813
-0.004537085071206093
-0.004532869905233383
-0.00452870037406683
-0.004524567630141973
-0.004520459566265345
-0.004516365006566048
-0.004512269981205463
-0.004508164245635271
-0.004504036158323288
-0.004499876406043768
-0.004495678469538689
-0.004491437692195177
-0.004487152677029371
-0.004482824821025133
-0.004478456918150187
-0.004474055487662554
-0.004469628445804119
-0.004465186037123203
-0.004460739437490702
-0.004456298891454935
-0.004451875109225512
-0.004447478335350752
-0.004443116020411253
-0.004438794683665037
-0.00443451851606369
-0.004430288914591074
-0.004426104016602039
-0.004421960562467575
-0.004417853895574808
-0.004413777031004429
-0.004409720189869404
-0.004405674524605274
-0.004401629790663719
-0.004397577606141567
-0.00439350912347436
-0.004389419220387936
-0.004385303240269423
-0.004381159786134958
-0.004376987926661968
-0.004372789990156889
-0.004368570633232594
-0.004364334046840668
-0.004360087681561708
-0.004355838987976313
-0.004351596347987652
-0.004347366746515036
-0.004343156702816486
-0.004338972270488739
-0.004334816709160805
-0.004330690484493971
-0.004326595459133387
-0.004322528839111328
-0.004318488296121359
-0.004314467776566744
-0.004310461226850748
-0.004306463059037924
-0.004302467219531536
-0.004298466723412275
-0.00429445831105113
-0.004290437325835228
-0.004286401905119419
-0.004282350186258554
-0.004278282634913921
-0.004274202510714531
-0.004270113073289394
-0.004266018513590097
-0.004261923488229513
-0.004257832653820515
-0.00425375159829855
-0.004249683581292629
-0.004245632328093052
-0.004241599701344967
-0.004237587098032236
-0.004233594052493572
-0.004229618702083826
-0.004225658718496561
-0.004221710842102766
-0.004217770881950855
-0.00421383511275053
-0.00420990027487278
-0.004205962177366018
-0.004202018491923809
-0.004198066890239716
-0.004194106440991163
-0.004190139472484589
-0.004186165519058704
-0.00418218644335866
-0.004178205505013466
-0.004174225963652134
-0.0041702501475811
-0.004166282247751951
-0.004162323195487261
-0.004158375784754753
-0.004154441878199577
-0.004150521010160446
-0.004146612714976072
-0.004142716526985168
-0.004138830583542585
-0.004134953487664461
-0.004131082911044359
-0.004127216059714556
-0.004123350139707327
-0.004119484219700098
-0.004115616902709007
-0.00411174725741148
-0.004107875749468803
-0.004104002378880978
-0.004100128542631865
-0.004096255637705326
-0.004092385992407799
-0.004088521003723145
-0.004084662534296513
-0.004080812446773052
-0.0040769730694592
-0.004073145799338818
-0.004069330636411905
-0.004065527580678463
-0.004061737097799778
-0.004057957790791988
-0.004054189659655094
-0.004050431307405233
-0.004046682734042406
-0.004042943008244038
-0.004039212595671415
-0.004035491961985826
-0.004031781107187271
-0.004028081428259611
-0.004024395253509283
-0.004020723979920149
-0.004017070401459932
-0.00401343684643507
-0.004009825643151999
-0.004006240516901016
-0.004002683330327272
-0.003999156877398491
-0.003995664417743683
-0.003992206882685423
-0.003988787997514009
-0.003985409159213305
-0.003982072696089745
-0.003978782333433628
-0.003975539468228817
-0.00397234782576561
-0.003969210665673018
-0.003966132178902626
-0.003963117022067308
-0.003960170317441225
-0.003957296721637249
-0.003954502753913403
-0.003951793536543846
-0.003949174657464027
-0.003946651238948107
-0.003944229334592819
-0.003941914066672325
-0.00393971148878336
-0.003937626257538795
-0.003935665357857943
-0.003933833446353674
-0.00393213564530015
-0.003930578008294106
-0.003929164260625839
-0.003927900921553373
-0.003926791716367006
-0.003925841301679611
-0.003925053402781487
-0.003924430813640356
-0.003923976328223944
-0.003923692274838686
-0.00392357911914587
-0.003923637326806784
-0.003923866432160139
-0.003924264572560787
-0.003924828954041004
-0.003925555851310492
-0.003926439210772514
-0.00392747251316905
-0.003928647842258215
-0.00392995635047555
-0.003931387327611446
-0.003932929132133722
-0.003934567794203758
-0.003936290740966797
-0.003938081674277782
-0.003939926158636808
-0.003941806498914957
-0.003943704999983311
-0.003945603501051664
-0.003947483841329813
-0.003949328791350126
-0.003951119258999825
-0.003952838014811277
-0.003954468294978142
-0.003955994732677937
-0.003957401961088181
-0.003958676941692829
-0.0039598080329597
-0.003960785921663046
-0.003961602691560984
-0.003962255083024502
-0.003962740302085876
-0.003963058814406395
-0.003963213879615068
-0.003963212016969919
-0.003963062539696693
-0.003962777554988861
-0.00396236963570118
-0.003961856476962566
-0.003961256239563227
-0.003960589878261089
-0.003959877416491508
-0.003959141205996275
-0.003958404995501041
-0.003957690205425024
-0.003957019187510014
-0.003956412896513939
-0.003955891355872154
-0.003955472726374865
-0.003955172840505838
-0.003955003339797258
-0.003954974468797445
-0.003955093212425709
-0.003955362364649773
-0.00395578145980835
-0.00395634863525629
-0.003957056906074286
-0.003957896493375301
-0.003958855755627155
-0.003959920257329941
-0.003961073234677315
-0.003962296992540359
-0.003963572438806295
-0.003964881878346205
-0.003966205287724733
-0.003967525437474251
-0.003968825563788414
-0.003970090299844742
-0.003971307072788477
-0.003972465172410011
-0.003973554819822311
-0.003974570892751217
-0.003975510597229004
-0.003976371604949236
-0.003977155312895775
-0.003977865446358919
-0.003978504799306393
-0.00397907942533493
-0.003979594446718693
-0.003980055917054415
-0.003980468958616257
-0.003980839159339666
-0.003981170244514942
-0.003981465939432383
-0.003981726244091988
-0.003981953021138906
-0.003982145339250565
-0.003982301335781813
-0.003982418682426214
-0.003982495050877333
-0.003982527181506157
-0.003982513211667538
-0.003982451744377613
-0.003982343710958958
-0.003982190042734146
-0.003981995861977339
-0.003981766290962696
-0.003981510177254677
-0.003981238231062889
-0.003980962559580803
-0.003980697132647038
-0.003980457317084074
-0.00398026080802083
-0.0039801225066185
-0.003980058245360851
-0.003980081062763929
-0.003980203066021204
-0.003980432171374559
-0.003980773035436869
-0.003981227055191994
-0.003981791436672211
-0.00398245919495821
-0.003983219154179096
-0.003984056413173676
-0.003984952345490456
-0.00398588739335537
-0.003986839670687914
-0.003987785428762436
-0.003988702781498432
-0.003989569842815399
-0.003990367986261845
-0.003991081379354
-0.003991696983575821
-0.003992207814007998
-0.003992609214037657
-0.003992902114987373
-0.003993092104792595
-0.003993189428001642
-0.003993206191807985
-0.003993157763034105
-0.003993063699454069
-0.003992942627519369
-0.00399281270802021
-0.003992693498730659
-0.003992600832134485
-0.003992549143731594
-0.003992550075054169
-0.003992611542344093
-0.00399274006485939
-0.003992936108261347
-0.003993198741227388
-0.003993522375822067
-0.003993901424109936
-0.003994327038526535
-0.003994790371507406
-0.003995280712842941
-0.003995786886662245
-0.003996300511062145
-0.003996812738478184
-0.003997316583991051
-0.003997806459665298
-0.003998277708888054
-0.00399872800335288
-0.003999155014753342
-0.00399955827742815
-0.003999937325716019
-0.004000292159616947
-0.004000623244792223
-0.004000930581241846
-0.004001212771981955
-0.004001469817012548
-0.004001700319349766
-0.004001902882009745
-0.004002075642347336
-0.004002218134701252
-0.004002329893410206
-0.004002411384135485
-0.004002463538199663
-0.004002489149570465
-0.004002492409199476
-0.00400247611105442
-0.004002445377409458
-0.004002404399216175
-0.004002358298748732
-0.004002311266958714
-0.004002266563475132
-0.004002226050943136
-0.004002187866717577
-0.004002150613814592
-0.004002109635621309
-0.004002057481557131
-0.004001984372735023
-0.004001880064606667
-0.00400173244997859
-0.004001528955996037
-0.004001257009804249
-0.00400090403854847
-0.004000458866357803
-0.003999912645667791
-0.003999257925897837
-0.003998491447418928
-0.003997611347585917
-0.003996619023382664
-0.003995516337454319
-0.003994309343397617
-0.003993005957454443
-0.003991612698882818
-0.003990137949585915
-0.003988590091466904
-0.00398697517812252
-0.003985298797488213
-0.003983565140515566
-0.003981777001172304
-0.003979934379458427
-0.003978035412728786
-0.003976078238338232
-0.003974058665335178
-0.00397197250276804
-0.003969814628362656
-0.003967582248151302
-0.003965272568166256
-0.003962885588407516
-0.003960420843213797
-0.003957882523536682
-0.003955275285989046
-0.003952606115490198
-0.00394988339394331
-0.003947118297219276
-0.003944322466850281
-0.003941508941352367
-0.003938689362257719
-0.003935877699404955
-0.003933085594326258
-0.003930324222892523
-0.003927603829652071
-0.003924933262169361
-0.003922319039702415
-0.003919769078493118
-0.003917287103831768
-0.003914876375347376
-0.003912539687007666
-0.003910277038812637
-0.003908087965101004
-0.003905972233042121
-0.003903927514329553
-0.003901950782164931
-0.003900038311257958
-0.003898186376318336
-0.003896389855071902
-0.003894643625244498
-0.003892941866070032
-0.003891278291121125
-0.00388964731246233
-0.003888042643666267
-0.003886457066982985
-0.003884884994477034
-0.003883319441229105
-0.003881754819303751
-0.003880184376612306
-0.003878602758049965
-0.003877004841342568
-0.003875385504215956
-0.00387373985722661
-0.00387206394225359
-0.003870352869853377
-0.003868603147566319
-0.003866812214255333
-0.003864976810291409
-0.003863095538690686
-0.003861166769638658
-0.003859190503135324
-0.003857167670503259
-0.003855099901556969
-0.003852989990264177
-0.00385084212757647
-0.003848661668598652
-0.003846454434096813
-0.003844227641820908
-0.003841988975182176
-0.003839746117591858
-0.003837507450953126
-0.003835280891507864
-0.003833073889836669
-0.003830892499536276
-0.003828741842880845
-0.0038266247138381
-0.003824544604867697
-0.003822501981630921
-0.003820495679974556
-0.003818523837253451
-0.003816582029685378
-0.003814665367826819
-0.003812768030911684
-0.003810883732512593
-0.003809004789218307
-0.003807123750448227
-0.003805232932791114
-0.00380332488566637
-0.003801392391324043
-0.00379942893050611
-0.003797427751123905
-0.003795383032411337
-0.003793289884924889
-0.003791143884882331
-0.003788940608501434
-0.003786677261814475
-0.003784350585192442
-0.00378195964731276
-0.003779503749683499
-0.003776983125135303
-0.003774398472160101
-0.003771751653403044
-0.003769044764339924
-0.003766281763091683
-0.003763466607779264
-0.003760604187846184
-0.003757698694244027
-0.003754755947738886
-0.003751781769096851
-0.003748781513422728
-0.00374576123431325
-0.003742727218195796
-0.003739685053005815
-0.003736639861017466
-0.003733596531674266
-0.003730560420081019
-0.003727535484358668
-0.003724526381120086
-0.003721536137163639
-0.003718568943440914
-0.003715627826750278
-0.0037127158138901
-0.003709836397320032
-0.003706992138177156
-0.00370418606325984
-0.003701420966535807
-0.003698698943480849
-0.003696023020893335
-0.003693395759910345
-0.00369081855751574
-0.003688293974846601
-0.003685822943225503
-0.003683406161144376
-0.003681043861433864
-0.003678735345602036
-0.003676479449495673
-0.00367427384480834
-0.003672114573419094
-0.003669996978715062
-0.003667915239930153
-0.003665862837806344
-0.003663830691948533
-0.003661809721961617
-0.003659788751974702
-0.003657757071778178
-0.003655702341347933
-0.003653611987829208
-0.003651473671197891
-0.003649274352937937
-0.003647003090009093
-0.003644648473709822
-0.003642200957983732
-0.003639651462435722
-0.003636993700638413
-0.003634221851825714
-0.003631333354860544
-0.003628326114267111
-0.003625201992690563
-0.003621963318437338
-0.003618614980950952
-0.003615163499489427
-0.00361161632463336
-0.003607982536777854
-0.003604271914809942
-0.003600494237616658
-0.003596659516915679
-0.003592777298763394
-0.003588855965062976
-0.00358490296639502
-0.003580923890694976
-0.00357692246325314
-0.003572900779545307
-0.003568858373910189
-0.003564792685210705
-0.003560698358342052
-0.003556567477062345
-0.003552390960976481
-0.003548158332705498
-0.003543857485055923
-0.003539475612342358
-0.003534998977556825
-0.003530414309352636
-0.003525709500536323
-0.003520873608067632
-0.003515896620228887
-0.003510771784931421
-0.003505494445562363
-0.003500062739476562
-0.003494477597996593
-0.003488743910565972
-0.003482869127765298
-0.003476863959804177
-0.003470742143690586
-0.003464519279077649
-0.00345821282826364
-0.003451842349022627
-0.003445427166298032
-0.003438988234847784
-0.003432545112445951
-0.003426116658374667
-0.003419720800593495
-0.00341337313875556
-0.003407087409868836
-0.00340087478980422
-0.003394743194803596
-0.003388698911294341
-0.003382745198905468
-0.003376882057636976
-0.003371108323335648
-0.003365420503541827
-0.003359813708811998
-0.003354282351210713
-0.003348819678649306
-0.003343419404700398
-0.003338075708597898
-0.00333278370089829
-0.00332753942348063
-0.003322340082377195
-0.00331718404777348
-0.003312071552500129
-0.003307003527879715
-0.003301982302218676
-0.003297010436654091
-0.003292091656476259
-0.003287229454144835
-0.003282425692304969
-0.003277682699263096
-0.003273000009357929
-0.003268376691266894
-0.003263809252530336
-0.003259291872382164
-0.003254817798733711
-0.003250377485528588
-0.003245959524065256
-0.003241551807150245
-0.003237140364944935
-0.00323271076194942
-0.003228248795494437
-0.003223740961402655
-0.003219174686819315
-0.003214538563042879
-0.003209824441000819
-0.003205025801435113
-0.003200138686224818
-0.00319516216404736
-0.003190098563209176
-0.003184952773153782
-0.003179732477292418
-0.003174446988850832
-0.003169108415022492
-0.00316372886300087
-0.003158321836963296
-0.003152901539579034
-0.003147481009364128
-0.003142072120681405
-0.003136686515063047
-0.003131333505734801
-0.003126021008938551
-0.0031207543797791
-0.00311553874053061
-0.003110375721007586
-0.003105266252532601
-0.003100209403783083
-0.003095203312113881
-0.003090245416387916
-0.003085332689806819
-0.003080461639910936
-0.003075628308579326
-0.003070829901844263
-0.003066063392907381
-0.003061326220631599
-0.003056615591049194
-0.00305192987434566
-0.003047266742214561
-0.003042623633518815
-0.003037998685613275
-0.003033388406038284
-0.003028789535164833
-0.003024198580533266
-0.003019611351191998
-0.00301502225920558
-0.003010426182299852
-0.003005818231031299
-0.003001193050295115
-0.002996544586494565
-0.002991868648678064
-0.00298716127872467
-0.002982419915497303
-0.002977642929181457
-0.002972830319777131
-0.002967984182760119
-0.002963107777759433
-0.002958205295726657
-0.002953282091766596
-0.00294834584929049
-0.002943404950201511
-0.002938467310741544
-0.00293354201130569
-0.002928637433797121
-0.002923761494457722
-0.002918921178206801
-0.002914123004302382
-0.002909371629357338
-0.002904670545831323
-0.002900021616369486
-0.002895425539463758
-0.002890882082283497
-0.002886389149352908
-0.002881944878026843
-0.002877546008676291
-0.002873188816010952
-0.00286887027323246
-0.00286458688788116
-0.00286033540032804
-0.002856113482266665
-0.002851919503882527
-0.002847752068191767
-0.002843610476702452
-0.002839494729414582
-0.002835405524820089
-0.002831344492733479
-0.002827313495799899
-0.002823314629495144
-0.00281935092061758
-0.002815425395965576
-0.002811541547998786
-0.002807702869176865
-0.002803913783282042
-0.00280017894692719
-0.002796503249555826
-0.002792891813442111
-0.00278934882953763
-0.002785879885777831
-0.002782489405944943
-0.002779182977974415
-0.002775965258479118
-0.002772840671241283
-0.002769812708720565
-0.002766885096207261
-0.002764060394838452
-0.002761340467259288
-0.002758725779131055
-0.002756216796115041
-0.002753812121227384
-0.00275150965899229
-0.002749305451288819
-0.002747195772826672
-0.002745175501331687
-0.00274323858320713
-0.002741378732025623
-0.002739589428529143
-0.002737863454967737
-0.002736193826422095
-0.002734573325142264
-0.002732995199039578
-0.002731452928856015
-0.002729939762502909
-0.002728449646383524
-0.002726976526901126
-0.002725514816120267
-0.002724059158936143
-0.002722605131566525
-0.00272114691324532
-0.002719680080190301
-0.002718200208619237
-0.002716702409088612
-0.002715182257816195
-0.002713635098189116
-0.002712056506425142
-0.00271044229157269
-0.002708787797018886
-0.002707089297473431
-0.002705342834815383
-0.002703546080738306
-0.002701696008443832
-0.002699790289625525
-0.00269782729446888
-0.002695805858820677
-0.002693725749850273
-0.002691587200388312
-0.0026893918402493
-0.002687141764909029
-0.002684839768335223
-0.002682489808648825
-0.002680096542462707
-0.002677665092051029
-0.00267520104534924
-0.002672711154446006
-0.002670201705768704
-0.002667680149897933
-0.002665154635906219
-0.002662632614374161
-0.002660121768712997
-0.002657630247995257
-0.002655165269970894
-0.002652733121067286
-0.002650340553373098
-0.002647992456331849
-0.002645693719387054
-0.002643448067829013
-0.002641258528456092
-0.002639125566929579
-0.002637049881741405
-0.002635030075907707
-0.002633064053952694
-0.002631148556247354
-0.0026292793918401
-0.002627451671287417
-0.002625659573823214
-0.002623896114528179
-0.002622154541313648
-0.002620428334921598
-0.002618710044771433
-0.002616992685943842
-0.002615269273519516
-0.002613533986732364
-0.002611780306324363
-0.002610003342851996
-0.002608198439702392
-0.002606362104415894
-0.002604491077363491
-0.002602583961561322
-0.002600639127194881
-0.0025986572727561
-0.002596638631075621
-0.002594585996121168
-0.002592501463368535
-0.002590388990938663
-0.002588252304121852
-0.002586096525192261
-0.002583926310762763
-0.002581747248768806
-0.002579563995823264
-0.002577382605522871
-0.002575208432972431
-0.002573046134784818
-0.002570900367572904
-0.002568774856626987
-0.002566673560068011
-0.002564598573371768
-0.00256255199201405
-0.002560534747317433
-0.002558548003435135
-0.002556591527536511
-0.002554663689807057
-0.002552763558924198
-0.002550887875258923
-0.002549034543335438
-0.002547200070694089
-0.002545380964875221
-0.002543573500588536
-0.002541773952543736
-0.00253997789695859
-0.002538181375712156
-0.002536379732191563
-0.002534569939598441
-0.002532748971134424
-0.002530913800001144
-0.002529062330722809
-0.002527192700654268
-0.002525304444134235
-0.002523397095501423
-0.002521470887586474
-0.002519527450203896
-0.002517567481845617
-0.002515594009310007
-0.002513609360903502
-0.002511616796255112
-0.002509619807824492
-0.002507622120901942
-0.002505627227947116
-0.002503638388589025
-0.002501658629626036
-0.002499690745025873
-0.002497737295925617
-0.002495799912139773
-0.002493880223482847
-0.002491978695616126
-0.002490095561370254
-0.002488230355083942
-0.002486382145434618
-0.002484549069777131
-0.00248272973112762
-0.002480921801179647
-0.002479122253134847
-0.002477328758686781
-0.002475538989529014
-0.002473750151693821
-0.002471959451213479
-0.002470164792612195
-0.00246836431324482
-0.002466556383296847
-0.002464739140123129
-0.002462912350893021
-0.002461076015606523
-0.002459230134263635
-0.002457375172525644
-0.00245551229454577
-0.002453643130138516
-0.002451770007610321
-0.002449894091114402
-0.002448017708957195
-0.002446142956614494
-0.002444271696731448
-0.002442406257614493
-0.002440548036247492
-0.002438698196783662
-0.002436858369037509
-0.002435028553009033
-0.002433209912851453
-0.002431402215734124
-0.00242960499599576
-0.002427817089483142
-0.002426037797704339
-0.002424265723675489
-0.002422499470412731
-0.002420737640932202
-0.00241897813975811
-0.002417219802737236
-0.002415461232885718
-0.002413701033219695
-0.002411937573924661
-0.002410170855000615
-0.002408399479463696
-0.002406623680144548
-0.002404843457043171
-0.002403059275820851
-0.002401271834969521
-0.002399482065811753
-0.002397690434008837
-0.002395898103713989
-0.002394106471911073
-0.002392316702753305
-0.002390529960393906
-0.002388747641816735
-0.002386970678344369
-0.002385199069976807
-0.002383433748036623
-0.002381674712523818
-0.002379922196269035
-0.002378176199272275
-0.00237643625587225
-0.002374701667577028
-0.002372971503064036
-0.002371245762333274
-0.002369523048400879
-0.00236780266277492
-0.002366084139794111
-0.002364366548135877
-0.002362648956477642
-0.002360931131988764
-0.002359212376177311
-0.002357492921873927
-0.002355772536247969
-0.002354051452130079
-0.002352329203858972
-0.002350606955587864
-0.002348884707316756
-0.002347162691876292
-0.00234544207341969
-0.00234372285194695
-0.002342005493119359
-0.002340290928259492
-0.002338579623028636
-0.002336871810257435
-0.002335167955607176
-0.002333467826247215
-0.002331771655008197
-0.002330079441890121
-0.002328391186892986
-0.002326706424355507
-0.002325024688616395
-0.002323345746845007
-0.002321668900549412
-0.002319993684068322
-0.002318320330232382
-0.002316648373380303
-0.002314977115020156
-0.002313307020813227
-0.002311637159436941
-0.002309967530891299
-0.002308298135176301
-0.002306628972291946
-0.002304960042238235
-0.002303291810676455
-0.002301624277606606
-0.002299958141520619
-0.002298293169587851
-0.002296629827469587
-0.00229496811516583
-0.002293308963999152
-0.002291652606800199
-0.002289999276399612
-0.002288349205628037
-0.002286702394485474
-0.002285058610141277
-0.002283417852595448
-0.0022817796561867
-0.002280144253745675
-0.002278511179611087
-0.002276880666613579
-0.002275251550599933
-0.002273623598739505
-0.002271996811032295
-0.002270371187478304
-0.002268746728077531
-0.002267123432829976
-0.002265500603243709
-0.002263878937810659
-0.002262257970869541
-0.002260637935250998
-0.002259019762277603
-0.002257403219118714
-0.002255788538604975
-0.002254175720736384
-0.002252564765512943
-0.002250955905765295
-0.002249349374324083
-0.002247745171189308
-0.00224614329636097
-0.002244543517008424
-0.002242945833131671
-0.002241350244730711
-0.002239756984636188
-0.00223816535435617
-0.002236575819551945
-0.002234987681731582
-0.002233400940895081
-0.002231816062703729
-0.002230232581496239
-0.002228650730103254
-0.002227070042863488
-0.002225490752607584
-0.002223913092166185
-0.002222337061539292
-0.002220762427896261
-0.002219189889729023
-0.002217618748545647
-0.002216049237176776
-0.002214481588453054
-0.002212915569543839
-0.002211351646110415
-0.002209789585322142
-0.002208229387179017
-0.002206671051681042
-0.002205114811658859
-0.002203560201451182
-0.002202007686719298
-0.00220045680180192
-0.002198907546699047
-0.002197359688580036
-0.002195813460275531
-0.002194269094616175
-0.002192726125940681
-0.002191184787079692
-0.002189644612371922
-0.0021881063003093
-0.002186569152399898
-0.002185033168643713
-0.002183498814702034
-0.002181966090574861
-0.002180434530600905
-0.002178903901949525
-0.002177374670282006
-0.002175847068428993
-0.002174321329221129
-0.002172797452658415
-0.002171274973079562
-0.002169754356145859
-0.002168235369026661
-0.002166718011721969
-0.002165202749893069
-0.002163689350709319
-0.002162177814170718
-0.002160667907446623
-0.002159159863367677
-0.00215765368193388
-0.002156149363145232
-0.002154646907001734
-0.002153146080672741
-0.002151647116988897
-0.002150149783119559
-0.002148653846234083
-0.002147159306332469
-0.002145665930584073
-0.002144173718988895
-0.00214268290437758
-0.002141193486750126
-0.002139705466106534
-0.002138219075277448
-0.002136734314262867
-0.002135250717401505
-0.002133768517524004
-0.002132287947461009
-0.002130808541551232
-0.002129330532625318
-0.002127854386344552
-0.002126380102708936
-0.002124907914549112
-0.002123437123373151
-0.002121967729181051
-0.002120500197634101
-0.002119034063071012
-0.00211756955832243
-0.002116106217727065
-0.00211464473977685
-0.002113184425979853
-0.002111725509166718
-0.002110268454998732
-0.002108812564983964
-0.002107358304783702
-0.002105905674397945
-0.002104454440996051
-0.002103004604578018
-0.002101556630805135
-0.002100110054016113
-0.002098664874210954
-0.002097221091389656
-0.002095778938382864
-0.00209433794952929
-0.002092898590490222
-0.002091460861265659
-0.002090024529024959
-0.002088589826598763
-0.00208715652115643
-0.002085724845528603
-0.002084294334053993
-0.002082864986732602
-0.002081437036395073
-0.002080010715872049
-0.002078585559502244
-0.002077162032946944
-0.002075739670544863
-0.002074318937957287
-0.002072899369522929
-0.002071481198072433
-0.002070064190775156
-0.002068648813292384
-0.002067235298454762
-0.002065823180601001
-0.002064412692561746
-0.00206300406716764
-0.002061597304418683
-0.002060192404314876
-0.002058789366856217
-0.002057388192042708
-0.002055988647043705
-0.002054590964689851
-0.002053194679319859
-0.002051799558103085
-0.002050405601039529
-0.002049013040959835
-0.00204762164503336
-0.002046231180429459
-0.002044841647148132
-0.002043453278020024
-0.002042066073045135
-0.00204068049788475
-0.002039295621216297
-0.002037912141531706
-0.002036529826000333
-0.002035148441791534
-0.002033768687397242
-0.002032390097156167
-0.002031012671068311
-0.00202963687479496
-0.002028262475505471
-0.002026889473199844
-0.002025518100708723
-0.00202414789237082
-0.002022778848186135
-0.002021411433815956
-0.002020045416429639
-0.00201868056319654
-0.002017316874116659
-0.002015954814851284
-0.002014594152569771
-0.00201323488727212
-0.002011877717450261
-0.002010521711781621
-0.002009167335927486
-0.002007814589887857
-0.00200646324083209
-0.002005113288760185
-0.002003764966502786
-0.002002418274059892
-0.00200107297860086
-0.00199972908012569
-0.001998386578634381
-0.001997045241296291
-0.001995705300942063
-0.001994366059079766
-0.001993028214201331
-0.001991691766306758
-0.001990356715396047
-0.001989022828638554
-0.001987690338864923
-0.001986358780413866
-0.001985028386116028
-0.001983699621632695
-0.001982372254133224
-0.001981046283617616
-0.001979721710085869
-0.001978398067876697
-0.001977075356990099
-0.00197575381025672
-0.001974433194845915
-0.001973113510757685
-0.001971794990822673
-0.001970477635040879
-0.001969161443412304
-0.001967846648767591
-0.001966533251106739
-0.001965221483260393
-0.001963910879567266
-0.001962601672858
-0.00196129409596324
-0.001959988148882985
-0.001958683365955949
-0.001957380212843418
-0.001956078689545393
-0.001954778330400586
-0.001953479833900928
-0.001952182617969811
-0.00195088644977659
-0.001949591678567231
-0.001948298187926412
-0.001947005977854133
-0.001945715048350394
-0.001944425282999873
-0.001943136914633214
-0.001941849710419774
-0.001940564019605517
-0.001939279492944479
-0.001937996246851981
-0.001936714281328022
-0.001935433479957283
-0.001934153842739761
-0.001932875486090779
-0.001931598177179694
-0.001930322148837149
-0.001929047168232501
-0.001927773002535105
-0.001926500117406249
-0.00192522828001529
-0.001923957606777549
-0.001922688097693026
-0.001921419752761722
-0.001920152455568314
-0.00191888608969748
-0.001917620771564543
-0.001916356734000146
-0.001915094093419611
-0.001913832384161651
-0.001912572071887553
-0.001911313156597316
-0.001910055289044976
-0.001908798818476498
-0.00190754362847656
-0.001906289719045162
-0.001905036857351661
-0.001903785509057343
-0.001902535441331565
-0.00190128677058965
-0.001900039496831596
-0.001898793736472726
-0.001897549256682396
-0.001896306057460606
-0.001895064255222678
-0.00189382373355329
-0.001892584492452443
-0.001891346415504813
-0.001890109502710402
-0.001888873754069209
-0.001887639053165913
-0.001886405400000513
-0.001885172794573009
-0.001883941004052758
-0.001882709912024438
-0.001881479867734015
-0.001880250638350844
-0.00187902245670557
-0.001877795322798193
-0.001876569236628711
-0.001875343965366483
-0.001874119974672794
-0.001872897148132324
-0.001871675485745072
-0.001870455220341682
-0.001869236119091511
-0.001868018414825201
-0.001866801991127431
-0.001865587080828846
-0.001864373567514122
-0.001863161451183259
-0.001861950499005616
-0.001860740943811834
-0.001859532669186592
-0.00185832567512989
-0.001857119728811085
-0.001855914946645498
-0.00185471132863313
-0.001853508991189301
-0.001852307934314013
-0.00185110792517662
-0.001849909080192447
-0.001848711282946169
-0.001847514300607145
-0.001846318482421339
-0.001845123828388751
-0.001843930338509381
-0.001842738129198551
-0.001841547316871583
-0.00184035743586719
-0.001839168486185372
-0.001837980700656772
-0.001836793962866068
-0.001835608272813261
-0.001834423746913671
-0.001833240152336657
-0.001832057721912861
-0.001830876339226961
-0.00182969612069428
-0.001828516949899495
-0.001827338826842606
-0.001826161751523614
-0.00182498584035784
-0.001823810744099319
-0.001822636695578694
-0.001821463578380644
-0.001820291625335813
-0.001819120836444199
-0.00181795097887516
-0.001816782052628696
-0.001815614057704806
-0.001814447110518813
-0.001813281094655395
-0.001812116010114551
-0.001810951973311603
-0.001809789100661874
-0.001808627508580685
-0.001807467080652714
-0.001806307584047318
-0.00180514925159514
-0.001803992199711502
-0.001802836544811726
-0.001801682054065168
-0.00180052884388715
-0.001799376797862351
-0.001798225799575448
-0.001797076081857085
-0.001795927411876619
-0.001794779789634049
-0.001793633331544697
-0.00179248780477792
-0.00179134332574904
-0.001790199661627412
-0.001789056928828359
-0.00178791512735188
-0.001786774257197976
-0.00178563455119729
-0.001784495776519179
-0.001783357933163643
-0.001782220904715359
-0.00178108480758965
-0.001779949874617159
-0.001778816105797887
-0.001777683384716511
-0.001776551594957709
-0.001775420503690839
-0.001774290576577187
-0.001773161464370787
-0.001772033516317606
-0.001770906616002321
-0.001769780879840255
-0.001768656307831407
-0.001767532667145133
-0.001766410074196756
-0.001765288761816919
-0.001764168846420944
-0.001763050211593509
-0.001761932857334614
-0.001760816667228937
-0.001759701641276479
-0.00175858789589256
-0.00175747531466186
-0.001756364013999701
-0.001755253761075437
-0.00175414455588907
-0.001753036282025278
-0.00175192893948406
-0.001750822295434773
-0.001749716582708061
-0.001748611917719245
-0.001747508067637682
-0.001746405148878694
-0.001745302812196314
-0.00174420140683651
-0.001743100816383958
-0.001742001040838659
-0.001740902080200613
-0.001739804167300463
-0.001738707069307566
-0.001737610786221921
-0.001736515667289495
-0.001735421246849
-0.00173432775773108
-0.001733235316351056
-0.001732143806293607
-0.00173105311114341
-0.001729963347315788
-0.001728874631226063
-0.001727786846458912
-0.001726699760183692
-0.00172561383806169
-0.001724528847262263
-0.001723444904200733
-0.001722362008877099
-0.001721280161291361
-0.001720199594274163
-0.001719120307825506
-0.001718042301945388
-0.001716965110972524
-0.001715889084152877
-0.001714813988655806
-0.00171373994089663
-0.001712666940875351
-0.001711594639346004
-0.001710523385554552
-0.001709453063085675
-0.001708383555524051
-0.001707314746454358
-0.001706246985122561
-0.001705180271528661
-0.001704114605672657
-0.001703049871139228
-0.001701986067928374
-0.001700923545286059
-0.001699862070381641
-0.001698801526799798
-0.001697742030955851
-0.001696683815680444
-0.001695626531727612
-0.001694570062682033
-0.001693514408543706
-0.001692459569312632
-0.001691405544988811
-0.001690352451987565
-0.001689300290308893
-0.001688248943537474
-0.001687198295257986
-0.001686148578301072
-0.00168509955983609
-0.001684051239863038
-0.001683003734797239
-0.001681956928223372
-0.001680910936556756
-0.001679865876212716
-0.00167882174719125
-0.001677778549492359
-0.001676736399531364
-0.001675695180892944
-0.001674654893577099
-0.00167361565399915
-0.001672577578574419
-0.001671540550887585
-0.001670504570938647
-0.001669469755142927
-0.001668435870669782
-0.001667403266765177
-0.001666371710598469
-0.001665341318584979
-0.001664311857894063
-0.001663283444941044
-0.001662256196141243
-0.001661229762248695
-0.0016602041432634
-0.001659179222770035
-0.001658155233599246
-0.001657132059335709
-0.001656109583564103
-0.001655087806284428
-0.001654066727496684
-0.001653046230785549
-0.001652026548981667
-0.001651007449254394
-0.00164998893160373
-0.00164897134527564
-0.001647954690270126
-0.001646939083002508
-0.001645924639888108
-0.001644911244511604
-0.001643899013288319
-0.00164288782980293
-0.001641877461224794
-0.001640868140384555
-0.001639859867282212
-0.001638852409087121
-0.001637845882214606
-0.001636840286664665
-0.001635835273191333
-0.001634831191040576
-0.001633827923797071
-0.001632825471460819
-0.001631824183277786
-0.001630823826417327
-0.001629824517294765
-0.001628826139494777
-0.001627828693017364
-0.001626832177862525
-0.001625836594030261
-0.001624841941520572
-0.001623847871087492
-0.00162285438273102
-0.00162186159286648
-0.001620869268663228
-0.001619877526536584
-0.001618886250071228
-0.001617895439267159
-0.001616905443370342
-0.001615915796719491
-0.001614926848560572
-0.001613938598893583
-0.001612950931303203
-0.001611964195035398
-0.001610978506505489
-0.001609994098544121
-0.001609010738320649
-0.001608028425835073
-0.001607047510333359
-0.001606067875400186
-0.00160508940462023
-0.001604111981578171
-0.001603135839104652
-0.001602160627953708
-0.00160118646454066
-0.001600213465280831
-0.001599241280928254
-0.00159826991148293
-0.001597299356944859
-0.001596329268068075
-0.001595359877683222
-0.0015943911857903
-0.001593423192389309
-0.001592455781064928
-0.001591488951817155
-0.001590522937476635
-0.001589557505212724
-0.001588592887856066
-0.001587628968991339
-0.001586666330695152
-0.001585704390890896
-0.001584743498824537
-0.001583783538080752
-0.001582824508659542
-0.001581866294145584
-0.001580909010954201
-0.001579952659085393
-0.001578996889293194
-0.001578041934408247
-0.001577087794430554
-0.001576134469360113
-0.001575181726366282
-0.001574229565449059
-0.001573277986608446
-0.001572327339090407
-0.001571377040818334
-0.001570427441038191
-0.00156947853974998
-0.0015685303369537
-0.001567583065479994
-0.001566636492498219
-0.001565690850839019
-0.001564746140502393
-0.00156380224507302
-0.0015628591645509
-0.001561916898936033
-0.001560975448228419
-0.001560034928843379
-0.001559095340780914
-0.00155815645121038
-0.001557217910885811
-0.001556280185468495
-0.00155534315854311
-0.001554406830109656
-0.001553471549414098
-0.001552536967210472
-0.001551603199914098
-0.001550670713186264
-0.001549739157781005
-0.00154880853369832
-0.00154787884093821
-0.001546950428746641
-0.001546023180708289
-0.001545096980407834
-0.001544171827845275
-0.001543247723020613
-0.001542324782349169
-0.001541402656584978
-0.001540481112897396
-0.001539560267701745
-0.001538639888167381
-0.001537720207124949
-0.001536801224574447
-0.00153588259126991
-0.001534964423626661
-0.0015340467216447
-0.001533129368908703
-0.001532212481833994
-0.001531295944005251
-0.001530379871837795
-0.001529464265331626
-0.001528549124486744
-0.001527634798549116
-0.001526721054688096
-0.001525808009319007
-0.00152489566244185
-0.001523984246887267
-0.001523073762655258
-0.001522164209745824
-0.001521255704574287
-0.001520348130725324
-0.001519441488198936
-0.001518536009825766
-0.001517631579190493
-0.001516728196293116
-0.001515825977548957
-0.001514924806542695
-0.001514024566859007
-0.001513125374913216
-0.001512227347120643
-0.001511330250650644
-0.001510434085503221
-0.00150953873526305
-0.001508643967099488
-0.001507750130258501
-0.001506856642663479
-0.001505963737145066
-0.001505071180872619
-0.001504178973846138
-0.001503287116065621
-0.001502395723946393
-0.001501504564657807
-0.001500613871030509
-0.001499723410233855
-0.00149883353151381
-0.001497944118455052
-0.001497055171057582
-0.001496166922152042
-0.001495279371738434
-0.0014943927526474
-0.001493507064878941
-0.001492622424848378
-0.001491738716140389
-0.001490856288000941
-0.00148997490759939
-0.001489094574935734
-0.001488215290009975
-0.001487336819991469
-0.001486459048464894
-0.00148558197543025
-0.001484705717302859
-0.001483830157667398
-0.001482955180108547
-0.001482080668210983
-0.001481206738390028
-0.001480333623476326
-0.001479461090639234
-0.00147858913987875
-0.001477717887610197
-0.001476847333833575
-0.001475977594964206
-0.001475108554586768
-0.001474240561947227
-0.001473373267799616
-0.00147250690497458
-0.001471641473472118
-0.00147077685687691
-0.001469913055188954
-0.001469049951992929
-0.001468187430873513
-0.001467325608246028
-0.001466464367695153
-0.001465603709220886
-0.001464743516407907
-0.001463883905671537
-0.001463024877011776
-0.00146216619759798
-0.001461307983845472
-0.001460450468584895
-0.001459593651816249
-0.001458737649954855
-0.001457882230170071
-0.00145702762529254
-0.001456173718906939
-0.001455320627428591
-0.001454468467272818
-0.001453617122024298
-0.001452766475267708
-0.00145191652700305
-0.001451067277230322
-0.001450218725949526
-0.00144937087316066
-0.001448523718863726
-0.001447677379474044
-0.001446831505745649
-0.001445986330509186
-0.001445141737349331
-0.001444297726266086
-0.001443454180844128
-0.001442611333914101
-0.001441769185476005
-0.001440927619114518
-0.001440086867660284
-0.001439246581867337
-0.001438406994566321
-0.001437567872926593
-0.001436729566194117
-0.001435892074368894
-0.001435055281035602
-0.001434219302609563
-0.001433384022675455
-0.001432549557648599
-0.001431715907528996
-0.001430882955901325
-0.001430050702765584
-0.001429219264537096
-0.001428388641215861
-0.001427558599971235
-0.00142672925721854
-0.001425900380127132
-0.001425072085112333
-0.001424244372174144
-0.00142341700848192
-0.001422590343281627
-0.001421763910911977
-0.001420938177034259
-0.001420113258063793
-0.00141928915400058
-0.001418465748429298
-0.001417643041349947
-0.001416821032762527
-0.001415999955497682
-0.001415179809555411
-0.001414360594935715
-0.00141354207880795
-0.001412724494002759
-0.001411907724104822
-0.001411091769114137
-0.001410276512615383
-0.001409462071023881
-0.001408648211508989
-0.001407835050486028
-0.001407022471539676
-0.001406210474669933
-0.001405398943461478
-0.001404588110744953
-0.001403777743689716
-0.00140296807512641
-0.001402158639393747
-0.001401349785737693
-0.001400541281327605
-0.001399733126163483
-0.001398925203830004
-0.001398117747157812
-0.001397310756146908
-0.001396504463627934
-0.001395698636770248
-0.001394893391989172
-0.001394088845700026
-0.001393284997902811
-0.001392481965012848
-0.001391679630614817
-0.001390878227539361
-0.001390077755786479
-0.001389278098940849
-0.001388479257002473
-0.001387681113556027
-0.001386883785016835
-0.001386087271384895
-0.001385291339829564
-0.001384495990350842
-0.001383701339364052
-0.001382907386869192
-0.00138211390003562
-0.001381321111693978
-0.00138052913825959
-0.001379737630486488
-0.001378946704789996
-0.001378156244754791
-0.001377366250380874
-0.001376576954498887
-0.00137578824069351
-0.001374999876134098
-0.001374212093651295
-0.001373424776829779
-0.001372638158500195
-0.001371852122247219
-0.001371066551655531
-0.00137028144672513
-0.001369496807456017
-0.00136871263384819
-0.001367928925901651
-0.001367145800031722
-0.001366363605484366
-0.00136558199301362
-0.001364801079034805
-0.001364020863547921
-0.001363241579383612
-0.001362462993711233
-0.001361685222946107
-0.001360908267088234
-0.001360131893306971
-0.00135935633443296
-0.001358581474050879
-0.001357807428576052
-0.001357034081593156
-0.00135626143310219
-0.001355489483103156
-0.001354718231596053
-0.001353947562165558
-0.001353177707642317
-0.001352408551611006
-0.001351639628410339
-0.001350871287286282
-0.001350103528238833
-0.001349336467683315
-0.001348569872789085
-0.001347803859971464
-0.001347038429230452
-0.001346273464150727
-0.001345509081147611
-0.001344745280221105
-0.001343981944955885
-0.001343219075351954
-0.001342456787824631
-0.001341694849543273
-0.001340933493338525
-0.001340172486379743
-0.001339412061497569
-0.001338652102276683
-0.001337892841547728
-0.001337133813649416
-0.001336375251412392
-0.001335617271251976
-0.001334859989583492
-0.001334103289991617
-0.001333347056061029
-0.001332591287791729
-0.001331836101599038
-0.001331081846728921
-0.001330328173935413
-0.00132957543246448
-0.001328823273070157
-0.001328071695752442
-0.001327320700511336
-0.001326570636592805
-0.00132582092192024
-0.001325072022154927
-0.001324323588050902
-0.001323575852438807
-0.001322828698903322
-0.001322082011029124
-0.001321335905231535
-0.001320590265095234
-0.00131984509062022
-0.001319100498221815
-0.001318356487900019
-0.00131761294323951
-0.001316869980655611
-0.001316127483732998
-0.001315385685302317
-0.001314644585363567
-0.001313904183916748
-0.001313164480961859
-0.001312425476498902
-0.001311686937697232
-0.001310948748141527
-0.001310211373493075
-0.001309474930167198
-0.00130873906891793
-0.001308003556914628
-0.001307268743403256
-0.00130653427913785
-0.001305800513364375
-0.001305067096836865
-0.001304334262385964
-0.001303601777181029
-0.001302869757637382
-0.001302138320170343
-0.001301407464779913
-0.001300677191466093
-0.00129994738381356
-0.001299218274652958
-0.001298489747568965
-0.001297761918976903
-0.001297034788876772
-0.001296308357268572
-0.001295582624152303
-0.001294857473112643
-0.001294133020564914
-0.001293409150093794
-0.001292686094529927
-0.001291963504627347
-0.001291241496801376
-0.001290519954636693
-0.001289798994548619
-0.001289078616537154
-0.001288358820602298
-0.001287639606744051
-0.001286920858547091
-0.001286202576011419
-0.001285485108383
-0.001284767990000546
-0.001284051220864058
-0.001283334917388856
-0.001282618963159621
-0.001281903474591672
-0.001281188218854368
-0.00128047342877835
-0.00127975910436362
-0.001279045012779534
-0.001278331386856735
-0.001277618226595223
-0.00127690564841032
-0.001276193652302027
-0.001275482005439699
-0.00127477094065398
-0.00127406045794487
-0.001273350790143013
-0.001272641820833087
-0.001271933550015092
-0.001271225977689028
-0.001270519103854895
-0.001269812928512692
-0.001269107102416456
-0.001268401858396828
-0.001267697080038488
-0.001266992767341435
-0.001266288920305669
-0.001265585538931191
-0.001264882506802678
-0.001264179940335453
-0.001263477839529514
-0.001262776087969542
-0.001262074918486178
-0.001261374331079423
-0.001260674325749278
-0.001259974669665098
-0.001259275828488171
-0.001258577569387853
-0.001257880008779466
-0.001257182913832366
-0.001256486517377198
-0.00125579081941396
-0.001255095703527331
-0.001254401286132634
-0.001253707567229867
-0.001253014546819031
-0.001252322224900126
-0.001251630485057831
-0.001250939210876822
-0.001250248402357101
-0.001249558059498668
-0.001248868065886199
-0.00124817865435034
-0.001247489475645125
-0.001246800413355231
-0.001246111816726625
-0.001245423569343984
-0.001244735671207309
-0.001244048355147243
-0.001243361388333142
-0.001242674770765007
-0.001241988618858159
-0.001241302932612598
-0.001240617828443646
-0.001239933189935982
-0.001239249249920249
-0.001238566008396447
-0.001237883581779897
-0.001237201853655279
-0.001236520707607269
-0.001235840376466513
-0.001235160743817687
-0.001234481576830149
-0.001233802875503898
-0.001233124756254256
-0.001232447219081223
-0.001231770147569478
-0.001231093425303698
-0.001230417168699205
-0.001229741261340678
-0.001229065703228116
-0.001228390377946198
-0.001227715401910245
-0.00122704089153558
-0.001226366963237524
-0.001225693617016077
-0.001225020736455917
-0.001224348205141723
-0.001223676139488816
-0.00122300477232784
-0.001222333870828152
-0.001221663551405072
-0.001220993930473924
-0.001220324891619384
-0.001219656434841454
-0.001218988560140133
-0.001218321034684777
-0.001217654091306031
-0.001216987730003893
-0.001216322067193687
-0.001215656870044768
-0.001214992254972458
-0.001214328105561435
-0.001213664305396378
-0.001213000970892608
-0.001212338102050126
-0.00121167569886893
-0.001211013528518379
-0.001210351823829114
-0.001209690584801137
-0.00120902992784977
-0.001208369736559689
-0.001207709778100252
-0.001207050401717424
-0.001206391607411206
-0.001205733045935631
-0.001205074833706021
-0.001204417319968343
-0.001203760388307273
-0.001203104155138135
-0.001202448387630284
-0.00120179308578372
-0.001201138366013765
-0.001200484111905098
-0.00119983043987304
-0.001199177000671625
-0.001198523910716176
-0.001197871402837336
-0.001197219360619783
-0.001196568016894162
-0.001195916789583862
-0.001195266027934849
-0.001194615848362446
-0.00119396613445133
-0.001193316886201501
-0.001192668336443603
-0.001192020135931671
-0.001191372633911669
-0.001190725713968277
-0.001190079259686172
-0.001189433271065354
-0.00118878751527518
-0.001188142225146294
-0.001187497400678694
-0.001186853158287704
-0.001186209497973323
-0.001185566303320229
-0.001184923574328423
-0.001184281194582582
-0.001183639164082706
-0.00118299771565944
-0.00118235673289746
-0.00118171633221209
-0.001181076280772686
-0.001180436811409891
-0.001179797574877739
-0.001179158687591553
-0.001178520265966654
-0.001177882426418364
-0.001177244819700718
-0.001176607678644359
-0.001175971003249288
-0.001175334677100182
-0.001174698816612363
-0.001174063421785831
-0.001173428725451231
-0.001172794494777918
-0.001172160962596536
-0.001171527779661119
-0.001170895178802311
-0.001170263392850757
-0.001169631956145167
-0.001169001101516187
-0.001168370596133173
-0.001167740789242089
-0.001167111564427614
-0.001166482572443783
-0.001165853929705918
-0.001165225636214018
-0.001164597691968083
-0.001163969980552793
-0.001163342618383467
-0.001162715605460107
-0.001162089058198035
-0.00116146297659725
-0.001160837360657752
-0.001160212210379541
-0.001159587525762618
-0.001158963423222303
-0.001158339669927955
-0.001157716615125537
-0.001157094142399728
-0.001156472135335207
-0.001155850710347295
-0.00115522975102067
-0.001154609373770654
-0.001153989462181926
-0.001153369899839163
-0.001152750803157687
-0.001152132288552821
-0.001151514356024563
-0.001150896772742271
-0.001150279422290623
-0.001149662537500262
-0.001149045885540545
-0.001148429582826793
-0.001147813862189651
-0.001147198374383152
-0.00114658335223794
-0.001145968679338694
-0.001145354355685413
-0.001144740497693419
-0.00114412687253207
-0.001143513945862651
-0.001142901368439198
-0.00114228914026171
-0.001141677610576153
-0.001141066430136561
-0.001140455715358257
-0.001139845466241241
-0.001139235682785511
-0.001138626364991069
-0.001138017629273236
-0.001137409475632012
-0.001136801904067397
-0.001136194914579391
-0.001135588507167995
-0.001134982681833208
-0.001134377322159708
-0.001133772893808782
-0.001133168814703822
-0.001132565201260149
-0.001131962053477764
-0.001131359022110701
-0.001130756339989603
-0.001130153890699148
-0.001129551674239337
-0.001128949807025492
-0.001128348521888256
-0.001127747353166342
-0.001127146650105715
-0.001126546412706375
-0.001125946640968323
-0.00112534686923027
-0.001124747679568827
-0.001124148722738028
-0.001123550231568515
-0.001122952322475612
-0.001122354879043996
-0.001121757901273668
-0.001121161389164627
-0.001120565342716873
-0.001119969761930406
-0.001119374530389905
-0.001118779648095369
-0.001118185231462121
-0.001117591396905482
-0.001116998144425452
-0.001116405357606709
-0.001115813036449254
-0.001115221180953085
-0.001114629674702883
-0.001114038401283324
-0.001113447593525052
-0.001112857135012746
-0.001112267258577049
-0.001111677731387317
-0.001111088553443551
-0.001110499608330429
-0.001109911128878593
-0.001109323115088046
-0.001108735450543463
-0.001108148251660168
-0.00110756151843816
-0.001106975134462118
-0.001106389216147363
-0.001105803647078574
-0.00110521842725575
-0.001104633440263569
-0.001104048918932676
-0.001103464630432427
-0.001102880691178143
-0.001102297101169825
-0.001101713976822793
-0.00110113131813705
-0.00110054889228195
-0.001099967048503458
-0.001099385553970933
-0.001098804525099695
-0.001098223845474422
-0.001097643515095115
