0
0
0
0
0
0
0
0
0
0
0
0
0
0
0
0
0
0
0
0
0
0
0
0
0
0
0
0
0
0
0
0
0
0
0
0
0
0
0
0
0
0
0
0
0
0
0
0
0
0
0
0
0
0
0
0
0
0
0
0
0
0
0
0
0
0
0
0
0
0
0
0
0
0
0
0
0
0
0
0
0
0
0
0
0
0
0
0
0
0
0
0
0
0
0
0
0
0
0
0
0
0
0
0
0
0
0
0
0
0
0
0
0
0
0
0
0
0
0
0
0
0
0
0
0
0
0
0
0
0
0
0
0
0
0
0
0
0
0
0
0
0
0
0
0
0
0
0
0
0
0
0
0
0
0
0
0
0
0
0
0
0
0
0
0
0
0
0
0
0
0
0
0
0
0
0
0
0
0
0
0
0
0
0
0
0
0
0
0
0
0
0
0
0
0
0
0
0
0
0
0
0
0
0
0
0
0
0
0
0
0
0
0
0
0
0
0
0
0
0
0
0
0
0
0
0
0
0
0
0
0
0
0
0
0
0
0
0
0
0
0
0
0
0
0
0
0
0
0
0
0
0
0
0
0
0
0
0
0
0
0
0
0
0
0
0
0
0
0
0
0
0
0
0
0
0
0
0
0
0
0
0
0
0
0
0
0
0
0
0
0
0
0
0
0
0
0
0
0
0
0
0
0
0
0
0
0
0
0
0
0
0
0
0
0
0
0
0
0
0
0
0
0
0
0
0
0
0
0
0
0
0
0
0
0
0
0
0
0
0
0
0
0
0
0
0
0
0
0
0
0
0
0
0
0
0
0
0
0
0
0
0
0
0
0
0
0
0
0
0
0
0
0
0
0
0
0
0
0
0
0
0
0
0
0
0
0
0
0
0
0
0
0
0
0
0
0
0
0
0
0
0
0
0
0
0
0
0
0
0
0
0
0
0
0
0
0
0
0
0
0
0
0
0
0
0
0
0
0
0
0
0
0
0
0
0
0
0
0
0
0
0
0
0
0
0
0
0
0
0
0
0
0
0
0
0
0
0
0
0
0
0
0
0
0
0
0
0
0
0
0
0
0
0
0
0
0
0
0
0
0
0
0
0
0
0
0
0
0
0
0
0
0
0
0
0
0
0
0
0
0
0
0
0
0
0
0
0
0
0
0
0
0
0
0
0
0
0
0
0
0
0
0
0
0
0
0
0
0
0
0
0
0
0
0
0
0
0
0
0
0
0
0
0
0
0
0
0
0
0
0
0
0
0
0
0
0
0
0
0
0
0
0
0
0
0
0
0
0
0
0
0
0
0
0
0
0
0
0
0
0
0
0
0
0
0
0
0
0
0
0
0
0
0
0
0
0
0
0
0
0
0
0
0
0
0
0
0
0
0
0
0
0
0
0
0
0
0
0
0
0
0
0
0
0
0
0
0
0
0
0
0
0
0
0
0
0
0
0
0
0
0
0
0
0
0
0
0
0
0
0
0
0
0
0
0
0
0
0
0
0
0
0
0
0
0
0
0
0
0
0
0
0
0
0
0
0
0
0
0
0
0
0
0
0
0
0
0
0
0
0
0
0
0
0
0
0
0
0
0
0
0
0
0
0
0
0
0
0
0
0
0
0
0
0
0
0
0
0
0
0
0
0
0
0
0
0
0
0
0
0
0
0
0
0
0
0
0
0
0
0
0
0
0
0
0
0
0
0
0
0
0
0
0
0
0
0
0
0
0
0
0
0
0
0
0
0
0
0
0
0
0
0
0
0
0
0
0
0
0
0
0
0
0
0
0
0
0
0
0
0
0
0
0
0
0
0
0
0
0
0
0
0
0
0
0
0
0
0
0
0
0
0
0
0
0
0
0
0
0
0
0
0
0
0
0
0
0
0
0
0
0
0
0
0
0
0
0
0
0
0
0
0
0
0
0
0
0
0
0
0
0
0
0
0
0
0
0
0
0
0
0
0
0
0
0
0
0
0
0
0
0
0
0
0
0
0
0
0
0
0
0
0
0
0
0
0
0
0
0
0
0
0
0
0
0
0
0
0
0
0
0
0
0
0
0
0
0
0
0
0
0
0
0
0
0
0
0
0
0
0
0
0
0
0
0
0
0
0
0
0
0
0
0
0
0
0
0
0
0
0
0
0
0
0
0
0
0
0
0
0
0
0
0
0
0
0
0
0
0
0
0
0
0
0
0
0
0
0
0
0
0
0
0
0
0
0
0
0
0
0
0
0
0
0
0
0
0
0
0
0
0
0
0
0
0
0
0
0
0
0
0
0
0
0
0
0
0
0
0
0
0
0
0
0
0
0
0
0
0
0
0
0
0
0
0
0
0
0
0
0
0
0
0
0
0
0
0
0
0
0
0
0
0
0
0
0
0
0
0
0
0
0
0
0
0
0
0
0
0
0
0
0
0
0
0
0
0
0
0
0
0
0
0
0
0
0
0
0
0
0
0
0
0
2.802596928649634e-45
2.802596928649634e-44
8.407790785948902e-44
2.031882773270985e-43
4.736388809417882e-43
1.041164758993339e-42
2.239274945991058e-42
4.726579720167608e-42
9.907180142776457e-42
2.065794196107645e-41
4.288954209758968e-41
8.867696941940307e-41
1.826410379447037e-40
3.747660638959577e-40
7.661375145941645e-40
1.560540620512225e-39
3.16721759166388e-39
6.405055020735874e-39
1.29067744121378e-38
2.591612387186418e-38
5.18545452048927e-38
1.033890674716968e-37
2.054186512252441e-37
4.067138079582029e-37
8.024688789852246e-37
1.577843416744587e-36
3.091734531119746e-36
6.037391073768746e-36
1.174927912351844e-35
2.278735977098573e-35
4.404571592812601e-35
8.484886397987611e-35
1.629022456271715e-34
3.117112782606933e-34
5.944674215134971e-34
1.129950648719143e-33
2.14068339506186e-33
4.042150750995507e-33
7.607556992811988e-33
1.427105390132746e-32
2.668397449495135e-32
4.973178055956062e-32
9.238720267660614e-32
1.710760522996054e-31
3.157704613738193e-31
5.809837100549305e-31
1.065544439698351e-30
1.948047669934116e-30
3.55020095496363e-30
6.44965801742504e-30
1.168034908174794e-29
2.108702200742354e-29
3.795069932319015e-29
6.808859299307504e-29
1.217821476175058e-28
2.171462660396033e-28
3.859981776091196e-28
6.840485717148016e-28
1.208542706814865e-27
2.128702634140013e-27
3.738095977331495e-27
6.544445536495912e-27
1.142316890115888e-26
1.987906678146408e-26
3.44909740100136e-26
5.966493989856724e-26
1.029061901808856e-25
1.769606062661213e-25
3.034090929162603e-25
5.186825532852833e-25
8.840967296494974e-25
1.502543563389687e-24
2.546170450610672e-24
4.302144060057341e-24
7.248087129328676e-24
1.217605702803364e-23
2.03957020927889e-23
3.406615039840245e-23
5.673663704103562e-23
9.422453788015025e-23
1.560371288148231e-22
2.576671647070516e-22
4.242881689190736e-22
6.966858532161747e-22
1.140750929112207e-21
1.862626764484546e-21
3.032811873640752e-21
4.924396825809973e-21
7.973554200329492e-21
1.287494506535283e-20
2.073178601995565e-20
3.329117299072945e-20
5.331209097824954e-20
8.513921890824548e-20
1.355951295483576e-19
2.153634518145992e-19
3.411272425147314e-19
5.388652590840213e-19
8.489193326412275e-19
1.333760908931528e-18
2.089862098243027e-18
3.265789708469077e-18
5.089703933994414e-18
7.911032955726499e-18
1.226346046999474e-17
1.895983825319122e-17
2.923483263122484e-17
4.495867580802084e-17
6.895660151139287e-17
1.054848775093999e-16
1.609381128628892e-16
2.448975273721727e-16
3.716799101397591e-16
5.626200888130732e-16
8.494251800555833e-16
1.279089842330379e-15
1.921078559427515e-15
2.877793167747065e-15
4.299783609268111e-15
6.407786881803363e-15
9.524586489244227e-15
1.412091252169781e-14
2.088141535768265e-14
3.079920555247063e-14
4.531098396877778e-14
6.648955881314797e-14
9.731759397901135e-14
1.420754112231234e-13
2.068891797246328e-13
3.005035456582483e-13
4.353674809987745e-13
6.291562865308464e-13
9.068985796709117e-13
1.303941113070528e-12
1.870069854179035e-12
2.675220938871958e-12
3.817373934317247e-12
5.433432783558123e-12
7.714178254514259e-12
1.092476369785045e-11
1.543272280801755e-11
2.174614655015006e-11
3.056555702984909e-11
4.285422364191938e-11
5.993316953833983e-11
8.360918207772627e-11
1.163468696385728e-10
1.614991612663985e-10
2.236152651935441e-10
3.088508893078767e-10
4.255133745356687e-10
5.847834994021639e-10
8.016689534429133e-10
1.096260193733656e-09
1.495378709748252e-09
2.034736379386004e-09
2.761752604385492e-09
3.73922359742096e-09
5.050080797985856e-09
6.803549279510435e-09
9.143095169861226e-09
1.22566401472568e-08
1.638966651285045e-08
2.186196290665521e-08
2.908897656084264e-08
3.860892761053947e-08
5.111717982231312e-08
6.750958192469625e-08
8.89370994627825e-08
1.168743182233811e-07
1.532051072672402e-07
2.003294383712273e-07
2.612962077819247e-07
3.399674710635736e-07
4.412216583205009e-07
5.71203088384209e-07
7.376282269433432e-07
9.501600288785994e-07
1.220863623530022e-06
1.564758804306621e-06
2.00048975784739e-06
2.551129455241608e-06
3.245147581765195e-06
4.117566277272999e-06
5.211340976529755e-06
6.57899090583669e-06
8.284535397251602e-06
1.040577080857474e-05
1.303693625231972e-05
1.629183316254057e-05
2.030744690273423e-05
2.524813680793159e-05
3.131046833004802e-05
3.872875095112249e-05
4.778136280947365e-05
5.879792297491804e-05
7.216739322757348e-05
8.834718755679205e-05
0.0001078732966561802
0.0001313716056756675
0.0001595703506609425
0.0001933136518346146
0.0002335763565497473
0.0002814800245687366
0.0003383100847713649
0.0004055335884913802
0.0004848184762522578
0.0005780531209893525
0.0006873661186546087
0.0008151467773132026
0.0009640642674639821
0.001137087470851839
0.001337501918897033
0.001568926265463233
0.001835323870182037
0.002141014439985156
0.00249067647382617
0.00288934912532568
0.00334242545068264
0.003855637041851878
0.004435033537447453
0.005086948629468679
0.005817960947751999
0.006634835619479418
0.007544463966041803
0.008553779684007168
0.009669671766459942
0.01089887600392103
0.01224785856902599
0.01372268423438072
0.01532887574285269
0.01707126572728157
0.01895382441580296
0.0209795106202364
0.02315009199082851
0.02546598389744759
0.02792608924210072
0.03052764572203159
0.0332660898566246
0.03613495081663132
0.03912574425339699
0.04222793132066727
0.04542889818549156
0.04871395230293274
0.05206641927361488
0.05546774715185165
0.05889769271016121
0.06233451142907143
0.06575526297092438
0.06913615018129349
0.07245286554098129
0.07568106800317764
0.07879678905010223
0.0817769393324852
0.08459985256195068
0.08724574744701385
0.08969724923372269
0.09193985164165497
0.09396234154701233
0.09575721621513367
0.09732095152139664
0.09865425527095795
0.09976216405630112
0.1006540209054947
0.1013434454798698
0.1018480509519577
0.1021891534328461
0.1023912504315376
0.1024814769625664
0.1024889349937439
0.1024439483880997
0.102377250790596
0.1023191288113594
0.1022985801100731
0.1023424863815308
0.1024747788906097
0.1027157679200172
0.1030814945697784
0.1035832911729813
0.1042274087667465
0.1050148382782936
0.1059413924813271
0.1069978177547455
0.1081702038645744
0.1094405576586723
0.1107874140143394
0.1121867820620537
0.1136129796504974
0.1150396540760994
0.1164408251643181
0.1177918761968613
0.1190704852342606
0.1202575117349625
0.1213377043604851
0.1223002597689629
0.1231391578912735
0.1238533928990364
0.1244468688964844
0.1249281018972397
0.1253098249435425
0.1256083101034164
0.1258425116539001
0.1260331869125366
0.1262019276618958
0.1263701617717743
0.1265581399202347
0.1267840266227722
0.1270631104707718
0.1274071633815765
0.127823993563652
0.1283172070980072
0.1288861334323883
0.1295260936021805
0.130228653550148
0.1309822797775269
0.1317730695009232
0.1325854361057281
0.1334031522274017
0.1342101693153381
0.1349914222955704
0.1357337534427643
0.1364264190196991
0.137061670422554
0.1376350075006485
0.1381453573703766
0.1385949403047562
0.1389890611171722
0.1393356919288635
0.1396447569131851
0.1399277001619339
0.1401965320110321
0.140463262796402
0.1407390683889389
0.1410337388515472
0.1413551419973373
0.1417087912559509
0.1420976519584656
0.1425221562385559
0.1429801881313324
0.1434674710035324
0.1439778059720993
0.1445036977529526
0.1450368463993073
0.1455687433481216
0.1460912376642227
0.1465970128774643
0.1470801085233688
0.1475362330675125
0.1479628682136536
0.1483594179153442
0.1487271636724472
0.1490690112113953
0.1493893265724182
0.1496933400630951
0.1499869376420975
0.1502761244773865
0.1505665928125381
0.1508633643388748
0.1511705368757248
0.1514909118413925
0.151826024055481
0.1521759629249573
0.1525396108627319
0.1529146879911423
0.1532980501651764
0.1536859124898911
0.1540742814540863
0.1544591635465622
0.1548369824886322
0.1552046984434128
0.155560091137886
0.1559018194675446
0.1562295407056808
0.1565437763929367
0.156845897436142
0.1571379601955414
0.1574224531650543
0.1577020883560181
0.1579795926809311
0.1582574993371964
0.1585379242897034
0.1588224470615387
0.1591120362281799
0.1594069749116898
0.1597069650888443
0.1600111275911331
0.16031813621521
0.1606263369321823
0.1609339863061905
0.16123928129673
0.1615406274795532
0.1618366837501526
0.1621264219284058
0.1624093353748322
0.1626852452754974
0.1629544794559479
0.1632175445556641
0.1634753048419952
0.163728728890419
0.1639787703752518
0.1642263233661652
0.1644720584154129
0.1647163480520248
0.1649592816829681
0.1652005165815353
0.1654393225908279
0.1656745821237564
0.1659048199653625
0.1661283075809479
0.1663430333137512
0.1665468066930771
0.1667372733354568
0.1669119149446487
0.167068138718605
0.1672032177448273
0.1673142910003662
0.1673982590436935
0.1674518138170242
0.1674714088439941
0.1674530655145645
0.1673924773931503
0.167284831404686
0.16712486743927
0.1669069528579712
0.1666248738765717
0.1662721186876297
0.1658418625593185
0.1653271168470383
0.164720818400383
0.1640160232782364
0.1632061004638672
0.1622848659753799
0.1612469106912613
0.1600876301527023
0.1588036119937897
0.1573927402496338
0.1558543890714645
0.1541896909475327
0.1524016261100769
0.1504952162504196
0.1484775990247726
0.1463580727577209
0.144148200750351
0.1418617069721222
0.1395144164562225
0.1371241211891174
0.1347103416919708
0.1322940140962601
0.1298971772193909
0.1275425553321838
0.1252529472112656
0.1230508834123611
0.1209578812122345
0.1189938709139824
0.1171766296029091
0.1155211701989174
0.1140391975641251
0.1127386093139648
0.1116231307387352
0.1106920465826988
0.1099400445818901
0.1093572378158569
0.1089293658733368
0.108638122677803
0.1084616854786873
0.1083753705024719
0.1083524450659752
0.1083650439977646
0.1083851605653763
0.1083856672048569
0.1083413138985634
0.1082297414541245
0.108032338321209
0.1077349111437798
0.1073283180594444
0.1068087443709373
0.1061777547001839
0.1054422557353973
0.1046140044927597
0.1037090122699738
0.1027467027306557
0.1017489060759544
0.1007387638092041
0.09973951429128647
0.09877336770296097
0.09786031395196915
0.09701716154813766
0.09625674784183502
0.09558737277984619
0.09501240402460098
0.09453026950359344
0.09413468837738037
0.09381519258022308
0.09355779737234116
0.09334598481655121
0.09316175431013107
0.09298671782016754
0.09280324727296829
0.09259549528360367
0.0923503115773201
0.09205794334411621
0.09171250462532043
0.09131217747926712
0.09085914492607117
0.09035924822092056
0.08982142060995102
0.08925691992044449
0.08867847174406052
0.08809927850961685
0.08753211051225662
0.08698836714029312
0.0864773690700531
0.0860057920217514
0.08557733148336411
0.08519255369901657
0.08484906703233719
0.08454184234142303
0.08426372706890106
0.08400614559650421
0.0837598443031311
0.08351558446884155
0.08326490968465805
0.08300073444843292
0.08271784335374832
0.08241314440965652
0.08208581805229187
0.08173719048500061
0.08137050271034241
0.08099048584699631
0.08060289919376373
0.08021394163370132
0.07982968538999557
0.07945556938648224
0.07909597456455231
0.07875391840934753
0.07843088358640671
0.07812678813934326
0.07784011214971542
0.07756814360618591
0.0773073136806488
0.07705355435609818
0.07680273056030273
0.07655102014541626
0.07629521191120148
0.07603298127651215
0.07576301693916321
0.07548508048057556
0.0751999244093895
0.07490912824869156
0.07461487501859665
0.07431967556476593
0.07402612268924713
0.07373660802841187
0.07345311343669891
0.07317701727151871
0.07290901243686676
0.07264909893274307
0.07239662110805511
0.07215043157339096
0.07190898060798645
0.0716705247759819
0.07143333554267883
0.0711958110332489
0.07095668464899063
0.07071505486965179
0.07047045975923538
0.07022281736135483
0.06997243314981461
0.06971986591815948
0.06946581602096558
0.06921101361513138
0.06895609200000763
0.06870143860578537
0.06844718754291534
0.06819312274456024
0.0679386705160141
0.06768294423818588
0.06742475181818008
0.06716268509626389
0.06689515709877014
0.06662053614854813
0.06633710861206055
0.0660431906580925
0.06573712825775146
0.06541728228330612
0.06508201360702515
0.06472963094711304
0.06435834616422653
0.06396622210741043
0.06355110555887222
0.0631105899810791
0.0626419335603714
0.06214209273457527
0.06160767748951912
0.06103498861193657
0.06042000278830528
0.05975845083594322
0.05904582142829895
0.0582774244248867
0.05744842439889908
0.05655388534069061
0.05558880418539047
0.05454818531870842
0.05342701822519302
0.05222033709287643
0.05092325806617737
0.04953103139996529
0.04803905263543129
0.04644296690821648
0.04473869875073433
0.04292253032326698
0.04099120944738388
0.03894202411174774
0.03677292168140411
0.03448260203003883
0.03207060322165489
0.02953743003308773
0.02688462845981121
0.02411486580967903
0.02123201452195644
0.01824119314551353
0.01514881569892168
0.01196261774748564
0.008691661059856415
0.005346327088773251
0.001938276342116296
-0.001519597601145506
-0.005013246089220047
-0.008527561090886593
-0.01204650104045868
-0.01555323228240013
-0.01903030648827553
-0.0224598478525877
-0.02582377754151821
-0.02910404279828072
-0.03228288143873215
-0.03534309193491936
-0.0382683090865612
-0.04104330390691757
-0.04365424439311028
-0.04608900472521782
-0.04833739995956421
-0.05039144679903984
-0.05224556848406792
-0.05389677360653877
-0.05534480884671211
-0.05659223347902298
-0.05764447152614594
-0.05850980058312416
-0.05919928103685379
-0.05972661077976227
-0.06010795757174492
-0.06036167591810226
-0.06050802767276764
-0.06056881323456764
-0.06056695431470871
-0.0605260469019413
-0.06046988815069199
-0.06042198091745377
-0.06040502712130547
-0.06044040247797966
-0.06054769828915596
-0.06074424460530281
-0.06104473024606705
-0.06146083399653435
-0.06200093030929565
-0.06266991794109344
-0.06346906721591949
-0.06439600884914398
-0.06544485688209534
-0.066606305539608
-0.0678679347038269
-0.0692145898938179
-0.07062876224517822
-0.07209116965532303
-0.0735812708735466
-0.07507788389921188
-0.07655982673168182
-0.07800653576850891
-0.07939868420362473
-0.0807187631726265
-0.08195159584283829
-0.0830848291516304
-0.08410921692848206
-0.08501894026994705
-0.08581172674894333
-0.08648891746997833
-0.08705534040927887
-0.08751910924911499
-0.08789130300283432
-0.08818555623292923
-0.08841753751039505
-0.0886043980717659
-0.08876410126686096
-0.08891482651233673
-0.0890742763876915
-0.0892590805888176
-0.08948417752981186
-0.08976234495639801
-0.09010373055934906
-0.09051553905010223
-0.09100186824798584
-0.09156358242034912
-0.09219836443662643
-0.09290091693401337
-0.09366323053836823
-0.09447497129440308
-0.09532395005226135
-0.09619671851396561
-0.09707910567522049
-0.09795685857534409
-0.09881624579429626
-0.09964458644390106
-0.1004307940602303
-0.101165771484375
-0.1018428131937981
-0.1024577543139458
-0.1030091047286987
-0.1034980639815331
-0.103928342461586
-0.1043059229850769
-0.1046387478709221
-0.1049362421035767
-0.1052088886499405
-0.1054676845669746
-0.1057235896587372
-0.1059870645403862
-0.1062675639986992
-0.106573112308979
-0.1069099679589272
-0.1072824150323868
-0.1076925992965698
-0.1081404909491539
-0.1086239814758301
-0.1091390401124954
-0.1096800118684769
-0.1102398931980133
-0.1108107641339302
-0.111384205520153
-0.1119517162442207
-0.1125051379203796
-0.1130370125174522
-0.1135409399867058
-0.1140118017792702
-0.1144459396600723
-0.1148412302136421
-0.11519705504179
-0.115514263510704
-0.1157949268817902
-0.1160420551896095
-0.1162593960762024
-0.1164510026574135
-0.1166209354996681
-0.1167728677392006
-0.1169098019599915
-0.1170337349176407
-0.1171454712748528
-0.1172444447875023
-0.1173286139965057
-0.1173944771289825
-0.1174371466040611
-0.1174504533410072
-0.1174271777272224
-0.1173593103885651
-0.1172382831573486
-0.1170553043484688
-0.1168016865849495
-0.1164690777659416
-0.1160497739911079
-0.1155369430780411
-0.1149247959256172
-0.1142087206244469
-0.113385409116745
-0.1124528050422668
-0.1114101782441139
-0.1102580055594444
-0.1089979857206345
-0.1076328456401825
-0.106166310608387
-0.104602999985218
-0.1029483005404472
-0.1012083664536476
-0.09939004480838776
-0.09750085324048996
-0.09554900228977203
-0.0935433954000473
-0.09149368107318878
-0.08941029757261276
-0.08730448782444
-0.08518831431865692
-0.08307461440563202
-0.08097700774669647
-0.07890971004962921
-0.07688743621110916
-0.07492515444755554
-0.07303786277770996
-0.07124027609825134
-0.06954645365476608
-0.06796944141387939
-0.06652091443538666
-0.06521078944206238
-0.06404684484004974
-0.06303442269563675
-0.06217614561319351
-0.06147170066833496
-0.06091775000095367
-0.06050789356231689
-0.06023270636796951
-0.06007994338870049
-0.06003477424383163
-0.06008013710379601
-0.06019716337323189
-0.0603657029569149
-0.06056483834981918
-0.06077349558472633
-0.06097103655338287
-0.0611378476023674
-0.06125590577721596
-0.06130929663777351
-0.06128469109535217
-0.06117170304059982
-0.06096316874027252
-0.06065532937645912
-0.06024789810180664
-0.05974402278661728
-0.05915010347962379
-0.0584755539894104
-0.05773242563009262
-0.05693494156002998
-0.05609896034002304
-0.0552414283156395
-0.05437974259257317
-0.05353111401200294
-0.05271195247769356
-0.051937285810709
-0.05122021585702896
-0.05057146772742271
-0.04999904707074165
-0.04950794205069542
-0.04910000041127205
-0.04877394437789917
-0.04852543771266937
-0.048347357660532
-0.0482301227748394
-0.04816214367747307
-0.04813035577535629
-0.04812080785632133
-0.04811926931142807
-0.04811186343431473
-0.04808566346764565
-0.04802924394607544
-0.04793314635753632
-0.04779025539755821
-0.04759608209133148
-0.04734887555241585
-0.047049630433321
-0.04670194908976555
-0.04631181433796883
-0.04588718712329865
-0.04543757066130638
-0.0449734702706337
-0.04450583457946777
-0.04404547438025475
-0.04360251873731613
-0.04318589344620705
-0.04280290007591248
-0.04245889186859131
-0.04215704277157784
-0.04189826920628548
-0.04168124869465828
-0.04150258377194405
-0.04135706648230553
-0.04123804345726967
-0.04113782942295074
-0.04104821011424065
-0.04096090421080589
-0.04086806625127792
-0.04076271131634712
-0.04063906148076057
-0.04049286991357803
-0.04032157361507416
-0.04012437164783478
-0.03990219533443451
-0.03965757042169571
-0.03939437121152878
-0.03911752998828888
-0.03883267194032669
-0.03854572772979736
-0.03826255723834038
-0.03798855468630791
-0.03772834315896034
-0.037485521286726
-0.03726246580481529
-0.03706026077270508
-0.03687868267297745
-0.0367162823677063
-0.03657054901123047
-0.03643812611699104
-0.03631508350372314
-0.03619721904397011
-0.03608034923672676
-0.03596059232950211
-0.03583461791276932
-0.03569984436035156
-0.03555455803871155
-0.03539799898862839
-0.03523034974932671
-0.03505266830325127
-0.03486674278974533
-0.03467493504285812
-0.03447998315095901
-0.03428475931286812
-0.03409206122159958
-0.03390441834926605
-0.03372391685843468
-0.03355207294225693
-0.03338975831866264
-0.03323717042803764
-0.03309386968612671
-0.03295883536338806
-0.03283058851957321
-0.0327073372900486
-0.03258713334798813
-0.03246802091598511
-0.03234818205237389
-0.0322260819375515
-0.03210055828094482
-0.03197089210152626
-0.03183681145310402
-0.03169851005077362
-0.03155658766627312
-0.03141196444630623
-0.03126579150557518
-0.03111934475600719
-0.03097390942275524
-0.03083067573606968
-0.03069064579904079
-0.03055457212030888
-0.03042289614677429
-0.03029575385153294
-0.03017297200858593
-0.03005411103367805
-0.02993851713836193
-0.02982539124786854
-0.02971386536955833
-0.02960308454930782
-0.02949226833879948
-0.02938078530132771
-0.0292681697756052
-0.02915418148040771
-0.02903878130018711
-0.02892212755978107
-0.02880455367267132
-0.02868650853633881
-0.02856852672994137
-0.02845115028321743
-0.02833490818738937
-0.02822024933993816
-0.02810751833021641
-0.02799692377448082
-0.02788853831589222
-0.02778229862451553
-0.02767802029848099
-0.0275754239410162
-0.0274741742759943
-0.02737389877438545
-0.02727423794567585
-0.02717487141489983
-0.02707554213702679
-0.02697608061134815
-0.02687640488147736
-0.0267765186727047
-0.02667651511728764
-0.02657654881477356
-0.02647681720554829
-0.02637754566967487
-0.02627895399928093
-0.02618123963475227
-0.02608455531299114
-0.02598900534212589
-0.0258946381509304
-0.02580144070088863
-0.02570934966206551
-0.02561825513839722
-0.02552802488207817
-0.02543850429356098
-0.02534955181181431
-0.02526102960109711
-0.02517283521592617
-0.02508488856256008
-0.0249971579760313
-0.02490964345633984
-0.02482237666845322
-0.02473542094230652
-0.02464885823428631
-0.02456277050077915
-0.02447724156081676
-0.02439234405755997
-0.02430813200771809
-0.02422463893890381
-0.02414187416434288
-0.02405982650816441
-0.02397846058011055
-0.02389772236347198
-0.02381755597889423
-0.02373789995908737
-0.02365869842469692
-0.02357989549636841
-0.02350145764648914
-0.02342336066067219
-0.02334560081362724
-0.02326818369328976
-0.02319112792611122
-0.02311446145176888
-0.02303821220993996
-0.0229624155908823
-0.02288709580898285
-0.02281227521598339
-0.02273796498775482
-0.02266416884958744
-0.0225908774882555
-0.02251807600259781
-0.02244574390351772
-0.02237385883927345
-0.02230239473283291
-0.022231325507164
-0.02216063067317009
-0.02209029905498028
-0.02202031761407852
-0.02195068262517452
-0.02188139408826828
-0.02181246317923069
-0.0217438992112875
-0.02167571149766445
-0.02160790376365185
-0.02154049091041088
-0.02147347293794155
-0.0214068591594696
-0.02134064026176929
-0.02127481251955032
-0.02120936848223209
-0.02114429697394371
-0.02107959054410458
-0.0210152342915535
-0.02095121890306473
-0.02088754065334797
-0.02082418836653233
-0.0207611583173275
-0.02069844678044319
-0.02063606120646
-0.02057399973273277
-0.02051226422190666
-0.02045085839927197
-0.02038978040218353
-0.02032903768122196
-0.02026862464845181
-0.02020854130387306
-0.02014878019690514
-0.02008934132754803
-0.02003021910786629
-0.01997140981256962
-0.01991290412843227
-0.0198547001928091
-0.01979679055511951
-0.0197391752153635
-0.01968185044825077
-0.01962481625378132
-0.01956806890666485
-0.01951160840690136
-0.0194554328918457
-0.01939954236149788
-0.01934393681585789
-0.01928861439228058
-0.01923357509076595
-0.01917881704866886
-0.01912433467805386
-0.01907012984156609
-0.01901619508862495
-0.01896253228187561
-0.01890913769602776
-0.01885600760579109
-0.01880313642323017
-0.01875052787363529
-0.01869817636907101
-0.01864607818424702
-0.01859423331916332
-0.01854264177381992
-0.01849130354821682
-0.01844021491706371
-0.0183893758803606
-0.01833878643810749
-0.01828844286501408
-0.01823834329843521
-0.0181884877383709
-0.01813887059688568
-0.01808949187397957
-0.01804034970700741
-0.0179914440959692
-0.0179427694529295
-0.017894322052598
-0.01784610562026501
-0.01779811643064022
-0.01775035262107849
-0.01770281232893467
-0.0176554974168539
-0.01760840229690075
-0.01756153255701065
-0.01751488260924816
-0.01746845245361328
-0.01742223463952541
-0.01737622916698456
-0.01733043603599072
-0.01728485524654388
-0.01723948307335377
-0.01719431951642036
-0.01714936271309853
-0.0171046108007431
-0.01706006191670895
-0.0170157179236412
-0.01697157509624958
-0.01692762970924377
-0.01688388362526894
-0.01684033125638962
-0.01679697632789612
-0.01675381697714329
-0.01671084947884083
-0.01666807755827904
-0.01662549749016762
-0.01658311113715172
-0.01654091104865074
-0.01649889722466469
-0.01645707152783871
-0.0164154265075922
-0.01637396216392517
-0.01633267477154732
-0.01629156433045864
-0.01625062711536884
-0.01620985940098763
-0.01616926118731499
-0.01612882874906063
-0.01608855836093426
-0.01604844629764557
-0.01600849069654942
-0.0159686878323555
-0.01592903211712837
-0.01588951796293259
-0.0158501397818327
-0.0158108938485384
-0.0157717689871788
-0.01573276147246361
-0.01569385454058647
-0.01565504260361195
-0.01561631076037884
-0.01557764317840338
-0.01553902216255665
-0.01550043188035488
-0.01546185091137886
-0.01542325504124165
-0.0153846200555563
-0.01534591894596815
-0.01530712004750967
-0.01526818983256817
-0.01522909011691809
-0.01518977992236614
-0.01515021547675133
-0.01511034648865461
-0.01507012080401182
-0.01502948254346848
-0.0149883721023798
-0.01494672708213329
-0.01490447949618101
-0.01486155670136213
-0.01481788512319326
-0.01477338932454586
-0.01472798828035593
-0.01468160096555948
-0.01463414449244738
-0.01458553783595562
-0.01453570183366537
-0.01448455918580294
-0.01443203166127205
-0.01437805034220219
-0.01432255282998085
-0.01426548138260841
-0.01420678943395615
-0.01414644438773394
-0.01408442202955484
-0.0140207139775157
-0.01395533047616482
-0.01388829573988914
-0.01381965912878513
-0.01374948490411043
-0.01367786154150963
-0.01360489893704653
-0.01353073213249445
-0.01345551572740078
-0.01337942760437727
-0.01330266706645489
-0.01322545390576124
-0.01314802560955286
-0.01307063549757004
-0.01299354806542397
-0.01291703805327415
-0.01284138299524784
-0.01276686321943998
-0.01269375253468752
-0.01262231729924679
-0.01255280803889036
-0.01248545851558447
-0.01242047362029552
-0.01235803123563528
-0.0122982719913125
-0.01224130112677813
-0.01218717731535435
-0.01213591545820236
-0.01208748016506433
-0.01204179041087627
-0.01199871487915516
-0.01195807661861181
-0.01191965211182833
-0.01188317779451609
-0.01184835564345121
-0.01181485969573259
-0.01178233977407217
-0.01175043545663357
-0.01171877980232239
-0.01168701145797968
-0.01165477931499481
-0.01162176299840212
-0.0115876691415906
-0.01155224535614252
-0.01151528861373663
-0.01147665083408356
-0.01143624074757099
-0.01139402762055397
-0.01135004311800003
-0.01130438130348921
-0.01125719025731087
-0.01120867487043142
-0.0111590838059783
-0.01110870577394962
-0.01105785556137562
-0.01100686751306057
-0.01095607597380877
-0.01090581435710192
-0.01085639372467995
-0.01080809533596039
-0.01076116319745779
-0.01071578916162252
-0.01067211385816336
-0.01063021365553141
-0.01059010624885559
-0.01055174227803946
-0.01051501464098692
-0.01047976221889257
-0.01044577639549971
-0.01041280943900347
-0.0103805847465992
-0.01034881174564362
-0.01031719800084829
-0.0102854585275054
-0.01025332883000374
-0.01022057980298996
-0.01018702052533627
-0.01015251036733389
-0.01011696457862854
-0.01008035335689783
-0.01004270650446415
-0.01000410504639149
-0.009964681230485439
-0.009924606420099735
-0.009884084574878216
-0.009843341074883938
-0.009802614338696003
-0.009762134402990341
-0.009722122922539711
-0.009682772681117058
-0.009644246660172939
-0.009606663137674332
-0.009570099413394928
-0.009534582495689392
-0.009500089101493359
-0.009466551244258881
-0.009433859959244728
-0.009401873685419559
-0.009370423853397369
-0.009339329786598682
-0.009308405220508575
-0.009277471341192722
-0.009246362373232841
-0.009214938618242741
-0.009183090180158615
-0.009150747209787369
-0.009117871522903442
-0.009084468707442284
-0.009050581604242325
-0.00901628565043211
-0.008981685154139996
-0.008946903049945831
-0.008912076242268085
-0.008877341635525227
-0.008842836134135723
-0.008808678016066551
-0.008774967864155769
-0.008741782978177071
-0.008709165267646313
-0.008677131496369839
-0.008645664900541306
-0.008614725433290005
-0.008584241382777691
-0.008554127998650074
-0.00852428562939167
-0.008494610898196697
-0.008465000428259373
-0.00843536015599966
-0.008405609987676144
-0.008375692181289196
-0.008345563896000385
-0.008315212093293667
-0.008284640498459339
-0.008253880776464939
-0.008222978562116623
-0.00819199625402689
-0.008161001838743687
-0.008130072616040707
-0.008099280297756195
-0.008068690076470375
-0.008038355968892574
-0.008008319884538651
-0.007978602312505245
-0.007949210703372955
-0.007920133881270885
-0.007891344837844372
-0.00786280632019043
-0.00783446803689003
-0.007806278765201569
-0.007778186816722155
-0.007750141434371471
-0.007722098380327225
-0.007694024592638016
-0.007665896322578192
-0.007637704722583294
-0.007609451655298471
-0.007581151556223631
-0.007552827708423138
-0.007524511311203241
-0.00749623728916049
-0.007468042895197868
-0.007439961191266775
-0.007412021979689598
-0.007384249940514565
-0.007356660440564156
-0.007329260930418968
-0.007302050478756428
-0.007275019306689501
-0.007248149253427982
-0.007221419829875231
-0.007194805890321732
-0.007168281823396683
-0.007141822949051857
-0.007115408312529325
-0.007089021150022745
-0.007062649354338646
-0.007036290131509304
-0.007009943015873432
-0.006983616389334202
-0.006957321893423796
-0.00693107396364212
-0.006904889829456806
-0.006878786254674196
-0.006852780003100634
-0.006826883647590876
-0.00680110789835453
-0.006775458808988333
-0.00674993684515357
-0.006724541541188955
-0.006699265446513891
-0.006674099713563919
-0.006649034097790718
-0.006624058820307255
-0.006599164102226496
-0.006574342027306557
-0.006549589801579714
-0.006524905562400818
-0.006500293035060167
-0.006475757341831923
-0.006451309192925692
-0.006426961626857519
-0.006402729079127312
-0.006378630176186562
-0.006354681216180325
-0.006330902222543955
-0.006307313218712807
-0.006283934693783522
-0.006260787602514029
-0.006237894296646118
-0.006215277127921581
-0.006192962639033794
-0.006170977838337421
-0.006149354856461287
-0.006128130946308374
-0.006107345689088106
-0.006087047047913074
-0.006067286711186171
-0.00604812428355217
-0.006029624957591295
-0.006011861842125654
-0.005994913633912802
-0.005978865083307028
-0.005963806994259357
-0.005949834827333689
-0.005937048234045506
-0.005925551522523165
-0.005915449932217598
-0.005906852427870035
-0.005899867042899132
-0.005894599948078394
-0.005891156382858753
-0.005889636464416981
-0.005890137050300837
-0.00589274475350976
-0.005897538270801306
-0.005904584191739559
-0.005913934670388699
-0.005925625097006559
-0.005939671769738197
-0.005956067238003016
-0.005974782165139914
-0.005995758343487978
-0.006018908694386482
-0.00604411493986845
-0.006071227602660656
-0.006100061815232038
-0.006130401510745287
-0.00616199616342783
-0.006194565445184708
-0.006227799691259861
-0.006261364091187716
-0.006294902414083481
-0.006328041199594736
-0.006360397674143314
-0.006391584873199463
-0.006421218626201153
-0.006448925472795963
-0.006474352441728115
-0.006497173570096493
-0.006517099216580391
-0.006533884443342686
-0.006547337397933006
-0.006557323038578033
-0.006563772913068533
-0.006566687021404505
-0.006566137541085482
-0.006562269292771816
-0.006555301137268543
-0.006545521784573793
-0.006533283274620771
-0.00651899678632617
-0.006503121461719275
-0.006486154161393642
-0.006468615494668484
-0.006451037246733904
-0.006433946546167135
-0.006417849101126194
-0.006403215695172548
-0.006390464957803488
-0.006379951257258654
-0.006371952127665281
-0.006366656627506018
-0.00636416207998991
-0.006364463362842798
-0.006367458961904049
-0.006372950971126556
-0.006380650214850903
-0.006390191614627838
-0.006401140708476305
-0.006413014605641365
-0.006425299216061831
-0.006437468808144331
-0.006449008826166391
-0.006459434982389212
-0.006468313746154308
-0.006475280039012432
-0.006480053067207336
-0.006482447031885386
-0.006482380442321301
-0.006479877978563309
-0.006475069560110569
-0.006468181032687426
-0.006459528580307961
-0.006449498236179352
-0.006438531447201967
-0.006427101790904999
-0.00641569122672081
-0.006404769606888294
-0.00639477139338851
-0.006386073771864176
-0.006378979422152042
-0.006373705808073282
-0.006370370276272297
-0.006368990056216717
-0.006369483657181263
-0.006371677853167057
-0.006375317461788654
-0.006380083505064249
-0.006385610904544592
-0.006391513161361217
-0.006397402379661798
-0.006402914877980947
-0.006407732609659433
-0.006411599460989237
-0.006414337549358606
-0.006415857933461666
-0.006416162475943565
-0.006415345706045628
-0.006413588766008615
-0.006411145441234112
-0.006408329121768475
-0.006405491847544909
-0.00640300614759326
-0.006401240825653076
-0.006400542799383402
-0.006401216145604849
-0.006403508596122265
-0.006407596170902252
-0.006413582246750593
-0.006421490572392941
-0.006431273184716702
-0.006442818325012922
-0.006455960217863321
-0.006470498163253069
-0.006486212369054556
-0.006502881646156311
-0.006520302966237068
-0.006538303103297949
-0.006556752603501081
-0.006575574167072773
-0.006594746373593807
-0.006614300888031721
-0.006634319666773081
-0.006654922384768724
-0.006676254328340292
-0.006698472891002893
-0.00672173174098134
-0.006746161729097366
-0.006771860178560019
-0.006798875518143177
-0.006827202625572681
-0.006856774911284447
-0.006887465249747038
-0.00691909110173583
-0.006951417308300734
-0.00698417192324996
-0.007017056923359632
-0.007049762643873692
-0.007081982679665089
-0.007113424595445395
-0.00714382529258728
-0.007172958925366402
-0.007200642488896847
-0.007226735353469849
-0.007251146715134382
-0.007273824885487556
-0.007294753566384315
-0.007313948124647141
-0.007331442553550005
-0.007347283884882927
-0.007361526601016521
-0.007374226115643978
-0.007385435979813337
-0.007395205553621054
-0.007403582334518433
-0.007410613354295492
-0.00741635262966156
-0.007420863956212997
-0.007424226030707359
-0.007426540367305279
-0.007427931297570467
-0.007428551092743874
-0.007428579032421112
-0.007428217679262161
-0.007427691482007504
-0.007427236530929804
-0.007427094038575888
-0.007427501026540995
-0.007428679615259171
-0.007430829107761383
-0.007434115745127201
-0.00743866665288806
-0.007444565184414387
-0.007451847661286592
-0.007460502441972494
-0.007470472250133753
-0.007481659296900034
-0.007493928074836731
-0.007507114671170712
-0.007521032821387053
-0.007535482756793499
-0.00755025539547205
-0.007565145380795002
-0.007579950150102377
-0.00759448204189539
-0.007608565967530012
-0.007622047793120146
-0.007634792942553759
-0.007646689657121897
-0.007657649926841259
-0.007667610887438059
-0.007676534354686737
-0.007684407290071249
-0.007691242732107639
-0.00769707839936018
-0.007701979484409094
-0.007706033065915108
-0.007709351368248463
-0.007712064776569605
-0.007714321836829185
-0.007716282736510038
-0.007718116976320744
-0.007719994522631168
-0.007722080685198307
-0.007724532391875982
-0.00772748701274395
-0.007731060963124037
-0.007735342718660831
-0.007740391418337822
-0.007746230810880661
-0.007752852514386177
-0.007760215550661087
-0.007768245879560709
-0.007776845246553421
-0.007785891648381948
-0.007795249577611685
-0.007804771419614553
-0.007814307697117329
-0.007823712192475796
-0.007832847535610199
-0.007841593585908413
-0.00784984789788723
-0.007857532240450382
-0.007864593528211117
-0.007871003821492195
-0.007876764982938766
-0.007881904020905495
-0.00788646936416626
-0.007890533655881882
-0.007894182577729225
-0.007897516712546349
-0.007900642231106758
-0.007903671823441982
-0.007906714454293251
-0.007909876294434071
-0.007913248613476753
-0.007916913367807865
-0.007920932956039906
-0.007925349287688732
-0.007930183783173561
-0.007935439236462116
-0.007941094227135181
-0.007947108708322048
-0.007953429594635963
-0.007959983311593533
-0.007966690696775913
-0.007973464205861092
-0.007980217225849628
-0.00798686221241951
-0.007993322797119617
-0.007999529130756855
-0.008005431853234768
-0.008010994642972946
-0.008016197010874748
-0.008021039888262749
-0.00802554190158844
-0.008029737509787083
-0.008033670485019684
-0.00803739856928587
-0.008040986955165863
-0.00804450549185276
-0.008048019371926785
-0.008051592856645584
-0.008055280894041061
-0.008059130981564522
-0.008063175715506077
-0.008067432790994644
-0.008071909658610821
-0.008076597936451435
-0.008081478998064995
-0.008086517453193665
-0.008091677911579609
-0.008096913807094097
-0.008102172985672951
-0.008107407949864864
-0.008112570270895958
-0.008117618970572948
-0.008122517727315426
-0.008127241395413876
-0.008131771348416805
-0.008136101998388767
-0.008140238933265209
-0.008144194260239601
-0.008147991262376308
-0.00815165787935257
-0.008155226707458496
-0.008158727549016476
-0.008162193931639194
-0.008165652863681316
-0.008169128559529781
-0.008172638714313507
-0.00817619264125824
-0.008179790340363979
-0.00818342249840498
-0.008187074214220047
-0.008190719410777092
-0.008194326423108578
-0.00819785613566637
-0.008201267570257187
-0.00820451881736517
-0.008207562379539013
-0.008210355415940285
-0.008212854154407978
-0.00821501761674881
-0.008216808550059795
-0.00821818970143795
-0.008219130337238312
-0.008219600655138493
-0.008219568990170956
-0.008219008333981037
-0.008217884227633476
-0.008216165006160736
-0.008213812485337257
-0.008210786618292332
-0.008207038976252079
-0.008202513679862022
-0.008197152055799961
-0.008190884254872799
-0.00818364042788744
-0.008175341412425041
-0.008165908977389336
-0.008155262097716331
-0.008143320679664612
-0.008130006492137909
-0.008115243166685104
-0.008098963648080826
-0.008081109263002872
-0.008061629720032215
-0.008040487766265869
-0.00801765825599432
-0.007993130013346672
-0.007966908626258373
-0.007939014583826065
-0.007909487001597881
-0.00787837989628315
-0.007845764979720116
-0.007811733987182379
-0.007776391692459583
-0.007739863824099302
-0.007702291011810303
-0.007663831580430269
-0.007624661084264517
-0.007584969978779554
-0.007544962223619223
-0.007504855282604694
-0.007464876398444176
-0.007425262127071619
-0.007386255078017712
-0.00734809972345829
-0.007311041466891766
-0.007275320589542389
-0.007241166662424803
-0.007208797615021467
-0.007178410887718201
-0.007150183897465467
-0.007124265655875206
-0.007100774440914392
-0.007079791277647018
-0.007061360403895378
-0.007045485079288483
-0.007032124791294336
-0.007021197117865086
-0.007012574467808008
-0.007006087806075811
-0.007001528050750494
-0.006998650263994932
-0.006997177843004465
-0.006996808107942343
-0.006997218355536461
-0.006998072843998671
-0.006999030709266663
-0.006999754812568426
-0.006999919656664133
-0.006999219302088022
-0.006997376214712858
-0.006994146853685379
-0.006989330053329468
-0.006982771679759026
-0.00697436835616827
-0.006964073982089758
-0.006951896939426661
-0.006937902886420488
-0.006922211032360792
-0.006904992740601301
-0.006886465009301901
-0.006866885349154472
-0.006846542004495859
-0.006825746968388557
-0.006804824341088533
-0.006784101016819477
-0.006763895507901907
-0.006744506303220987
-0.006726203020662069
-0.006709217093884945
-0.006693733856081963
-0.006679885555058718
-0.006667747627943754
-0.006657334975898266
-0.006648603361099958
-0.006641449872404337
-0.006635718047618866
-0.006631202530115843
-0.006627659779042006
-0.006624816451221704
-0.006622381042689085
-0.006620052736252546
-0.006617537699639797
-0.00661455700173974
-0.006610861513763666
-0.006606237962841988
-0.006600520573556423
-0.006593594793230295
-0.006585403811186552
-0.006575948093086481
-0.006565285846590996
-0.00655352883040905
-0.006540835369378328
-0.006527403835207224
-0.006513462867587805
-0.006499261129647493
-0.006485051475465298
-0.006471084430813789
-0.00645759329199791
-0.006444783881306648
-0.006432827096432447
-0.006421846337616444
-0.006411919835954905
-0.006403072737157345
-0.006395278498530388
-0.006388460751622915
-0.006382500287145376
-0.006377239245921373
-0.006372491363435984
-0.006368053611367941
-0.006363715045154095
-0.006359270308166742
-0.006354527547955513
-0.006349319592118263
-0.006343511398881674
-0.006337007507681847
-0.006329755764454603
-0.006321747787296772
-0.006313020829111338
-0.006303649861365557
-0.006293746642768383
-0.006283448543399572
-0.006272912956774235
-0.006262305658310652
-0.006251791957765818
-0.006241527386009693
-0.006231648847460747
-0.00622226670384407
-0.006213460117578506
-0.0062052714638412
-0.006197707261890173
-0.006190738175064325
-0.006184302270412445
-0.006178309675306082
-0.006172647699713707
-0.006167192477732897
-0.006161811761558056
-0.006156378891319036
-0.006150776986032724
-0.006144905462861061
-0.006138688884675503
-0.006132077425718307
-0.006125051528215408
-0.006117620039731264
-0.006109820213168859
-0.00610171165317297
-0.006093374919146299
-0.006084902677685022
-0.006076393648982048
-0.006067946553230286
-0.006059650797396898
-0.006051584612578154
-0.006043808534741402
-0.006036360748112202
-0.006029257550835609
-0.006022493354976177
-0.006016038823872805
-0.006009847857058048
-0.006003858521580696
-0.005998001899570227
-0.005992201622575521
-0.005986384581774473
-0.005980484187602997
-0.005974445026367903
-0.005968225654214621
-0.005961801391094923
-0.005955164786428213
-0.005948326550424099
-0.00594131276011467
-0.005934162531048059
-0.005926925223320723
-0.005919653922319412
-0.005912404973059893
-0.005905229598283768
-0.005898171570152044
-0.005891267210245132
-0.005884538870304823
-0.005877995397895575
-0.005871633067727089
-0.005865435115993023
-0.005859376396983862
-0.005853421986103058
-0.005847533233463764
-0.005841669160872698
-0.0058357915841043
-0.005829866975545883
-0.005823867861181498
-0.005817776080220938
-0.005811584647744894
-0.005805295892059803
-0.005798920057713985
-0.005792476702481508
-0.005785990506410599
-0.005779489874839783
-0.005773002281785011
-0.005766555666923523
-0.005760172847658396
-0.005753871519118547
-0.005747663788497448
-0.005741553381085396
-0.005735536571592093
-0.005729604046791792
-0.005723741836845875
-0.005717930849641562
-0.005712151527404785
-0.005706383846700191
-0.005700609181076288
-0.005694810301065445
-0.005688977893441916
-0.005683104507625103
-0.005677190609276295
-0.005671239458024502
-0.005665259901434183
-0.005659262649714947
-0.005653261672705412
-0.005647270940244198
-0.005641305353492498
-0.005635376088321209
-0.005629491526633501
-0.005623657256364822
-0.005617875140160322
-0.005612143315374851
-0.005606456659734249
-0.005600809119641781
-0.005595189984887838
-0.005589589476585388
-0.005583998281508684
-0.00557840708643198
-0.005572809837758541
-0.005567201878875494
-0.00556158134713769
-0.005555948242545128
-0.00555030582472682
-0.005544658750295639
-0.005539012141525745
-0.005533373448997736
-0.005527749191969633
-0.005522145424038172
-0.00551656587049365
-0.005511014256626368
-0.005505491979420185
-0.005499998107552528
-0.005494531244039536
-0.005489088594913483
-0.005483665037900209
-0.005478257313370705
-0.005472860299050808
-0.005467469338327646
-0.005462082102894783
-0.005456695333123207
-0.005451307632029057
-0.005445920862257481
-0.005440535489469767
-0.005435153376311064
-0.005429778248071671
-0.005424412433058023
-0.005419058725237846
-0.00541372038424015
-0.005408399738371372
-0.005403097253292799
-0.005397813860327005
-0.005392548162490129
-0.005387300625443459
-0.005382068920880556
-0.005376850720494986
-0.005371644161641598
-0.005366446450352669
-0.005361256189644337
-0.00535607198253274
-0.005350892897695303
-0.005345718935132027
-0.005340550094842911
-0.00533538730815053
-0.005330232437700033
-0.005325086414813995
-0.005319950636476278
-0.005314826499670744
-0.005309715401381254
-0.005304618738591671
-0.005299535114318132
-0.005294464994221926
-0.005289408378303051
-0.005284364335238934
-0.005279331933706999
-0.005274309311062098
-0.005269295535981655
-0.005264290142804384
-0.005259292665868998
-0.005254302173852921
-0.005249318666756153
-0.00524434307590127
-0.005239374004304409
-0.00523441331461072
-0.005229461472481489
-0.005224518477916718
-0.005219585262238979
-0.005214662756770849
-0.005209750961512327
-0.005204849876463413
-0.00519995903596282
-0.005195078440010548
-0.005190208088606596
-0.005185347050428391
-0.005180496256798506
-0.005175652913749218
-0.005170817486941814
-0.005165989510715008
-0.005161169450730085
-0.005156357306987047
-0.005151553079485893
-0.005146756768226624
-0.005141967907547951
-0.005137187428772449
-0.005132414400577545
-0.0051276502199471
-0.005122894886881113
-0.005118148401379585
-0.005113411229103804
-0.005108683835715055
-0.005103965289890766
-0.005099256057292223
-0.005094556137919426
-0.005089865531772375
-0.005085183307528496
-0.005080509465187788
-0.005075843539088964
-0.005071185529232025
-0.005066534969955683
-0.005061892792582512
-0.005057258531451225
-0.005052632186561823
-0.005048013292253017
-0.005043402779847383
-0.005038800183683634
-0.005034205503761768
-0.005029618740081787
-0.005025039426982403
-0.005020468030124903
-0.005015904083848
-0.005011347588151693
-0.005006798543035984
-0.005002256948500872
-0.004997721873223782
-0.004993194714188576
-0.004988675005733967
-0.004984162747859955
-0.00497965794056654
-0.004975161049515009
-0.004970672074705362
-0.0049661910161376
-0.004961718805134296
-0.004957253579050303
-0.00495279673486948
-0.004948348272591829
-0.004943906795233488
-0.004939473234117031
-0.004935046192258596
-0.004930626135319471
-0.004926213528960943
-0.004921807441860437
-0.004917408339679241
-0.004913015756756067
-0.004908628761768341
-0.004904248286038637
-0.00489987526088953
-0.00489550968632102
-0.004891152493655682
-0.004886801820248365
-0.004882459528744221
-0.004878124222159386
-0.004873796831816435
-0.004869476426392794
-0.004865163471549749
-0.004860857501626015
-0.004856557585299015
-0.004852264188230038
-0.004847977310419083
-0.004843696486204863
-0.004839422181248665
-0.004835154395550489
-0.004830893129110336
-0.004826638381928205
-0.00482238968834281
-0.004818147514015436
-0.004813912324607372
-0.004809683654457331
-0.004805461969226599
-0.004801247734576464
-0.004797040484845638
-0.004792839754372835
-0.004788646008819342
-0.004784459248185158
-0.004780279472470284
-0.004776105750352144
-0.004771938547492027
-0.004767777863889933
-0.004763623233884573
-0.004759474657475948
-0.004755332134664059
-0.004751196131110191
-0.004747066181153059
-0.004742941819131374
-0.004738823510706425
-0.004734711721539497
-0.004730606451630592
-0.00472650770097971
-0.004722415469586849
-0.004718330688774586
-0.00471425149589777
-0.004710179753601551
-0.004706114996224642
-0.004702056292444468
-0.004698004107922316
-0.004693957045674324
-0.00468991557136178
-0.004685879219323397
-0.004681848455220461
-0.004677823279052973
-0.004673803690820932
-0.00466978969052434
-0.004665781743824482
-0.004661780316382647
-0.004657784476876259
-0.004653795156627893
-0.004649811889976263
-0.004645834676921368
-0.004641863517463207
-0.004637897945940495
-0.004633938428014517
-0.004629984498023987
-0.004626036155968904
-0.00462209340184927
-0.004618155770003796
-0.004614223726093769
-0.00461029727011919
-0.004606376402080059
-0.004602461121976376
-0.004598550498485565
-0.00459464592859149
-0.004590747877955437
-0.004586855880916119
-0.004582970403134823
-0.004579091444611549
-0.004575219471007586
-0.004571353551000357
-0.004567493684589863
-0.004563639406114817
-0.004559790715575218
-0.004555947612971067
-0.00455210916697979
-0.004548275843262672
-0.004544447176158428
-0.004540622234344482
-0.004536801483482122
-0.004532984923571348
-0.00452917255461216
-0.004525364842265844
-0.004521561786532402
-0.004517764318734407
-0.004513972904533148
-0.004510187078267336
-0.004506407305598259
-0.004502634517848492
-0.004498868715018034
-0.004495109431445599
-0.004491357132792473
-0.004487610422074795
-0.004483870230615139
-0.004480135161429644
-0.004476405214518309
-0.004472679924219847
-0.004468959756195545
-0.004465244710445404
-0.004461534321308136
-0.004457829520106316
-0.004454128444194794
-0.004450432490557432
-0.004446740727871656
-0.004443053621798754
-0.004439371172338724
-0.004435693845152855
-0.004432021640241146
-0.00442835409194231
-0.004424691665917635
-0.004421033896505833
-0.004417380783706903
-0.004413732327520847
-0.004410088527947664
-0.004406449384987354
-0.004402815364301205
-0.004399185534566641
-0.004395561758428812
-0.004391942638903856
-0.004388328641653061
-0.004384719766676426
-0.004381115082651377
-0.004377515520900488
-0.004373921547085047
-0.004370333161205053
-0.00436674989759922
-0.004363171756267548
-0.00435959966853261
-0.00435603316873312
-0.00435247179120779
-0.004348916001617908
-0.004345364402979612
-0.004341817460954189
-0.004338274709880352
-0.004334735684096813
-0.004331200383603573
-0.004327669274061918
-0.004324142355471849
-0.004320618696510792
-0.00431709922850132
-0.004313584417104721
-0.004310074262320995
-0.004306568764150143
-0.00430306838825345
-0.004299573600292206
-0.004296083934605122
-0.004292599391192198
-0.004289121367037296
-0.004285647999495268
-0.004282180219888687
-0.004278717562556267
-0.004275260493159294
-0.00427180714905262
-0.004268358927220106
-0.004264913499355316
-0.004261471796780825
-0.004258034285157919
-0.004254600498825312
-0.004251170437783003
-0.004247745033353567
-0.004244323819875717
-0.00424090726301074
-0.004237494897097349
-0.004234087187796831
-0.004230685066431761
-0.004227287601679564
-0.004223894793540239
-0.004220506642013788
-0.004217123612761497
-0.00421374524012208
-0.004210371989756823
-0.004207002930343151
-0.004203637596219778
-0.004200276453047991
-0.004196919035166502
-0.004193565342575312
-0.004190215840935707
-0.004186870064586401
-0.004183528013527393
-0.004180190153419971
-0.004176856484264135
-0.004173527471721172
-0.004170202184468508
-0.004166881553828716
-0.004163565579801798
-0.004160254262387753
-0.004156946670264006
-0.004153642803430557
-0.004150343593209982
-0.004147048108279705
-0.004143756348639727
-0.004140469245612621
-0.004137185867875814
-0.004133906215429306
-0.004130630753934383
-0.004127359949052334
-0.00412409333512187
-0.004120830912142992
-0.004117573145776987
-0.004114320036023855
-0.004111071117222309
-0.004107826855033636
-0.004104586318135262
-0.004101349506527185
-0.004098116420209408
-0.004094886593520641
-0.004091660957783461
-0.004088439047336578
-0.004085220862179995
-0.004082007799297571
-0.004078798461705446
-0.00407559284940362
-0.004072390962392092
-0.004069192800670862
-0.004065998829901218
-0.00406280905008316
-0.00405962485820055
-0.004056444857269526
-0.004053269047290087
-0.004050098359584808
-0.004046930931508541
-0.004043767228722572
-0.004040607251226902
-0.004037450067698956
-0.004034296609461308
-0.004031145945191383
-0.00402799854055047
-0.004024854861199856
-0.004021714441478252
-0.004018579144030809
-0.004015447106212378
-0.004012319259345531
-0.004009195603430271
-0.004006076138466597
-0.004002960398793221
-0.00399984885007143
-0.003996741957962513
-0.003993638325482607
-0.003990538418292999
-0.003987443167716265
-0.003984351176768541
-0.003981263376772404
-0.003978178836405277
-0.003975098486989737
-0.003972022328525782
-0.003968949895352125
-0.003965881653130054
-0.00396281760185957
-0.003959756810218096
-0.003956698812544346
-0.003953644540160894
-0.003950593993067741
-0.003947546239942312
-0.003944501280784607
-0.0039414600469172
-0.003938423004001379
-0.003935390152037144
-0.00393236055970192
-0.003929335158318281
-0.003926313947886229
-0.003923296928405762
-0.003920284099876881
-0.003917275927960873
-0.003914271481335163
-0.003911270759999752
-0.003908273763954639
-0.003905279561877251
-0.003902288386598229
-0.003899300005286932
-0.003896314185112715
-0.003893331391736865
-0.003890351625159383
-0.003887375118210912
-0.003884401870891452
-0.00388143234886229
-0.003878466319292784
-0.003875503782182932
-0.003872544970363379
-0.00386958965100348
-0.00386663805693388
-0.003863689722493291
-0.003860744647681713
-0.003857802832499146
-0.003854865208268166
-0.003851930610835552
-0.003848999040201306
-0.003846071427688003
-0.00384314707480371
-0.003840226214379072
-0.00383730954490602
-0.00383439683355391
-0.003831488313153386
-0.00382858351804316
-0.003825682681053877
-0.003822785569354892
-0.003819891717284918
-0.003817000892013311
-0.003814113093540072
-0.00381122762337327
-0.003808345412835479
-0.003805466229096055
-0.003802590072154999
-0.003799717174842954
-0.003796847769990563
-0.003793981391936541
-0.003791118506342173
-0.003788258647546172
-0.00378540251404047
-0.003782549640163779
-0.003779700258746743
-0.003776854369789362
-0.003774011740460992
-0.003771172603592277
-0.003768336959183216
-0.00376550480723381
-0.003762675682082772
-0.003759850049391389
-0.003757028141990304
-0.003754209727048874
-0.003751394571736455
-0.003748582443222404
-0.00374577334150672
-0.003742967499420047
-0.003740165149793029
-0.003737366292625666
-0.00373457046225667
-0.003731777891516685
-0.003728988114744425
-0.003726201364770532
-0.003723417408764362
-0.003720636712387204
-0.003717859275639057
-0.003715085331350565
-0.00371231441386044
-0.00370954698882997
-0.003706782823428512
-0.003704021917656064
-0.003701264737173915
-0.003698510583490133
-0.003695759456604719
-0.003693011123687029
-0.003690265584737062
-0.003687523072585464
-0.003684782888740301
-0.003682045266032219
-0.003679310670122504
-0.003676578868180513
-0.003673849860206246
-0.003671124111860991
-0.003668401157483459
-0.003665681229904294
-0.003662964329123497
-0.003660250687971711
-0.003657540306448936
-0.003654833417385817
-0.003652129555121064
-0.003649428952485323
-0.003646731609478593
-0.00364403729327023
-0.003641346003860235
-0.003638657741248608
-0.003635973203927279
-0.003633291460573673
-0.003630613442510366
-0.003627938684076071
-0.00362526741810143
-0.003622599877417088
-0.003619935596361756
-0.00361727480776608
-0.003614617278799415
-0.003611962776631117
-0.003609310835599899
-0.003606660990044475
-0.003604013472795486
-0.003601368516683578
-0.003598726354539394
-0.003596085822209716
-0.003593447618186474
-0.003590811975300312
-0.003588179359212518
-0.00358554907143116
-0.003582922043278813
-0.003580297809094191
-0.003577676368877292
-0.00357505795545876
-0.003572442568838596
-0.003569829743355513
-0.003567219711840153
-0.00356461270712316
-0.003562008729204535
-0.003559407545253634
-0.003556810086593032
-0.00355421588756144
-0.00355162494815886
-0.003549037268385291
-0.003546452848240733
-0.003543872153386474
-0.003541294485330582
-0.003538719611242414
-0.003536147065460682
-0.003533577546477318
-0.003531009657308459
-0.003528444096446037
-0.003525880863890052
-0.003523319726809859
-0.00352076068520546
-0.003518204437568784
-0.003515651216730475
-0.003513100557029247
-0.003510552924126387
-0.003508009016513824
-0.003505468601360917
-0.003502932144328952
-0.003500399412587285
-0.003497870173305273
-0.003495344426482916
-0.003492821706458926
-0.003490301547572017
-0.003487783949822187
-0.003485268447548151
-0.003482755040749907
-0.003480243496596813
-0.003477733582258224
-0.003475225996226072
-0.003472720505669713
-0.003470217110589147
-0.00346771627664566
-0.003465218236669898
-0.00346272299066186
-0.003460231004282832
-0.003457742044702172
-0.00345525611191988
-0.003452772973105311
-0.00345029286108911
-0.003447815543040633
-0.003445340786129236
-0.003442867891862988
-0.003440397093072534
-0.003437928389757872
-0.003435461781919003
-0.003432997269555926
-0.003430534852668643
-0.003428074764087796
-0.003425617702305317
-0.003423163900151849
-0.003420713357627392
-0.003418266074731946
-0.003415822284296155
-0.003413381986320019
-0.003410944947972894
-0.003408511402085423
-0.003406080882996321
-0.003403653390705585
-0.00340122845955193
-0.003398806089535356
-0.00339638558216393
-0.003393966937437654
-0.003391550621017814
-0.003389136167243123
-0.003386723808944225
-0.00338431354612112
-0.003381905611604452
-0.00337950000539422
-0.003377096727490425
-0.003374695777893066
-0.003372297622263432
-0.00336990156210959
-0.00336750759743154
-0.003365115961059928
-0.003362726420164108
-0.003360339440405369
-0.00335795502178371
-0.00335557316429913
-0.003353193867951632
-0.003350817132741213
-0.003348443889990449
-0.00334607413969934
-0.003343707881867886
-0.003341344650834799
-0.00333898444660008
-0.003336627501994371
-0.0033342728856951
-0.003331920830532908
-0.003329570638015866
-0.003327222540974617
-0.003324876306578517
-0.003322531701996922
-0.003320188960060477
-0.003317848546430469
-0.003315510228276253
-0.003313174238428473
-0.003310840576887131
-0.003308509476482868
-0.003306181170046329
-0.003303855424746871
-0.003301532473415136
-0.003299212781712413
-0.003296895418316126
-0.003294580848887563
-0.003292268607765436
-0.003289959160611033
-0.00328765157610178
-0.003285346319898963
-0.003283043159171939
-0.003280742326751351
-0.003278443589806557
-0.003276146948337555
-0.003273852402344346
-0.003271560184657574
-0.003269270062446594
-0.003266982501372695
-0.003264697501435876
-0.003262414829805493
-0.003260134952142835
-0.003257857635617256
-0.003255582880228758
-0.00325331068597734
-0.003251041285693645
-0.003248774446547031
-0.00324650970287621
-0.003244247520342469
-0.003241988131776452
-0.003239731071516871
-0.003237476106733084
-0.003235223470255733
-0.003232973394915462
-0.003230725880712271
-0.003228480229154229
-0.00322623667307198
-0.003223995212465525
-0.003221755381673574
-0.003219517646357417
-0.003217281540855765
-0.003215047065168619
-0.003212814219295979
-0.003210583003237844
-0.003208353649824858
-0.003206126391887665
-0.003203901229426265
-0.003201678395271301
-0.003199458122253418
-0.003197240643203259
-0.00319502642378211
-0.003192814765498042
-0.003190605901181698
-0.003188399830833077
-0.003186196554452181
-0.003183996072039008
-0.003181798616424203
-0.003179603256285191
-0.003177410457283258
-0.003175220219418406
-0.00317303161136806
-0.00317084533162415
-0.00316866091452539
-0.003166478360071778
-0.003164298133924603
-0.003162120236083865
-0.00315994443371892
-0.003157770726829767
-0.003155599115416408
-0.003153429599478841
-0.003151262179017067
-0.003149096854031086
-0.003146933391690254
-0.003144771791994572
-0.003142611822113395
-0.003140453482046723
-0.003138296771794558
-0.003136141691356897
-0.003133988240733743
-0.003131836652755737
-0.003129686927422881
-0.003127539297565818
-0.003125393996015191
-0.003123251255601645
-0.003121111076325178
-0.003118974156677723
-0.003116840030997992
-0.003114708699285984
-0.003112579928711057
-0.003110453952103853
-0.00310833053663373
-0.003106209449470043
-0.003104090457782149
-0.003101973328739405
-0.003099858062341809
-0.003097744658589363
-0.003095632651820779
-0.003093522042036057
-0.003091412829235196
-0.003089305711910129
-0.003087200690060854
-0.003085097763687372
-0.003082997165620327
-0.003080898895859718
-0.003078802954405546
-0.003076709341257811
-0.003074618056416512
-0.003072529099881649
-0.003070442471653223
-0.003068358171731234
-0.00306627550162375
-0.003064195159822702
-0.003062116913497448
-0.003060040762647986
-0.003057966474443674
-0.003055893816053867
-0.003053823253139853
-0.003051754552870989
-0.003049687715247273
-0.003047622740268707
-0.00304555962793529
-0.003043498611077666
-0.003041439689695835
-0.003039382863789797
-0.003037328133359551
-0.003035275265574455
-0.003033224260434508
-0.003031175350770354
-0.003029128303751349
-0.003027083585038781
-0.003025040728971362
-0.00302300020121038
-0.003020962001755834
-0.003018925664946437
-0.003016891190782189
-0.003014858579263091
-0.003012827830389142
-0.003010798944160342
-0.003008772386237979
-0.003006747923791409
-0.003004725323989987
-0.003002704819664359
-0.00300068617798388
-0.002998669166117907
-0.002996653784066439
-0.002994640031829476
-0.002992628375068307
-0.002990618348121643
-0.002988610416650772
-0.002986604114994407
-0.002984599908813834
-0.002982597565278411
-0.002980597317218781
-0.002978599164634943
-0.002976603340357542
-0.002974609611555934
-0.002972617745399475
-0.002970627974718809
-0.002968640066683292
-0.002966654021292925
-0.002964669838547707
-0.002962687751278281
-0.002960707526654005
-0.002958729630336165
-0.002956754062324762
-0.002954780822619796
-0.002952809445559978
-0.002950840396806598
-0.00294887344352901
-0.002946909051388502
-0.002944946754723787
-0.002942986320704222
-0.002941027982160449
-0.002939071739092469
-0.002937117358669639
-0.002935164840891957
-0.002933213952928782
-0.002931264461949468
-0.002929316367954016
-0.002927369903773069
-0.002925424603745341
-0.002923480700701475
-0.002921538660302758
-0.002919598249718547
-0.002917659468948841
-0.002915722085162997
-0.002913786331191659
-0.00291185243986547
-0.00290992041118443
-0.00290799024514854
-0.002906061941757798
-0.002904135501012206
-0.00290221138857305
-0.002900289138779044
-0.002898368984460831
-0.002896450692787766
-0.002894534729421139
-0.00289262062869966
-0.002890708623453975
-0.002888798480853438
-0.002886889968067408
-0.002884983783587813
-0.002883079228922725
-0.002881177002564073
-0.002879277104511857
-0.002877379767596722
-0.002875484526157379
-0.00287359138019383
-0.002871699864044785
-0.002869809977710247
-0.002867922186851501
-0.002866035792976618
-0.002864150563254952
-0.002862266264855862
-0.002860382897779346
-0.00285850022919476
-0.002856618957594037
-0.002854738850146532
-0.002852859674021602
-0.002850981894880533
-0.002849105978384614
-0.002847231924533844
-0.002845360431820154
-0.002843491034582257
-0.002841623965650797
-0.002839759225025773
-0.002837897511199117
-0.00283603766001761
-0.002834180369973183
-0.002832324709743261
-0.002830470912158489
-0.002828618977218866
-0.002826769137755036
-0.002824920928105712
-0.002823074581101537
-0.002821230096742511
-0.002819386543706059
-0.002817544620484114
-0.002815704327076674
-0.002813865430653095
-0.002812027698382735
-0.002810191828757524
-0.002808357356116176
-0.002806524280458689
-0.00280469236895442
-0.002802862087264657
-0.002801033202558756
-0.002799205249175429
-0.002797378925606608
-0.002795554231852293
-0.002793731400743127
-0.00279191043227911
-0.002790091326460242
-0.002788274316117167
-0.002786459401249886
-0.00278464681468904
-0.002782836556434631
-0.002781028859317303
-0.002779223257675767
-0.002777419984340668
-0.002775618806481361
-0.002773819956928492
-0.002772023202851415
-0.002770228311419487
-0.002768435282632709
-0.002766644116491079
-0.002764854580163956
-0.00276306620799005
-0.002761279232800007
-0.002759492956101894
-0.002757707610726357
-0.00275592296384275
-0.002754139481112361
-0.002752356929704547
-0.002750575542449951
-0.002748795552179217
-0.002747016958892345
-0.002745239995419979
-0.002743464428931475
-0.002741690492257476
-0.002739918883889914
-0.002738148905336857
-0.002736381022259593
-0.002734615234658122
-0.002732851775363088
-0.002731089945882559
-0.002729330211877823
-0.002727572107687593
-0.002725815633311868
-0.002724061021581292
-0.002722308039665222
-0.00272055622190237
-0.002718805568292737
-0.002717056311666965
-0.002715308219194412
-0.00271356082521379
-0.002711814362555742
-0.002710069296881557
-0.002708325628191233
-0.002706583356484771
-0.002704842016100883
-0.002703101839870214
-0.002701363060623407
-0.002699625911191106
-0.002697889693081379
-0.00269615463912487
-0.002694420516490936
-0.002692687325179577
-0.002690955065190792
-0.002689223270863295
-0.002687491476535797
-0.0026857596822083
-0.002684028120711446
-0.002682297024875879
-0.002680565463379025
-0.002678834134712815
-0.002677103271707892
-0.002675372175872326
-0.002673640847206116
-0.002671909518539906
-0.002670177957043052
-0.00266844523139298
-0.002666711108759046
-0.002664974657818675
-0.002663235645741224
-0.002661493141204119
-0.002659746678546071
-0.00265799555927515
-0.002656239317730069
-0.002654477255418897
-0.002652708673849702
-0.002650933573022485
-0.002649150788784027
-0.002647359855473042
-0.002645560307428241
-0.00264375121332705
-0.002641931409016252
-0.002640099264681339
-0.002638254081830382
-0.002636394696310163
-0.002634519012644887
-0.00263262540102005
-0.002630711765959859
-0.002628776943311095
-0.002626818139106035
-0.00262483349069953
-0.002622820902615786
-0.00262077827937901
-0.002618703292682767
-0.002616593847051263
-0.002614447148516774
-0.002612261101603508
-0.002610033145174384
-0.002607760485261679
-0.002605440327897668
-0.002603069646283984
-0.002600645180791616
-0.00259816343896091
-0.00259562092833221
-0.002593013690784574
-0.002590337535366416
-0.002587588736787438
-0.002584762871265411
-0.002581855980679393
-0.002578863641247153
-0.002575781894847751
-0.002572606783360243
-0.002569333650171757
-0.002565958769991994
-0.002562478184700012
-0.00255888793617487
-0.00255518383346498
-0.002551362384110689
-0.002547419397160411
-0.00254335138015449
-0.002539154840633273
-0.002534826286137104
-0.002530362922698259
-0.002525761956349015
-0.002521020127460361
-0.002516136039048433
-0.002511107595637441
-0.002505933400243521
-0.002500612987205386
-0.00249514589086175
-0.002489532576873899
-0.002483774675056338
-0.002477873815223575
-0.002471832791343331
-0.002465653931722045
-0.002459341892972589
-0.002452901098877192
-0.002446337137371302
-0.002439656062051654
-0.002432864857837558
-0.002425971440970898
-0.002418984891846776
-0.002411914756521583
-0.002404771745204926
-0.002397566568106413
-0.002390311332419515
-0.002383019775152206
-0.002375705167651176
-0.002368382643908262
-0.00236106663942337
-0.0023537736851722
-0.00234651961363852
-0.002339321188628674
-0.002332196105271578
-0.002325161593034863
-0.002318235347047448
-0.002311435295268893
-0.002304779598489404
-0.002298285253345966
-0.002291970420628786
-0.002285852795466781
-0.002279949141666293
-0.00227427645586431
-0.002268850337713957
-0.002263686386868358
-0.002258798805996776
-0.002254201332107186
-0.002249905606731772
-0.002245923969894648
-0.002242266433313489
-0.002238941146060824
-0.002235955558717251
-0.00223331549204886
-0.00223102536983788
-0.002229087520390749
-0.002227503806352615
-0.002226273063570261
-0.00222539366222918
-0.002224862575531006
-0.002224675146862864
-0.002224825322628021
-0.002225305885076523
-0.00222610798664391
-0.002227221848443151
-0.002228636527433991
-0.002230340847745538
-0.002232322003692389
-0.002234566956758499
-0.002237062202766538
-0.002239794470369816
-0.002242749789729714
-0.002245914656668901
-0.002249275334179401
-0.002252819016575813
-0.002256533829495311
-0.00226040743291378
-0.002264428418129683
-0.002268586773425341
-0.002272872952744365
-0.002277278807014227
-0.002281796652823687
-0.002286420436576009
-0.002291144803166389
-0.002295965794473886
-0.002300880150869489
-0.00230588554404676
-0.002310979878529906
-0.00231616199016571
-0.002321431413292885
-0.002326788147911429
-0.002332232194021344
-0.002337763085961342
-0.002343380358070135
-0.002349082846194506
-0.002354869153350592
-0.002360736718401313
-0.002366680651903152
-0.00237269583158195
-0.002378775738179684
-0.002384911524131894
-0.002391092712059617
-0.002397306961938739
-0.002403540536761284
-0.002409776672720909
-0.00241599720902741
-0.002422181889414787
-0.002428308594971895
-0.002434353809803724
-0.002440292155370116
-0.002446097321808338
-0.002451741835102439
-0.002457197057083249
-0.002462434582412243
-0.002467426005750895
-0.002472143154591322
-0.002476559486240149
-0.002480648923665285
-0.002484388183802366
-0.002487754682078958
-0.002490730257704854
-0.002493298845365644
-0.002495448105037212
-0.002497170120477676
-0.002498460467904806
-0.002499319612979889
-0.002499752212315798
-0.00249976827763021
-0.002499381778761744
-0.002498612040653825
-0.002497482346370816
-0.002496021334081888
-0.002494261600077152
-0.002492239000275731
-0.00248999334871769
-0.002487567020580173
-0.002485005185008049
-0.002482354873791337
-0.002479663817211986
-0.002476980676874518
-0.002474354114383459
-0.002471831161528826
-0.002469456987455487
-0.00246727536432445
-0.00246532610617578
-0.002463645301759243
-0.002462264616042376
-0.002461211755871773
-0.002460508607327938
-0.002460170304402709
-0.00246020732447505
-0.002460622228682041
-0.00246141292154789
-0.002462570322677493
-0.002464079298079014
-0.002465918660163879
-0.002468062099069357
-0.002470477949827909
-0.002473130822181702
-0.002475981367751956
-0.002478986280038953
-0.002482100622728467
-0.002485278062522411
-0.002488471101969481
-0.002491633174940944
-0.002494717948138714
-0.00249768141657114
-0.002500481903553009
-0.002503081224858761
-0.002505445620045066
-0.002507545053958893
-0.002509356243535876
-0.00251086032949388
-0.002512044971808791
-0.002512903651222587
-0.002513436367735267
-0.002513648709282279
-0.002513552317395806
-0.002513164887204766
-0.00251250877045095
-0.002511611208319664
-0.002510502934455872
-0.002509217942133546
-0.002507793717086315
-0.00250626914203167
-0.002504683332517743
-0.0025030761025846
-0.002501487033441663
-0.002499953377991915
-0.002498510060831904
-0.002497189212590456
-0.002496019704267383
-0.002495025983080268
-0.002494227373972535
-0.002493639010936022
-0.002493270905688405
-0.002493127016350627
-0.002493207342922688
-0.002493506064638495
-0.002494012471288443
-0.002494711661711335
-0.002495585009455681
-0.002496609929949045
-0.002497761975973845
-0.002499013906344771
-0.002500336384400725
-0.002501699840649962
-0.002503074705600739
-0.002504431642591953
-0.002505742246285081
-0.002506979973986745
-0.00250812154263258
-0.002509145066142082
-0.002510033082216978
-0.002510771155357361
-0.002511348342522979
-0.002511758357286453
-0.002511999104171991
-0.002512072212994099
-0.002511983271688223
-0.00251174159348011
-0.002511359518393874
-0.002510852878913283
-0.002510240068659186
-0.002509540878236294
-0.002508776960894465
-0.002507970435544848
-0.002507142955437303
-0.002506317105144262
-0.002505513373762369
-0.002504751551896334
-0.002504049567505717
-0.002503422787413001
-0.002502883784472942
-0.002502442803233862
-0.002502106828615069
-0.002501879818737507
-0.002501762704923749
-0.002501753391698003
-0.002501847222447395
-0.002502036513760686
-0.002502311486750841
-0.002502660034224391
-0.00250306841917336
-0.00250352150760591
-0.002504003932699561
-0.002504499163478613
-0.002504991134628654
-0.002505464712157845
-0.002505905460566282
-0.002506300108507276
-0.002506636548787355
-0.002506905468180776
-0.002507098717615008
-0.00250721164047718
-0.002507240977138281
-0.002507186494767666
-0.002507049357518554
-0.002506833989173174
-0.002506545977666974
-0.002506193239241838
-0.00250578485429287
-0.002505331765860319
-0.002504845382645726
-0.002504337346181273
-0.002503819763660431
-0.002503304276615381
-0.002502802759408951
-0.002502324758097529
-0.002501879818737507
-0.002501475857570767
-0.002501118928194046
-0.002500813454389572
-0.002500562695786357
-0.002500366885215044
-0.00250022578984499
-0.002500137314200401
-0.002500096568837762
-0.002500098664313555
-0.002500136382877827
-0.002500202041119337
-0.002500287257134914
-0.002500382484868169
-0.002500478876754642
-0.002500567818060517
-0.00250063999556005
-0.00250068842433393
-0.00250070565380156
-0.00250068586319685
-0.002500624861568213
-0.002500519854947925
-0.002500368980690837
-0.00250017293728888
-0.00249993265606463
-0.002499651163816452
-0.002499332884326577
-0.002498982707038522
-0.002498606918379664
-0.002498212270438671
-0.002497805282473564
-0.00249739340506494
-0.002496983390301466
-0.002496581524610519
-0.002496193861588836
-0.002495825523510575
-0.002495481166988611
-0.002495163818821311
-0.002494875807315111
-0.002494618529453874
-0.002494391286745667
-0.002494192682206631
-0.002494020387530327
-0.002493871143087745
-0.002493740757927299
-0.002493624575436115
-0.002493517706170678
-0.002493413863703609
-0.002493307925760746
-0.002493194537237287
-0.002493069041520357
-0.002492926781997085
-0.002492764731869102
-0.00249257986433804
-0.002492370549589396
-0.00249213632196188
-0.002491876948624849
-0.002491593593731523
-0.002491287421435118
-0.00249096192419529
-0.002490619663149118
-0.002490264596417546
-0.002489900449290872
-0.00248953141272068
-0.002489161444827914
-0.00248879543505609
-0.002488436875864863
-0.002488088794052601
-0.002487754682078958
-0.002487436169758439
-0.002487135585397482
-0.002486853394657373
-0.00248658936470747
-0.002486343495547771
-0.002486114157363772
-0.00248589925467968
-0.002485696459189057
-0.002485503442585468
-0.002485317178070545
-0.002485134173184633
-0.002484951633960009
-0.002484767464920878
-0.002484579104930162
-0.002484384458512068
-0.002484182827174664
-0.002483973046764731
-0.002483755117282271
-0.002483529970049858
-0.002483299467712641
-0.002483065472915769
-0.002482830546796322
-0.002482597948983312
-0.002482370939105749
-0.002482153009623289
-0.002481948118656874
-0.002481759758666158
-0.002481591887772083
-0.002481447765603662
-0.00248133041895926
-0.00248124310746789
-0.002481188857927918
-0.002481169998645782
-0.002481187926605344
-0.002481245202943683
-0.002481343224644661
-0.002481483388692141
-0.00248166685923934
-0.002481895266100764
-0.002482170006260276
-0.002482491778209805
-0.002482863143086433
-0.002483285265043378
-0.002483761636540294
-0.002484294353052974
-0.00248488737270236
-0.002485544653609395
-0.002486270852386951
-0.00248707109130919
-0.002487950725480914
-0.002488916041329503
-0.002489973325282335
-0.002491129096597433
-0.00249239057302475
-0.002493764739483595
-0.002495259046554565
-0.002496881177648902
-0.002498637652024627
-0.00250053615309298
-0.002502582967281342
-0.002504784846678376
-0.002507147844880819
-0.002509677782654762
-0.002512379782274365
-0.002515258966013789
-0.002518320688977838
-0.002521568676456809
-0.002525007585063577
-0.002528640907257795
-0.002532471902668476
-0.002536503598093987
-0.002540739253163338
-0.002545180963352323
-0.002549830125644803
-0.002554688602685928
-0.002559756627306342
-0.002565035130828619
-0.002570523647591472
-0.002576221246272326
-0.002582125831395388
-0.002588234376162291
-0.002594542456790805
-0.002601045416668057
-0.002607736736536026
-0.002614609198644757
-0.002621653722599149
-0.002628859831020236
-0.002636217046529055
-0.002643712563440204
-0.00265133217908442
-0.00265906099230051
-0.002666883170604706
-0.002674781018868089
-0.002682735677808523
-0.002690727822482586
-0.002698736730962992
-0.002706740284338593
-0.002714716363698244
-0.002722642151638865
-0.002730494132265449
-0.002738248556852341
-0.002745881443843246
-0.002753368578851223
-0.002760686678811908
-0.002767811762169003
-0.002774721244350076
-0.002781393006443977
-0.002787805395200849
-0.002793938387185335
-0.002799772191792727
-0.00280528818257153
-0.00281046936288476
-0.002815300365909934
-0.002819766523316503
-0.002823855495080352
-0.002827556803822517
-0.002830861834809184
-0.002833763370290399
-0.002836256753653288
-0.002838339423760772
-0.002840011147782207
-0.002841272857040167
-0.002842128276824951
-0.002842583693563938
-0.002842646790668368
-0.002842327812686563
-0.002841637935489416
-0.002840590896084905
-0.002839201595634222
-0.002837486797943711
-0.00283546419814229
-0.002833152189850807
-0.002830569865182042
-0.002827737480401993
-0.002824675757437944
-0.002821404952555895
-0.002817945787683129
-0.002814317820593715
-0.002810541307553649
-0.002806635107845068
-0.002802617847919464
-0.00279850629158318
-0.002794316504150629
-0.002790063852444291
-0.002785761607810855
-0.002781422575935721
-0.002777057467028499
-0.002772675128653646
-0.002768284408375621
-0.002763892291113734
-0.002759504364803433
-0.002755125286057591
-0.00275075901299715
-0.002746408339589834
-0.002742076059803367
-0.002737763337790966
-0.002733472501859069
-0.002729204948991537
-0.002724963007494807
-0.002720748772844672
-0.002716565039008856
-0.002712415298447013
-0.002708303974941373
-0.002704236190766096
-0.002700218465179205
-0.002696258714422584
-0.002692365553230047
-0.002688548993319273
-0.002684820210561156
-0.002681192010641098
-0.002677676966413856
-0.002674289979040623
-0.00267104571685195
-0.002667960710823536
-0.002665049862116575
-0.002662329701706767
-0.002659815596416593
-0.002657523145899177
-0.002655467251315713
-0.002653661416843534
-0.002652117749676108
-0.002650846960023046
-0.002649857196956873
-0.002649155678227544
-0.002648746361956
-0.002648630645126104
-0.002648807596415281
-0.002649273490533233
-0.002650020411238074
-0.002651039278134704
-0.00265231728553772
-0.00265383836813271
-0.002655583899468184
-0.002657533157616854
-0.002659662161022425
-0.002661945065483451
-0.002664354629814625
-0.002666861284524202
-0.002669434528797865
-0.002672043163329363
-0.002674655290320516
-0.002677239244803786
-0.002679762896150351
-0.00268219574354589
-0.00268450821749866
-0.002686672611162066
-0.002688662614673376
-0.002690454944968224
-0.002692029345780611
-0.00269336742348969
-0.002694454975426197
-0.002695281291380525
-0.002695839619264007
-0.002696126699447632
-0.002696143230423331
-0.002695893635973334
-0.002695386530831456
-0.002694633789360523
-0.002693651476874948
-0.002692458452656865
-0.002691076835617423
-0.002689531305804849
-0.002687849337235093
-0.0026860604993999
-0.002684195525944233
-0.002682286547496915
-0.002680365927517414
-0.002678466960787773
-0.002676621545106173
-0.002674861811101437
-0.002673216862604022
-0.002671716036275029
-0.002670384710654616
-0.002669245470315218
-0.002668318571522832
-0.00266762007959187
-0.002667162800207734
-0.002666954649612308
-0.002667000284418464
-0.002667299238964915
-0.002667847787961364
-0.002668636618182063
-0.002669653156772256
-0.002670880174264312
-0.002672297181561589
-0.002673879964277148
-0.002675601514056325
-0.002677431562915444
-0.002679338911548257
-0.002681289799511433
-0.002683250466361642
-0.002685187384486198
-0.002687066560611129
-0.002688855398446321
-0.002690522698685527
-0.002692039823159575
-0.002693380694836378
-0.0026945227291435
-0.002695446601137519
-0.002696137642487884
-0.002696584910154343
-0.002696782583370805
-0.002696727868169546
-0.002696423558518291
-0.002695875708013773
-0.002695095026865602
-0.002694095019251108
-0.002692893613129854
-0.00269151059910655
-0.002689968794584274
-0.002688291948288679
-0.002686504740267992
-0.002684632316231728
-0.002682700520381331
-0.002680733567103744
-0.002678754040971398
-0.002676782431080937
-0.00267483782954514
-0.002672935836017132
-0.002671089023351669
-0.002669306006282568
-0.002667592372745275
-0.002665949985384941
-0.002664376981556416
-0.002662868704646826
-0.002661416539922357
-0.002660010010004044
-0.002658635843545198
-0.00265727867372334
-0.002655921503901482
-0.002654547803103924
-0.002653140341863036
-0.002651681657880545
-0.002650156384333968
-0.002648550318554044
-0.002646851819008589
-0.00264505110681057
-0.002643142361193895
-0.002641121624037623
-0.002638988429680467
-0.002636746969074011
-0.002634403994306922
-0.002631968818604946
-0.002629454014822841
-0.002626875881105661
-0.002624252112582326
-0.002621602034196258
-0.002618946600705385
-0.002616307698190212
-0.002613706281408668
-0.002611164702102542
-0.002608703216537833
-0.002606341149657965
-0.002604095498099923
-0.002601980231702328
-0.002600007457658648
-0.002598185325041413
-0.002596518490463495
-0.002595008350908756
-0.002593652112409472
-0.002592444187030196
-0.002591375028714538
-0.002590432297438383
-0.002589600626379251
-0.002588862320408225
-0.002588197821751237
-0.002587585244327784
-0.002587002702057362
-0.002586427377536893
-0.002585837384685874
-0.002585210837423801
-0.002584527945145965
-0.002583770547062159
-0.002582922577857971
-0.002581970533356071
-0.002580903703346848
-0.002579715568572283
-0.002578402170911431
-0.002576962811872363
-0.002575400751084089
-0.002573722274973989
-0.002571935765445232
-0.002570053795352578
-0.002568089868873358
-0.00256605981849134
-0.002563980873674154
-0.002561871660873294
-0.002559750573709607
-0.002557636005803943
-0.002555545885115862
-0.002553497208282351
-0.002551504876464605
-0.002549582393839955
-0.002547740004956722
-0.002545986091718078
-0.0025443269405514
-0.002542764879763126
-0.002541299909353256
-0.002539929701015353
-0.002538648899644613
-0.002537449821829796
-0.002536322688683867
-0.002535256091505289
-0.00253423722460866
-0.00253325211815536
-0.002532287035137415
-0.002531327540054917
-0.002530359895899892
-0.002529371064156294
-0.002528349170461297
-0.002527283970266581
-0.002526167314499617
-0.002524992451071739
-0.002523755189031363
-0.00252245320007205
-0.002521086717024446
-0.002519657602533698
-0.002518170280382037
-0.002516630105674267
-0.002515044761821628
-0.002513422863557935
-0.002511773956939578
-0.002510108286514878
-0.002508435864001513
-0.002506766468286514
-0.002505109878256917
-0.00250347494147718
-0.002501869108527899
-0.002500298898667097
-0.002498769201338291
-0.002497283741831779
-0.002495843917131424
-0.002494449028745294
-0.00249309791252017
-0.002491787075996399
-0.002490511629730463
-0.002489265520125628
-0.002488041762262583
-0.002486833371222019
-0.002485632197931409
-0.00248442986048758
-0.002483218442648649
-0.002481990261003375
-0.002480738796293736
-0.002479457762092352
-0.002478142967447639
-0.002476790454238653
-0.002475397661328316
-0.002473962726071477
-0.00247248588129878
-0.002470968756824732
-0.002469412982463837
-0.002467821352183819
-0.002466197125613689
-0.002464544726535678
-0.002462867880240083
-0.00246117077767849
-0.002459457144141197
-0.00245773047208786
-0.002455993555486202
-0.002454248024150729
-0.002452494809404016
-0.002450733911246061
-0.002448964864015579
-0.00244718580506742
-0.002445393707603216
-0.002443585079163313
-0.002441755030304193
-0.002439898438751698
-0.002438009716570377
-0.002436083275824785
-0.00243411329574883
-0.002432093257084489
-0.002430018037557602
-0.002427882049232721
-0.002425680635496974
-0.002423409605398774
-0.002421065466478467
-0.002418644726276398
-0.002416145754978061
-0.00241356692276895
-0.002410907996818423
-0.002408168045803905
-0.002405347535386682
-0.002402447862550616
-0.002399469492956996
-0.002396414522081614
-0.002393283881247044
-0.002390079898759723
-0.002386803738772869
-0.002383456332609057
-0.002380039542913437
-0.002376553602516651
-0.002372999675571918
-0.002369377529248595
-0.002365687629207969
-0.002361929044127464
-0.002358102006837726
-0.002354205818846822
-0.002350240712985396
-0.002346206456422806
-0.002342103281989694
-0.00233793118968606
-0.002333691343665123
-0.002329384908080101
-0.002325013279914856
-0.002320579253137112
-0.002316086087375879
-0.002311537275090814
-0.0023069370072335
-0.002302289707586169
-0.00229760049842298
-0.002292875200510025
-0.002288118936121464
-0.002283337526023388
-0.002278536790981889
-0.002273722784593701
-0.00226890086196363
-0.002264076145365834
-0.002259253989905119
-0.002254439517855644
-0.00224963715299964
-0.00224485038779676
-0.002240083180367947
-0.002235338324680924
-0.00223061884753406
-0.002225926844403148
-0.002221264876425266
-0.002216634107753634
-0.002212036401033401
-0.002207473153248429
-0.002202945062890649
-0.002198453526943922
-0.002193999476730824
-0.002189583610743284
-0.002185205928981304
-0.002180867828428745
-0.002176569309085608
-0.002172310836613178
-0.002168092643842101
-0.00216391496360302
-0.002159777795895934
-0.00215568020939827
-0.002151621971279383
-0.002147602150216699
-0.002143620047718287
-0.002139673801138997
-0.002135762711986899
-0.002131884219124913
-0.002128036459907889
-0.002124217106029391
-0.002120423829182982
-0.002116654068231583
-0.002112905029207468
-0.002109174150973558
-0.002105457941070199
-0.002101754071190953
-0.00209805928170681
-0.002094370312988758
-0.002090685768052936
-0.002087002620100975
-0.002083318773657084
-0.002079631900414824
-0.002075940137729049
-0.002072241622954607
-0.002068535191938281
-0.002064819214865565
-0.002061092993244529
-0.002057355595752597
-0.002053606556728482
-0.00204984494484961
-0.002046070527285337
-0.002042283536866307
-0.002038483042269945
-0.002034669509157538
-0.002030843636021018
-0.002027005655691028
-0.002023156266659498
-0.002019296633079648
-0.002015427919104695
-0.002011551521718502
-0.002007669303566217
-0.002003783127292991
-0.001999895321205258
-0.001996008213609457
-0.001992124132812023
-0.00198824517428875
-0.001984374597668648
-0.001980514265596867
-0.001976666739210486
-0.0019728341139853
-0.0019690184853971
-0.001965222647413611
-0.001961447997018695
-0.001957696164026856
-0.001953968312591314
-0.001950265606865287
-0.001946588628925383
-0.00194293784443289
-0.001939313253387809
-0.001935714390128851
-0.001932140556164086
-0.00192859023809433
-0.001925062271766365
-0.001921554678119719
-0.001918065245263278
-0.001914591528475285
-0.001911131315864623
-0.001907681929878891
-0.001904240692965686
-0.00190080504398793
-0.001897372305393219
-0.001893940148875117
-0.001890506013296545
-0.001887068036012352
-0.001883624820038676
-0.001880175084806979
-0.00187671824824065
-0.001873253844678402
-0.001869782106950879
-0.001866303500719368
-0.001862819190137088
-0.001859330572187901
-0.001855839625932276
-0.001852348679676652
-0.001848860643804073
-0.001845378777943552
-0.001841906690970063
-0.001838447991758585
-0.001835006871260703
-0.00183158740401268
-0.00182819424662739
-0.001824831240810454
-0.001821502461098135
-0.001818211982026696
-0.001814963528886437
-0.001811760477721691
-0.001808605738915503
-0.001805501990020275
-0.001802451442927122
-0.001799455960281193
-0.001796517055481672
-0.001793635310605168
-0.001790811540558934
-0.001788046327419579
-0.001785339904017746
-0.001782692270353436
-0.001780103426426649
-0.001777573139406741
-0.001775101642124355
-0.001772689050994813
-0.001770335715264082
-0.00176804221700877
-0.001765809487551451
-0.001763638341799378
-0.001761530060321093
-0.001759486272931099
-0.001757508958689868
-0.001755600445903838
-0.0017537628300488
-0.001751998672261834
-0.001750310533680022
-0.001748701208271086
-0.001747173490002751
-0.00174572947435081
-0.001744371606037021
-0.001743101980537176
-0.001741921762004495
-0.001740831881761551
-0.001739832805469632
-0.001738924416713417
-0.001738105085678399
-0.001737372833304107
-0.001736724865622818
-0.001736157340928912
-0.001735665486194193
-0.001735243597067893
-0.001734885154291987
-0.001734583172947168
-0.001734329736791551
-0.001734116580337286
-0.001733934739604592
-0.001733775134198368
-0.001733628334477544
-0.001733484794385731
-0.001733334851451218
-0.00173316930886358
-0.001732979086227715
-0.001732755219563842
-0.001732489676214755
-0.001732174772769213
-0.001731803407892585
-0.00173136917874217
-0.001730867079459131
-0.001730292220599949
-0.001729641109704971
-0.001728911185637116
-0.001728100934997201
-0.00172720942646265
-0.001726237125694752
-0.001725185080431402
-0.001724055036902428
-0.001722850138321519
-0.001721573993563652
-0.001720231026411057
-0.001718826009891927
-0.001717364182695746
-0.001715851598419249
-0.001714295009151101
-0.001712700817734003
-0.001711076241917908
-0.00170942849945277
-0.001707764924503863
-0.001706093200482428
-0.001704421010799706
-0.001702755806036294
-0.001701105036772788
-0.001699476153589785
-0.001697876141406596
-0.001696311868727207
-0.001694789039902389
-0.001693313359282911
-0.001691889832727611
-0.001690522651188076
-0.001689215074293315
-0.001687969779595733
-0.001686788047663867
-0.001685670693404973
-0.001684616901911795
-0.001683625276200473
-0.001682693255133927
-0.001681816764175892
-0.001680991495959461
-0.00168021151330322
-0.00167947041336447
-0.001678760861977935
-0.001678074593655765
-0.001677403459325433
-0.001676738378591835
-0.001676070620305836
-0.001675391336902976
-0.001674692030064762
-0.001673964317888021
-0.001673200516961515
-0.001672394457273185
-0.001671540201641619
-0.001670633326284587
-0.0016696706879884
-0.001668650191277266
-0.001667571603320539
-0.001666435622610152
-0.001665244810283184
-0.001664002425968647
-0.001662713126279414
-0.001661383081227541
-0.001660018810071051
-0.001658627879805863
-0.001657218323089182
-0.001655798521824181
-0.001654376857914031
-0.001652961946092546
-0.001651561702601612
-0.001650183694437146
-0.001648834906518459
-0.001647521392442286
-0.001646248041652143
-0.001645018812268972
-0.001643836498260498
-0.001642702496610582
-0.001641616923734546
-0.001640578615479171
-0.001639585243538022
-0.0016386330826208
-0.001637717592529953
-0.001636833650991321
-0.001635975204408169
-0.001635135500691831
-0.001634307554922998
-0.001633484149351716
-0.001632658531889319
-0.001631823717616498
-0.001630973536521196
-0.001630102167837322
-0.001629204954952002
-0.00162827770691365
-0.001627317629754543
-0.00162632274441421
-0.00162529235240072
-0.001624226686544716
-0.001623126910999417
-0.001621995354071259
-0.001620835158973932
-0.001619650516659021
-0.001618446316570044
-0.001617228030227125
-0.001616000896319747
-0.001614770502783358
-0.001613542553968728
-0.001612322754226625
-0.001611115876585245
-0.001609926810488105
-0.001608759281225502
-0.001607616315595806
-0.001606500241905451
-0.001605412224307656
-0.001604353310540318
-0.001603322452865541
-0.001602318603545427
-0.001601339667104185
-0.001600382616743445
-0.001599443960003555
-0.001598519738763571
-0.001597605994902551
-0.001596697722561657
-0.001595790847204626
-0.001594880828633904
-0.001593963708728552
-0.001593035412952304
-0.001592093263752759
-0.001591134583577514
-0.001590157160535455
-0.001589160179719329
-0.001588143059052527
-0.001587106264196336
-0.001586050842888653
-0.001584978424943984
-0.001583891455084085
-0.001582792610861361
-0.001581685151904821
-0.0015805724542588
-0.001579458243213594
-0.001578345894813538
-0.001577239017933607
-0.001576140988618135
-0.001575054368004203
-0.001573981484398246
-0.001572924433276057
-0.00157188402954489
-0.001570861204527318
-0.001569855725392699
-0.001568866777233779
-0.001567893312312663
-0.001566933351568878
-0.001565984566695988
-0.001565044280141592
-0.001564109697937965
-0.001563177793286741
-0.001562245539389551
-0.001561310258693993
-0.001560369273647666
-0.001559420488774776
-0.001558462041430175
-0.001557492418214679
-0.001556511153467
-0.001555517897941172
-0.001554513233713806
-0.001553497975692153
-0.00155247317161411
-0.001551441149786115
-0.001550403540022671
-0.001549362670630217
-0.001548320986330509
-0.001547280815429986
-0.00154624436981976
-0.001545213628560305
-0.00154419057071209
-0.001543176593258977
-0.00154217251110822
-0.001541178673505783
-0.001540195546112955
-0.001539222779683769
-0.001538259675726295
-0.001537304953671992
-0.001536357332952321
-0.001535415300168097
-0.00153447687625885
-0.001533540547825396
-0.001532604452222586
-0.001531666843220592
-0.001530726440250874
-0.001529781613498926
-0.001528831548057497
-0.001527875778265297
-0.001526913954876363
-0.001525945961475372
-0.001524972263723612
-0.001523993676528335
-0.00152301078196615
-0.001522025093436241
-0.001521037658676505
-0.001520049758255482
-0.001519062905572355
-0.001518078264780343
-0.001517096883617342
-0.00151611992623657
-0.001515148323960602
-0.001514182193204761
-0.001513222232460976
-0.001512268208898604
-0.001511320122517645
-0.001510377507656813
-0.001509439782239497
-0.001508505782112479
-0.001507575041614473
-0.001506646280176938
-0.001505718566477299
-0.00150479085277766
-0.001503862207755446
-0.001502931932918727
-0.00150199921336025
-0.001501063816249371
-0.001500125392340124
-0.001499184174463153
-0.00149824027903378
-0.001497294055297971
-0.001496346201747656
-0.001495397300459445
-0.00149444816634059
-0.001493499265052378
-0.001492551760748029
-0.001491606119088829
-0.001490663038566709
-0.001489722635596991
-0.001488785375840962
-0.001487851492129266
-0.001486921100877225
-0.001485993852838874
-0.001485069864429533
-0.001484148553572595
-0.001483230036683381
-0.001482313615269959
-0.001481398590840399
-0.001480484614148736
-0.001479571335949004
-0.001478658523410559
-0.001477746060118079
-0.001476833247579634
-0.001475920202210546
-0.001475006458349526
-0.001474092015996575
-0.001473176875151694
-0.001472261268645525
-0.001471345196478069
-0.001470429007895291
-0.001469512702897191
-0.001468596747145057
-0.001467681373469532
-0.001466766698285937
-0.00146585307084024
-0.001464940840378404
-0.001464030472561717
-0.00146312196739018
-0.001462215441279113
-0.001461311243474483
-0.001460409257560968
-0.001459509367123246
-0.001458611339330673
-0.001457714708521962
-0.001456819591112435
-0.001455925637856126
-0.001455032383091748
-0.001454139477573335
-0.001453246688470244
-0.001452354015782475
-0.001451461110264063
-0.001450567855499685
-0.001449674135074019
-0.001448780298233032
-0.001447886461392045
-0.001446992857381701
-0.001446099602617323
-0.001445207162760198
-0.001444316003471613
-0.001443426124751568
-0.001442537643015385
-0.001441650674678385
-0.001440765452571213
-0.001439881860278547
-0.001439000014215708
-0.001438119681552052
-0.001437240745872259
-0.001436363090761006
-0.001435486366972327
-0.001434610458090901
-0.001433735247701406
-0.001432860619388521
-0.001431986689567566
-0.001431112992577255
-0.001430239761248231
-0.001429367111995816
-0.001428494928404689
-0.001427623210474849
-0.001426752074621618
-0.00142588175367564
-0.001425012131221592
-0.001424143556505442
-0.001423275913111866
-0.00142240896821022
-0.001421543071046472
-0.001420677988789976
-0.001419813605025411
-0.001418950036168098
-0.001418087282218039
-0.001417225226759911
-0.001416363986209035
-0.001415503327734768
-0.001414643251337111
-0.001413783873431385
-0.001412925194017589
-0.001412067213095725
-0.001411210163496435
-0.001410353812389076
-0.00140949827618897
-0.001408643671311438
-0.001407790114171803
-0.001406937604770064
-0.0014060860266909
-0.001405235612764955
-0.00140438589733094
-0.001403537229634821
-0.001402689376845956
-0.001401842338964343
-0.001400996115989983
-0.001400150707922876
-0.001399306114763021
-0.001398462103679776
-0.001397618907503784
-0.001396776409819722
-0.001395934610627592
-0.001395093626342714
-0.001394253340549767
-0.001393413753248751
-0.001392574980854988
-0.001391736906953156
-0.001390899415127933
-0.001390062621794641
-0.001389226410537958
-0.001388390897773206
-0.001387555967085063
-0.00138672161847353
-0.001385888084769249
-0.001385055482387543
-0.001384223811328411
-0.001383393071591854
-0.001382563379593194
-0.001381734502501786
-0.001380906673148274
-0.001380079775117338
-0.001379253691993654
-0.001378428773023188
-0.001377604668959975
-0.001376781263388693
-0.001375958556309342
-0.001375136431306601
-0.001374314771965146
-0.001373493927530944
-0.00137267354875803
-0.001371853635646403
-0.001371034071780741
-0.001370215089991689
-0.001369396690279245
-0.001368578989058733
-0.00136776186991483
-0.001366945565678179
-0.001366130192764103
-0.001365315751172602
-0.001364502357318997
-0.001363689661957324
-0.001362877897918224
-0.0013620670652017
-0.001361257047392428
-0.001360447728075087
-0.001359639107249677
-0.001358831417746842
-0.001358024426735938
-0.001357218134216964
-0.001356412773020566
-0.001355607993900776
-0.001354804146103561
-0.001354001229628921
-0.001353199360892177
-0.001352398307062685
-0.001351598068140447
-0.001350798760540783
-0.001350000151433051
-0.001349202240817249
-0.0013484051451087
-0.00134760863147676
-0.001346812816336751
-0.001346017466858029
-0.001345222583040595
-0.001344428048469126
-0.001343633979558945
-0.001342840725556016
-0.001342048170045018
-0.00134125619661063
-0.001340464921668172
-0.001339674228802323
-0.001338884118013084
-0.001338094822131097
-0.001337306224741042
-0.001336518325842917
-0.001335731125436723
-0.001334944507107139
-0.001334158703684807
-0.001333373365923762
-0.001332588493824005
-0.001331804203800857
-0.001331020379438996
-0.001330237253569067
-0.001329454593360424
-0.001328672748059034
-0.001327891717664897
-0.001327111385762691
-0.001326331868767738
-0.001325553166680038
-0.00132477527949959
-0.001323998207226396
-0.001323221949860454
-0.001322446623817086
-0.001321672229096293
-0.001320898649282753
-0.001320125884376466
-0.001319353934377432
-0.00131858279928565
-0.0013178123626858
-0.001317042508162558
-0.001316273352131248
-0.001315504778176546
-0.001314736786298454
-0.001313969492912292
-0.001313202898018062
-0.001312436885200441
-0.001311671454459429
-0.001310906722210348
-0.001310142688453197
-0.001309379353187978
-0.00130861671641469
