0
0
0
0
0
0
0
0
0
0
0
0
0
0
0
0
0
0
0
0
0
0
0
0
0
0
0
0
0
0
0
0
0
0
0
0
0
0
0
0
0
0
0
0
0
0
0
0
0
0
0
0
0
0
0
0
0
0
0
0
0
0
0
0
0
0
0
0
0
0
0
0
0
0
0
0
0
0
0
0
0
0
0
0
0
0
0
0
0
0
0
0
0
0
0
0
0
0
0
0
0
0
0
0
0
0
0
0
0
0
0
0
0
0
0
0
0
0
0
0
0
0
0
0
0
0
0
0
0
0
0
0
0
0
0
0
0
0
0
0
0
0
0
0
0
0
0
0
0
0
0
0
0
0
0
0
0
0
0
0
0
0
0
0
0
0
0
0
0
0
0
0
0
0
0
0
0
0
0
0
0
0
0
0
0
0
0
0
0
0
0
0
0
0
0
0
0
0
0
0
0
0
0
0
0
0
0
0
0
0
0
0
0
0
0
0
0
0
0
0
0
0
0
0
0
0
0
0
0
0
0
0
0
0
0
0
0
0
0
0
0
0
0
0
0
0
0
0
0
0
0
0
0
0
0
0
0
0
0
0
0
0
0
0
0
0
0
0
0
0
0
0
0
0
0
0
0
0
0
0
0
0
0
0
0
0
0
0
0
0
0
0
0
0
0
0
0
0
0
0
0
0
0
0
0
0
0
0
0
0
0
0
0
0
0
0
0
0
0
0
0
0
0
0
0
0
0
0
0
0
0
0
0
0
0
0
0
0
0
0
0
0
0
0
0
0
0
0
0
0
0
0
0
0
0
0
0
0
0
0
0
0
0
0
0
0
0
0
0
0
0
0
0
0
0
0
0
0
0
0
0
0
0
0
0
0
0
0
0
0
0
0
0
0
0
0
0
0
0
0
0
0
0
0
0
0
0
0
0
0
0
0
0
0
0
0
0
0
0
0
0
0
0
0
0
0
0
0
0
0
0
0
0
0
0
0
0
0
0
0
0
0
0
0
0
0
0
0
0
0
0
0
0
0
0
0
0
0
0
0
0
0
0
0
0
0
0
0
0
0
0
0
0
0
0
0
0
0
0
0
0
0
0
0
0
0
0
0
0
0
0
0
0
0
0
0
0
0
0
0
0
0
0
0
0
0
0
0
0
0
0
0
0
0
0
0
0
0
0
0
0
0
0
0
0
0
0
0
0
0
0
0
0
0
0
0
0
0
0
0
0
0
0
0
0
0
0
0
0
0
0
0
0
0
0
0
0
0
0
0
0
0
0
0
0
0
0
0
0
0
0
0
0
0
0
0
0
0
0
0
0
0
0
0
0
0
0
0
0
0
0
0
0
0
0
0
0
0
0
0
0
0
0
0
0
0
0
0
0
0
0
0
0
0
0
0
0
0
0
0
0
0
0
0
0
0
0
0
0
0
0
0
0
0
0
0
0
0
0
0
0
0
0
0
0
0
0
0
0
0
0
0
0
0
0
0
0
0
0
0
0
0
0
0
0
0
0
0
0
0
0
0
0
0
0
0
0
0
0
0
0
0
0
0
0
0
0
0
0
0
0
0
0
0
0
0
0
0
0
0
0
0
0
0
0
0
0
0
0
0
0
0
0
0
0
0
0
0
0
0
0
0
0
0
0
0
0
0
0
0
0
0
0
0
0
0
0
0
0
0
0
0
0
0
0
0
0
0
0
0
0
0
0
0
0
0
0
0
0
0
0
0
0
0
0
0
0
0
0
0
0
0
0
0
0
0
0
0
0
0
0
0
0
0
0
0
0
0
0
0
0
0
0
0
0
0
0
0
0
0
0
0
0
0
0
0
0
0
0
0
0
0
0
0
0
0
0
0
0
0
0
0
0
0
0
0
0
0
0
0
0
0
0
0
0
0
0
0
0
0
0
0
0
0
0
0
0
0
0
0
0
0
0
0
0
0
0
0
0
0
0
0
0
0
0
0
0
0
0
0
0
0
0
0
0
0
0
0
0
0
0
0
0
0
0
0
0
0
0
0
0
0
0
0
0
0
0
0
0
0
0
0
0
0
0
0
0
0
0
0
0
0
0
0
0
0
0
0
0
0
0
0
0
0
0
0
0
0
0
0
0
0
0
0
0
0
0
0
0
0
0
0
0
0
0
0
0
0
0
0
0
0
0
0
0
0
0
0
0
0
0
0
0
0
0
0
0
0
0
0
0
0
0
0
0
0
0
0
0
0
0
0
0
0
0
0
0
0
0
0
0
0
0
0
0
0
0
0
0
0
0
0
0
0
0
0
0
0
0
0
0
0
0
0
0
0
0
0
0
0
0
0
0
0
0
0
0
0
0
0
0
0
0
0
0
0
0
0
0
0
0
0
0
0
0
0
0
0
0
0
0
0
0
0
0
0
0
0
0
0
0
0
0
0
0
0
0
0
0
0
0
0
0
0
0
0
0
0
0
0
0
0
0
0
0
0
0
0
0
0
0
0
0
0
0
0
0
0
0
0
0
0
0
0
0
0
0
0
0
0
0
0
0
0
0
0
0
0
0
0
0
0
0
0
0
0
0
0
0
0
0
0
0
0
0
0
0
0
0
0
0
0
0
0
0
0
0
0
0
0
0
0
0
0
0
0
0
0
0
0
0
0
0
0
0
0
0
0
0
0
0
0
0
0
0
0
0
0
0
0
0
0
0
0
0
0
0
0
0
0
0
0
0
0
0
0
0
0
0
0
0
0
0
0
0
0
0
0
0
0
0
0
0
0
0
0
0
0
0
0
0
0
0
0
0
0
0
0
0
0
0
0
0
0
0
0
0
0
0
0
0
0
0
0
0
0
0
0
0
0
0
0
0
0
0
0
0
0
0
0
0
0
0
0
0
0
0
0
0
0
0
0
0
0
0
0
0
0
0
0
0
0
0
0
0
0
0
0
0
0
0
0
0
0
0
0
0
0
0
0
0
0
0
0
0
0
0
0
0
0
0
0
0
0
0
0
0
0
0
0
0
0
0
0
0
0
0
0
0
0
0
0
0
0
0
0
0
0
0
0
0
0
0
0
0
0
0
0
0
0
0
0
0
0
0
0
0
0
0
0
0
0
0
0
0
0
0
0
0
0
0
0
0
0
0
0
0
0
0
0
0
0
0
0
0
0
0
0
0
0
0
0
0
0
0
0
0
0
0
0
0
0
0
0
0
0
0
0
0
0
0
0
0
0
0
0
0
0
0
0
0
0
0
0
0
0
0
0
0
0
0
0
0
0
0
0
0
0
0
0
0
0
0
0
0
0
0
0
0
0
0
0
0
0
0
0
0
0
0
0
0
0
0
0
0
0
0
0
0
0
0
0
0
0
0
0
0
0
0
0
0
0
0
0
0
0
0
0
0
0
0
0
0
0
0
0
0
0
0
0
0
0
0
0
0
0
0
0
0
0
0
0
0
0
0
0
0
0
0
0
0
0
0
0
0
0
0
0
0
0
0
0
0
0
0
0
0
0
0
0
0
0
0
0
0
0
0
0
0
0
0
0
0
0
0
0
0
0
0
0
0
0
0
0
0
0
0
0
0
0
0
0
0
0
0
0
0
0
0
0
0
0
0
0
0
0
0
0
0
0
0
0
0
0
0
0
0
0
0
0
0
0
0
0
0
0
0
0
0
0
0
0
0
0
0
0
0
0
0
0
0
0
0
0
0
0
0
0
0
0
0
0
0
0
0
0
0
0
0
0
0
0
0
0
0
0
0
0
0
0
0
0
0
0
0
0
0
0
0
0
0
0
0
0
0
0
0
0
0
0
0
0
0
0
0
0
0
0
0
0
0
0
0
0
0
0
0
0
0
0
0
0
0
0
0
0
0
0
0
0
0
0
0
0
0
0
0
0
0
0
0
0
0
0
0
0
0
0
0
0
0
0
0
0
0
0
0
0
0
0
0
0
0
0
0
0
0
0
0
0
0
0
0
0
0
0
0
0
0
0
0
0
0
0
0
0
0
0
0
0
0
0
0
0
0
0
0
0
0
0
0
0
0
0
0
0
0
0
0
0
0
0
0
0
0
0
0
0
0
0
0
0
0
0
0
0
0
0
0
0
0
0
0
0
0
0
0
0
0
0
0
0
0
0
0
0
0
0
0
0
0
0
0
0
0
0
0
0
0
0
0
0
0
0
0
0
0
0
0
0
0
0
0
0
0
0
0
0
0
0
0
0
0
0
0
0
0
0
0
0
0
0
1.401298464324817e-44
4.203895392974451e-44
9.528829557408756e-44
2.073921727200729e-43
4.484155085839415e-43
9.108440018111311e-43
1.80066852665739e-42
3.478022788454196e-42
6.698206659472626e-42
1.286391990250182e-41
2.462782051050866e-41
4.701636607502626e-41
8.952895888571256e-41
1.700643842273884e-40
3.222734234223501e-40
6.09248138528358e-40
1.149011491404706e-39
2.161785943510824e-39
4.057539577464974e-39
7.597583835950187e-39
1.41922975973401e-38
2.64482053065591e-38
4.917089609508881e-38
9.119897034355631e-38
1.687497869016483e-37
3.115082674662245e-37
5.736809190054758e-37
1.054016526835558e-36
1.93197723288811e-36
3.532936289733996e-36
6.445404703761681e-36
1.173131523951216e-35
2.130231235641853e-35
3.85915111059475e-35
6.974983993371167e-35
1.257715588887499e-34
2.262616551635442e-34
4.060972986946064e-34
7.271788510936621e-34
1.299109336754759e-33
2.315500159851266e-33
4.11756055031068e-33
7.30520515210111e-33
1.293074348757638e-32
2.283570721078658e-32
4.02352379404398e-32
7.072959500599686e-32
1.240507416883216e-31
2.170713477409248e-31
3.789760403011492e-31
6.60128099003704e-31
1.147237253379933e-30
1.989243198597101e-30
3.441385160789366e-30
5.940057706456562e-30
1.022965739746595e-29
1.75770387579021e-29
3.013322028050422e-29
5.154206217236932e-29
8.796207149621249e-29
1.497778384380454e-28
2.544597864870206e-28
4.313316073827056e-28
7.294994109926223e-28
1.231008679616142e-27
2.072625139356295e-27
3.481809012957986e-27
5.835990280523123e-27
9.760015149499774e-27
1.628597175852957e-26
2.711471470830497e-26
4.504281137461687e-26
7.465791316665718e-26
1.234687494699413e-25
2.037369612758446e-25
3.35440149023274e-25
5.510532633158012e-25
9.032463281237374e-25
1.477248738463776e-24
2.410664065831559e-24
3.925148616743577e-24
6.376945270679944e-24
1.033729798861037e-23
1.672014038898729e-23
2.698435988105979e-23
4.345343424290782e-23
6.981949125734263e-23
1.119361565201428e-22
1.790630320051381e-22
2.858142519198656e-22
4.552027316486967e-22
7.233848442424926e-22
1.147038592288926e-21
1.814811039876293e-21
2.865035169269919e-21
4.513092171431134e-21
7.09356650671805e-21
1.112504528729047e-20
1.740949102223171e-20
2.718428270518371e-20
4.235430985031167e-20
6.584545084029632e-20
1.021416191312403e-19
1.580989012302895e-19
2.441768150374178e-19
3.762961704259187e-19
5.786357927428412e-19
8.878329071854424e-19
1.359276742491798e-18
2.07651657303525e-18
3.16529491546455e-18
4.814424429991361e-18
7.306780826978962e-18
1.106520828901165e-17
1.672033938893251e-17
2.521056751829109e-17
3.79290832043084e-17
5.69395995049083e-17
8.529210173777998e-17
1.27483990745709e-16
1.901318842485069e-16
2.829480473078488e-16
4.20156320395172e-16
6.225403641721449e-16
9.203997647719156e-16
1.357806308184615e-15
1.998717387614608e-15
2.935736150569889e-15
4.302635145685043e-15
6.292219400545881e-15
9.181735504282945e-15
1.336894208211386e-14
1.942318545854627e-14
2.815753848888023e-14
4.07304838999107e-14
5.878880959516233e-14
8.466807848361499e-14
1.216730167140356e-13
1.744689055770479e-13
2.496263829324108e-13
3.563783111931035e-13
5.07668072077111e-13
7.215987247836952e-13
1.023430689153781e-12
1.448329195290199e-12
2.045134461087228e-12
2.881518808284245e-12
4.051029477147861e-12
5.682677418905602e-12
7.953963876428105e-12
1.110852642510762e-11
1.547998881856749e-11
2.152412970080064e-11
2.986209890476488e-11
4.133843614639865e-11
5.709863831748763e-11
7.869271206883965e-11
1.082129733043224e-10
1.484770362214505e-10
2.032699841780783e-10
2.776644192348243e-10
3.784416391372503e-10
5.146456039106795e-10
6.983079670064285e-10
9.453963167871393e-10
1.277049466175129e-09
1.721183084946176e-09
2.314571645456454e-09
3.10553849303119e-09
4.157425959050443e-09
5.553053572526778e-09
7.400438040150448e-09
9.840102954683516e-09
1.305439667476094e-08
1.727934240136619e-08
2.281965905126526e-08
3.006773852121114e-08
3.952758120817634e-08
5.184485729614607e-08
6.784456019204299e-08
8.857810485096707e-08
1.153818871557633e-07
1.499500541513044e-07
1.94424572441676e-07
2.515063499686221e-07
3.245919515393325e-07
4.179411519089626e-07
5.368817710404983e-07
6.880591172375716e-07
8.797391615189554e-07
1.122174694501155e-06
1.428047539775434e-06
1.81299947143998e-06
2.296268803547719e-06
2.901447942349478e-06
3.657386059785495e-06
4.599257863446837e-06
5.769822109868983e-06
7.220902261906303e-06
9.015121577249374e-06
1.122792036767351e-05
1.394990067637991e-05
1.728953611745965e-05
2.137628689524718e-05
2.636416502355132e-05
3.243580795242451e-05
3.980706969741732e-05
4.873224315815605e-05
5.950989361735992e-05
7.248933252412826e-05
8.807785343378782e-05
0.0001067486591637135
0.0001290495420107618
0.0001556123897898942
0.0001871631829999387
0.0002245329960715026
0.0002686693915165961
0.0003206484543625265
0.0003816872485913336
0.0004531563026830554
0.0005365922697819769
0.000633710587862879
0.0007464171503670514
0.0008768194238655269
0.00102723587770015
0.001200204133056104
0.001398486434482038
0.001625072676688433
0.001883179182186723
0.002176244277507067
0.002507918514311314
0.002882049418985844
0.003302660072222352
0.003773921402171254
0.004300117958337069
0.004885603208094835
0.005534748546779156
0.006251884624361992
0.007041232194751501
0.007906826213002205
0.008852432481944561
0.009881454519927502
0.01099683716893196
0.01220096368342638
0.01349555421620607
0.01488155219703913
0.01635902933776379
0.01792707666754723
0.01958371698856354
0.02132582478225231
0.02314904518425465
0.02504775300621986
0.02701503038406372
0.02904264628887177
0.03112109191715717
0.03323962539434433
0.03538635745644569
0.03754838556051254
0.03971193730831146
0.04186255857348442
0.04398534074425697
0.04606518894433975
0.04808707162737846
0.05003635585308075
0.05189908668398857
0.05366234853863716
0.0553145632147789
0.05684580281376839
0.05824808776378632
0.05951563641428947
0.06064508482813835
0.06163564696907997
0.06248924136161804
0.06321050226688385
0.06380677223205566
0.0642879530787468
0.06466633826494217
0.06495634466409683
0.0651741623878479
0.06533736735582352
0.06546442955732346
0.06557422876358032
0.06568551808595657
0.06581634283065796
0.06598354876041412
0.06620225310325623
0.06648535281419754
0.06684315949678421
0.06728304922580719
0.06780922412872314
0.06842261552810669
0.0691208615899086
0.06989843398332596
0.07074684649705887
0.0716550275683403
0.07260973751544952
0.07359609752893448
0.07459820806980133
0.0755997896194458
0.07658477872610092
0.07753805071115494
0.07844598591327667
0.07929699867963791
0.08008203655481339
0.08079490065574646
0.08143241703510284
0.08199457079172134
0.08248442411422729
0.08290788531303406
0.08327344059944153
0.08359165489673615
0.08387464284896851
0.08413545787334442
0.08438748121261597
0.08464372158050537
0.08491624891757965
0.08521557599306107
0.08555023372173309
0.08592639863491058
0.08634764701128006
0.08681487292051315
0.08732631802558899
0.0878777951002121
0.0884629562497139
0.08907375484704971
0.08970092982053757
0.09033454954624176
0.09096463024616241
0.09158164262771606
0.09217709302902222
0.09274393320083618
0.09327691793441772
0.09377281367778778
0.09423056244850159
0.09465119242668152
0.09503769874572754
0.09539476782083511
0.09572843462228775
0.09604563564062119
0.09635375440120697
0.09666013717651367
0.09697163850069046
0.09729422628879547
0.09763263911008835
0.09799012541770935
0.09836836904287338
0.09876739233732224
0.09918569773435593
0.09962040930986404
0.1000675559043884
0.10052240639925
0.1009798273444176
0.1014346703886986
0.101882092654705
0.1023178994655609
0.1027388125658035
0.1031426414847374
0.1035283654928207
0.1038961410522461
0.1042472571134567
0.1045839190483093
0.1049091070890427
0.1052262559533119
0.1055389940738678
0.105850875377655
0.1061650961637497
0.1064843535423279
0.106810562312603
0.1071448549628258
0.1074874922633171
0.107837937772274
0.1081949397921562
0.1085566505789757
0.1089208573102951
0.1092851534485817
0.1096471399068832
0.1100046634674072
0.1103558987379074
0.1106995120644569
0.1110347509384155
0.1113614663481712
0.1116800382733345
0.1119913533329964
0.1122967004776001
0.1125975772738457
0.1128956452012062
0.1131924986839294
0.11348956823349
0.1137880384922028
0.1140887215733528
0.1143920496106148
0.1146980300545692
0.1150063276290894
0.115316279232502
0.1156270056962967
0.1159375011920929
0.1162467077374458
0.1165536493062973
0.1168574839830399
0.1171575859189034
0.1174536123871803
0.117745466530323
0.1180332973599434
0.1183174625039101
0.1185985133051872
0.118877112865448
0.1191539615392685
0.119429737329483
0.119705006480217
0.1199802458286285
0.1202557384967804
0.1205316260457039
0.1208078265190125
0.1210841313004494
0.1213602349162102
0.1216357499361038
0.1219102367758751
0.1221833005547523
0.1224545761942863
0.1227238029241562
0.1229907870292664
0.1232554987072945
0.1235179901123047
0.1237783953547478
0.124036967754364
0.1242939531803131
0.1245496496558189
0.124804325401783
0.1250582188367844
0.1253114938735962
0.1255642622709274
0.1258165687322617
0.1260683536529541
0.1263195276260376
0.1265699565410614
0.1268194913864136
0.1270679533481598
0.1273152083158493
0.1275611221790314
0.1278056353330612
0.1280486732721329
0.1282902657985687
0.1285304874181747
0.1287694126367569
0.1290071159601212
0.1292437165975571
0.129479318857193
0.1297140270471573
0.1299478709697723
0.1301808506250381
0.1304130107164383
0.1306443065404892
0.1308746784925461
0.131104052066803
0.1313322931528091
0.1315593123435974
0.1317850053310394
0.1320092231035233
0.1322318762540817
0.1324528157711029
0.1326719373464584
0.1328890919685364
0.1331041306257248
0.1333169043064117
0.1335271149873734
0.1337345391511917
0.1339388191699982
0.1341395676136017
0.1343362629413605
0.1345283836126328
0.1347152143716812
0.1348959505558014
0.135069727897644
0.1352354884147644
0.1353920698165894
0.135538175702095
0.1356723755598068
0.1357929855585098
0.1358982622623444
0.1359861791133881
0.1360545456409454
0.1361009478569031
0.1361227929592133
0.136117234826088
0.1360811740159988
0.1360114216804504
0.135904461145401
0.1357565969228745
0.1355640143156052
0.1353227496147156
0.1350287199020386
0.1346778720617294
0.1342660635709763
0.1337892711162567
0.1332436054944992
0.1326253861188889
0.1319312900304794
0.1311583369970322
0.1303040683269501
0.1293665915727615
0.1283447593450546
0.1272381991147995
0.1260474771261215
0.1247740834951401
0.1234206408262253
0.1219908967614174
0.1204898059368134
0.1189235672354698
0.1172995790839195
0.1156265065073967
0.1139141917228699
0.1121735498309135
0.1104164943099022
0.1086557954549789
0.1069048568606377
0.1051775366067886
0.1034878641366959
0.1018498241901398
0.1002770215272903
0.09878237545490265
0.09737784415483475
0.09607408195734024
0.0948801189661026
0.09380312263965607
0.09284812211990356
0.09201781451702118
0.09131240844726562
0.09072951972484589
0.09026416391134262
0.08990879356861115
0.08965344727039337
0.08948594331741333
0.08939214050769806
0.08935634046792984
0.08936170488595963
0.08939070254564285
0.08942566066980362
0.08944926410913467
0.08944512903690338
0.08939831703901291
0.08929581940174103
0.08912699669599533
0.08888393640518188
0.08856168389320374
0.08815840631723404
0.08767545968294144
0.08711723983287811
0.08649099618196487
0.08580650389194489
0.08507557958364487
0.08431164175271988
0.08352899551391602
0.08274226635694504
0.08196568489074707
0.08121247589588165
0.0804942399263382
0.07982040196657181
0.07919780164957047
0.07863030582666397
0.07811871916055679
0.07766064256429672
0.07725067436695099
0.07688059657812119
0.0765397846698761
0.07621569931507111
0.07589444518089294
0.07556141167879105
0.07520195096731186
0.07480198889970779
0.07434863597154617
0.07383070141077042
0.07323907315731049
0.07256701588630676
0.0718102902173996
0.0709671825170517
0.07003829628229141
0.06902630627155304
0.06793556362390518
0.06677161157131195
0.06554070115089417
0.06424922496080399
0.06290321052074432
0.06150789186358452
0.06006733328104019
0.05858416110277176
0.05705944076180458
0.05549270287156105
0.05388206243515015
0.05222449451684952
0.05051620677113533
0.04875307530164719
0.04693115502595901
0.04504716023802757
0.04309898614883423
0.0410861037671566
0.03900991752743721
0.03687399625778198
0.0346841923892498
0.03244864195585251
0.03017758205533028
0.02788312174379826
0.02557886391878128
0.02327948994934559
0.02100025862455368
0.01875651255249977
0.01656319200992584
0.01443438231945038
0.01238292083144188
0.01042008493095636
0.008555378764867783
0.006796379573643208
0.00514870323240757
0.003616028698161244
0.002200187416747212
0.0009012956288643181
-0.0002820800873450935
-0.001352761872112751
-0.00231480086222291
-0.003173337550833821
-0.003934495151042938
-0.004605297930538654
-0.005193620454519987
-0.005708157550543547
-0.006158400792628527
-0.006554613821208477
-0.006907781586050987
-0.007229540031403303
-0.007532048039138317
-0.007827821187674999
-0.008129502646625042
-0.008449596352875233
-0.008800145238637924
-0.009192390367388725
-0.009636415168642998
-0.01014079991728067
-0.01071230508387089
-0.01135559659451246
-0.01207304652780294
-0.0128646120429039
-0.01372780464589596
-0.01465775538235903
-0.01564737968146801
-0.01668762229382992
-0.01776778697967529
-0.01887593045830727
-0.01999928988516331
-0.02112474851310253
-0.02223929390311241
-0.02333047427237034
-0.02438680082559586
-0.02539812959730625
-0.02635596506297588
-0.02725369669497013
-0.02808676846325397
-0.02885275892913342
-0.02955141104757786
-0.0301845595240593
-0.03075600974261761
-0.03127134963870049
-0.03173772990703583
-0.03216355293989182
-0.03255818039178848
-0.03293158486485481
-0.03329399600625038
-0.03365551307797432
-0.03402578458189964
-0.0344136618077755
-0.03482689335942268
-0.03527184575796127
-0.03575330600142479
-0.03627430647611618
-0.03683606162667274
-0.03743794560432434
-0.03807753697037697
-0.03875077143311501
-0.03945214673876762
-0.04017496109008789
-0.04091165214776993
-0.04165414348244667
-0.04239420592784882
-0.04312383383512497
-0.0438355952501297
-0.04452298209071159
-0.04518065601587296
-0.04580469056963921
-0.04639269039034843
-0.04694388061761856
-0.04745906591415405
-0.04794057831168175
-0.04839207231998444
-0.04881834611296654
-0.04922504723072052
-0.04961836338043213
-0.05000469088554382
-0.0503903403878212
-0.05078120902180672
-0.05118250101804733
-0.05159851163625717
-0.05203241854906082
-0.05248621106147766
-0.052960604429245
-0.05345506221055984
-0.05396788567304611
-0.05449635908007622
-0.05503693595528603
-0.05558544024825096
-0.05613734945654869
-0.05668801441788673
-0.05723295360803604
-0.0577680692076683
-0.05828983709216118
-0.05879551917314529
-0.05928324908018112
-0.05975209549069405
-0.06020212173461914
-0.06063428521156311
-0.06105034425854683
-0.06145277619361877
-0.06184456497430801
-0.06222899258136749
-0.0626094788312912
-0.06298934668302536
-0.06337165087461472
-0.06375898420810699
-0.06415339559316635
-0.06455623358488083
-0.06496814638376236
-0.06538905203342438
-0.06581819802522659
-0.06625424325466156
-0.06669534742832184
-0.06713932752609253
-0.0675838440656662
-0.06802649796009064
-0.06846503168344498
-0.06889742612838745
-0.06932206451892853
-0.06973776966333389
-0.07014389336109161
-0.07054030150175095
-0.07092738151550293
-0.07130598276853561
-0.0716773197054863
-0.07204289734363556
-0.07240436226129532
-0.07276341319084167
-0.07312168926000595
-0.07348064333200455
-0.07384146749973297
-0.07420504093170166
-0.0745718702673912
-0.07494208961725235
-0.07531546056270599
-0.07569141685962677
-0.07606913149356842
-0.07644756883382797
-0.07682559639215469
-0.07720203697681427
-0.07757579535245895
-0.07794588804244995
-0.07831152528524399
-0.0786721333861351
-0.07902738451957703
-0.07937724888324738
-0.07972190529108047
-0.08006171882152557
-0.08039723336696625
-0.08072908967733383
-0.08105795830488205
-0.08138446509838104
-0.08170914649963379
-0.08203238248825073
-0.08235438168048859
-0.08267515152692795
-0.08299446105957031
-0.08331183344125748
-0.08362659811973572
-0.0839378759264946
-0.08424464613199234
-0.08454575389623642
-0.08483993262052536
-0.0851258784532547
-0.08540228009223938
-0.08566777408123016
-0.0859210267663002
-0.08616068959236145
-0.08638541400432587
-0.08659380674362183
-0.08678442239761353
-0.086955726146698
-0.08710607141256332
-0.08723365515470505
-0.08733648061752319
-0.08741235733032227
-0.08745887130498886
-0.08747336268424988
-0.0874529555439949
-0.0873945951461792
-0.08729502558708191
-0.08715085685253143
-0.08695860952138901
-0.08671477437019348
-0.0864158496260643
-0.08605845272541046
-0.08563932031393051
-0.0851554349064827
-0.08460406959056854
-0.08398284018039703
-0.08328980952501297
-0.08252351731061935
-0.08168303221464157
-0.08076803386211395
-0.07977887988090515
-0.07871663570404053
-0.07758311182260513
-0.07638096064329147
-0.07511365413665771
-0.07378555089235306
-0.07240188866853714
-0.07096885144710541
-0.06949348747730255
-0.0679837092757225
-0.06644827127456665
-0.06489665061235428
-0.06333903223276138
-0.06178614497184753
-0.06024911627173424
-0.05873934179544449
-0.05726828426122665
-0.05584727972745895
-0.05448731034994125
-0.05319880694150925
-0.05199141055345535
-0.05087374523282051
-0.04985318705439568
-0.04893567785620689
-0.04812553524971008
-0.04742531478404999
-0.04683568328619003
-0.04635534435510635
-0.04598100855946541
-0.04570742323994637
-0.04552740976214409
-0.04543201997876167
-0.04541068151593208
-0.04545142874121666
-0.0455411896109581
-0.04566605016589165
-0.04581162333488464
-0.04596339166164398
-0.04610711336135864
-0.04622916504740715
-0.04631692171096802
-0.04635912179946899
-0.04634616896510124
-0.04627041891217232
-0.04612639173865318
-0.04591094329953194
-0.04562332481145859
-0.04526523128151894
-0.04484068602323532
-0.04435593262314796
-0.04381919652223587
-0.04324039071798325
-0.04263076931238174
-0.04200251027941704
-0.0413682833313942
-0.04074079543352127
-0.0401323176920414
-0.03955424576997757
-0.03901666030287743
-0.03852799162268639
-0.03809469565749168
-0.03772105649113655
-0.03740902990102768
-0.03715820610523224
-0.03696588054299355
-0.03682719543576241
-0.03673538938164711
-0.03668211027979851
-0.03665780648589134
-0.03665215894579887
-0.03665455803275108
-0.03665454685688019
-0.03664229065179825
-0.03660901263356209
-0.03654734045267105
-0.03645161539316177
-0.0363180972635746
-0.03614508733153343
-0.03593292832374573
-0.03568394482135773
-0.03540225327014923
-0.03509350493550301
-0.03476456180214882
-0.0344231016933918
-0.03407720476388931
-0.03373492881655693
-0.0334039069712162
-0.03309094905853271
-0.03280172124505043
-0.03254048526287079
-0.03230992332100868
-0.03211106359958649
-0.03194326907396317
-0.03180435299873352
-0.03169074282050133
-0.03159775584936142
-0.03151988983154297
-0.03145115822553635
-0.03138547018170357
-0.03131697699427605
-0.03124038316309452
-0.03115124069154263
-0.0310461763292551
-0.03092302940785885
-0.03078093007206917
-0.03062028251588345
-0.03044268861413002
-0.0302507858723402
-0.03004803881049156
-0.02983847446739674
-0.02962640486657619
-0.02941614575684071
-0.0292117390781641
-0.02901670522987843
-0.02883384004235268
-0.0286650788038969
-0.0285114087164402
-0.02837285585701466
-0.02824852988123894
-0.0281367339193821
-0.02803512662649155
-0.0279409009963274
-0.02785101160407066
-0.02776238694787025
-0.02767214365303516
-0.02757777273654938
-0.02747729048132896
-0.02736934274435043
-0.02725327201187611
-0.02712910808622837
-0.02699753455817699
-0.02685979567468166
-0.02671756967902184
-0.0265728235244751
-0.02642764523625374
-0.02628408931195736
-0.02614402212202549
-0.02600899897515774
-0.02588016167283058
-0.02575818076729774
-0.02564323507249355
-0.02553502656519413
-0.02543283626437187
-0.02533560432493687
-0.0252420362085104
-0.0251507144421339
-0.02506021410226822
-0.02496922016143799
-0.02487662062048912
-0.02478157542645931
-0.02468356303870678
-0.02458241023123264
-0.02447826601564884
-0.02437157742679119
-0.02426302433013916
-0.02415345422923565
-0.02404379285871983
-0.02393496409058571
-0.0238278154283762
-0.0237230509519577
-0.02362118288874626
-0.02352249808609486
-0.02342705987393856
-0.02333471179008484
-0.02324509993195534
-0.02315773069858551
-0.0230720154941082
-0.02298732288181782
-0.02290305122733116
-0.02281866408884525
-0.02273373305797577
-0.02264797128736973
-0.02256124652922153
-0.02247357740998268
-0.02238511852920055
-0.02229614369571209
-0.0222069937735796
-0.02211805991828442
-0.02202972769737244
-0.02194235101342201
-0.02185622230172157
-0.02177154459059238
-0.02168842777609825
-0.02160687744617462
-0.02152680233120918
-0.02144804783165455
-0.02137038856744766
-0.02129357308149338
-0.02121733874082565
-0.02114144526422024
-0.02106568776071072
-0.02098992094397545
-0.02091405913233757
-0.02083808183670044
-0.02076203003525734
-0.02068600058555603
-0.02061012201011181
-0.02053454704582691
-0.02045943029224873
-0.02038491517305374
-0.02031111903488636
-0.02023812755942345
-0.02016598545014858
-0.02009468898177147
-0.02002419903874397
-0.01995444856584072
-0.01988533698022366
-0.01981676742434502
-0.0197486374527216
-0.01968084834516048
-0.01961332745850086
-0.01954602263867855
-0.01947890780866146
-0.01941198110580444
-0.01934526488184929
-0.01927880570292473
-0.01921265199780464
-0.0191468633711338
-0.01908149570226669
-0.01901659928262234
-0.01895220763981342
-0.01888834312558174
-0.01882500760257244
-0.01876218803226948
-0.01869985833764076
-0.01863798499107361
-0.01857652701437473
-0.01851544342935085
-0.01845469325780869
-0.01839424669742584
-0.01833408139646053
-0.01827418804168701
-0.01821456104516983
-0.01815520972013474
-0.01809614896774292
-0.01803739555180073
-0.01797897554934025
-0.01792090199887753
-0.0178631953895092
-0.01780586317181587
-0.01774891093373299
-0.01769233681261539
-0.01763613149523735
-0.01758028194308281
-0.01752477325499058
-0.01746958494186401
-0.01741470396518707
-0.01736011542379856
-0.01730581000447273
-0.01725178211927414
-0.01719802804291248
-0.01714454591274261
-0.01709133759140968
-0.01703841052949429
-0.01698576845228672
-0.01693341881036758
-0.01688136532902718
-0.0168296080082655
-0.01677815057337284
-0.01672699116170406
-0.01667612791061401
-0.01662555336952209
-0.01657526381313801
-0.01652524992823601
-0.0164755042642355
-0.01642602123320103
-0.016376793384552
-0.01632781885564327
-0.01627909578382969
-0.0162306223064661
-0.01618239656090736
-0.01613442040979862
-0.01608669571578503
-0.01603922247886658
-0.01599199883639812
-0.01594502665102482
-0.01589830592274666
-0.01585183292627335
-0.01580560579895973
-0.01575962267816067
-0.0157138779759407
-0.01566836982965469
-0.01562309730798006
-0.01557805668562651
-0.01553324330598116
-0.01548865437507629
-0.01544428989291191
-0.01540014799684286
-0.015356226824224
-0.01531252637505531
-0.01526904478669167
-0.01522578112781048
-0.01518273446708918
-0.01513990387320518
-0.01509729120880365
-0.01505489367991686
-0.01501271035522223
-0.01497073750942945
-0.01492897421121597
-0.01488741673529148
-0.0148460641503334
-0.01480491366237402
-0.01476396154612303
-0.01472320687025785
-0.0146826496347785
-0.01464228704571724
-0.01460212003439665
-0.01456214487552643
-0.01452236343175173
-0.0144827738404274
-0.01444337610155344
-0.01440416742116213
-0.01436514779925346
-0.01432631444185972
-0.0142876673489809
-0.01424920372664928
-0.01421092357486486
-0.01417282316833735
-0.0141349034383893
-0.01409716252237558
-0.01405959948897362
-0.01402221154421568
-0.01398499868810177
-0.01394795905798674
-0.01391109358519316
-0.01387440040707588
-0.01383787672966719
-0.01380152255296707
-0.01376533787697554
-0.01372931990772486
-0.01369346585124731
-0.01365777663886547
-0.01362225133925676
-0.01358688902109861
-0.01355168875306845
-0.01351664960384369
-0.01348176784813404
-0.01344704441726208
-0.01341247744858265
-0.01337806694209576
-0.01334381010383368
-0.01330970786511898
-0.0132757592946291
-0.01324196252971888
-0.01320831663906574
-0.01317481882870197
-0.01314147096127272
-0.01310827024281025
-0.01307521760463715
-0.01304230839014053
-0.01300954632461071
-0.0129769267514348
-0.01294445153325796
-0.01291211787611246
-0.0128799257799983
-0.01284787338227034
-0.01281596161425114
-0.01278418861329556
-0.01275255344808102
-0.01272105518728495
-0.01268969103693962
-0.01265846192836761
-0.0126273687928915
-0.01259640976786613
-0.01256558205932379
-0.01253488846123219
-0.0125043261796236
-0.01247389707714319
-0.01244359742850065
-0.01241342630237341
-0.01238338276743889
-0.01235346496105194
-0.01232367474585772
-0.01229400932788849
-0.01226446777582169
-0.01223505008965731
-0.01220575626939535
-0.0121765835210681
-0.01214753277599812
-0.01211860403418541
-0.01208979543298483
-0.01206110697239637
-0.01203253585845232
-0.01200408302247524
-0.01197574660181999
-0.01194752566516399
-0.0119194183498621
-0.01189142558723688
-0.01186354830861092
-0.01183578558266163
-0.01180813647806644
-0.01178060006350279
-0.01175317727029324
-0.01172586809843779
-0.01169867068529129
-0.01167158596217632
-0.01164461113512516
-0.01161774713546038
-0.01159099116921425
-0.01156434137374163
-0.01153779495507479
-0.01151135377585888
-0.01148501504212618
-0.01145878061652184
-0.01143264956772327
-0.01140662003308535
-0.01138069294393063
-0.01135486643761396
-0.01132914144545794
-0.01130352076143026
-0.01127800066024065
-0.01125258207321167
-0.01122726406902075
-0.01120204664766788
-0.01117692887783051
-0.01115190889686346
-0.01112698670476675
-0.01110216043889523
-0.01107743009924889
-0.01105279382318258
-0.01102825254201889
-0.01100380718708038
-0.01097945403307676
-0.01095519587397575
-0.01093103177845478
-0.01090696267783642
-0.01088298764079809
-0.01085910387337208
-0.01083531230688095
-0.01081161107867956
-0.01078799925744534
-0.01076447684317827
-0.01074104104191065
-0.01071769278496504
-0.01069443300366402
-0.01067125890403986
-0.01064817234873772
-0.01062517240643501
-0.01060225814580917
-0.01057942863553762
-0.01055668201297522
-0.01053401920944452
-0.01051144301891327
-0.01048895064741373
-0.01046654209494591
-0.01044421549886465
-0.01042197179049253
-0.01039981096982956
-0.010377730242908
-0.01035573333501816
-0.01033381838351488
-0.01031198259443045
-0.01029022783041
-0.0102685522288084
-0.01024695672094822
-0.01022543851286173
-0.01020399853587151
-0.01018263585865498
-0.01016135048121214
-0.01014014054089785
-0.01011900790035725
-0.01009795162826777
-0.01007696893066168
-0.01005606167018414
-0.01003523077815771
-0.01001447346061468
-0.009993791580200195
-0.009973185136914253
-0.00995265319943428
-0.009932195767760277
-0.009911812841892242
-0.009891500696539879
-0.009871263056993484
-0.009851096197962761
-0.009830999188125134
-0.009810972958803177
-0.009791016578674316
-0.009771128185093403
-0.009751308709383011
-0.009731559082865715
-0.009711876511573792
-0.009692261926829815
-0.009672718122601509
-0.009653241373598576
-0.009633833542466164
-0.009614494629204273
-0.009595220908522606
-0.009576013311743736
-0.009556871838867664
-0.009537797421216965
-0.009518789127469063
-0.009499847888946533
-0.009480972774326801
-0.009462162852287292
-0.009443417191505432
-0.009424738585948944
-0.009406122379004955
-0.00938756950199604
-0.009369080886244774
-0.009350652806460857
-0.009332286193966866
-0.009313981048762798
-0.009295736439526081
-0.009277551434934139
-0.009259426034986973
-0.009241361171007156
-0.009223358705639839
-0.009205416776239872
-0.00918753445148468
-0.009169713594019413
-0.009151950478553772
-0.009134247899055481
-0.009116604924201965
-0.009099021553993225
-0.009081496857106686
-0.009064032696187496
-0.009046627208590508
-0.009029279462993145
-0.009011989459395409
-0.008994756266474724
-0.008977579884231091
-0.008960457518696785
-0.008943391032516956
-0.008926381357014179
-0.00890942569822073
-0.008892524987459183
-0.008875680156052113
-0.008858892135322094
-0.008842157199978828
-0.008825477212667465
-0.008808853104710579
-0.008792281150817871
-0.008775764144957066
-0.008759302087128162
-0.008742892183363438
-0.008726535364985466
-0.008710230700671673
-0.008693979121744633
-0.008677779696881771
-0.008661632426083088
-0.008645537309348583
-0.008629493415355682
-0.008613497018814087
-0.008597551845014095
-0.008581656962633133
-0.008565813302993774
-0.008550018072128296
-0.008534271270036697
-0.008518575690686703
-0.008502929471433163
-0.008487330749630928
-0.008471782319247723
-0.008456284180283546
-0.00844083447009325
-0.008425433188676834
-0.008410080336034298
-0.008394777774810791
-0.008379523642361164
-0.008364315144717693
-0.008349155075848103
-0.008334042504429817
-0.008318977430462837
-0.008303957991302013
-0.008288986049592495
-0.008274061605334282
-0.0082591837272048
-0.008244352415204048
-0.008229565806686878
-0.00821482390165329
-0.008200128562748432
-0.008185476996004581
-0.008170871064066887
-0.008156307972967625
-0.008141789585351944
-0.008127314038574696
-0.008112882263958454
-0.008098495192825794
-0.008084151893854141
-0.008069852367043495
-0.008055594749748707
-0.0080413818359375
-0.0080272126942873
-0.008013087324798107
-0.007999003864824772
-0.007984964177012444
-0.007970967330038548
-0.007957013323903084
-0.007943100295960903
-0.007929228246212006
-0.00791539903730154
-0.007901610806584358
-0.007887862622737885
-0.007874156348407269
-0.007860491052269936
-0.007846866734325886
-0.007833282463252544
-0.007819739170372486
-0.007806236855685711
-0.007792774122208357
-0.007779350504279137
-0.007765965070575476
-0.007752617821097374
-0.007739308290183544
-0.007726037874817848
-0.007712805178016424
-0.007699610199779272
-0.007686453871428967
-0.007673336192965508
-0.007660257630050182
-0.007647217251360416
-0.007634214591234922
-0.0076212496496737
-0.007608321495354176
-0.007595431059598923
-0.007582576014101505
-0.007569755893200636
-0.007556970696896315
-0.007544219959527254
-0.007531504146754742
-0.007518822327256203
-0.00750617403537035
-0.007493559271097183
-0.007480977568775415
-0.007468428928405046
-0.007455912884324789
-0.00744342990219593
-0.007430978585034609
-0.00741855800151825
-0.007406166754662991
-0.007393801584839821
-0.007381462026387453
-0.007369145750999451
-0.007356850896030664
-0.007344575133174658
-0.007332316599786282
-0.007320074364542961
-0.00730784609913826
-0.007295629940927029
-0.007283423095941544
-0.007271222304552794
-0.007259024772793055
-0.00724682817235589
-0.00723462738096714
-0.007222417742013931
-0.007210193667560816
-0.007197950500994921
-0.007185681257396936
-0.007173382211476564
-0.007161045912653208
-0.007148663979023695
-0.007136228494346142
-0.007123731542378664
-0.007111164275556803
-0.007098516449332237
-0.007085776887834072
-0.007072935812175274
-0.007059980649501085
-0.007046898361295462
-0.007033674512058496
-0.007020295131951571
-0.00700674531981349
-0.006993007846176624
-0.006979066878557205
-0.006964904256165028
-0.006950501818209887
-0.00693584093824029
-0.006920902989804745
-0.006905666086822748
-0.006890109740197659
-0.006874214392155409
-0.006857958622276783
-0.006841320544481277
-0.006824278272688389
-0.006806811317801476
-0.006788897793740034
-0.006770516280084848
-0.006751647684723139
-0.006732271984219551
-0.006712370552122593
-0.006691925693303347
-0.006670922040939331
-0.006649344693869352
-0.006627180147916079
-0.006604418158531189
-0.006581050809472799
-0.006557072512805462
-0.00653248094022274
-0.006507277488708496
-0.006481468211859465
-0.006455060094594955
-0.006428067106753588
-0.006400506012141705
-0.006372398696839809
-0.006343770306557417
-0.006314652971923351
-0.006285080686211586
-0.006255092564970255
-0.006224732380360365
-0.006194048095494509
-0.006163091864436865
-0.006131920497864485
-0.006100594066083431
-0.006069178227335215
-0.00603773957118392
-0.006006348878145218
-0.005975077860057354
-0.005944001954048872
-0.005913196131587029
-0.005882736295461655
-0.005852697417140007
-0.00582315307110548
-0.005794175900518894
-0.005765832960605621
-0.005738190840929747
-0.005711309146136045
-0.005685244221240282
-0.005660043563693762
-0.005635750014334917
-0.005612396635115147
-0.005590010900050402
-0.005568610969930887
-0.005548205692321062
-0.005528794601559639
-0.005510366521775723
-0.005492901429533958
-0.005476369056850672
-0.005460729356855154
-0.005445931572467089
-0.005431916564702988
-0.005418616812676191
-0.005405956879258156
-0.00539385387673974
-0.005382219329476357
-0.00537096057087183
-0.005359981674700975
-0.005349183455109596
-0.005338467657566071
-0.005327736493200064
-0.005316894501447678
-0.005305849481374025
-0.00529451621696353
-0.005282815080136061
-0.005270675290375948
-0.00525803305208683
-0.005244837608188391
-0.005231047980487347
-0.005216635763645172
-0.005201585125178099
-0.005185891874134541
-0.005169566720724106
-0.005152632016688585
-0.00513512222096324
-0.005117083434015512
-0.005098572466522455
-0.00507965637370944
-0.005060410127043724
-0.005040915682911873
-0.005021259654313326
-0.005001533310860395
-0.004981828387826681
-0.004962236154824495
-0.004942845553159714
-0.004923741798847914
-0.004905004519969225
-0.004886703100055456
-0.004868900403380394
-0.004851647187024355
-0.004834980703890324
-0.004818927496671677
-0.004803500138223171
-0.00478869816288352
-0.004774508066475391
-0.004760903306305408
-0.004747845698148012
-0.004735285416245461
-0.004723162855952978
-0.00471141142770648
-0.004699958022683859
-0.004688724409788847
-0.004677629563957453
-0.004666591994464397
-0.004655531607568264
-0.004644371569156647
-0.004633041564375162
-0.004621477797627449
-0.004609624855220318
-0.004597438964992762
-0.004584886599332094
-0.004571946803480387
-0.004558611661195755
-0.00454488443210721
-0.004530782345682383
-0.004516333341598511
-0.004501576069742441
-0.004486558027565479
-0.004471335560083389
-0.00445597106590867
-0.004440531134605408
-0.004425084684044123
-0.004409700632095337
-0.004394445102661848
-0.004379383288323879
-0.004364573396742344
-0.004350066184997559
-0.004335904493927956
-0.004322122316807508
-0.00430874340236187
-0.004295781254768372
-0.004283238667994738
-0.004271108657121658
-0.004259374924004078
-0.004248011857271194
-0.004236987326294184
-0.004226262681186199
-0.004215795546770096
-0.004205540753901005
-0.004195453599095345
-0.004185491241514683
-0.004175612237304449
-0.004165782127529383
-0.004155972972512245
-0.004146163817495108
-0.004136345349252224
-0.004126517102122307
-0.00411668885499239
-0.004106880631297827
-0.00409712502732873
-0.004087462089955807
-0.004077941179275513
-0.004068620037287474
-0.004059560596942902
-0.004050832241773605
-0.004042505286633968
-0.004034651909023523
-0.004027341958135366
-0.004020645748823881
-0.004014628008008003
-0.00400934973731637
-0.004004864022135735
-0.004001219756901264
-0.003998454660177231
-0.003996600862592459
-0.003995682112872601
-0.003995713777840137
-0.003996702376753092
-0.003998647909611464
-0.00400154385715723
-0.00400537857785821
-0.004010135307908058
-0.00401579262688756
-0.004022327717393637
-0.004029714036732912
-0.004037924110889435
-0.004046930931508541
-0.004056704696267843
-0.004067216068506241
-0.004078436642885208
-0.004090335685759783
-0.004102881532162428
-0.004116041585803032
-0.004129779990762472
-0.004144057631492615
-0.004158830270171165
-0.004174049012362957
-0.004189658910036087
-0.004205597564578056
-0.004221795126795769
-0.004238172899931669
-0.004254645667970181
-0.004271119832992554
-0.004287496209144592
-0.004303667228668928
-0.00431952066719532
-0.004334942437708378
-0.004349814262241125
-0.00436401879414916
-0.004377440083771944
-0.004389967769384384
-0.004401497077196836
-0.004411932080984116
-0.004421187099069357
-0.004429189953953028
-0.004435883834958076
-0.004441225901246071
-0.004445192404091358
-0.004447778221219778
-0.004448995925486088
-0.004448876716196537
-0.004447472747415304
-0.004444853402674198
-0.004441103432327509
-0.004436323884874582
-0.004430630709975958
-0.004424150101840496
-0.004417018033564091
-0.004409378860145807
-0.004401379730552435
-0.004393171984702349
-0.004384905565530062
-0.004376727156341076
-0.004368778318166733
-0.004361193161457777
-0.004354094155132771
-0.00434759259223938
-0.004341785330325365
-0.004336754325777292
-0.004332564305514097
-0.004329262766987085
-0.004326878115534782
-0.004325420595705509
-0.004324881825596094
-0.004325234796851873
-0.004326434805989265
-0.004328419454395771
-0.004331112373620272
-0.004334421828389168
-0.004338246304541826
-0.004342472180724144
-0.004346978850662708
-0.004351641982793808
-0.004356333054602146
-0.004360924474895
-0.00436529191210866
-0.00436931848526001
-0.004372894298285246
-0.004375920165330172
-0.004378313664346933
-0.004380004946142435
-0.00438094325363636
-0.004381095059216022
-0.00438044685870409
-0.004379005171358585
-0.00437679560855031
-0.004373861942440271
-0.004370266571640968
-0.004366088658571243
-0.004361420404165983
-0.00435636518523097
-0.004351035226136446
-0.004345547407865524
-0.004340021405369043
-0.004334574099630117
-0.004329317715018988
-0.004324357490986586
-0.004319786559790373
-0.004315683152526617
-0.004312110599130392
-0.004309112671762705
-0.004306714981794357
-0.004304924048483372
-0.004303725436329842
-0.004303085617721081
-0.004302953835576773
-0.004303264431655407
-0.004303937312215567
-0.004304882138967514
-0.004306002985686064
-0.004307199269533157
-0.004308369010686874
-0.004309414885938168
-0.00431024469435215
-0.004310776945203543
-0.00431094178929925
-0.004310683347284794
-0.004309963434934616
-0.004308758769184351
-0.004307065159082413
-0.004304894711822271
-0.004302275832742453
-0.004299252294003963
-0.004295881371945143
-0.004292231053113937
-0.004288376308977604
-0.004284396767616272
-0.00428037578240037
-0.004276392981410027
-0.004272524733096361
-0.004268839489668608
-0.004265396390110254
-0.004262244328856468
-0.004259415902197361
-0.004256932530552149
-0.004254798870533705
-0.004253006540238857
-0.004251533187925816
-0.004250344354659319
-0.004249395336955786
-0.004248633049428463
-0.00424799881875515
-0.004247431643307209
-0.004246868193149567
-0.00424624839797616
-0.004245515447109938
-0.004244621377438307
-0.004243523813784122
-0.004242193419486284
-0.004240609705448151
-0.004238763824105263
-0.004236659966409206
-0.004234310705214739
-0.0042317402549088
-0.004228981211781502
-0.004226073157042265
-0.004223062191158533
-0.004219995811581612
-0.004216921981424093
-0.004213888663798571
-0.004210938699543476
-0.004208110738545656
-0.004205436911433935
-0.00420294189825654
-0.004200641065835953
-0.004198540467768908
-0.004196637775748968
-0.004194922279566526
-0.004193376284092665
-0.004191975574940443
-0.004190691281110048
-0.004189491737633944
-0.00418834388256073
-0.004187215585261583
-0.004186077043414116
-0.004184901714324951
-0.004183669574558735
-0.004182364791631699
-0.004180979914963245
-0.004179515410214663
-0.00417797826230526
-0.004176382441073656
-0.004174749832600355
-0.004173105582594872
-0.00417147995904088
-0.004169906489551067
-0.004168418236076832
-0.004167050588876009
-0.004165839403867722
-0.004164814949035645
-0.004164004698395729
-0.004163433331996202
-0.004163120873272419
-0.004163081292062998
-0.004163325298577547
-0.004163858480751514
-0.004164681769907475
-0.00416579470038414
-0.0041671940125525
-0.004168875515460968
-0.004170834086835384
-0.004173066467046738
-0.004175571259111166
-0.004178348463028669
-0.004181402735412121
-0.004184741992503405
-0.004188377410173416
-0.004192324820905924
-0.004196603316813707
-0.004201233852654696
-0.004206241108477116
-0.004211650229990482
-0.004217486828565598
-0.004223776049911976
-0.004230540711432695
-0.004237801302224398
-0.004245574586093426
-0.004253874532878399
-0.004262709524482489
-0.004272083286195993
-0.004281993489712477
-0.004292434081435204
-0.004303392488509417
-0.004314851015806198
-0.004326788708567619
-0.004339180886745453
-0.004351998679339886
-0.004365211352705956
-0.004378786776214838
-0.004392689559608698
-0.0044068843126297
-0.004421334248036146
-0.004436001181602478
-0.004450845997780561
-0.004465829581022263
-0.00448091235011816
-0.004496052395552397
-0.004511207807809114
-0.004526334349066019
-0.004541386850178242
-0.004556319676339626
-0.004571083001792431
-0.004585627932101488
-0.004599903244525194
-0.004613856784999371
-0.004627437330782413
-0.004640592727810144
-0.00465327175334096
-0.004665425512939692
-0.004677007906138897
-0.004687976092100143
-0.004698291886597872
-0.004707921296358109
-0.004716836381703615
-0.004725016187876463
-0.004732447676360607
-0.004739122930914164
-0.004745043348520994
-0.004750218242406845
-0.00475466251373291
-0.004758399911224842
-0.004761461168527603
-0.004763884469866753
-0.004765714053064585
-0.004767000209540129
-0.004767797421664
-0.004768165294080973
-0.004768168088048697
-0.004767871461808681
-0.004767342936247587
-0.004766652826219797
-0.00476587051525712
-0.004765066783875227
-0.004764310084283352
-0.004763667471706867
-0.004763201810419559
-0.004762973636388779
-0.004763039760291576
-0.004763449542224407
-0.004764248616993427
-0.004765474703162909
-0.00476716086268425
-0.004769330378621817
-0.004772000014781952
-0.00477517768740654
-0.004778862465173006
-0.00478304410353303
-0.004787705838680267
-0.004792820196598768
-0.004798352718353271
-0.004804261494427919
-0.00481049669906497
-0.004817004781216383
-0.004823724273592234
-0.004830591380596161
-0.00483753951266408
-0.00484450114890933
-0.004851407837122679
-0.00485819298774004
-0.004864792339503765
-0.004871144890785217
-0.004877196159213781
-0.004882896319031715
-0.004888203926384449
-0.004893085453659296
-0.004897516220808029
-0.004901478998363018
-0.004904966801404953
-0.004907981492578983
-0.004910535179078579
-0.004912647418677807
-0.004914346151053905
-0.004915666300803423
-0.004916650243103504
-0.004917345941066742
-0.004917806014418602
-0.004918085411190987
-0.00491824047639966
-0.004918329417705536
-0.004918409045785666
-0.004918532446026802
-0.004918752238154411
-0.004919113591313362
-0.004919657949358225
-0.004920418839901686
-0.004921422805637121
-0.004922688007354736
-0.00492422329261899
-0.004926027730107307
-0.004928093403577805
-0.004930401686578989
-0.00493292510509491
-0.004935629665851593
-0.004938471596688032
-0.004941402468830347
-0.004944368731230497
-0.004947311244904995
-0.004950168076902628
-0.004952876828610897
-0.004955375101417303
-0.004957600496709347
-0.004959494806826115
-0.004961001221090555
-0.004962070379406214
-0.004962655249983072
-0.004962716717272997
-0.004962222650647163
-0.004961146507412195
-0.004959470592439175
-0.004957183729857206
-0.004954279866069555
-0.004950761329382658
-0.004946633707731962
-0.004941908176988363
-0.004936599638313055
-0.004930725321173668
-0.00492430292069912
-0.004917353391647339
-0.004909893963485956
-0.004901941400021315
-0.004893508739769459
-0.004884607158601284
-0.004875243175774813
-0.004865419119596481
-0.004855134058743715
-0.004844379611313343
-0.004833145067095757
-0.004821415059268475
-0.004809172358363867
-0.004796396940946579
-0.00478306831791997
-0.004769164137542248
-0.004754663910716772
-0.004739549476653337
-0.004723807796835899
-0.004707428626716137
-0.004690410103648901
-0.004672756418585777
-0.004654481541365385
-0.004635605495423079
-0.004616160411387682
-0.004596188198775053
-0.004575740080326796
-0.004554877988994122
-0.004533672239631414
-0.004512202460318804
-0.004490556661039591
-0.004468829836696386
-0.0044471207074821
-0.0044255331158638
-0.004404173232614994
-0.004383146297186613
-0.004362558946013451
-0.004342514090240002
-0.004323108587414026
-0.004304434172809124
-0.004286575131118298
-0.004269607365131378
-0.004253596533089876
-0.004238597117364407
-0.004224651958793402
-0.004211791325360537
-0.004200034774839878
-0.004189387429505587
-0.004179842304438353
-0.004171381238847971
-0.004163973499089479
-0.00415757903829217
-0.004152145702391863
-0.004147613421082497
-0.004143913276493549
-0.00414096936583519
-0.00413869833573699
-0.004137012176215649
-0.004135819617658854
-0.004135027062147856
-0.004134537652134895
-0.004134253598749638
-0.004134078044444323
-0.004133915994316339
-0.004133674781769514
-0.004133264999836683
-0.004132600966840982
-0.004131603520363569
-0.004130198154598475
-0.004128320142626762
-0.004125910345464945
-0.004122919868677855
-0.004119308665394783
-0.004115046933293343
-0.004110115580260754
-0.004104506690055132
-0.004098223987966776
-0.004091282375156879
-0.004083708859980106
-0.004075540695339441
-0.004066827706992626
-0.004057628102600574
-0.004048010800033808
-0.004038052633404732
-0.004027836490422487
-0.004017453175038099
-0.004006997216492891
-0.003996563144028187
-0.003986247349530458
-0.003976143896579742
-0.003966342657804489
-0.003956927452236414
-0.00394797557964921
-0.003939554560929537
-0.003931718878448009
-0.00392451137304306
-0.00391796138137579
-0.003912081941962242
-0.00390687258914113
-0.003902317257598042
-0.003898384282365441
-0.003895029425621033
-0.003892194712534547
-0.003889810759574175
-0.003887799102813005
-0.003886072896420956
-0.003884540172293782
-0.003883105935528874
-0.003881674958392978
-0.003880154108628631
-0.003878454212099314
-0.003876494243741035
-0.003874201560392976
-0.003871514461934566
-0.003868384519591928
-0.003864776575937867
-0.003860671306028962
-0.003856063820421696
-0.003850964363664389
-0.003845397848635912
-0.003839402459561825
-0.003833029186353087
-0.00382633856497705
-0.003819399978965521
-0.003812289331108332
-0.003805085085332394
-0.003797868033871055
-0.003790717339143157
-0.003783708438277245
-0.003776911180466413
-0.003770387964323163
-0.003764190711081028
-0.003758361097425222
-0.003752929391339421
-0.003747912123799324
-0.003743313252925873
-0.003739124396815896
-0.003735324600711465
-0.003731881966814399
-0.00372875458560884
-0.003725891700014472
-0.003723236732184887
-0.003720728447660804
-0.003718302818015218
-0.003715896513313055
-0.003713447833433747
-0.003710898570716381
-0.003708196803927422
-0.003705297596752644
-0.003702165093272924
-0.003698772750794888
-0.003695104504004121
-0.003691154764965177
-0.003686928655952215
-0.003682440612465143
-0.003677714383229613
-0.00367278209887445
-0.003667682176455855
-0.003662459086626768
-0.003657159861177206
-0.003651833161711693
-0.003646527649834752
-0.003641290822997689
-0.00363616575486958
-0.003631191328167915
-0.003626399207860231
-0.003621814539656043
-0.003617453388869762
-0.003613324370235205
-0.00360942748375237
-0.003605753649026155
-0.00360228749923408
-0.003599005518481135
-0.003595878602936864
-0.003592873457819223
-0.003589953063055873
-0.003587079932913184
-0.003584215184673667
-0.003581322263926268
-0.003578367410227656
-0.003575320821255445
-0.003572158049792051
-0.003568860935047269
-0.003565416671335697
-0.003561820602044463
-0.003558074589818716
-0.003554187016561627
-0.003550172317773104
-0.003546050051227212
-0.003541843732818961
-0.003537580836564302
-0.003533289302140474
-0.003528999630361795
-0.003524739993736148
-0.003520536934956908
-0.003516414668411016
-0.00351239275187254
-0.003508486086502671
-0.003504704684019089
-0.003501053201034665
-0.003497530473396182
-0.003494130913168192
-0.003490843577310443
-0.003487653331831098
-0.003484542481601238
-0.00348149030469358
-0.003478474682196975
-0.003475472796708345
-0.003472463227808475
-0.003469425952062011
-0.003466342575848103
-0.003463199594989419
-0.003459986299276352
-0.003456695703789592
-0.003453325480222702
-0.003449877956882119
-0.003446359653025866
-0.0034427794162184
-0.003439149586483836
-0.003435485064983368
-0.003431801917031407
-0.003428117837756872
-0.003424449125304818
-0.003420811146497726
-0.00341721810400486
-0.003413681406527758
-0.003410209203138947
-0.003406807547435164
-0.003403478534892201
-0.003400220535695553
-0.00339702982455492
-0.00339389918372035
-0.003390819532796741
-0.003387779695913196
-0.003384767565876245
-0.003381769638508558
-0.003378774272277951
-0.003375769592821598
-0.003372745355591178
-0.003369692945852876
-0.003366606775671244
-0.003363482654094696
-0.003360319882631302
-0.003357119625434279
-0.003353885840624571
-0.00335062388330698
-0.003347341436892748
-0.003344046650454402
-0.003340749070048332
-0.003337457543238997
-0.0033341811504215
-0.003330927342176437
-0.003327703103423119
-0.003324513789266348
-0.003321362193673849
-0.003318250179290771
-0.003315177513286471
-0.003312142100185156
-0.003309140680357814
-0.003306167898699641
-0.003303217701613903
-0.003300284035503864
-0.003297359449788928
-0.003294437658041716
-0.003291512839496136
-0.003288579871878028
-0.003285634098574519
-0.003282672958448529
-0.003279695054516196
-0.003276700619608164
-0.003273690585047007
-0.003270667511969805
-0.003267634660005569
-0.003264596918597817
-0.003261558013036847
-0.003258524229750037
-0.00325549952685833
-0.003252488328143954
-0.003249494591727853
-0.003246521111577749
-0.003243569051846862
-0.003240639809519053
-0.00323773268610239
-0.003234846750274301
-0.00323197990655899
-0.003229129360988736
-0.00322629208676517
-0.003223464591428638
-0.003220643848180771
-0.003217826131731272
-0.003215008182451129
-0.003212188137695193
-0.003209364134818316
-0.003206535242497921
-0.003203700762242079
-0.003200860694050789
-0.00319801620207727
-0.003195168683305383
-0.003192320233210921
-0.003189473412930965
-0.003186630085110664
-0.003183793043717742
-0.003180964384227991
-0.003178145736455917
-0.003175339195877314
-0.003172546159476042
-0.003169766627252102
-0.003167000599205494
-0.003164247609674931
-0.003161505796015263
-0.003158774459734559
-0.003156051738187671
-0.003153336001560092
-0.003150625387206674
-0.003147918032482266
-0.003145212773233652
-0.003142508212476969
-0.003139803418889642
-0.003137097926810384
-0.003134391969069839
-0.00313168577849865
-0.003128980053588748
-0.003126275492832065
-0.003123573260381818
-0.003120874520391226
-0.003118180204182863
-0.003115491708740592
-0.003112810431048274
-0.003110136836767197
-0.003107472322881222
-0.003104816190898418
-0.00310216867364943
-0.00309952930547297
-0.003096898552030325
-0.003094275016337633
-0.003091657999902964
-0.003089047037065029
-0.003086440963670611
-0.003083839546889067
-0.003081241622567177
-0.003078646492213011
-0.003076053457334638
-0.003073462750762701
-0.003070874372497201
-0.003068288322538137
-0.00306570460088551
-0.003063123906031251
-0.003060546703636646
-0.003057973692193627
-0.003055404638871551
-0.003052840707823634
-0.003050282364711165
-0.003047729609534144
-0.003045182442292571
-0.003042641328647733
-0.003040106035768986
-0.003037576097995043
-0.003035051980987191
-0.0030325329862535
-0.003030019113793969
-0.003027509897947311
-0.003025005105882883
-0.003022504970431328
-0.003020008793100715
-0.003017515875399113
-0.003015026217326522
-0.003012540051713586
-0.003010057611390948
-0.003007578197866678
-0.003005102509632707
-0.003002630081027746
-0.003000161144882441
-0.002997695934027433
-0.002995234215632081
-0.002992776222527027
-0.002990322420373559
-0.002987872809171677
-0.002985427621752024
-0.002982987090945244
-0.002980551216751337
-0.002978120232000947
-0.002975694136694074
-0.002973272930830717
-0.002970855915918946
-0.002968443790450692
-0.00296603562310338
-0.002963630715385079
-0.002961229300126433
-0.002958831377327442
-0.002956436714157462
-0.002954045310616493
-0.002951657399535179
-0.002949273446574807
-0.002946893684566021
-0.002944517647847533
-0.002942146034911275
-0.002939778612926602
-0.002937415847554803
-0.00293505797162652
-0.002932704519480467
-0.002930355491116643
-0.002928010653704405
-0.002925669308751822
-0.00292333192192018
-0.002920998027548194
-0.002918666927143931
-0.002916338853538036
-0.002914013806730509
-0.002911691553890705
-0.002909372095018625
-0.002907055430114269
-0.002904741326346993
-0.002902430249378085
-0.002900122432038188
-0.002897818339988589
-0.002895517973229289
-0.002893221797421575
-0.00289093004539609
-0.002888642251491547
-0.002886358648538589
-0.002884079469367862
-0.00288180448114872
-0.002879533218219876
-0.002877265680581331
-0.002875002101063728
-0.00287274201400578
-0.002870485186576843
-0.002868231385946274
-0.002865980612114072
-0.002863732632249594
-0.002861487213522196
-0.002859244588762522
-0.002857004292309284
-0.002854767022654414
-0.002852532779797912
-0.002850300399586558
-0.002848070580512285
-0.002845843322575092
-0.002843618392944336
-0.002841395791620016
-0.002839175285771489
-0.002836956875398755
-0.002834740094840527
-0.002832524944096804
-0.002830311423167586
-0.002828099066391587
-0.002825887408107519
-0.002823676448315382
-0.002821464790031314
-0.002819253131747246
-0.002817040076479316
-0.00281482539139688
-0.002812608378008008
-0.002810387872159481
-0.002808163175359368
-0.002805933356285095
-0.002803697949275374
-0.002801455790176988
-0.002799206413328648
-0.002796947956085205
-0.002794679021462798
-0.002792397979646921
-0.002790103666484356
-0.002787794452160597
-0.002785468241199851
-0.002783122705295682
-0.002780754584819078
-0.002778360620141029
-0.002775938017293811
-0.002773482585325837
-0.002770991297438741
-0.002768459729850292
-0.002765883225947618
-0.002763257129117846
-0.002760576317086816
-0.002757834969088435
-0.0027550277300179
-0.002752147847786546
-0.002749189268797636
-0.002746144309639931
-0.002743005519732833
-0.002739764284342527
-0.002736411290243268
-0.002732937224209309
-0.002729331608861685
-0.002725584665313363
-0.002721684752032161
-0.002717620227485895
-0.00271337921731174
-0.002708948450163007
-0.002704314421862364
-0.002699463162571192
-0.002694380003958941
-0.002689050044864416
-0.002683457685634494
-0.002677586395293474
-0.002671419875696301
-0.002664940897375345
-0.002658132929354906
-0.002650977810844779
-0.002643457846716046
-0.002635554876178503
-0.002627252135425806
-0.002618532162159681
-0.002609378425404429
-0.002599773462861776
-0.002589702606201172
-0.002579150022938848
-0.002568102907389402
-0.002556547755375504
-0.002544473391026258
-0.002531869802623987
-0.002518729073926806
-0.00250504445284605
-0.002490811748430133
-0.00247602816671133
-0.00246069417335093
-0.002444812329486012
-0.002428387757390738
-0.002411429071798921
-0.002393947215750813
-0.002375956391915679
-0.002357474295422435
-0.002338521648198366
-0.002319122897461057
-0.00229930691421032
-0.002279104664921761
-0.002258551074191928
-0.002237685257568955
-0.002216548891738057
-0.002195186913013458
-0.002173648215830326
-0.002151983790099621
-0.00213024765253067
-0.002108495682477951
-0.00208678562194109
-0.002065177075564861
-0.00204373081214726
-0.002022507833316922
-0.002001569839194417
-0.001980978064239025
-0.001960793044418097
-0.001941073918715119
-0.001921877381391823
-0.001903258031234145
-0.001885266741737723
-0.001867951243184507
-0.001851354376412928
-0.001835513976402581
-0.001820462639443576
-0.00180622679181397
-0.001792826340533793
-0.001780274556949735
-0.001768577145412564
-0.001757733058184385
-0.001747732982039452
-0.00173856015317142
-0.001730189891532063
-0.001722590182907879
-0.001715721096843481
-0.001709535717964172
-0.001703980262391269
-0.001698994776234031
-0.001694513484835625
-0.00169046560768038
-0.001686776638962328
-0.001683368231169879
-0.001680159708485007
-0.001677069347351789
-0.001674014725722373
-0.001670914236456156
-0.00166768825147301
-0.001664260285906494
-0.001660557347349823
-0.001656512264162302
-0.001652063801884651
-0.001647157594561577
-0.001641747076064348
-0.001635794760659337
-0.001629272010177374
-0.001622160081751645
-0.001614450360648334
-0.00160614401102066
-0.001597252790816128
-0.001587798469699919
-0.001577812596224248
-0.001567335682921112
-0.001556416740640998
-0.001545112812891603
-0.001533487346023321
-0.001521609141491354
-0.001509551890194416
-0.001497392193414271
-0.001485208049416542
-0.001473077572882175
-0.00146107841283083
-0.001449284958653152
-0.001437767990864813
-0.001426592352800071
-0.001415816135704517
-0.00140549021307379
-0.001395656378008425
-0.001386346993967891
-0.00137758394703269
-0.001369378645904362
-0.00136173190549016
-0.001354633597657084
-0.001348063233308494
-0.001341990078799427
-0.001336374436505139
-0.001331167644821107
-0.001326314173638821
-0.00132175232283771
-0.001317415968514979
-0.001313235145062208
-0.001309138722717762
-0.001305055222474039
-0.001300915144383907
-0.001296651898883283
-0.001292203785851598
-0.00128751527518034
-0.001282537938095629
-0.001277232193388045
-0.001271567307412624
-0.001265522791072726
-0.001259088516235352
-0.001252264832146466
-0.001245062332600355
-0.00123750208877027
-0.001229614252224565
-0.001221437589265406
-0.001213018549606204
-0.001204409636557102
-0.001195668359287083
-0.001186855370178819
-0.001178033533506095
-0.001169265131466091
-0.001160611864179373
-0.001152132288552821
-0.001143880421295762
-0.001135904924012721
-0.001128247706219554
-0.001120943110436201
-0.001114017097279429
-0.001107486779801548
-0.001101360423490405
-0.001095637679100037
-0.001090309233404696
-0.001085358089767396
-0.001080760499462485
-0.001076486078090966
-0.00107249990105629
-0.001068763784132898
-0.001065237913280725
-0.001061881775967777
-0.001058656023815274
-0.001055524335242808
-0.001052453997544944
-0.001049418584443629
-0.001046397723257542
-0.001043378608301282
-0.00104035681579262
-0.001037336885929108
-0.001034332090057433
-0.001031364779919386
-0.00102846568915993
-0.001025674166157842
-0.001023036427795887
-0.001020604744553566
-0.001018436509184539
-0.00101659307256341
-0.001015137182548642
-0.001014132983982563
-0.001013643806800246
-0.00101373007055372
-0.001014449167996645
-0.001015853136777878
-0.001017988310195506
-0.00102089426945895
-0.001024602795951068
-0.001029137521982193
-0.001034514396451414
-0.001040740869939327
-0.001047816593199968
-0.001055733300745487
-0.001064476324245334
-0.001074023777619004
-0.001084349001757801
-0.001095420448109508
-0.001107202842831612
-0.001119658350944519
-0.001132746576331556
-0.001146426540799439
-0.001160656684078276
-0.00117539509665221
-0.001190600800327957
-0.001206233398988843
-0.001222253544256091
-0.001238622353412211
-0.001255301409401
-0.00127225264441222
-0.001289437059313059
-0.001306814607232809
-0.001324343960732222
-0.001341981114819646
-0.001359678921289742
-0.001377386623062193
-0.001395049737766385
-0.001412609475664794
-0.001430002623237669
-0.001447161776013672
-0.001464015571400523
-0.001480489503592253
-0.001496506039984524
-0.001511986250989139
-0.001526851207017899
-0.001541022094897926
-0.001554422895424068
-0.001566980965435505
-0.001578629482537508
-0.001589308376424015
-0.00159896572586149
-0.00160755985416472
-0.001615060027688742
-0.001621447736397386
-0.001626717858016491
-0.001630879007279873
-0.00163395400159061
-0.001635979395359755
-0.001637006178498268
-0.001637098379433155
-0.001636332483030856
-0.001634796732105315
-0.001632588799111545
-0.001629814971238375
-0.001626587938517332
-0.001623025164008141
-0.001619247137568891
-0.001615374349057674
-0.00161152589134872
-0.001607818063348532
-0.001604361226782203
-0.00160125910770148
-0.001598606584593654
-0.001596488291397691
-0.001594977336935699
-0.00159413437359035
-0.001594007131643593
-0.001594629604369402
-0.001596021349541843
-0.001598188071511686
-0.001601121388375759
-0.001604799414053559
-0.001609187107533216
-0.001614237786270678
-0.001619893242605031
-0.001626085606403649
-0.001632738159969449
-0.001639767084270716
-0.001647082972340286
-0.001654591877013445
-0.001662197639234364
-0.001669803634285927
-0.001677313935942948
-0.001684635062702
-0.001691678422503173
-0.001698360778391361
-0.001704606343992054
-0.001710348180495203
-0.001715529360808432
-0.001720104482956231
-0.001724040135741234
-0.001727315713651478
-0.001729923998937011
-0.001731871394440532
-0.001733177690766752
-0.001733875717036426
-0.001734010758809745
-0.001733639743179083
-0.001732829725369811
-0.001731656957417727
-0.00173020432703197
-0.001728560077026486
-0.001726815477013588
-0.001725062495097518
-0.001723391935229301
-0.001721890759654343
-0.001720640109851956
-0.001719713443890214
-0.001719173975288868
-0.001719074207358062
-0.001719453488476574
-0.001720337197184563
-0.001721737207844853
-0.001723650144413114
-0.001726058428175747
-0.001728930394165218
-0.001732221920974553
-0.001735877129249275
-0.001739830477163196
-0.001744008739478886
-0.001748332637362182
-0.001752719865180552
-0.001757087535224855
-0.001761353923939168
-0.001765442197211087
-0.001769281225278974
-0.001772808493115008
-0.001775972079485655
-0.001778731937520206
-0.001781060476787388
-0.001782943727448583
-0.001784381456673145
-0.00178538728505373
-0.001785987289622426
-0.001786220003850758
-0.001786133390851319
-0.001785784726962447
-0.001785237691365182
-0.001784560387022793
-0.001783823128789663
-0.00178309588227421
-0.001782446168363094
-0.00178193673491478
-0.001781623577699065
-0.001781554659828544
-0.001781767583452165
-0.001782289939001203
-0.001783137326128781
-0.001784314168617129
-0.001785813248716295
-0.001787616871297359
-0.001789696980267763
-0.001792017137631774
-0.001794533687643707
-0.001797197735868394
-0.001799957011826336
-0.001802758080884814
-0.00180554820690304
-0.001808277331292629
-0.001810900052078068
-0.001813376904465258
-0.001815676223486662
-0.001817774726077914
-0.001819658791646361
-0.001821324462071061
-0.001822777674533427
-0.001824033446609974
-0.001825116225518286
-0.001826058141887188
-0.001826897729188204
-0.001827678992412984
-0.001828449196182191
-0.001829258049838245
-0.001830154680646956
-0.001831187750212848
-0.001832402311265469
-0.001833839458413422
-0.001835534581914544
-0.001837517251260579
-0.001839809119701385
-0.001842425554059446
-0.001845373888500035
-0.00184865458868444
-0.001852262183092535
-0.001856185612268746
-0.001860408810898662
-0.001864913152530789
-0.001869678031653166
-0.001874682726338506
-0.001879906980320811
-0.001885333098471165
-0.00189094664528966
-0.001896737958304584
-0.001902702264487743
-0.001908840727992356
-0.001915160566568375
-0.001921674702316523
-0.001928402227349579
-0.001935367239639163
-0.001942598028108478
-0.001950126024894416
-0.001957985339686275
-0.001966211246326566
-0.001974838552996516
-0.001983900787308812
-0.001993428682908416
-0.002003449015319347
-0.002013982972130179
-0.002025046851485968
-0.002036649733781815
-0.002048795344308019
-0.002061479259282351
-0.002074691001325846
-0.002088413573801517
-0.002102623227983713
-0.002117292257025838
-0.002132387598976493
-0.002147872932255268
-0.002163709839805961
-0.002179857343435287
-0.002196274697780609
-0.002212919760495424
-0.002229752019047737
-0.002246731659397483
-0.002263820031657815
-0.002280981047078967
-0.002298180246725678
-0.002315384102985263
-0.002332560252398252
-0.002349677961319685
-0.002366706263273954
-0.002383614191785455
-0.00240037078037858
-0.002416943199932575
-0.00243329769000411
-0.002449399093165994
-0.002465209923684597
-0.002480691997334361
-0.002495805500075221
-0.002510508522391319
-0.002524759620428085
-0.002538516884669662
-0.002551740035414696
-0.002564390422776341
-0.002576431725174189
-0.002587831579148769
-0.002598562743514776
-0.002608603332191706
-0.002617936814203858
-0.002626555040478706
-0.0026344561483711
-0.002641646191477776
-0.002648140303790569
-0.002653959672898054
-0.002659134333953261
-0.002663701307028532
-0.002667703665792942
-0.002671190537512302
-0.002674215706065297
-0.002676838310435414
-0.002679119585081935
-0.002681123558431864
-0.002682915423065424
-0.002684561302885413
-0.002686125924810767
-0.002687673782929778
-0.002689266111701727
-0.002690962515771389
-0.002692819340154529
-0.002694888506084681
-0.002697217743843794
-0.002699850359931588
-0.00270282500423491
-0.002706174505874515
-0.00270992680452764
-0.002714104484766722
-0.002718723379075527
-0.002723793732002378
-0.002729320432990789
-0.002735301153734326
-0.002741727512329817
-0.002748584840446711
-0.002755852416157722
-0.002763503231108189
-0.002771505387499928
-0.002779820468276739
-0.002788405632600188
-0.002797213150188327
-0.002806190168485045
-0.002815281972289085
-0.002824430586770177
-0.002833577105775476
-0.002842661924660206
-0.00285162590444088
-0.002860411535948515
-0.002868963871151209
-0.002877231920138001
-0.002885169349610806
-0.002892735647037625
-0.002899897051975131
-0.002906627021729946
-0.002912906464189291
-0.002918724901974201
-0.002924080239608884
-0.002928979229182005
-0.00293343560770154
-0.002937472192570567
-0.002941119018942118
-0.002944412408396602
-0.002947394968941808
-0.00295011349953711
-0.002952618757262826
-0.002954964293166995
-0.002957204123958945
-0.002959393197670579
-0.002961584366858006
-0.002963829319924116
-0.002966175321489573
-0.002968665678054094
-0.002971338806673884
-0.002974226837977767
-0.0029773551505059
-0.002980742137879133
-0.002984398743137717
-0.00298832799308002
-0.002992525696754456
-0.002996979746967554
-0.003001670585945249
-0.00300657213665545
-0.003011651104316115
-0.003016869071871042
-0.003022182499989867
-0.003027543425559998
-0.003032901091501117
-0.003038201481103897
-0.00304338987916708
-0.003048411337658763
-0.003053212305530906
-0.00305774062871933
-0.003061947179958224
-0.003065786324441433
-0.003069217316806316
-0.003072204301133752
-0.003074717009440064
-0.003076731460168958
-0.003078229958191514
-0.003079200861975551
-0.003079639049246907
-0.003079545218497515
-0.003078924957662821
-0.003077788976952434
-0.003076152643188834
-0.00307403365150094
-0.003071452956646681
-0.003068431979045272
-0.003064992604777217
-0.003061156719923019
-0.003056943416595459
-0.00305237015709281
-0.003047450678423047
-0.003042194759473205
-0.003036608686670661
-0.003030692227184772
-0.003024441190063953
-0.003017846494913101
-0.003010893706232309
-0.00300356512889266
-0.00299583887681365
-0.002987690502777696
-0.002979093696922064
-0.002970020286738873
-0.002960443496704102
-0.002950336551293731
-0.002939675701782107
-0.002928440691903234
-0.002916615922003984
-0.002904191613197327
-0.002891164040192962
-0.002877536928281188
-0.002863321918994188
-0.00284853926859796
-0.00283321738243103
-0.002817393047735095
-0.002801112132146955
-0.00278442888520658
-0.002767404541373253
-0.002750107552856207
-0.002732612891122699
-0.002715000417083502
-0.002697354648262262
-0.002679761499166489
-0.002662310376763344
-0.002645089523866773
-0.002628185786306858
-0.002611685078591108
-0.002595668658614159
-0.002580213360488415
-0.002565390197560191
-0.002551263896748424
-0.002537891501560807
-0.002525321673601866
-0.002513594459742308
-0.002502741757780313
-0.002492786617949605
-0.00248374231159687
-0.002475613728165627
-0.002468397142365575
-0.002462079748511314
-0.002456642454490066
-0.002452057786285877
-0.002448291750624776
-0.002445304533466697
-0.002443050965666771
-0.002441479824483395
-0.002440536394715309
-0.002440162003040314
-0.002440294250845909
-0.002440869109705091
-0.002441819757223129
-0.002443077974021435
-0.002444574376568198
-0.00244623888283968
-0.00244800141081214
-0.002449791878461838
-0.002451540902256966
-0.002453181194141507
-0.002454645931720734
-0.00245587108656764
-0.002456796122714877
-0.002457363763824105
-0.002457521157339215
-0.002457220340147614
-0.002456419402733445
-0.002455083420500159
-0.002453183755278587
-0.002450700150802732
-0.00244762166403234
-0.002443945500999689
-0.002439678413793445
-0.002434836933389306
-0.002429447136819363
-0.00242354441434145
-0.002417173702269793
-0.002410388784483075
-0.002403251826763153
-0.00239583058282733
-0.002388200489804149
-0.002380440942943096
-0.002372634364292026
-0.002364864805713296
-0.002357217250391841
-0.002349774120375514
-0.002342614578083158
-0.002335812197998166
-0.002329434035345912
-0.00232353899627924
-0.002318176673725247
-0.002313385251909494
-0.002309191506356001
-0.002305609872564673
-0.002302641747519374
-0.002300276188179851
-0.002298488980159163
-0.002297244733199477
-0.002296495484188199
-0.002296184655278921
-0.002296246821060777
-0.002296609105542302
-0.002297192811965942
-0.002297916449606419
-0.002298696665093303
-0.002299450570717454
-0.002300097839906812
-0.002300563035532832
-0.002300776541233063
-0.002300676424056292
-0.00230021052993834
-0.002299336949363351
-0.002298024715855718
-0.002296255435794592
-0.002294022357091308
-0.002291331300511956
-0.002288199728354812
-0.002284655580297112
-0.00228073843754828
-0.002276495564728975
-0.002271982375532389
-0.002267260104417801
-0.002262394176796079
-0.002257452113553882
-0.002252502366900444
-0.002247612690553069
-0.002242846414446831
-0.002238263608887792
-0.002233917359262705
-0.002229853766039014
-0.002226110314950347
-0.002222714945673943
-0.002219686284661293
-0.002217032480984926
-0.002214751671999693
-0.002212832449004054
-0.002211254090070724
-0.002209986560046673
-0.002208993071690202
-0.002208230085670948
-0.002207649871706963
-0.002207200042903423
-0.002206826349720359
-0.002206475241109729
-0.002206092700362206
-0.002205628203228116
-0.00220503518357873
-0.002204272197559476
-0.002203304320573807
-0.002202103845775127
-0.002200650284066796
-0.002198931993916631
-0.00219694571569562
-0.002194696571677923
-0.00219219783321023
-0.002189470455050468
-0.002186541678383946
-0.002183444099500775
-0.002180215669795871
-0.002176896668970585
-0.002173529705032706
-0.002170158084481955
-0.002166823949664831
-0.002163567114621401
-0.00216042366810143
-0.002157425042241812
-0.002154597779735923
-0.002151961671188474
-0.002149529289454222
-0.002147306222468615
-0.002145290840417147
-0.002143474295735359
-0.002141840988770127
-0.002140369266271591
-0.002139032818377018
-0.002137800678610802
-0.002136639086529613
-0.002135511720553041
-0.002134382724761963
-0.002133216243237257
-0.002131978515535593
-0.002130638342350721
-0.002129168715327978
-0.002127547981217504
-0.002125759841874242
-0.002123792888596654
-0.002121643163263798
-0.002119312761351466
-0.002116809599101543
-0.002114147413522005
-0.002111343899741769
-0.0021084223408252
-0.002105409279465675
-0.002102332655340433
-0.00209922157227993
-0.002096105832606554
-0.002093013608828187
-0.002089971210807562
-0.002087002387270331
-0.002084126695990562
-0.002081359270960093
-0.002078710123896599
-0.002076185308396816
-0.002073785522952676
-0.002071506110951304
-0.002069339156150818
-0.002067272318527102
-0.002065290696918964
-0.002063376130536199
-0.002061510225757957
-0.002059673424810171
-0.002057847334071994
-0.002056014491245151
-0.002054160227999091
-0.002052272204309702
-0.00205034133978188
-0.002048362977802753
-0.002046335954219103
-0.002044263062998652
-0.002042150357738137
-0.002040007384493947
-0.00203784741461277
-0.0020356853492558
-0.002033538417890668
-0.002031424315646291
-0.00202936097048223
-0.002027365379035473
-0.002025454072281718
-0.002023639855906367
-0.002021934604272246
-0.002020346699282527
-0.002018880797550082
-0.002017539227381349
-0.002016320358961821
-0.002015219070017338
-0.002014227444306016
-0.002013335470110178
-0.002012531273066998
-0.002011801581829786
-0.002011132659390569
-0.002010511001572013
-0.002009923802688718
-0.002009359421208501
-0.002008808078244328
-0.002008262323215604
-0.002007718430832028
-0.002007174771279097
-0.002006633207201958
-0.002006098395213485
-0.002005578251555562
-0.002005082322284579
-0.00200462294742465
-0.002004213631153107
-0.002003869041800499
-0.002003604080528021
-0.00200343388132751
-0.002003372181206942
-0.002003432018682361
-0.002003624336794019
-0.002003957284614444
-0.002004436915740371
-0.002005066489800811
-0.002005845541134477
-0.002006771508604288
-0.002007839269936085
-0.002009040443226695
-0.002010364783927798
-0.002011799952015281
-0.002013331977650523
-0.002014945726841688
-0.002016625832766294
-0.00201835623010993
-0.002020120620727539
-0.002021904103457928
-0.002023692242801189
-0.002025471534579992
-0.002027229871600866
-0.002028955845162272
-0.002030640374869108
-0.002032275311648846
-0.002033854369074106
-0.002035372890532017
-0.002036826452240348
-0.002038211794570088
-0.002039527520537376
-0.002040771767497063
-0.002041944768279791
-0.002043046290054917
-0.002044076798483729
-0.002045037224888802
-0.002045928733423352
-0.002046752721071243
-0.00204751081764698
-0.002048205584287643
-0.002048840280622244
-0.002049417467787862
-0.002049941103905439
-0.00205041584558785
-0.002050847047939897
-0.002051240531727672
-0.00205160235054791
-0.002051940653473139
-0.002052262192592025
-0.002052575815469027
-0.002052889205515385
-0.002053210744634271
-0.002053548116236925
-0.002053909236565232
-0.002054301090538502
-0.002054729964584112
-0.002055201912298799
-0.002055720658972859
-0.002056289697065949
-0.002056911122053862
-0.00205758516676724
-0.002058311831206083
-0.002059088787063956
-0.002059913240373135
-0.002060780767351389
-0.002061686711385846
-0.002062625484541059
-0.002063591266050935
-0.002064576605334878
-0.002065574750304222
-0.002066578948870301
-0.002067582681775093
-0.002068579429760575
-0.002069563139230013
-0.002070528455078602
-0.002071470720693469
-0.002072386210784316
-0.002073271200060844
-0.002074123360216618
-0.002074940595775843
-0.002075722208246589
-0.002076467266306281
-0.002077176468446851
-0.002077850280329585
-0.002078490564599633
-0.002079099649563432
-0.002079680329188704
-0.002080235630273819
-0.002080769278109074
-0.002081285230815411
-0.002081787912175059
-0.002082282211631536
-0.002082773018628359
-0.002083264989778399
-0.002083763247355819
-0.002084271982312202
-0.002084795851260424
-0.002085338812321424
-0.002085903659462929
-0.002086493419483304
-0.002087109955027699
-0.00208775419741869
-0.002088426146656275
-0.002089125337079167
-0.002089849673211575
-0.00209059682674706
-0.002091363072395325
-0.002092144684866071
-0.002092936774715781
-0.002093734452500939
-0.002094532130286098
-0.002095324452966452
-0.002096106065437198
-0.002096872543916106
-0.002097619930282235
-0.00209834473207593
-0.00209904438816011
-0.002099716337397695
-0.002100360346958041
-0.002100976416841149
-0.002101565944030881
-0.002102131024003029
-0.002102674916386604
-0.002103201579302549
-0.002103714970871806
-0.002104219980537891
-0.002104721032083035
-0.002105223014950752
-0.002105730352923274
-0.002106247469782829
-0.002106776926666498
-0.002107321750372648
-0.002107883803546429
-0.002108464250341058
-0.002109063556417823
-0.002109680557623506
-0.002110314089804888
-0.002110961824655533
-0.002111620735377073
-0.002112287562340498
-0.002112959045916796
-0.002113631460815668
-0.002114301547408104
-0.002114965580403805
-0.002115620765835047
-0.002116264775395393
-0.002116895746439695
-0.002117512049153447
-0.002118112985044718
-0.002118699252605438
-0.002119271317496896
-0.002119830343872309
-0.00212037842720747
-0.002120917430147529
-0.002121450146660209
-0.00212197913788259
-0.00212250673212111
-0.002123035490512848
-0.002123567974194884
-0.002124106045812368
-0.002124651568010449
-0.002125205006450415
-0.002125767758116126
-0.00212633959017694
-0.002126920502632856
-0.002127509796991944
-0.002128106774762273
-0.00212871003895998
-0.002129317726939917
-0.002129928208887577
-0.002130540320649743
-0.002131151733919978
-0.002131760818883777
-0.00213236641138792
-0.002132966415956616
-0.002133560366928577
-0.002134146168828011
-0.002134723588824272
-0.002135291695594788
-0.00213585002347827
-0.002136398339644074
-0.002136936411261559
-0.002137463772669435
-0.002137980191037059
-0.002138485666364431
-0.002138979267328978
-0.002139460295438766
-0.002139927819371223
-0.002140380442142487
-0.002140816766768694
-0.002141233999282122
-0.002141630277037621
-0.002142002107575536
-0.0021423464640975
-0.002142660552635789
-0.002142939483746886
-0.002143179066479206
-0.00214337557554245
-0.002143524354323745
-0.002143621211871505
-0.002143661491572857
-0.002143641002476215
-0.002143555553629994
-0.002143401186913252
-0.002143174409866333
-0.002142871497198939
-0.002142489654943347
-0.002142027020454407
-0.002141480799764395
-0.00214085029438138
-0.002140133874490857
-0.002139331540092826
-0.002138443291187286
-0.00213746982626617
-0.002136412775143981
-0.002135274233296514
-0.002134057227522135
-0.002132765017449856
-0.002131401095539331
-0.002129970584064722
-0.002128478372469544
-0.002126930747181177
-0.002125333761796355
-0.002123694401234388
-0.002122020814567804
-0.002120320685207844
-0.002118601929396391
-0.002116873627528548
-0.002115144859999418
-0.002113424707204103
-0.002111722715198994
-0.002110047731548548
-0.002108408370986581
-0.002106813248246908
-0.002105270512402058
-0.002103787148371339
-0.002102369908243418
-0.002101024845615029
-0.002099756151437759
-0.002098567551001906
-0.002097461139783263
-0.002096438081935048
-0.002095498144626617
-0.002094639232382178
-0.002093859482556581
-0.00209315400570631
-0.002092516981065273
-0.002091941889375448
-0.002091421280056238
-0.002090947236865759
-0.002090510446578264
-0.002090100897476077
-0.002089709276333451
-0.00208932557143271
-0.002088940935209394
-0.002088545821607113
-0.002088131848722696
-0.002087691333144903
-0.002087217755615711
-0.002086706226691604
-0.002086152322590351
-0.002085553482174873
-0.002084907842800021
-0.002084216335788369
-0.002083480125293136
-0.002082702470943332
-0.00208188802935183
-0.002081041922792792
-0.00208017067052424
-0.002079281723126769
-0.002078382996842265
-0.002077482407912612
-0.002076589036732912
-0.002075710333883762
-0.002074855146929622
-0.002074029995128512
-0.002073241164907813
-0.00207249354571104
-0.002071791794151068
-0.002071138238534331
-0.002070534275844693
-0.00206997967325151
-0.002069472102448344
-0.002069007838144898
-0.002068581525236368
-0.002068187575787306
-0.002067818306386471
-0.002067465102300048
-0.002067119115963578
-0.002066770568490028
-0.002066409448161721
-0.002066026441752911
-0.00206561223603785
-0.002065158449113369
-0.002064657863229513
-0.002064104424789548
-0.002063493011519313
-0.00206282059662044
-0.002062086015939713
-0.002061289269477129
-0.002060431987047195
-0.002059517661109567
-0.002058552112430334
-0.002057540928944945
-0.002056491794064641
-0.002055413322523236
-0.002054314594715834
-0.002053204691037536
-0.002052093390375376
-0.002050989540293813
-0.002049902221187949
-0.002048839116469026
-0.002047806745395064
-0.002046810928732157
-0.002045855391770601
-0.002044942695647478
-0.002044074004516006
-0.002043248619884253
-0.002042465144768357
-0.002041720319539309
-0.00204100925475359
-0.002040327526628971
-0.002039669780060649
