0
0
0
0
0
0
0
0
0
0
0
0
0
0
0
0
0
0
0
0
0
0
0
0
0
0
0
0
0
0
0
0
0
0
0
0
0
0
0
0
0
0
0
0
0
0
0
0
0
0
0
0
0
0
0
0
0
0
0
0
0
0
0
0
0
0
0
0
0
0
0
0
0
0
0
0
0
0
0
0
0
0
0
0
0
0
0
0
0
0
0
0
0
0
0
0
0
0
0
0
0
0
0
0
0
0
0
0
0
0
0
0
0
0
0
0
0
0
0
0
0
0
0
0
0
0
0
0
0
0
0
0
0
0
0
0
0
0
0
0
0
0
0
0
0
0
0
0
0
0
0
0
0
0
0
0
0
0
0
0
0
0
0
0
0
0
0
0
0
0
0
0
0
0
0
0
0
0
0
0
0
0
0
0
0
0
0
0
0
0
0
0
0
0
0
0
0
0
0
0
0
0
0
0
0
0
0
0
0
0
0
0
0
0
0
0
0
0
0
0
0
0
0
0
0
0
0
0
0
0
0
0
0
0
0
0
0
0
0
0
0
0
0
0
0
0
0
0
0
0
0
0
0
0
0
0
0
0
0
0
0
0
0
0
0
0
0
0
0
0
0
0
0
0
0
0
0
0
0
0
0
0
0
0
0
0
0
0
0
0
0
0
0
0
0
0
0
0
0
0
0
0
0
0
0
0
0
0
0
0
0
0
0
0
0
0
0
0
0
0
0
0
0
0
0
0
0
0
0
0
0
0
0
0
0
0
0
0
0
0
0
0
0
0
0
0
0
0
0
0
0
0
0
0
0
0
0
0
0
0
0
0
0
0
0
0
0
0
0
0
0
0
0
0
0
0
0
0
0
0
0
0
0
0
0
0
0
0
0
0
0
0
0
0
0
0
0
0
0
0
0
0
0
0
0
0
0
0
0
0
0
0
0
0
0
0
0
0
0
0
0
0
0
0
0
0
0
0
0
0
0
0
0
0
0
0
0
0
0
0
0
0
0
0
0
0
0
0
0
0
0
0
0
0
0
0
0
0
0
0
0
0
0
0
0
0
0
0
0
0
0
0
0
0
0
0
0
0
0
0
0
0
0
0
0
0
0
0
0
0
0
0
0
0
0
0
0
0
0
0
0
0
0
0
0
0
0
0
0
0
0
0
0
0
0
0
0
0
0
0
0
0
0
0
0
0
0
0
0
0
0
0
0
0
0
0
0
0
0
0
0
0
0
0
0
0
0
0
0
0
0
0
0
0
0
0
0
0
0
0
0
0
0
0
0
0
0
0
0
0
0
0
0
0
0
0
0
0
0
0
0
0
0
0
0
0
0
0
0
0
0
0
0
0
0
0
0
0
0
0
0
0
0
0
0
0
0
0
0
0
0
0
0
0
0
0
0
0
0
0
0
0
0
0
0
0
0
0
0
0
0
0
0
0
0
0
0
0
0
0
0
0
0
0
0
0
0
0
0
0
0
0
0
0
0
0
0
0
0
0
0
0
0
0
0
0
0
0
0
0
0
0
0
0
0
0
0
0
0
0
0
0
0
0
0
0
0
0
0
0
0
0
0
0
0
0
0
0
0
0
0
0
0
0
0
0
0
0
0
0
0
0
0
0
0
0
0
0
0
0
0
0
0
0
0
0
0
0
0
0
0
0
0
0
0
0
0
0
0
0
0
0
0
0
0
0
0
0
0
0
0
0
0
0
0
0
0
0
0
0
0
0
0
0
0
0
0
0
0
0
0
0
0
0
0
0
0
0
0
0
0
0
0
0
0
0
0
0
0
0
0
0
0
0
0
0
0
0
0
0
0
0
0
0
0
0
0
0
0
0
0
0
0
0
0
0
0
0
0
0
0
0
0
0
0
0
0
0
0
0
0
0
0
0
0
0
0
0
0
0
0
0
0
0
0
0
0
0
0
0
0
0
0
0
0
0
0
0
0
0
0
0
0
0
0
0
0
0
0
0
0
0
0
0
0
0
0
0
0
0
0
0
0
0
0
0
0
0
0
0
0
0
0
0
0
0
0
0
0
0
0
0
0
0
0
0
0
0
0
0
0
0
0
0
0
0
0
0
0
0
0
0
0
0
0
0
0
0
0
0
0
0
0
0
0
0
0
0
0
0
0
0
0
0
0
0
0
0
0
0
0
0
0
0
0
0
0
0
0
0
0
0
0
0
0
0
0
0
0
0
0
0
0
0
0
0
0
0
0
0
0
0
0
0
0
0
0
0
0
0
0
0
0
0
0
0
0
0
0
0
0
0
0
0
0
0
0
0
0
0
0
0
0
0
0
0
0
0
0
0
0
0
0
0
0
0
0
0
0
0
0
0
0
0
0
0
0
0
0
0
0
0
0
0
0
0
0
0
0
0
0
0
0
0
0
0
0
0
0
0
0
0
0
0
0
0
0
0
0
0
0
0
0
0
0
0
0
0
0
0
0
0
0
0
0
0
0
0
0
0
0
0
0
0
0
0
0
0
0
0
0
0
0
0
0
0
0
0
0
0
0
0
0
0
0
0
0
0
0
0
0
0
0
0
0
0
0
0
0
0
0
0
0
0
0
0
0
0
0
0
0
0
0
0
0
0
0
0
0
0
0
0
0
0
0
0
0
0
0
0
0
0
0
0
0
0
0
0
0
0
0
0
0
0
0
0
0
0
0
0
0
0
0
0
0
0
0
0
0
0
0
0
0
0
0
0
0
0
0
0
0
0
0
0
0
0
0
0
0
0
0
0
0
0
0
0
0
0
0
0
0
0
0
0
0
0
0
0
0
0
0
0
0
0
0
0
0
0
0
0
0
0
0
0
0
0
0
0
0
0
0
0
0
0
0
0
0
0
0
0
0
0
0
0
0
0
0
0
0
0
0
0
0
0
0
0
0
0
0
0
0
0
0
0
0
0
0
0
0
0
0
0
0
0
0
0
0
0
0
0
0
0
0
0
0
0
0
0
0
0
0
0
0
0
0
0
0
0
0
0
0
0
0
0
0
0
0
0
0
0
0
0
0
0
0
0
0
0
0
0
0
0
0
0
0
0
0
0
0
0
0
0
0
0
0
0
0
0
0
0
0
0
0
0
0
0
0
0
0
0
0
0
0
0
0
0
0
0
0
0
0
0
0
0
0
0
0
0
0
0
0
0
0
0
0
0
0
0
0
0
0
0
0
0
0
0
0
0
0
0
0
0
0
0
0
0
0
0
0
0
0
0
0
0
0
0
0
0
0
0
0
0
0
0
0
0
0
0
0
0
0
0
0
0
0
0
0
0
0
0
0
0
0
0
0
0
0
0
0
0
0
0
0
0
0
0
0
0
2.802596928649634e-45
1.401298464324817e-44
4.203895392974451e-44
8.407790785948902e-44
1.569454280043795e-43
2.83062289793613e-43
5.142765364072079e-43
9.206530910614048e-43
1.625506218616788e-42
2.83342549486478e-42
4.90454462513686e-42
8.442823247557023e-42
1.450063650883321e-41
2.485623216019361e-41
4.252660579532955e-41
7.261528642131202e-41
1.237626803691678e-40
2.105703176371616e-40
3.576435979603728e-40
6.063782792734208e-40
1.026308192674567e-39
1.734059205454174e-39
2.924812575514187e-39
4.924748546395495e-39
8.277988509198495e-39
1.389065408990954e-38
2.32690710727546e-38
3.891304941940586e-38
6.496402304508894e-38
1.082713818979956e-37
1.801437447150734e-37
2.992202476013971e-37
4.961700114276478e-37
8.213710276016652e-37
1.357434907690645e-36
2.239602827410934e-36
3.688898432211152e-36
6.065933258988724e-36
9.958070101380834e-36
1.632040027182503e-35
2.670336021054746e-35
4.361963079440474e-35
7.113451258590782e-35
1.158143526150048e-34
1.882476257464529e-34
3.054801480108775e-34
4.949078254446495e-34
8.004877756809767e-34
1.292633832249667e-33
2.083953854020184e-33
3.354236763214919e-33
5.390060735724653e-33
8.647473498630279e-33
1.385101744368401e-32
2.214992233714892e-32
3.536406281902917e-32
5.637060824975614e-32
8.971087240348448e-32
1.425412208069821e-31
2.26120585372199e-31
3.581336791051374e-31
5.663133994973463e-31
8.94079780721307e-31
1.409303938782763e-30
2.21790581401284e-30
3.484919453012748e-30
5.467070376973824e-30
8.56308175579668e-30
1.339121358897427e-29
2.090862371852805e-29
3.259474833316e-29
5.073265400205413e-29
7.883995246287095e-29
1.223277635707507e-28
1.895066676287187e-28
2.931203023375423e-28
4.526789037757854e-28
6.980050637980467e-28
1.074612286627713e-27
1.651851046594483e-27
2.535226771243304e-27
3.884996669025621e-27
5.944197113704565e-27
9.080829021263815e-27
1.385123115250665e-26
2.10951605781084e-26
3.207818438312483e-26
4.870460508903966e-26
7.383538392452036e-26
1.117620043326549e-25
1.689117351906348e-25
2.548955524036555e-25
3.84062872815542e-25
5.778044240803641e-25
8.679582132504859e-25
1.301837923401671e-24
1.949646455857027e-24
2.915389500335994e-24
4.352910809182387e-24
6.489425002850882e-24
9.659990692857564e-24
1.435793427362642e-23
2.130849146849832e-23
3.157618668171923e-23
4.672115801415379e-23
6.902638943589515e-23
1.018274972431362e-22
1.499906046396126e-22
2.206036521022841e-22
3.239751268417807e-22
4.750744533955761e-22
6.956060351655592e-22
1.016991401075259e-21
1.484650158064974e-21
2.164135511398867e-21
3.14991548560865e-21
4.577918412972143e-21
6.643431215576101e-21
9.62659468295359e-21
1.392866007464602e-20
2.012347222760533e-20
2.903046259069683e-20
4.181797046477626e-20
6.014927834710303e-20
8.638869461055243e-20
1.238919068233188e-19
1.774143957140152e-19
2.53685282028109e-19
3.622117402865842e-19
5.164058061883464e-19
7.351593543459176e-19
1.045042615106632e-18
1.483368723625778e-18
2.102457370635219e-18
2.975559948869893e-18
4.205077282260804e-18
5.933942665139511e-18
8.361365797632006e-18
1.176456550868747e-17
1.652873954364685e-17
2.318830448086227e-17
3.248359110447176e-17
4.543862916048126e-17
6.346769566428699e-17
8.852110382927668e-17
1.232843087489935e-16
1.714493814567312e-16
2.380846560889492e-16
3.301372321812312e-16
4.571148825129392e-16
6.320104042806848e-16
8.725519853122635e-16
1.20289224070304e-15
1.655886943202297e-15
2.276162394213043e-15
3.124241850673676e-15
4.282082314736391e-15
5.860496024692784e-15
8.009083610346305e-15
1.092950498171336e-14
1.489318210586271e-14
2.026487023977161e-14
2.753401551354971e-14
3.735637558836824e-14
5.060917844198522e-14
6.846415524352362e-14
9.248401740616363e-14
1.247496978764792e-13
1.680280128360176e-13
2.259920495097795e-13
3.035105803836369e-13
4.070273848869044e-13
5.450577597772288e-13
7.288369669074257e-13
9.731663174958327e-13
1.297515046794206e-12
1.727453141468771e-12
2.296510854746248e-12
3.048588291532095e-12
4.041076067523575e-12
5.348881927658145e-12
7.069627869227268e-12
9.330337717716741e-12
1.229603571739624e-11
1.61807824083926e-11
2.126181522510429e-11
2.78976217127358e-11
3.655104344191251e-11
4.781870385772713e-11
6.246846095958603e-11
8.14870185217309e-11
1.061402910007558e-10
1.380498354519588e-10
1.792894999130823e-10
2.325073467090988e-10
3.01079300379925e-10
3.893024236312215e-10
5.026372096317289e-10
6.480118663887424e-10
8.342027624230752e-10
1.072309130378812e-09
1.376345593051553e-09
1.763979295965612e-09
2.257445785858181e-09
2.884684713322372e-09
3.680746152312508e-09
4.68952787713306e-09
5.965921090478332e-09
7.578445426759117e-09
9.612499241029582e-09
1.217433620581687e-08
1.539593696975317e-08
1.94409750520208e-08
2.451208303000385e-08
3.085969879634831e-08
3.879283383412258e-08
4.869213299230069e-08
6.102567340349196e-08
7.636806742539193e-08
9.542353041069873e-08
1.190536167428036e-07
1.483105336319568e-07
1.844771446712912e-07
2.291148462063575e-07
2.841206878656521e-07
3.517953928167117e-07
4.3492457280081e-07
5.368747224565595e-07
6.617072472181462e-07
8.143130685311917e-07
1.000571728582145e-06
1.227537836712145e-06
1.503661337665108e-06
1.839044443840976e-06
2.245742280138074e-06
2.738114062594832e-06
3.333232143631903e-06
4.051356427225983e-06
4.916482794214971e-06
5.956979293841869e-06
7.206318969110725e-06
8.703920684638433e-06
1.049611364578595e-05
1.263724971067859e-05
1.519095803814707e-05
1.823158163460903e-05
2.184581171604805e-05
2.613452488731127e-05
3.121487316093408e-05
3.722262044902891e-05
4.431478373589925e-05
5.267255255603231e-05
6.250459409784526e-05
7.405067299259827e-05
8.758570766076446e-05
0.0001034242086461745
0.0001219251716975123
0.0001434975129086524
0.0001686058094492182
0.0001977767096832395
0.0002316058671567589
0.0002707653038669378
0.0003160113410558552
0.0003681931120809168
0.0004282614681869745
0.0004972784663550556
0.0005764272646047175
0.000667022482957691
0.0007705205352976918
0.0008885309216566384
0.001022826298139989
0.001175354467704892
0.001348248450085521
0.001543837017379701
0.001764654531143606
0.002013449789956212
0.002293194644153118
0.002607090398669243
0.002958572702482343
0.003351314226165414
0.003789226058870554
0.0042764563113451
0.004817382898181677
0.005416607484221458
0.006078941281884909
0.006809388287365437
0.007613125257194042
0.008495472371578217
0.009461862966418266
0.01051780488342047
0.01166883576661348
0.01292047370225191
0.0142781613394618
0.0157471988350153
0.01733267866075039
0.01903941668570042
0.02087185904383659
0.02283399552106857
0.02492928318679333
0.02716054581105709
0.0295298770070076
0.03203853964805603
0.03468687832355499
0.03747421875596046
0.04039876163005829
0.04345753043889999
0.04664626717567444
0.04995938390493393
0.05338988080620766
0.0569293349981308
0.06056785956025124
0.06429409235715866
0.06809525191783905
0.07195710390806198
0.07586411386728287
0.07979948073625565
0.08374525606632233
0.08768253028392792
0.09159154444932938
0.0954519584774971
0.09924302995204926
0.1029438748955727
0.1065337359905243
0.1099922880530357
0.1132999360561371
0.1164380833506584
0.119389496743679
0.1221385896205902
0.1246717348694801
0.1269775331020355
0.1290471106767654
0.130874291062355
0.1324558705091476
0.1337917149066925
0.134884849190712
0.1357416063547134
0.1363714784383774
0.136787161231041
0.1370043307542801
0.1370416134595871
0.1369200795888901
0.136663094162941
0.1362959146499634
0.1358452141284943
0.1353386044502258
0.1348041892051697
0.134269967675209
0.133763313293457
0.1333104223012924
0.1329357773065567
0.1326616108417511
0.1325074583292007
0.1324896514415741
0.1326210498809814
0.1329107284545898
0.1333637535572052
0.1339810639619827
0.1347595155239105
0.135691836476326
0.1367669701576233
0.1379702389240265
0.1392838209867477
0.1406871229410172
0.1421574354171753
0.1436704695224762
0.1452010422945023
0.1467237323522568
0.1482135653495789
0.1496468037366867
0.1510014981031418
0.152258113026619
0.1534000784158707
0.1544143110513687
0.1552914679050446
0.1560262441635132
0.1566174179315567
0.1570679545402527
0.1573847383260727
0.1575783938169479
0.1576629132032394
0.1576551198959351
0.1575741022825241
0.157440572977066
0.1572761833667755
0.1571027934551239
0.1569416970014572
0.1568129509687424
0.1567347645759583
0.1567227989435196
0.1567897945642471
0.1569450795650482
0.1571944057941437
0.1575397104024887
0.1579791605472565
0.1585073322057724
0.1591153740882874
0.1597915440797806
0.1605215221643448
0.1612891405820847
0.1620768755674362
0.162866622209549
0.1636403501033783
0.1643806844949722
0.1650716513395309
0.1656991094350815
0.1662512868642807
0.166719064116478
0.1670962125062943
0.1673795580863953
0.1675688624382019
0.1676666885614395
0.1676781475543976
0.1676104515790939
0.1674724519252777
0.1672741919755936
0.1670261323451996
0.1667386889457703
0.1664216369390488
0.1660834848880768
0.1657311171293259
0.1653692722320557
0.1650003343820572
0.1646240800619125
0.1642376929521561
0.1638357788324356
0.163410559296608
0.16295225918293
0.1624493300914764
0.1618891358375549
0.1612583547830582
0.1605435311794281
0.1597317904233932
0.1588112115859985
0.1577715277671814
0.1566044837236404
0.1553042382001877
0.1538675427436829
0.1522940993309021
0.1505865007638931
0.1487502306699753
0.1467934995889664
0.1447270810604095
0.142563983798027
0.1403189450502396
0.138008251786232
0.1356490701436996
0.1332592368125916
0.1308566629886627
0.1284590661525726
0.1260835379362106
0.1237463429570198
0.1214626133441925
0.1192462518811226
0.1171097829937935
0.115064300596714
0.1131194680929184
0.1112835630774498
0.109563522040844
0.107964999973774
0.1064924523234367
0.105149157345295
0.1039372459053993
0.1028577163815498
0.101910412311554
0.1010940000414848
0.1004058495163918
0.09984195977449417
0.09939692169427872
0.09906379133462906
0.09883402287960052
0.0986974909901619
0.09864248335361481
0.09865578263998032
0.09872280061244965
0.09882780164480209
0.09895416349172592
0.09908477962017059
0.09920240193605423
0.0992901548743248
0.09933191537857056
0.09931290149688721
0.09922008216381073
0.09904266893863678
0.09877247363328934
0.09840422868728638
0.09793584048748016
0.09736847132444382
0.0967065617442131
0.09595774114131927
0.09513251483440399
0.09424401819705963
0.09330743551254272
0.09233959019184113
0.0913582518696785
0.09038153290748596
0.08942720293998718
0.08851205557584763
0.08765128254890442
0.08685795962810516
0.08614254742860794
0.08551254123449326
0.08497224003076553
0.08452267944812775
0.08416162431240082
0.08388373255729675
0.08368084579706192
0.0835423618555069
0.08345573395490646
0.08340699970722198
0.08338142186403275
0.0833640843629837
0.08334046602249146
0.08329708874225616
0.08322196453809738
0.08310510218143463
0.08293881267309189
0.08271795511245728
0.0824400782585144
0.08210541307926178
0.08171674609184265
0.08127924799919128
0.08080010116100311
0.08028814941644669
0.07975343614816666
0.0792066901922226
0.07865883409976959
0.07812048494815826
0.07760145515203476
0.0771104097366333
0.07665441185235977
0.07623873651027679
0.07586668431758881
0.07553946226835251
0.07525624334812164
0.07501427829265594
0.07480910420417786
0.07463479787111282
0.07448437064886093
0.07435011863708496
0.07422403991222382
0.07409820705652237
0.07396519929170609
0.07381841540336609
0.07365243136882782
0.07346317172050476
0.07324808090925217
0.07300617545843124
0.07273804396390915
0.07244576513767242
0.07213269919157028
0.0718032643198967
0.07146266847848892
0.07111655920743942
0.07077073305845261
0.07043077796697617
0.0701017752289772
0.06978807598352432
0.06949303299188614
0.06921889632940292
0.06896671652793884
0.06873632222414017
0.06852641701698303
0.06833469122648239
0.06815796345472336
0.06799247115850449
0.06783410161733627
0.06767858564853668
0.06752185523509979
0.06736022979021072
0.06719061732292175
0.06701069325208664
0.066818967461586
0.06661488115787506
0.06639876961708069
0.066171795129776
0.06593583524227142
0.06569332629442215
0.06544707715511322
0.0652000680565834
0.06495524197816849
0.06471533328294754
0.0644826740026474
0.06425910443067551
0.06404581665992737
0.06384336203336716
0.06365162134170532
0.06346984207630157
0.06329675018787384
0.06313065439462662
0.06296958774328232
0.06281141191720963
0.06265401840209961
0.06249547749757767
0.06233414635062218
0.06216875463724136
0.06199847906827927
0.06182298064231873
0.06164239346981049
0.06145726889371872
0.06126854196190834
0.06107741966843605
0.06088528409600258
0.06069357320666313
0.06050369143486023
0.06031687930226326
0.0601341612637043
0.05995625630021095
0.05978357046842575
0.05961616709828377
0.05945378169417381
0.05929588153958321
0.05914169177412987
0.05899029970169067
0.05884071812033653
0.05869194492697716
0.05854308605194092
0.05839336290955544
0.05824220180511475
0.05808925628662109
0.05793438479304314
0.05777769908308983
0.05761949717998505
0.0574602410197258
0.05730050802230835
0.05714092031121254
0.05698212236166
0.05682468414306641
0.05666910111904144
0.05651571974158287
0.05636473372578621
0.05621618404984474
0.05606994777917862
0.05592576414346695
0.05578326061367989
0.05564196035265923
0.05550136789679527
0.05536097288131714
0.05522029101848602
0.0550788901746273
0.05493642017245293
0.0547926127910614
0.05464727804064751
0.05450031906366348
0.05435169488191605
0.05420141667127609
0.05404950305819511
0.05389596149325371
0.05374074727296829
0.05358376726508141
0.05342479795217514
0.05326353758573532
0.05309955775737762
0.05293229967355728
0.05276108160614967
0.05258510261774063
0.05240345001220703
0.0522151030600071
0.05201895534992218
0.05181382223963737
0.0515984520316124
0.05137151107192039
0.05113159492611885
0.05087722465395927
0.05060683935880661
0.05031877011060715
0.05001122877001762
0.04968229308724403
0.04932988807559013
0.04895177111029625
0.04854551330208778
0.04810849204659462
0.04763788729906082
0.04713065922260284
0.04658355191349983
0.0459931269288063
0.04535574838519096
0.04466759786009789
0.04392469674348831
0.04312291368842125
0.04225798323750496
0.04132555425167084
0.04032117873430252
0.03924037143588066
0.03807860985398293
0.03683137521147728
0.03549417853355408
0.03406259790062904
0.03253233060240746
0.03089919872581959
0.02915922924876213
0.02730869129300117
0.02534415386617184
0.02326254546642303
0.02106119878590107
0.01873794198036194
0.01629115082323551
0.01371982414275408
0.01102364249527454
0.008203040808439255
0.00525927497074008
0.002194474684074521
-0.0009882940212264657
-0.004284985829144716
-0.00769053166732192
-0.01119881216436625
-0.01480262912809849
-0.01849369890987873
-0.02226265333592892
-0.02609905414283276
-0.02999141439795494
-0.03392724320292473
-0.03789311647415161
-0.0418747179210186
-0.04585696384310722
-0.04982408508658409
-0.05375975370407104
-0.05764720216393471
-0.06146940216422081
-0.06520922482013702
-0.0688496008515358
-0.07237374782562256
-0.07576528936624527
-0.0790085569024086
-0.08208876103162766
-0.0849921703338623
-0.08770637959241867
-0.09022048115730286
-0.09252525120973587
-0.09461334347724915
-0.09647947549819946
-0.09812050312757492
-0.09953561425209045
-0.1007263958454132
-0.1016968488693237
-0.1024534553289413
-0.10300512611866
-0.1033632084727287
-0.1035413146018982
-0.1035552173852921
-0.103422686457634
-0.1031632572412491
-0.1027979627251625
-0.1023490652441978
-0.1018397137522697
-0.1012935936450958
-0.1007345989346504
-0.1001863479614258
-0.09967190027236938
-0.09921327233314514
-0.09883108735084534
-0.09854420274496078
-0.09836935251951218
-0.09832080453634262
-0.09841015934944153
-0.09864602982997894
-0.0990338996052742
-0.09957602620124817
-0.1002713739871979
-0.1011156067252159
-0.1021011844277382
-0.1032175421714783
-0.1044512763619423
-0.1057864502072334
-0.1072049140930176
-0.1086867228150368
-0.1102105602622032
-0.1117542237043381
-0.1132951155304909
-0.1148107349872589
-0.1162792444229126
-0.1176799014210701
-0.1189935654401779
-0.1202031150460243
-0.1212938502430916
-0.1222537830471992
-0.1230739280581474
-0.1237484440207481
-0.1242747157812119
-0.1246534511446953
-0.1248884722590446
-0.1249866187572479
-0.1249574944376945
-0.124813087284565
-0.1245674267411232
-0.1242360919713974
-0.1238357126712799
-0.1233834624290466
-0.1228964328765869
-0.1223911866545677
-0.1218831241130829
-0.1213860586285591
-0.1209116950631142
-0.1204692870378494
-0.1200652942061424
-0.1197032034397125
-0.1193833351135254
-0.1191028356552124
-0.1188557595014572
-0.1186331957578659
-0.1184235289692879
-0.1182128340005875
-0.1179852858185768
-0.1177236288785934
-0.1174097433686256
-0.1170251965522766
-0.116551861166954
-0.1159724742174149
-0.1152712255716324
-0.1144342571496964
-0.1134501472115517
-0.1123102828860283
-0.1110091805458069
-0.1095447093248367
-0.1079181954264641
-0.106134444475174
-0.1042016446590424
-0.1021311804652214
-0.09993734210729599
-0.09763699024915695
-0.09524913877248764
-0.09279442578554153
-0.09029460698366165
-0.08777207881212234
-0.08524929732084274
-0.08274824172258377
-0.08028997480869293
-0.0778941810131073
-0.07557880133390427
-0.07335975021123886
-0.07125061005353928
-0.06926257908344269
-0.06740435212850571
-0.06568215042352676
-0.06409981101751328
-0.06265889853239059
-0.06135895848274231
-0.06019769236445427
-0.05917129293084145
-0.05827465280890465
-0.05750169605016708
-0.05684561282396317
-0.05629908293485641
-0.05585448816418648
-0.05550407618284225
-0.05524007603526115
-0.05505474656820297
-0.05494042113423347
-0.0548894852399826
-0.0548943467438221
-0.05494733154773712
-0.0550406388938427
-0.05516624823212624
-0.05531581491231918
-0.05548066273331642
-0.05565173923969269
-0.05581963434815407
-0.05597465485334396
-0.05610691383481026
-0.05620650202035904
-0.05626368522644043
-0.05626914650201797
-0.05621423572301865
-0.05609128251671791
-0.05589386820793152
-0.05561712011694908
-0.05525794997811317
-0.05481527745723724
-0.05429021269083023
-0.05368612706661224
-0.05300869792699814
-0.05226583406329155
-0.05146753787994385
-0.05062568932771683
-0.04975371435284615
-0.04886621236801147
-0.04797854274511337
-0.0471063144505024
-0.0462648905813694
-0.04546886682510376
-0.04473159089684486
-0.04406464472413063
-0.04347749054431915
-0.04297708347439766
-0.04256764054298401
-0.04225047305226326
-0.04202393814921379
-0.04188350960612297
-0.0418219305574894
-0.04182948544621468
-0.04189438745379448
-0.04200319573283195
-0.04214132949709892
-0.04229362308979034
-0.04244488477706909
-0.04258044809103012
-0.04268673062324524
-0.04275169223546982
-0.04276528209447861
-0.04271975159645081
-0.04260991513729095
-0.04243326932191849
-0.04219002276659012
-0.04188302904367447
-0.04151757806539536
-0.04110113903880119
-0.04064298048615456
-0.04015376418828964
-0.03964505717158318
-0.03912884742021561
-0.03861705213785172
-0.03812104091048241
-0.03765116259455681
-0.03721639886498451
-0.03682401031255722
-0.03647933527827263
-0.0361856147646904
-0.03594394400715828
-0.03575330972671509
-0.03561071678996086
-0.03551139682531357
-0.0354490764439106
-0.03541629761457443
-0.03540478274226189
-0.03540583327412605
-0.03541071340441704
-0.03541101887822151
-0.03539903089404106
-0.03536801412701607
-0.0353124737739563
-0.03522832691669464
-0.03511302545666695
-0.03496559709310532
-0.03478661179542542
-0.03457808494567871
-0.03434332460165024
-0.03408671543002129
-0.0338134765625
-0.03352939337491989
-0.03324049711227417
-0.03295282274484634
-0.03267210349440575
-0.03240352496504784
-0.03215152025222778
-0.03191959112882614
-0.031710185110569
-0.03152464330196381
-0.03136317059397697
-0.03122489154338837
-0.03110794723033905
-0.03100961074233055
-0.03092646785080433
-0.03085461631417274
-0.03078986518085003
-0.03072795644402504
-0.03066477365791798
-0.03059653379023075
-0.03051996417343616
-0.03043242543935776
-0.03033202886581421
-0.03021767735481262
-0.03008909150958061
-0.02994679100811481
-0.02979201450943947
-0.0296266358345747
-0.02945303171873093
-0.02927393838763237
-0.02909228950738907
-0.02891105785965919
-0.02873309701681137
-0.02856099419295788
-0.02839694358408451
-0.02824265509843826
-0.02809927985072136
-0.02796737477183342
-0.02784690260887146
-0.02773725241422653
-0.02763731591403484
-0.02754555083811283
-0.02746009640395641
-0.02737889252603054
-0.0272998008877039
-0.02722072415053844
-0.02713972888886929
-0.02705513313412666
-0.02696559764444828
-0.02687018923461437
-0.0267684068530798
-0.02666018903255463
-0.02654590271413326
-0.0264262892305851
-0.02630241401493549
-0.02617558278143406
-0.0260472483932972
-0.02591892145574093
-0.02579208463430405
-0.02566808648407459
-0.02554807625710964
-0.02543295174837112
-0.02532330341637135
-0.02521939761936665
-0.025121184065938
-0.02502830140292645
-0.02494012378156185
-0.02485581673681736
-0.02477438561618328
-0.02469475939869881
-0.02461585588753223
-0.02453664690256119
-0.02445622719824314
-0.0243738666176796
-0.02428903244435787
-0.02420143783092499
-0.02411101385951042
-0.0240179318934679
-0.02392256446182728
-0.02382544614374638
-0.02372723817825317
-0.02362867258489132
-0.02353050000965595
-0.02343344315886497
-0.02333813905715942
-0.02324511297047138
-0.02315473929047585
-0.02306723594665527
-0.0229826420545578
-0.02290084026753902
-0.02282156981527805
-0.02274444699287415
-0.0226689986884594
-0.02259470708668232
-0.02252104319632053
-0.0224475022405386
-0.02237364090979099
-0.02229909785091877
-0.02222361788153648
-0.02214706689119339
-0.022069426253438
-0.02199079468846321
-0.02191136963665485
-0.02183142490684986
-0.0217512845993042
-0.02167130447924137
-0.02159183658659458
-0.02151320688426495
-0.02143569476902485
-0.02135950699448586
-0.02128477953374386
-0.02121156267821789
-0.02113982476294041
-0.02106945775449276
-0.02100029587745667
-0.02093212492763996
-0.02086470648646355
-0.02079779282212257
-0.02073114179074764
-0.02066454663872719
-0.02059783972799778
-0.02053090184926987
-0.02046367339789867
-0.0203961506485939
-0.02032838203012943
-0.02026046440005302
-0.02019252628087997
-0.02012471482157707
-0.02005719393491745
-0.01999012008309364
-0.0199236273765564
-0.01985783502459526
-0.0197928175330162
-0.01972862146794796
-0.01966524682939053
-0.01960266754031181
-0.019540810957551
-0.01947959139943123
-0.01941890455782413
-0.01935863867402077
-0.01929868385195732
-0.01923894695937634
-0.01917934231460094
-0.01911981217563152
-0.01906032487750053
-0.01900087483227253
-0.0189414769411087
-0.01888216659426689
-0.01882300339639187
-0.01876404695212841
-0.01870536990463734
-0.01864703558385372
-0.01858910545706749
-0.01853162609040737
-0.01847462728619576
-0.01841812580823898
-0.01836211793124676
-0.01830658689141273
-0.01825150288641453
-0.01819682493805885
-0.01814250461757183
-0.01808849722146988
-0.01803475059568882
-0.01798122748732567
-0.01792789623141289
-0.01787473447620869
-0.01782172918319702
-0.01776888221502304
-0.01771620288491249
-0.01766370795667171
-0.01761142909526825
-0.01755939051508904
-0.01750762015581131
-0.01745614036917686
-0.01740497350692749
-0.01735414005815983
-0.01730364188551903
-0.01725348271429539
-0.01720365323126316
-0.0171541403979063
-0.01710493117570877
-0.01705600507557392
-0.01700733602046967
-0.01695890352129936
-0.01691068895161152
-0.01686267927289009
-0.01681486330926418
-0.01676723919808865
-0.01671980321407318
-0.01667256094515324
-0.01662551984190941
-0.01657869108021259
-0.01653208211064339
-0.01648570410907269
-0.01643956825137138
-0.01639367826282978
-0.01634804159402847
-0.01630265451967716
-0.016257518902421
-0.01621263287961483
-0.01616798713803291
-0.01612357422709465
-0.01607938669621944
-0.0160354170948267
-0.01599165610969067
-0.0159480944275856
-0.01590472459793091
-0.01586154475808144
-0.01581854745745659
-0.01577573828399181
-0.01573311537504196
-0.01569068245589733
-0.01564844138920307
-0.01560640055686235
-0.01556455995887518
-0.01552292332053185
-0.01548149064183235
-0.01544026285409927
-0.01539923995733261
-0.01535841822624207
-0.01531779486685991
-0.01527736522257328
-0.01523712836205959
-0.01519707683473825
-0.01515720877796412
-0.01511752046644688
-0.01507801003754139
-0.01503867283463478
-0.01499950978904963
-0.01496051996946335
-0.0149217015132308
-0.01488305535167456
-0.01484458334743977
-0.0148062827065587
-0.01476815529167652
-0.01473020203411579
-0.01469242293387651
-0.01465481799095869
-0.01461738534271717
-0.01458012498915195
-0.01454303413629532
-0.01450611092150211
-0.01446935068815947
-0.01443275436758995
-0.01439631823450327
-0.01436004042625427
-0.01432392094284296
-0.01428795605897903
-0.01425214763730764
-0.01421649474650621
-0.01418099738657475
-0.01414565276354551
-0.01411046274006367
-0.01407542545348406
-0.01404054090380669
-0.01400580815970898
-0.01397122628986835
-0.01393679343163967
-0.01390250958502293
-0.0138683719560504
-0.01383438054472208
-0.0138005344197154
-0.01376683358103037
-0.01373327523469925
-0.0136998612433672
-0.01366658881306648
-0.01363345701247454
-0.01360046491026878
-0.0135676097124815
-0.01353489328175783
-0.01350231375545263
-0.01346986833959818
-0.01343755796551704
-0.01340538263320923
-0.01337334141135216
-0.01334143336862326
-0.01330965757369995
-0.01327801123261452
-0.01324649900197983
-0.01321511715650558
-0.01318386476486921
-0.01315274089574814
-0.01312174648046494
-0.01309087965637445
-0.01306013949215412
-0.01302952412515879
-0.0129990316927433
-0.01296866312623024
-0.0129384147003293
-0.01290828920900822
-0.01287828665226698
-0.01284840703010559
-0.01281865127384663
-0.01278901658952236
-0.01275950483977795
-0.01273011323064566
-0.01270084083080292
-0.01267168577760458
-0.01264264434576035
-0.01261371653527021
-0.01258490141481161
-0.01255619805306196
-0.01252760458737612
-0.01249912194907665
-0.01247075013816357
-0.01244248915463686
-0.01241433992981911
-0.01238630246371031
-0.01235837489366531
-0.01233055908232927
-0.01230285316705704
-0.01227525714784861
-0.01224776916205883
-0.01222038827836514
-0.01219311356544495
-0.01216594409197569
-0.01213887985795736
-0.01211191900074482
-0.01208506152033806
-0.01205830555409193
-0.01203165110200644
-0.01200509816408157
-0.0119786448776722
-0.01195229403674603
-0.01192604377865791
-0.01189989317208529
-0.01187384221702814
-0.01184788905084133
-0.01182203460484743
-0.01179627794772387
-0.01177061814814806
-0.01174505520612001
-0.01171958725899458
-0.0116942161694169
-0.01166893914341927
-0.01164375711232424
-0.01161866914480925
-0.01159367430955172
-0.01156877167522907
-0.01154396217316389
-0.01151924394071102
-0.01149461697787046
-0.01147008221596479
-0.01144563779234886
-0.01142128556966782
-0.01139702554792166
-0.01137285586446524
-0.01134877558797598
-0.01132478285580873
-0.01130087580531836
-0.01127705443650484
-0.01125332061201334
-0.01122966967523098
-0.01120610255748034
-0.01118262019008398
-0.01115922257304192
-0.01113590970635414
-0.01111267972737551
-0.01108953356742859
-0.01106647215783596
-0.0110434964299202
-0.01102060358971357
-0.01099779363721609
-0.0109750647097826
-0.01095241867005825
-0.01092985179275274
-0.01090736594051123
-0.01088496018201113
-0.01086263358592987
-0.01084038428962231
-0.01081821508705616
-0.01079612225294113
-0.0107741067185998
-0.01075216848403215
-0.01073030475527048
-0.01070851739495993
-0.01068680733442307
-0.01066517364233732
-0.01064361538738012
-0.01062213070690632
-0.01060072053223848
-0.01057938486337662
-0.010558120906353
-0.01053693238645792
-0.01051581744104624
-0.01049477607011795
-0.01047380734235048
-0.01045291032642126
-0.01043208502233028
-0.01041133236140013
-0.01039065141230822
-0.01037004124373198
-0.01034950185567141
-0.01032903511077166
-0.01030863728374243
-0.01028830744326115
-0.01026804838329554
-0.01024785824120045
-0.01022773701697588
-0.01020768471062183
-0.01018769759684801
-0.01016777940094471
-0.01014792826026678
-0.01012814324349165
-0.01010842155665159
-0.01008876692503691
-0.0100691756233573
-0.01004964858293533
-0.01003018487244844
-0.01001078449189663
-0.009991448372602463
-0.00997217558324337
-0.009952966123819351
-0.009933821856975555
-0.009914741851389408
-0.009895726107060909
-0.009876773692667484
-0.009857886470854282
-0.00983906164765358
-0.009820298291742802
-0.009801598265767097
-0.009782960638403893
-0.009764384478330612
-0.009745867922902107
-0.009727410040795803
-0.009709009900689125
-0.009690669365227222
-0.009672386571764946
-0.00965416245162487
-0.00963599793612957
-0.009617891162633896
-0.009599842131137848
-0.009581850841641426
-0.009563918225467205
-0.009546044282615185
-0.009528226219117641
-0.009510466828942299
-0.009492763318121433
-0.009475117549300194
-0.009457525797188282
-0.009439991787075996
-0.009422510862350464
-0.009405085816979408
-0.00938771478831768
-0.009370400570333004
-0.00935314130038023
-0.009335936047136784
-0.009318786673247814
-0.009301693178713322
-0.009284651838243008
-0.009267666377127171
-0.009250734001398087
-0.009233856573700905
-0.009217032231390476
-0.009200260043144226
-0.00918353907763958
-0.009166869334876537
-0.009150249883532524
-0.009133682586252689
-0.009117168374359608
-0.009100704453885555
-0.009084290824830532
-0.009067929349839687
-0.009051620028913021
-0.009035359136760235
-0.009019149467349052
-0.009002990089356899
-0.008986879140138626
-0.008970816619694233
-0.008954804390668869
-0.00893883965909481
-0.008922923356294632
-0.008907054550945759
-0.008891233243048191
-0.008875459432601929
-0.008859733119606972
-0.008844053372740746
-0.00882842019200325
-0.008812836371362209
-0.008797299116849899
-0.008781809359788895
-0.00876636803150177
-0.008750974200665951
-0.008735626004636288
-0.008720323443412781
-0.008705067448318005
-0.008689857088029385
-0.008674691431224346
-0.008659571409225464
-0.008644495159387589
-0.008629464544355869
-0.008614481426775455
-0.008599542081356049
-0.008584647439420223
-0.00856979563832283
-0.008554986678063869
-0.008540218695998192
-0.008525493554770947
-0.008510809391736984
-0.008496168069541454
-0.008481568656861782
-0.008467012085020542
-0.008452498354017735
-0.008438027463853359
-0.008423597551882267
-0.008409213274717331
-0.008394871838390827
-0.008380572311580181
-0.008366315625607967
-0.008352101780474186
-0.008337929844856262
-0.008323799818754196
-0.008309710770845413
-0.008295663632452488
-0.008281655609607697
-0.008267688564956188
-0.008253761567175388
-0.008239872753620148
-0.008226023986935616
-0.008212215267121792
-0.008198445662856102
-0.008184716105461121
-0.008171024732291698
-0.008157373405992985
-0.008143761195242405
-0.008130187168717384
-0.008116651326417923
-0.008103152737021446
-0.008089692331850529
-0.00807627011090517
-0.008062886074185371
-0.008049541153013706
-0.008036233484745026
-0.008022964000701904
-0.008009731769561768
-0.007996536791324615
-0.007983378134667873
-0.007970256730914116
-0.007957171648740768
-0.007944121956825256
-0.007931108586490154
-0.007918132469058037
-0.007905191741883755
-0.007892288267612457
-0.007879420183598995
-0.007866587489843369
-0.007853791117668152
-0.007841030135750771
-0.007828304544091225
-0.00781561341136694
-0.00780295766890049
-0.007790336385369301
-0.00777775002643466
-0.007765197195112705
-0.007752678357064724
-0.007740193046629429
-0.007727742195129395
-0.007715325336903334
-0.007702942937612534
-0.007690595462918282
-0.007678281981498003
-0.00766600389033556
-0.00765375979244709
-0.007641549222171307
-0.007629371713846922
-0.007617226336151361
-0.007605113089084625
-0.007593032438308001
-0.0075809839181602
-0.007568967528641224
-0.007556983269751072
-0.007545030675828457
-0.007533110212534666
-0.007521222345530987
-0.007509367540478706
-0.00749754486605525
-0.007485755253583193
-0.007473998237401247
-0.007462272420525551
-0.00745057687163353
-0.007438912056386471
-0.007427277509123087
-0.007415672298520803
-0.007404095958918333
-0.007392548955976963
-0.007381031289696693
-0.007369543891400099
-0.007358087226748466
-0.007346660364419222
-0.00733526423573494
-0.007323899306356907
-0.007312566041946411
-0.007301263976842165
-0.007289992645382881
-0.00727875204756856
-0.007267542649060488
-0.007256363518536091
-0.007245213724672794
-0.007234094198793173
-0.007223004009574652
-0.007211941760033369
-0.007200906984508038
-0.007189900614321232
-0.007178920786827803
-0.007167969364672899
-0.007157045416533947
-0.007146148476749659
-0.007135279010981321
-0.007124436553567648
-0.0071136225014925
-0.007102835923433304
-0.007092077285051346
-0.007081346586346626
-0.007070643827319145
-0.00705996947363019
-0.007049323059618473
-0.007038704119622707
-0.007028111722320318
-0.007017546333372593
-0.007007007952779531
-0.006996496114879847
-0.006986011750996113
-0.006975553929805756
-0.006965123116970062
-0.00695471977815032
-0.006944343913346529
-0.006933995522558689
-0.006923674140125513
-0.006913378369063139
-0.006903108675032854
-0.006892865058034658
-0.006882646586745977
-0.006872452795505524
-0.006862284149974585
-0.006852139253169298
-0.006842017639428377
-0.006831919774413109
-0.006821846589446068
-0.006811797618865967
-0.006801772862672806
-0.006791773252189159
-0.006781799253076315
-0.006771850865334272
-0.006761927623301744
-0.006752029526978731
-0.00674215704202652
-0.006732309702783823
-0.006722487043589354
-0.006712688133120537
-0.006702912971377373
-0.006693162024021149
-0.006683434825390577
-0.006673731841146946
-0.00666405213996768
-0.006654397118836641
-0.00664476677775383
-0.006635161116719246
-0.006625580135732889
-0.006616023369133472
-0.006606490816920996
-0.006596982013434172
-0.006587496027350426
-0.006578033324331045
-0.006568592507392168
-0.006559174042195082
-0.006549777463078499
-0.006540402304381132
-0.006531048566102982
-0.006521716713905334
-0.006512407679110765
-0.006503121461719275
-0.006493857596069574
-0.00648461701348424
-0.006475398782640696
-0.006466202903538942
-0.006457030773162842
-0.006447880994528532
-0.006438753567636013
-0.006429646164178848
-0.00642055831849575
-0.006411490961909294
-0.006402443628758192
-0.006393416319042444
-0.006384408101439476
-0.006375420372933149
-0.006366452667862177
-0.006357505451887846
-0.006348578725010157
-0.006339672021567822
-0.006330785807222128
-0.006321920547634363
-0.006313075311481953
-0.006304249167442322
-0.006295442581176758
-0.006286654621362686
-0.00627788482233882
-0.006269132252782583
-0.006260396912693977
-0.006251678336411715
-0.006242975126951933
-0.00623428774997592
-0.006225614342838526
-0.006216955371201038
-0.006208309438079596
-0.006199675612151623
-0.006191052496433258
-0.006182439625263214
-0.006173835601657629
-0.006165239494293928
-0.006156650371849537
-0.006148066837340593
-0.006139487028121948
-0.006130910944193602
-0.006122336257249117
-0.006113761570304632
-0.006105184089392424
-0.006096601951867342
-0.006088013295084238
-0.006079415325075388
-0.006070805713534355
-0.006062181666493416
-0.006053540389984846
-0.006044878624379635
-0.006036191713064909
-0.006027476396411657
-0.006018729414790869
-0.006009947042912245
-0.0060011250898242
-0.005992259364575148
-0.005983345676213503
-0.005974379368126392
-0.00596535624936223
-0.005956270731985569
-0.005947117228060961
-0.005937891080975533
-0.005928585305809975
-0.005919195245951414
-0.005909713916480541
-0.005900135263800621
-0.005890452768653631
-0.005880660377442837
-0.005870751570910215
-0.005860720295459032
-0.005850559566169977
-0.005840263795107603
-0.005829827394336462
-0.005819244775921106
-0.005808511283248663
-0.005797620862722397
-0.005786570254713297
-0.005775354336947203
-0.005763968452811241
-0.005752409342676401
-0.005740673281252384
-0.005728757940232754
-0.00571666331961751
-0.005704387556761503
-0.005691931582987309
-0.005679295863956213
-0.005666483193635941
-0.005653496831655502
-0.005640340968966484
-0.005627020727843046
-0.005613542627543211
-0.00559991504997015
-0.005586145911365747
-0.005572245456278324
-0.005558224394917488
-0.005544094834476709
-0.005529870744794607
-0.005515565630048513
-0.005501197185367346
-0.00548678170889616
-0.005472336895763874
-0.005457882769405842
-0.005443439353257418
-0.005429028533399105
-0.005414671264588833
-0.005400389898568392
-0.005386206787079573
-0.005372144747525454
-0.005358226597309113
-0.005344475619494915
-0.005330914165824652
-0.005317564122378826
-0.005304447375237942
-0.005291585344821215
-0.005278996657580137
-0.005266699474304914
-0.005254711024463177
-0.00524304760619998
-0.005231722723692656
-0.005220748484134674
-0.005210136063396931
-0.005199891980737448
-0.00519002228975296
-0.005180530250072479
-0.005171418190002441
-0.00516268378123641
-0.005154324695467949
-0.00514633534476161
-0.005138708278536797
-0.005131434183567762
-0.005124502349644899
-0.005117899272590876
-0.005111610982567072
-0.005105622578412294
-0.005099917761981487
-0.005094479769468307
-0.005089290905743837
-0.005084333475679159
-0.005079591181129217
-0.005075048189610243
-0.005070689599961042
-0.005066501442342997
-0.005062471143901348
-0.005058588925749063
-0.005054846405982971
-0.005051238462328911
-0.005047761835157871
-0.00504441699013114
-0.00504120672121644
-0.00503813661634922
-0.005035216454416513
-0.00503245647996664
-0.005029872059822083
-0.00502748042345047
-0.005025299731642008
-0.0050233518704772
-0.005021658260375261
-0.005020242650061846
-0.00501912971958518
-0.005018344614654779
-0.005017911549657583
-0.005017853807657957
-0.005018193274736404
-0.005018951836973429
-0.005020145326852798
-0.005021788645535707
-0.005023893434554338
-0.005026465747505426
-0.005029506515711546
-0.005033012945204973
-0.005036976188421249
-0.005041381344199181
-0.005046207457780838
-0.005051427986472845
-0.00505701033398509
-0.005062917247414589
-0.00506910402327776
-0.005075521301478148
-0.005082115530967712
-0.005088828969746828
-0.005095599684864283
-0.00510236294940114
-0.005109052173793316
-0.005115598440170288
-0.00512193376198411
-0.005127990152686834
-0.005133701488375664
-0.00513900350779295
-0.005143837537616491
-0.00514814630150795
-0.005151879973709583
-0.005154992453753948
-0.005157446954399347
-0.005159213207662106
-0.005160266999155283
-0.005160594824701548
-0.005160191562026739
-0.005159060005098581
-0.005157211795449257
-0.005154667422175407
-0.005151455290615559
-0.005147611722350121
-0.005143181420862675
-0.005138215143233538
-0.005132769700139761
-0.005126907024532557
-0.005120692774653435
-0.005114195868372917
-0.005107488483190536
-0.0051006437279284
-0.005093731917440891
-0.00508682569488883
-0.005079993512481451
-0.005073301028460264
-0.005066808313131332
-0.005060573108494282
-0.005054645240306854
-0.005049068480730057
-0.005043879151344299
-0.005039106123149395
-0.005034771747887135
-0.005030888598412275
-0.005027461796998978
-0.005024489481002092
-0.005021960940212011
-0.005019859876483679
-0.005018162075430155
-0.005016837269067764
-0.005015849601477385
-0.00501515856012702
-0.005014720372855663
-0.005014486145228148
-0.005014405585825443
-0.005014428868889809
-0.00501450477167964
-0.005014581605792046
-0.005014610011130571
-0.005014542490243912
-0.00501433527097106
-0.005013946443796158
-0.005013340152800083
-0.005012483801692724
-0.005011352244764566
-0.005009923595935106
-0.005008183419704437
-0.005006123334169388
-0.005003740545362234
-0.005001038312911987
-0.004998025484383106
-0.004994715563952923
-0.004991129506379366
-0.004987291991710663
-0.004983230959624052
-0.004978979006409645
-0.004974571522325277
-0.004970046691596508
-0.004965443164110184
-0.004960800986737013
-0.004956159275025129
-0.00495155667886138
-0.004947029519826174
-0.004942611325532198
-0.004938333760946989
-0.004934224300086498
-0.004930305294692516
-0.004926595371216536
-0.004923107102513313
-0.004919848404824734
-0.004916820675134659
-0.004914020653814077
-0.004911440424621105
-0.004909065552055836
-0.004906877875328064
-0.004904855974018574
-0.004902972374111414
-0.004901197273284197
-0.004899499472230673
-0.004897847305983305
-0.004896204452961683
-0.004894538782536983
-0.004892817698419094
-0.004891010466963053
-0.004889089614152908
-0.004887031391263008
-0.004884814843535423
-0.004882424604147673
-0.004879850428551435
-0.004877087660133839
-0.004874136298894882
-0.004871001932770014
-0.004867694806307554
-0.004864230286329985
-0.004860627464950085
-0.00485690962523222
-0.004853102378547192
-0.004849234130233526
-0.004845334682613611
-0.004841433372348547
-0.004837560001760721
-0.004833741579204798
-0.00483000511303544
-0.004826373420655727
-0.004822864662855864
-0.004819493740797043
-0.004816269967705011
-0.004813199397176504
-0.004810281563550234
-0.00480751134455204
-0.004804878495633602
-0.004802369512617588
-0.004799965303391218
-0.004797645378857851
-0.004795386455953121
-0.004793164785951376
-0.004790954291820526
-0.004788730759173632
-0.004786469973623753
-0.004784150514751673
-0.004781753290444613
-0.004779262933880091
-0.004776666406542063
-0.004773956257849932
-0.004771128762513399
-0.004768183920532465
-0.004765127319842577
-0.004761968273669481
-0.004758718423545361
-0.004755393601953983
-0.004752011969685555
-0.004748593550175428
-0.004745158366858959
-0.004741726908832788
-0.00473831919953227
-0.00473495339974761
-0.004731644876301289
-0.004728407599031925
-0.004725252743810415
-0.004722186829894781
-0.004719213582575321
-0.004716332070529461
-0.004713539499789476
-0.004710828885436058
-0.004708190448582172
-0.0047056102193892
-0.004703075625002384
-0.004700569435954094
-0.004698078148066998
-0.00469558360055089
-0.004693072289228439
-0.004690530244261026
-0.004687945358455181
-0.00468530785292387
-0.004682611674070358
-0.004679851699620485
-0.004677027463912964
-0.004674139898270369
-0.004671193659305573
-0.004668196197599173
-0.004665155429393053
-0.004662082064896822
-0.004658987279981375
-0.004655883647501469
-0.004652782343327999
-0.004649695008993149
-0.004646631889045238
-0.004643602762371302
-0.004640615545213223
-0.004637675825506449
-0.004634786862879992
-0.004631950054317713
-0.004629163537174463
-0.004626425448805094
-0.004623729735612869
-0.004621070809662342
-0.004618439823389053
-0.004615828394889832
-0.004613227210938931
-0.004610626492649317
-0.004608017392456532
-0.004605392925441265
-0.004602746572345495
-0.004600072279572487
-0.004597367253154516
-0.004594630096107721
-0.004591860808432102
-0.004589060787111521
-0.004586233757436275
-0.004583383444696665
-0.004580515902489424
-0.004577638115733862
-0.00457475520670414
-0.004571874160319567
-0.004569001495838165
-0.004566142335534096
-0.004563302267342806
-0.004560484550893307
-0.004557692911475897
-0.004554928746074438
-0.004552193451672792
-0.004549484699964523
-0.004546802490949631
-0.004544142168015242
-0.004541500471532345
-0.004538873676210642
-0.00453625526279211
-0.004533641040325165
-0.004531026352196932
-0.004528407007455826
-0.00452578067779541
-0.004523142706602812
-0.004520493093878031
-0.004517830442637205
-0.004515154752880335
-0.004512466955929995
-0.004509769380092621
-0.004507065284997225
-0.004504356998950243
-0.004501647315919399
-0.004498940426856279
-0.004496239125728607
-0.004493546672165394
-0.00449086632579565
-0.004488198552280664
-0.00448554614558816
-0.004482910502701998
-0.004480292089283466
-0.004477691370993853
-0.004475106950849295
-0.00447253929451108
-0.004469987470656633
-0.004467450082302094
-0.004464925266802311
-0.004462413024157286
-0.004459911957383156
-0.004457419738173485
-0.00445493683218956
-0.004452462308108807
-0.004449995700269938
-0.00444753747433424
-0.004445088561624289
-0.00444265129044652
-0.004440226592123508
-0.004437817260622978
-0.00443542655557394
-0.004433058202266693
-0.004430714063346386
-0.004428398795425892
-0.004426115192472935
-0.004423866048455238
-0.004421655554324389
-0.004419486504048109
-0.004417362622916698
-0.004415286704897881
-0.004413261543959379
-0.004411289934068918
-0.004409372806549072
-0.00440751388669014
-0.00440571503713727
-0.004403979983180761
-0.004402309656143188
-0.00440070778131485
-0.004399177152663469
-0.004397721495479345
-0.004396343603730202
-0.00439504673704505
-0.00439383601769805
-0.004392716567963362
-0.004391693044453859
-0.004390770103782415
-0.00438995286822319
-0.004389246460050344
-0.004388656467199326
-0.004388187080621719
-0.004387843888252974
-0.004387631081044674
-0.004387553315609694
-0.004387614782899618
-0.004387818742543459
-0.004388169851154089
-0.004388669040054083
-0.004389319568872452
-0.004390122834593058
-0.004391079302877188
-0.004392189905047417
-0.004393454641103745
-0.004394873045384884
-0.004396443255245686
-0.004398163408041
-0.004400030709803104
-0.004402042832225561
-0.004404194187372923
-0.004406480584293604
-0.004408896435052156
-0.004411436151713133
-0.004414093215018511
-0.004416858777403831
-0.004419725388288498
-0.004422682337462902
-0.004425719380378723
-0.004428825341165066
-0.004431986715644598
-0.004435189999639988
-0.004438421688973904
-0.004441666416823864
-0.004444907885044813
-0.004448129795491695
-0.00445131491869688
-0.004454445093870163
-0.004457501228898764
-0.004460466094315052
-0.004463320598006248
-0.004466046113520861
-0.004468622617423534
-0.004471031483262777
-0.00447325361892581
-0.004475271794945002
-0.00447706738486886
-0.004478623159229755
-0.004479922819882631
-0.004480951465666294
-0.00448169419541955
-0.004482137504965067
-0.00448227021843195
-0.004482082091271877
-0.004481562413275242
-0.004480703733861446
-0.004479499068111181
-0.004477942362427711
-0.004476029425859451
-0.004473758861422539
-0.004471128340810537
-0.004468138329684734
-0.004464789759367704
-0.004461084026843309
-0.004457024857401848
-0.004452616441994905
-0.004447863902896643
-0.004442773293703794
-0.004437350668013096
-0.004431602545082569
-0.004425536375492811
-0.004419158212840557
-0.004412475973367691
-0.004405494313687086
-0.00439821882173419
-0.004390654154121876
-0.004382804036140442
-0.00437466986477375
-0.004366252571344376
-0.004357550293207169
-0.004348559770733118
-0.004339276812970638
-0.004329693969339132
-0.004319801926612854
-0.004309589508920908
-0.004299043212085962
-0.004288147669285536
-0.004276885651051998
-0.004265237133949995
-0.004253181628882885
-0.00424069631844759
-0.004227757453918457
-0.004214340355247259
-0.00420041847974062
-0.004185966681689024
-0.004170958418399096
-0.004155367612838745
-0.004139169119298458
-0.00412233779206872
-0.004104850813746452
-0.004086686298251152
-0.004067825153470039
-0.004048250149935484
-0.004027946852147579
-0.004006903152912855
-0.003985112067312002
-0.003962569870054722
-0.003939275629818439
-0.003915231674909592
-0.003890445921570063
-0.003864930709823966
-0.003838702570647001
-0.003811782924458385
-0.00378419691696763
-0.003755975514650345
-0.00372715387493372
-0.003697771346196532
-0.00366787170059979
-0.003637502435594797
-0.003606715705245733
-0.003575566224753857
-0.003544112434610724
-0.003512415569275618
-0.003480539424344897
-0.00344854942522943
-0.003416513558477163
-0.003384500974789262
-0.003352581523358822
-0.003320826916024089
-0.003289307933300734
-0.003258096054196358
-0.003227261127904058
-0.003196872305124998
-0.003166997106745839
-0.003137701423838735
-0.003109047189354897
-0.003081094939261675
-0.003053899854421616
-0.003027514088898897
-0.00300198420882225
-0.002977352123707533
-0.002953654155135155
-0.002930920105427504
-0.002909173490479589
-0.002888430142775178
-0.002868698909878731
-0.002849980723112822
-0.002832268830388784
-0.00281554670073092
-0.002799791051074862
-0.002784969517961144
-0.002771040890365839
-0.002757956041023135
-0.00274565746076405
-0.002734080422669649
-0.002723152050748467
-0.00271279364824295
-0.002702920464798808
-0.002693443559110165
-0.002684269566088915
-0.002675303490832448
-0.002666448708623648
-0.002657608827576041
-0.002648689551278949
-0.002639599377289414
-0.002630251692607999
-0.002620566403493285
-0.002610471332445741
-0.002599902683869004
-0.002588808070868254
-0.002577145118266344
-0.002564884955063462
-0.00255201174877584
-0.002538523636758327
-0.002524431562051177
-0.002509760903194547
-0.002494550310075283
-0.002478850772604346
-0.002462725853547454
-0.002446248894557357
-0.002429502550512552
-0.002412576926872134
-0.00239556678570807
-0.00237856968306005
-0.002361684804782271
-0.002345009241253138
-0.002328635891899467
-0.002312652068212628
-0.002297136001288891
-0.002282155212014914
-0.002267764881253242
-0.002254006918519735
-0.002240907866507769
-0.002228478668257594
-0.002216713735833764
-0.002205591881647706
-0.002195075852796435
-0.002185113495215774
-0.002175640314817429
-0.002166580175980926
-0.0021578473970294
-0.002149350475519896
-0.002140992786735296
-0.002132676774635911
-0.002124306512996554
-0.002115790033712983
-0.002107042586430907
-0.002097988734021783
-0.002088564215227962
-0.002078719437122345
-0.002068419009447098
-0.002057645469903946
-0.002046396490186453
-0.002034686505794525
-0.002022546716034412
-0.002010023454204202
-0.001997175393626094
-0.00198407331481576
-0.001970796845853329
-0.001957431435585022
-0.001944066258147359
-0.001930790371261537
-0.001917689805850387
-0.00190484500490129
-0.001892327680252492
-0.0018801981350407
-0.001868503750301898
-0.001857277122326195
-0.001846535014919937
-0.001836278359405696
-0.001826491672545671
-0.0018171442206949
-0.001808190951123834
-0.001799574471078813
-0.001791227492503822
-0.001783075160346925
-0.001775037730112672
-0.001767033827491105
-0.001758983475156128
-0.001750811235979199
-0.001742449006997049
-0.001733838464133441
-0.001724933041259646
-0.001715700142085552
-0.001706121140159667
-0.001696193008683622
-0.00168592797126621
-0.001675352687016129
-0.001664506969973445
-0.001653441926464438
-0.001642217976041138
-0.001630901824682951
-0.001619564136490226
-0.001608276274055243
-0.001597107388079166
-0.001586121856234968
-0.001575376023538411
-0.001564916805364192
-0.001554779475554824
-0.001544986153021455
-0.001535545568913221
-0.001526452833786607
-0.001517689786851406
-0.001509226276539266
-0.001501021790318191
-0.001493027084507048
-0.001485187094658613
-0.001477443031035364
-0.001469735172577202
-0.001462006010115147
-0.001454202574677765
-0.001446278765797615
-0.001438197097741067
-0.001429930911399424
-0.001421465422026813
-0.001412798184901476
-0.001403939095325768
-0.001394909806549549
-0.001385742914862931
-0.001376480795443058
-0.001367173506878316
-0.001357876346446574
-0.001348648220300674
-0.001339549198746681
-0.001330637838691473
-0.001321969553828239
-0.00131359463557601
-0.001305556623265147
-0.001297891139984131
-0.001290625426918268
-0.001283778226934373
-0.001277360133826733
-0.001271373708732426
-0.001265815808437765
-0.001260678749531507
-0.001255951123312116
-0.001251621637493372
-0.001247679232619703
-0.001244116458110511
-0.001240930519998074
-0.001238125376403332
-0.00123571278527379
-0.001233712770044804
-0.001232154783792794
-0.001231077592819929
-0.001230528694577515
-0.001230562920682132
-0.001231242087669671
-0.001232632552273571
-0.001234804396517575
-0.001237828400917351
-0.001241774763911963
-0.001246710191480815
-0.001252696732990444
-0.001259789452888072
-0.001268034800887108
-0.001277469797059894
-0.001288120285607874
-0.001300000585615635
-0.001313113840296865
-0.001327450852841139
-0.001342991134151816
-0.001359702786430717
-0.001377543900161982
-0.001396462554112077
-0.001416398212313652
-0.001437282073311508
-0.0014590386999771
-0.001481585553847253
-0.001504834275692701
-0.001528691384010017
-0.001553057925775647
-0.00157783052418381
-0.001602900447323918
-0.001628154888749123
-0.001653476036153734
-0.001678741653449833
-0.001703825895674527
-0.001728598843328655
-0.001752927899360657
-0.001776678487658501
-0.001799714751541615
-0.001821901416406035
-0.001843105885200202
-0.001863199518993497
-0.001882060430943966
-0.001899574999697506
-0.00191564136184752
-0.001930170808918774
-0.001943090697750449
-0.001954346429556608
-0.001963903661817312
-0.001971750520169735
-0.001977897016331553
-0.001982378074899316
-0.001985252602025867
-0.001986603951081634
-0.001986538292840123
-0.001985184149816632
-0.001982689835131168
-0.001979221822693944
-0.001974960789084435
-0.001970099983736873
-0.001964840339496732
-0.001959386980161071
-0.001953945262357593
-0.001948717050254345
-0.00194389617536217
-0.001939664944075048
-0.001936190179549158
-0.001933620311319828
-0.001932081300765276
-0.001931674545630813
-0.001932475483044982
-0.001934530213475227
-0.001937856315635145
-0.001942441100254655
-0.001948243007063866
-0.001955191604793072
-0.001963190268725157
-0.001972117926925421
-0.001981831388548017
-0.001992169301956892
-0.002002956112846732
-0.002014005789533257
-0.002025127410888672
-0.002036128891631961
-0.002046822570264339
-0.002057029400020838
-0.002066583838313818
-0.002075339201837778
-0.002083169529214501
-0.002089974470436573
-0.002095682313665748
-0.002100250916555524
-0.002103670267388225
-0.002105961320921779
-0.002107175998389721
-0.002107396023347974
-0.00210672989487648
-0.002105309627950191
-0.002103286795318127
-0.002100827405229211
-0.002098107244819403
-0.002095306757837534
-0.002092603826895356
-0.002090169582515955
-0.002088161185383797
-0.002086718566715717
-0.002085959073156118
-0.002085974672809243
-0.002086828229948878
-0.002088552340865135
-0.002091148402541876
-0.002094586845487356
-0.002098808297887444
-0.002103727776557207
-0.00210923608392477
-0.002115204464644194
-0.002121490659192204
-0.002127943327650428
-0.002134409267455339
-0.002140737138688564
-0.00214678468182683
-0.002152423840016127
-0.00215754471719265
-0.002162060001865029
-0.002165908692404628
-0.002169056562706828
-0.00217149849049747
-0.002173258224502206
-0.002174386056140065
-0.002174957655370235
-0.00217507011257112
-0.002174837747588754
-0.002174387453123927
-0.002173853572458029
-0.00217337254434824
-0.002173078013584018
-0.002173094544559717
-0.002173534361645579
-0.002174492226913571
-0.002176042180508375
-0.002178236842155457
-0.002181104151532054
-0.002184648299589753
-0.002188851125538349
-0.002193673048168421
-0.002199056558310986
-0.002204930409789085
-0.002211212180554867
-0.002217814791947603
-0.002224650466814637
-0.002231635851785541
-0.002238697139546275
-0.002245774026960135
-0.002252821112051606
-0.002259813714772463
-0.002266746712848544
-0.00227363733574748
-0.002280522370710969
-0.002287459326907992
-0.002294521778821945
-0.002301797736436129
-0.002309385454282165
-0.002317388076335192
-0.002325912239030004
-0.00233505992218852
-0.002344927052035928
-0.002355597913265228
-0.002367142587900162
-0.002379614859819412
-0.002393049886450171
-0.002407462801784277
-0.00242284988053143
-0.002439189003780484
-0.002456440590322018
-0.00247455108910799
-0.002493455307558179
-0.002513080136850476
-0.002533346647396684
-0.002554175443947315
-0.002575487596914172
-0.002597208833321929
-0.002619272097945213
-0.002641617320477962
-0.002664193976670504
-0.002686960157006979
-0.002709882333874702
-0.002732933731749654
-0.002756093861535192
-0.002779344329610467
-0.00280266790650785
-0.002826045267283916
-0.002849451964721084
-0.002872857730835676
-0.002896222751587629
-0.002919497434049845
-0.002942621940746903
-0.002965525258332491
-0.002988127525895834
-0.003010338637977839
-0.003032062435522676
-0.003053199267014861
-0.003073647385463119
-0.003093307605013251
-0.003112085163593292
-0.003129894379526377
-0.003146660747006536
-0.003162323730066419
-0.003176838858053088
-0.003190179588273168
-0.003202337073162198
-0.003213322022929788
-0.003223163075745106
-0.003231905633583665
-0.003239610930904746
-0.003246353939175606
-0.003252220572903752
-0.00325730605982244
-0.003261712146922946
-0.003265544306486845
-0.003268910571932793
-0.003271918278187513
-0.003274672897532582
-0.00327727640978992
-0.003279827535152435
-0.003282419871538877
-0.00328514096327126
-0.003288072999566793
-0.003291292581707239
-0.003294870257377625
-0.003298869822174311
-0.003303349250927567
-0.00330836046487093
-0.003313948633149266
-0.003320150310173631
-0.00332699459977448
-0.003334502223879099
-0.00334268412552774
-0.003351539140567183
-0.003361055627465248
-0.003371209837496281
-0.003381964983418584
-0.00339327217079699
-0.003405069932341576
-0.003417283995077014
-0.003429830074310303
-0.003442615270614624
-0.003455538535490632
-0.00346849556080997
-0.003481377847492695
-0.003494078293442726
-0.003506492590531707
-0.003518522717058659
-0.003530079033225775
-0.003541083773598075
-0.003551471279934049
-0.003561191959306598
-0.00357021251693368
-0.003578515723347664
-0.003586102742701769
-0.003592990338802338
-0.003599211573600769
-0.003604814875870943
-0.003609861945733428
-0.003614425659179688
-0.003618587041273713
-0.00362243433482945
-0.003626060206443071
-0.003629558719694614
-0.003633023705333471
-0.003636544570326805
-0.003640206763520837
-0.00364408828318119
-0.003648258512839675
-0.003652776824310422
-0.003657691413536668
-0.003663038369268179
-0.003668841673061252
-0.003675111336633563
-0.003681845963001251
-0.003689030418172479
-0.003696638625115156
-0.003704633098095655
-0.003712966106832027
-0.003721580374985933
-0.003730412339791656
-0.003739392384886742
-0.003748448332771659
-0.003757504280656576
-0.003766486421227455
-0.003775322344154119
-0.003783944295719266
-0.003792291041463614
-0.003800309496000409
-0.00380795611999929
-0.003815198317170143
-0.003822016296908259
-0.003828402375802398
-0.003834361443296075
-0.003839911194518209
-0.003845080966129899
-0.003849910572171211
-0.003854450071230531
-0.003858755575492978
-0.003862890182062984
-0.003866918617859483
-0.003870907239615917
-0.003874920774251223
-0.003879019990563393
-0.003883260302245617
-0.003887688275426626
-0.003892341163009405
-0.003897246439009905
-0.003902419237419963
-0.003907863982021809
-0.003913572523742914
-0.003919526468962431
-0.003925696015357971
-0.003932042047381401
-0.003938517067581415
-0.003945069387555122
-0.003951642196625471
-0.003958175424486399
-0.00396460946649313
-0.003970887046307325
-0.003976951818913221
-0.00398275488987565
-0.003988252021372318
-0.00399340596050024
-0.003998188301920891
-0.004002577159553766
-0.004006560891866684
-0.004010134376585484
-0.004013299010694027
-0.004016063176095486
-0.004018439911305904
-0.004020446445792913
-0.00402210233733058
-0.004023425746709108
-0.004024437163025141
-0.004025151487439871
-0.004025581292808056
-0.004025732167065144
-0.004025605507194996
-0.004025191999971867
-0.004024476278573275
-0.004023434594273567
-0.004022036213427782
-0.004020240623503923
-0.004018002655357122
-0.004015269223600626
-0.004011984448879957
-0.004008088260889053
-0.004003519657999277
-0.003998217638581991
-0.003992123063653708
-0.003985180985182524
-0.003977342508733273
-0.003968563862144947
-0.003958810586482286
-0.003948055673390627
-0.0039362832903862
-0.003923487383872271
-0.003909670747816563
-0.003894848981872201
-0.003879045834764838
-0.003862294601276517
-0.003844637656584382
-0.003826125059276819
-0.003806813852861524
-0.003786766203120351
-0.003766050562262535
-0.003744738874956965
-0.003722906345501542
-0.003700631437823176
-0.003677994245663285
-0.00365507579408586
-0.003631959902122617
-0.003608730621635914
-0.003585472702980042
-0.00356227345764637
-0.003539220662787557
-0.003516403259709477
-0.00349391158670187
-0.003471835516393185
-0.003450267948210239
-0.00342930038459599
-0.003409025026485324
-0.003389532677829266
-0.003370912047103047
-0.00335324858315289
-0.003336624475196004
-0.003321114694699645
-0.003306786995381117
-0.003293699584901333
-0.003281900193542242
-0.003271424444392323
-0.003262293990701437
-0.003254514187574387
-0.003248075023293495
-0.003242949489504099
-0.003239093348383904
-0.00323644420132041
-0.003234923584386706
-0.003234435105696321
-0.003234868636354804
-0.003236099844798446
-0.003237992525100708
-0.003240400459617376
-0.003243170445784926
-0.003246145090088248
-0.003249166300520301
-0.003252076450735331
-0.003254722571000457
-0.00325695937499404
-0.003258651588112116
-0.003259676741436124
-0.003259927500039339
-0.003259313991293311
-0.003257765201851726
-0.003255230141803622
-0.003251679008826613
-0.003247103886678815
-0.003241518046706915
-0.003234955715015531
-0.003227471141144633
-0.003219138365238905
-0.003210048191249371
-0.003200306324288249
-0.003190031507983804
-0.003179352264851332
-0.003168405266478658
-0.003157331375405192
-0.003146273083984852
-0.003135371021926403
-0.003124760463833809
-0.003114569699391723
-0.003104916540905833
-0.003095905063673854
-0.003087625140324235
-0.003080148482695222
-0.003073527477681637
-0.003067795420065522
-0.003062964417040348
-0.003059025388211012
-0.003055947832763195
-0.003053682157769799
-0.003052158746868372
-0.003051292151212692
-0.003050981555134058
-0.003051114035770297
-0.00305156665854156
-0.003052211366593838
-0.003052917774766684
-0.003053555497899652
-0.003053999273106456
-0.003054131055250764
-0.003053845139220357
-0.003053050022572279
-0.003051671199500561
-0.003049652790650725
-0.003046960104256868
-0.003043578704819083
-0.003039516974240541
-0.003034803783521056
-0.003029488958418369
-0.003023640252649784
-0.003017342416569591
-0.003010691609233618
-0.003003795631229877
-0.00299676856957376
-0.002989727072417736
-0.002982786856591702
-0.002976058516651392
-0.002969643799588084
-0.00296363327652216
-0.002958102151751518
-0.00295310840010643
-0.002948691137135029
-0.002944869687780738
-0.002941642422229052
-0.002938988851383328
-0.002936867997050285
-0.002935223281383514
-0.002933981828391552
-0.002933060051873326
-0.00293236505240202
-0.002931798808276653
-0.002931261900812387
-0.002930657239630818
-0.002929893089458346
-0.002928887726739049
-0.002927569905295968
-0.002925884444266558
-0.002923790831118822
-0.002921266248449683
-0.002918306039646268
-0.002914923010393977
-0.002911146031692624
-0.002907019341364503
-0.002902600215747952
-0.002897956874221563
-0.002893163589760661
-0.002888299990445375
-0.002883446868509054
-0.002878682222217321
-0.002874078694730997
-0.00286970054730773
-0.002865601796656847
-0.002861823653802276
-0.002858392428606749
-0.002855320926755667
-0.002852606121450663
-0.002850230783224106
-0.002848164411261678
-0.002846366027370095
-0.002844783710315824
-0.002843358786776662
-0.002842028392478824
-0.002840728498995304
-0.002839396009221673
-0.002837972017005086
-0.002836404601112008
-0.002834649523720145
-0.002832673490047455
-0.002830455312505364
-0.002827984979376197
-0.002825264818966389
-0.002822309266775846
-0.002819143468514085
-0.002815801883116364
-0.002812325721606612
-0.002808762481436133
-0.00280516198836267
-0.002801574068143964
-0.002798047382384539
-0.002794626168906689
-0.002791348146274686
-0.002788243582472205
-0.002785334130749106
-0.002782631432637572
-0.002780136885121465
-0.002777842571958899
-0.002775731263682246
-0.00277377781458199
-0.002771951258182526
-0.002770215272903442
-0.002768531674519181
-0.002766861114650965
-0.00276516517624259
-0.002763408934697509
-0.00276156235486269
-0.002759601688012481
-0.002757510170340538
-0.002755278721451759
-0.002752907341346145
-0.002750402083620429
-0.002747777383774519
-0.002745053032413125
-0.002742253942415118
-0.002739408286288381
-0.0027365458663553
-0.002733696484938264
-0.002730888780206442
-0.002728148130699992
-0.002725495724007487
-0.002722947392612696
-0.002720513381063938
-0.002718197647482157
-0.002715997863560915
-0.002713905647397041
-0.002711907029151917
-0.002709985012188554
-0.002708118176087737
-0.002706283936277032
-0.00270445947535336
-0.002702623140066862
-0.002700754208490252
-0.002698836149647832
-0.002696855925023556
-0.002694805152714252
-0.002692679641768336
-0.002690481022000313
-0.002688215114176273
-0.002685891464352608
-0.002683523111045361
-0.002681125421077013
-0.002678715623915195
-0.002676309552043676
-0.002673923969268799
-0.002671573543921113
-0.002669270150363445
-0.002667023334652185
-0.002664838684722781
-0.002662718296051025
-0.0026606610044837
-0.002658661454916
-0.002656711498275399
-0.00265480182133615
-0.002652919618412852
-0.002651053247973323
-0.002649189671501517
-0.002647317014634609
-0.002645425731316209
-0.00264350650832057
-0.002641553757712245
-0.002639563521370292
-0.002637535333633423
-0.002635471289977431
-0.00263337604701519
-0.002631255425512791
-0.002629117574542761
-0.002626971108838916
-0.002624825108796358
-0.002622687956318259
-0.002620567101985216
-0.002618468832224607
-0.002616397803649306
-0.002614356577396393
-0.002612345153465867
-0.002610361902043223
-0.002608403330668807
-0.002606464317068458
-0.002604538341984153
-0.002602618187665939
-0.00260069640353322
-0.002598765771836042
-0.002596819773316383
-0.002594851655885577
-0.002592856995761395
-0.002590831834822893
-0.002588773844763637
-0.00258668209426105
-0.002584556816145778
-0.002582399640232325
-0.00258021242916584
-0.002577998442575336
-0.002575760241597891
-0.00257350062020123
-0.002571222372353077
-0.002568927127867937
-0.002566615818068385
-0.002564288908615708
-0.002561945468187332
-0.002559583634138107
-0.002557201078161597
-0.002554794307798147
-0.002552359830588102
-0.002549893455579877
-0.002547391690313816
-0.002544850576668978
-0.002542267553508282
-0.002539639826864004
-0.002536966931074858
-0.002534248400479555
-0.002531485166400671
-0.002528679557144642
-0.002525834599509835
-0.002522954251617193
-0.002520043635740876
-0.002517108339816332
-0.002514154417440295
-0.002511188387870789
-0.002508216537535191
-0.00250524515286088
-0.002502280520275235
-0.002499328460544348
-0.002496395260095596
-0.00249348534271121
-0.002490604296326637
-0.002487756079062819
-0.00248494534753263
-0.002482175827026367
-0.00247945124283433
-0.002476774621754885
-0.002474149223417044
-0.002471578074619174
-0.002469063969329
-0.002466609003022313
-0.002464215504005551
-0.002461884636431932
-0.002459617797285318
-0.002457414753735065
-0.002455274108797312
-0.00245319539681077
-0.002451174892485142
-0.002449209569022059
-0.002447294536978006
-0.002445423742756248
-0.002443590201437473
-0.002441786462441087
-0.002440004143863916
-0.002438234398141503
-0.002436467912048101
-0.002434695139527321
-0.002432907000184059
-0.002431095112115145
-0.00242925132624805
-0.002427369356155396
-0.002425442915409803
-0.002423468045890331
-0.002421441720798612
-0.002419362543150783
-0.002417230745777488
-0.002415047492831945
-0.002412815578281879
-0.002410539658740163
-0.002408224623650312
-0.002405876759439707
-0.002403503516688943
-0.002401112811639905
-0.002398713026195765
-0.002396312542259693
-0.00239392020739615
-0.002391544170677662
-0.002389191649854183
-0.002386869862675667
-0.002384586026892066
-0.002382345031946898
-0.002380151534453034
-0.002378008095547557
-0.002375916577875614
-0.002373876515775919
-0.002371886977925897
-0.002369945170357823
-0.002368047367781401
-0.002366187982261181
-0.002364360727369785
-0.002362558618187904
-0.002360773738473654
-0.002358998171985149
-0.002357223303988576
-0.002355441683903337
-0.002353646093979478
-0.002351830247789621
-0.002349988091737032
-0.002348115900531411
-0.002346210880205035
-0.002344272099435329
-0.002342299791052938
-0.002340296749025583
-0.002338266232982278
-0.002336213830858469
-0.002334146294742823
-0.002332070609554648
-0.00232999469153583
-0.002327927621081471
-0.002325878478586674
-0.002323855645954609
-0.002321867737919092
-0.00231992220506072
-0.002318025566637516
-0.002316182944923639
-0.002314397832378745
-0.002312673022970557
-0.00231100944802165
-0.002309407340362668
-0.002307864371687174
-0.002306378213688731
-0.002304945373907685
-0.00230356166139245
-0.002302223583683372
-0.002300927182659507
-0.002299668733030558
-0.0022984454408288
-0.002297255909070373
-0.002296099439263344
-0.002294976729899645
-0.002293890807777643
-0.002292845165356994
-0.0022918451577425
-0.002290896838530898
-0.002290008356794715
-0.002289187628775835
-0.002288443734869361
-0.00228778482414782
-0.002287219977006316
-0.002286757109686732
-0.002286403439939022
-0.002286165487021208
-0.002286048140376806
-0.002286054426804185
-0.00228618667460978
-0.002286445582285523
-0.002286829985678196
-0.002287337323650718
-0.002287963638082147
-0.002288704505190253
-0.002289553871378303
-0.002290505450218916
-0.002291552256792784
-0.002292687306180596
-0.002293903147801757
-0.002295192796736956
-0.002296548802405596
-0.002297965344041586
-0.002299436135217547
-0.002300955122336745
-0.002302516484633088
-0.002304115332663059
-0.002305746311321855
-0.002307404298335314
-0.002309083705767989
-0.002310778480023146
-0.002312482567504048
-0.002314188983291388
-0.002315890742465854
-0.002317579230293632
-0.002319246297702193
-0.002320882864296436
-0.002322479384019971
-0.002324027242138982
-0.002325516426935792
-0.00232693855650723
-0.002328285947442055
-0.002329551614820957
-0.002330729970708489
-0.002331815892830491
-0.002332807285711169
-0.002333702985197306
-0.002334504621103406
-0.002335214288905263
-0.002335836179554462
-0.002336376812309027
-0.002336843404918909
-0.002337244572117925
-0.002337590092793107
-0.002337890211492777
-0.002338155638426542
-0.002338397316634655
-0.002338626189157367
-0.002338852500542998
-0.002339086262509227
-0.002339336555451155
-0.002339611062780023
-0.002339917467907071
-0.002340261591598392
-0.002340649254620075
-0.002341084415093064
-0.002341570565477014
-0.002342109568417072
-0.002342702588066459
-0.002343349857255816
-0.002344051143154502
-0.002344804350286722
-0.002345607848837972
-0.002346457913517952
-0.002347350353375077
-0.002348280977457762
-0.002349243964999914
-0.002350232796743512
-0.002351241186261177
-0.002352261450141668
-0.002353286370635033
-0.002354307565838099
-0.002355317352339625
-0.002356308046728373
-0.002357272198423743
-0.002358202822506428
-0.002359094098210335
-0.002359940903261304
-0.002360738813877106
-0.002361485967412591
-0.002362181432545185
-0.002362824976444244
-0.002363417996093631
-0.002363963983952999
-0.002364466898143291
-0.002364932093769312
-0.002365365857258439
-0.002365775173529983
-0.002366167493164539
-0.002366550732403994
-0.002366932341828942
-0.002367320004850626
-0.002367720007896423
-0.002368138404563069
-0.002368580782786012
-0.00236905156634748
-0.002369553316384554
-0.002370087895542383
-0.002370656002312899
-0.002371257171034813
-0.00237188977189362
-0.002372551010921597
-0.002373237861320376
-0.002373946132138371
-0.002374671399593353
-0.002375408541411161
-0.002376152202486992
-0.002376897027716041
-0.002377638360485435
-0.002378371544182301
-0.002379091922193766
-0.002379795303568244
-0.002380477730184793
-0.002381138037890196
-0.002381773665547371
-0.002382384380325675
-0.002382969250902534
-0.002383529441431165
-0.002384066581726074
-0.002384583000093699
-0.002385081956163049
-0.002385567408055067
-0.00238604424521327
-0.002386517589911819
-0.002386992098763585
-0.00238747289404273
-0.002387964399531484
-0.002388471737504005
-0.002388999098911881
-0.002389550674706697
-0.002390129258856177
-0.002390737179666758
-0.002391376765444875
-0.002392048481851816
-0.002392753027379513
-0.00239348947070539
-0.002394257578998804
-0.002395055955275893
-0.002395883202552795
-0.002396738156676292
-0.002397618955001235
-0.002398524666205049
-0.002399454591795802
-0.002400408266112208
-0.002401385689154267
-0.00240238755941391
-0.002403415739536285
-0.002404471626505256
-0.002405558247119188
-0.00240667792968452
-0.002407834399491549
-0.002409031381830573
-0.002410273533314466
-0.002411564346402884
-0.002412908477708697
-0.00241430988535285
-0.002415771363303065
-0.002417296404018998
-0.002418886870145798
-0.002420545089989901
-0.002422271063551307
-0.00242406502366066
-0.002425925806164742
-0.002427851781249046
-0.002429839689284563
-0.002431885106489062
-0.002433983143419027
-0.002436127979308367
-0.002438312396407127
-0.002440528245642781
-0.002442768076434731
-0.002445022808387876
-0.002447283361107111
-0.002449539955705404
-0.002451782813295722
-0.002454002387821674
-0.002456188667565584
-0.002458331640809774
-0.002460421295836568
-0.002462448552250862
-0.002464403631165624
-0.002466277685016394
-0.002468062099069357
-0.002469748258590698
-0.002471327316015959
-0.002472792519256473
-0.002474136417731643
-0.002475351793691516
-0.002476433292031288
-0.002477374859154224
-0.002478172304108739
-0.00247882166877389
-0.002479320857673883
-0.002479667775332928
-0.002479862654581666
-0.002479905961081386
-0.002479800023138523
-0.002479548333212733
-0.002479155315086246
-0.00247862609103322
-0.002477967878803611
-0.002477188827469945
-0.002476297551766038
-0.00247530359774828
-0.002474217675626278
-0.002473050029948354
-0.002471812069416046
-0.002470514504238963
-0.002469169208779931
-0.002467785961925983
-0.002466375706717372
-0.00246494822204113
-0.00246351258829236
-0.002462077187374234
-0.002460649237036705
-0.002459234790876508
-0.002457838738337159
-0.002456464804708958
-0.002455115783959627
-0.00245379377156496
-0.002452499233186245
-0.002451232168823481
-0.002449991647154093
-0.002448776504024863
-0.002447584643959999
-0.002446414437144995
-0.002445263788104057
-0.002444131299853325
-0.002443015109747648
-0.002441914286464453
-0.00244082766585052
-0.002439755480736494
-0.002438697731122375
-0.002437655348330736
-0.002436630195006728
-0.002435623668134212
-0.002434638328850269
-0.002433676272630692
-0.002432739594951272
-0.00243183015845716
-0.002430950291454792
-0.002430101623758674
-0.002429284853860736
-0.002428500214591622
-0.002427747007459402
-0.0024270243011415
-0.002426329534500837
-0.002425659215077758
-0.00242500938475132
-0.00242437538690865
-0.002423751866444945
-0.002423133235424757
-0.002422512741759419
-0.00242188386619091
-0.00242123962379992
-0.002420573960989714
-0.0024198810569942
-0.002419155091047287
-0.00241839187219739
-0.002417587675154209
-0.002416739473119378
-0.002415846334770322
-0.00241490826010704
-0.002413925714790821
-0.002412901958450675
-0.002411840716376901
-0.002410746878013015
-0.002409626496955752
-0.002408485859632492
-0.002407332649454474
-0.002406174084171653
-0.002405018312856555
-0.002403873251751065
-0.002402746118605137
-0.002401643199846148
-0.002400571014732122
-0.002399533987045288
-0.0023985356092453
-0.002397578209638596
-0.002396662952378392
-0.002395788673311472
-0.002394954208284616
-0.002394156297668815
-0.002393390517681837
-0.002392651978880167
-0.002391934162005782
-0.00239123054780066
-0.002390534151345491
-0.002389837987720966
-0.002389135770499706
-0.002388420049101114
-0.002387686166912317
-0.002386929001659155
-0.002386144129559398
-0.002385329455137253
-0.002384482882916927
-0.002383604412898421
-0.002382695442065597
-0.002381757600232959
-0.00238079484552145
-0.002379810903221369
-0.002378810197114944
-0.002377798082306981
-0.00237678037956357
-0.002375762443989515
-0.002374749397858977
-0.002373745897784829
-0.002372757066041231
-0.002371785696595907
-0.002370835049077868
-0.002369906986132264
-0.002369001973420382
-0.002368120243772864
-0.002367260633036494
-0.002366421511396766
-0.002365600084885955
-0.002364793093875051
-0.002363997045904398
-0.002363208448514342
-0.002362422412261367
-0.002361635211855173
-0.002360842889174819
-0.002360041718930006
-0.002359229372814298
-0.002358402591198683
-0.002357559744268656
-0.002356699667870998
-0.002355822129175067
-0.002354927128180861
-0.002354015130549669
-0.002353087533265352
-0.002352145733311772
-0.002351192990317941
-0.002350230934098363
-0.002349262358620763
-0.002348289592191577
-0.002347315195947886
-0.002346340334042907
-0.002345366636291146
-0.002344395499676466
-0.002343426691368222
-0.002342459745705128
-0.002341494197025895
-0.002340528415516019
-0.002339560305699706
-0.002338587073609233
-0.002337606158107519
-0.00233661406673491
-0.00233560660853982
-0.00233458005823195
-0.002333530923351645
-0.002332454780116677
-0.002331347903236747
-0.002330207033082843
-0.002329028677195311
-0.002327809575945139
-0.002326547168195248
-0.002325240289792418
-0.002323886612430215
-0.002322484739124775
-0.002321033971384168
-0.002319533377885818
-0.002317981561645865
-0.002316377824172378
-0.00231472123414278
-0.002313010860234499
-0.002311244374141097
-0.002309419680386782
-0.00230753468349576
-0.002305587055161595
-0.002303572837263346
-0.002301488770172
-0.002299330895766616
-0.002297095023095608
-0.002294777659699321
-0.002292373916134238
-0.002289880765601993
-0.002287295181304216
-0.002284613205119967
-0.002281833440065384
-0.00227895425632596
-0.002275974489748478
-0.002272893907502294
-0.002269712742418051
-0.002266432391479611
-0.002263054717332125
-0.002259582048282027
-0.002256016945466399
-0.002252362435683608
-0.002248623175546527
-0.002244802657514811
-0.002240905305370688
-0.002236936241388321
-0.002232900355011225
-0.002228802535682917
-0.002224648604169488
-0.002220443217083812
-0.002216192428022623
-0.002211902523413301
-0.002207579789683223
-0.002203231211751699
-0.00219886377453804
-0.002194483764469624
-0.002190099097788334
-0.002185717225074768
-0.002181345364078879
-0.002176990965381265
-0.002172661945223808
-0.002168365055695176
-0.002164107281714678
-0.002159894909709692
-0.002155734226107597
-0.002151629887521267
-0.002147586783394217
-0.002143608406186104
-0.002139696851372719
-0.002135854447260499
-0.002132081193849444
-0.002128376858308911
-0.002124740043655038
-0.002121168421581388
-0.002117659198120236
-0.002114207483828068
-0.00211080745793879
-0.002107453299686313
-0.002104138489812613
-0.002100854413583875
-0.002097592921927571
-0.002094345167279243
-0.00209110276773572
-0.002087856410071254
-0.002084596548229456
-0.00208131386898458
-0.002077999524772167
-0.002074644435197115
-0.002071241149678826
-0.002067781053483486
-0.002064257627353072
-0.002060664584860206
-0.002056995639577508
-0.002053246600553393
-0.002049414440989494
-0.002045497065410018
-0.002041492844000459
-0.002037402940914035
-0.002033228520303965
-0.002028972841799259
-0.002024640562012792
-0.002020237734541297
-0.002015771577134728
-0.00201125000603497
-0.002006682800129056
-0.002002080203965306
-0.00199745362624526
-0.001992814242839813
-0.001988174393773079
-0.001983546186238527
-0.001978941494598985
-0.001974371960386634
-0.001969848992303014
-0.001965383067727089
-0.001960983732715249
-0.00195666030049324
-0.001952419872395694
-0.001948269200511277
-0.001944213057868183
-0.001940255519002676
-0.001936398213729262
-0.001932642189785838
-0.001928986283019185
-0.001925427815876901
-0.001921962713822722
-0.001918585156090558
-0.001915288623422384
-0.001912064850330353
-0.001908904872834682
-0.001905798329971731
-0.001902734511531889
-0.001899702241644263
-0.00189668987877667
-0.001893686247058213
-0.001890679937787354
-0.001887660357169807
-0.001884617609903216
-0.00188154261559248
-0.001878427690826356
-0.001875265967100859
-0.001872052438557148
-0.001868782914243639
-0.00186545483302325
-0.001862067496404052
-0.001858621370047331
-0.001855118433013558
-0.001851562294177711
-0.001847957959398627
-0.00184431136585772
-0.0018406294984743
-0.001836920855566859
-0.001833194051869214
-0.001829458517022431
-0.001825724262744188
-0.001822000718675554
-0.001818297663703561
-0.001814624178223312
-0.001810989109799266
-0.001807400491088629
-0.001803865539841354
-0.001800390193238854
-0.001796978991478682
-0.001793634961359203
-0.001790360547602177
-0.001787156565114856
-0.001784022082574666
-0.001780955353751779
-0.001777953119017184
-0.001775011536665261
-0.001772125600837171
-0.001769289840012789
-0.001766498666256666
-0.00176374614238739
-0.001761026680469513
-0.001758335158228874
-0.001755666569806635
-0.001753017189912498
-0.001750383875332773
-0.00174776476342231
-0.00174515915568918
-0.001742567634209991
-0.001739992294460535
-0.001737435813993216
-0.001734902616590261
-0.001732398406602442
-0.001729929819703102
-0.001727503724396229
-0.001725128153339028
-0.001722811488434672
-0.001720562344416976
-0.001718388637527823
-0.001716299098916352
-0.001714300829917192
-0.001712400699034333
-0.001710604294203222
-0.001708916039206088
-0.001707338844425976
-0.001705874339677393
-0.001704522292129695
-0.001703281537629664
-0.001702148700132966
-0.001701119123026729
-0.001700186869129539
-0.001699344837106764
-0.001698584645055234
-0.001697897212579846
-0.001697273226454854
-0.001696703024208546
-0.001696176477707922
-0.001695684273727238
-0.001695217099040747
-0.001694766455329955
-0.001694324659183621
-0.00169388426002115
-0.001693439320661128
-0.001692984718829393
-0.00169251614715904
-0.001692029996775091
-0.001691523590125144
-0.001690994715318084
-0.001690441858954728
-0.001689863507635891
-0.001689258613623679
-0.001688626129180193
-0.001687964773736894
-0.001687273383140564
-0.001686550211161375
-0.001685793162323534
-0.001685000373981893
-0.001684169168584049
-0.001683296984992921
-0.001682381145656109
-0.001681418856605887
-0.001680408138781786
-0.001679347245953977
-0.001678235013969243
-0.001677070860750973
-0.001675856183283031
-0.001674592262133956
-0.001673282356932759
-0.001671931124292314
-0.001670543686486781
-0.001669127028435469
-0.001667688949964941
-0.00166623794939369
-0.001664783107116818
-0.00166333420202136
-0.00166190043091774
-0.00166049157269299
-0.001659116125665605
-0.001657781889662147
-0.001656495500355959
-0.00165526254568249
-0.001654086750932038
-0.001652970560826361
-0.001651914441026747
-0.0016509173437953
-0.001649976475164294
-0.00164908729493618
-0.001648244797252119
-0.001647442346438766
-0.001646672142669559
-0.001645926618948579
-0.001645197509787977
-0.001644476549699903
-0.001643755473196507
-0.001643026946112514
-0.001642284099943936
-0.001641521113924682
-0.001640732865780592
-0.001639915630221367
-0.001639066496863961
-0.001638183835893869
-0.001637266715988517
-0.001636315602809191
-0.001635331660509109
-0.001634316868148744
-0.001633273786865175
-0.001632205559872091
-0.001631115563213825
-0.001630007289350033
-0.001628884929232299
-0.001627752208150923
-0.001626612967811525
-0.001625471049919724
-0.001624330063350499
-0.001623193151317537
-0.001622063806280494
-0.001620944822207093
-0.001619838993065059
-0.00161874876357615
-0.001617676112800837
-0.00161662301979959
-0.001615590648725629
-0.001614580163732171
-0.001613592263311148
-0.001612626831047237
-0.001611683866940439
-0.001610762206837535
-0.001609860570169985
-0.001608976279385388
-0.001608106773346663
-0.00160724890884012
-0.001606398727744818
-0.00160555262118578
-0.00160470639821142
-0.001603856333531439
-0.001602998352609575
-0.001602128846570849
-0.001601244788616896
-0.001600343617610633
-0.001599423470906913
-0.001598483300767839
-0.00159752310719341
-0.001596543355844915
-0.001595545676536858
-0.001594532281160355
-0.001593506196513772
-0.001592470449395478
-0.001591429114341736
-0.001590386033058167
-0.001589344698004425
-0.001588309183716774
-0.001587282749824226
-0.001586268423125148
-0.001585268531925976
-0.001584284706041217
-0.001583317876793444
-0.001582368509843946
-0.001581436139531434
-0.00158051960170269
-0.001579617499373853
-0.001578727271407843
-0.001577846356667578
-0.001576972543261945
-0.001576102804392576
-0.001575234229676425
-0.001574364141561091
-0.001573489978909492
-0.001572609646245837
-0.00157172151375562
-0.001570824650116265
-0.001569918124005198
-0.001569001702591777
-0.001568075735121965
-0.001567140803672373
-0.001566198188811541
-0.001565249287523329
-0.001564295380376279
-0.001563338446430862
-0.001562380115501583
-0.001561422366648912
-0.001560466829687357
-0.001559514901600778
-0.00155856809578836
-0.001557627692818642
-0.001556694507598877
-0.001555768656544387
-0.001554850838147104
-0.001553941168822348
-0.001553039182908833
-0.001552143949083984
-0.001551255001686513
-0.001550371525809169
-0.00154949224088341
-0.00154861609917134
-0.001547741703689098
-0.001546867890283465
-0.001545992912724614
-0.001545116188935935
-0.001544236787594855
-0.001543353660963476
-0.001542466459795833
-0.00154157483484596
-0.001540678786113858
-0.001539778313599527
-0.001538874232210219
-0.001537967356853187
-0.001537058502435684
-0.001536148833110929
-0.001535239396616817
-0.001534331124275923
-0.001533425413072109
-0.001532523077912629
-0.001531624817289412
-0.00153073132969439
-0.001529843197204173
-0.001528959954157472
-0.001528081716969609
-0.001527208019979298
-0.001526338048279285
-0.001525471219792962
-0.001524606603197753
-0.001523743150755763
-0.001522880396805704
-0.001522017293609679
-0.001521153259091079
-0.001520288060419261
-0.001519420999102294
-0.001518552075140178
-0.001517681288532913
-0.001516808988526464
-0.001515935291536152
-0.001515060430392623
-0.00151418533641845
-0.001513310358859599
-0.001512435846962035
-0.001511562615633011
-0.001510690897703171
-0.001509821391664445
-0.001508954213932157
-0.001508089248090982
-0.00150722695980221
-0.001506366883404553
-0.001505509251728654
-0.001504654064774513
-0.001503800973296165
-0.001502949860878289
-0.001502100261859596
-0.001501251943409443
-0.001500404439866543
-0.001499557751230896
-0.001498711411841214
-0.001497865305282176
-0.001497019198723137
-0.001496173092164099
-0.001495326869189739
-0.001494480529800057
-0.001493633957579732
-0.001492787501774728
-0.001491941045969725
-0.001491095055826008
-0.001490249414928257
-0.001489404472522438
-0.001488560461439192
-0.001487717614509165
-0.001486875815317035
-0.00148603564593941
-0.001485196989960968
-0.001484359730966389
-0.00148352375254035
-0.001482689287513494
-0.001481856219470501
-0.001481024431996047
-0.001480193925090134
-0.001479364465922117
-0.001478535938076675
-0.001477707992307842
-0.001476880512200296
-0.00147605303209275
-0.001475225784815848
-0.001474398770369589
-0.001473571872338653
-0.00147274520713836
-0.00147191877476871
-0.001471092691645026
-0.001470267307013273
-0.001469442970119417
-0.001468619680963457
-0.001467797555960715
-0.001466976944357157
-0.001466157846152782
-0.001465340494178236
-0.001464524539187551
-0.001463709864765406
-0.001462896354496479
-0.001462083891965449
-0.001461272244341671
-0.00146046094596386
-0.001459650229662657
-0.001458839746192098
-0.00145802937913686
-0.001457219244912267
-0.001456409459933639
-0.001455599907785654
-0.001454790704883635
-0.001453982084058225
-0.001453174045309424
-0.001452366937883198
-0.001451560761779547
-0.001450755633413792
-0.001449951785616577
-0.001449149218387902
-0.001448348048143089
-0.001447548158466816
-0.00144674931652844
-0.001445951755158603
-0.00144515500869602
-0.001444359077140689
-0.001443564076907933
-0.001442769775167108
-0.001441976171918213
-0.001441183150745928
-0.001440390828065574
-0.001439598738215864
-0.001438807230442762
-0.001438016071915627
-0.001437224913388491
-0.001436434336937964
-0.001435644226148725
-0.001434854697436094
-0.001434066100046039
-0.001433278317563236
-0.001432491466403008
-0.001431705662980676
-0.001430920790880919
-0.001430136733688414
-0.001429353840649128
-0.001428571878932416
-0.001427790732122958
-0.00142701028380543
-0.001426230533979833
-0.001425451482646167
-0.001424672780558467
-0.001423894660547376
-0.001423117006197572
-0.001422339584678411
-0.001421562512405217
-0.001420786022208631
-0.001420010114088655
-0.001419234904460609
-0.001418460626155138
