0
0
0
0
0
0
0
0
0
0
0
0
0
0
0
0
0
0
0
0
0
0
0
0
0
0
0
0
0
0
0
0
0
0
0
0
0
0
0
0
0
0
0
0
0
0
0
0
0
0
0
0
0
0
0
0
0
0
0
0
0
0
0
0
0
0
0
0
0
0
0
0
0
0
0
0
0
0
0
0
0
0
0
0
0
0
0
0
0
0
0
0
0
0
0
0
0
0
0
0
0
0
0
0
0
0
0
0
0
0
0
0
0
0
0
0
0
0
0
0
0
0
0
0
0
0
0
0
0
0
0
0
0
0
0
0
0
0
0
0
0
0
0
0
0
0
0
0
0
0
0
0
0
0
0
0
0
0
0
0
0
0
0
0
0
0
0
0
0
0
0
0
0
0
0
0
0
0
0
0
0
0
0
0
0
0
0
0
0
0
0
0
0
0
0
0
0
0
0
0
0
0
0
0
0
0
0
0
0
0
0
0
0
0
0
0
0
0
0
0
0
0
0
0
0
0
0
0
0
0
0
0
0
0
0
0
0
0
0
0
0
0
0
0
0
0
0
0
0
0
0
0
0
0
0
0
0
0
0
0
0
0
0
0
0
0
0
0
0
0
0
0
0
0
0
0
0
0
0
0
0
0
0
0
0
0
0
0
0
0
0
0
0
0
0
0
0
0
0
0
0
0
0
0
0
0
0
0
0
0
0
0
0
0
0
0
0
0
0
0
0
0
0
0
0
0
0
0
0
0
0
0
0
0
0
0
0
0
0
0
0
0
0
0
0
0
0
0
0
0
0
0
0
0
0
0
0
0
0
0
0
0
0
0
0
0
0
0
0
0
0
0
0
0
0
0
0
0
0
0
0
0
0
0
0
0
0
0
0
0
0
0
0
0
0
0
0
0
0
0
0
0
0
0
0
0
0
0
0
0
0
0
0
0
0
0
0
0
0
0
0
0
0
0
0
0
0
0
0
0
0
0
0
0
0
0
0
0
0
0
0
0
0
0
0
0
0
0
0
0
0
0
0
0
0
0
0
0
0
0
0
0
0
0
0
0
0
0
0
0
0
0
0
0
0
0
0
0
0
0
0
0
0
0
0
0
0
0
0
0
0
0
0
0
0
0
0
0
0
0
0
0
0
0
0
0
0
0
0
0
0
0
0
0
0
0
0
0
0
0
0
0
0
0
0
0
0
0
0
0
0
0
0
0
0
0
0
0
0
0
0
0
0
0
0
0
0
0
0
0
0
0
0
0
0
0
0
0
0
0
0
0
0
0
0
0
0
0
0
0
0
0
0
0
0
0
0
0
0
0
0
0
0
0
0
0
0
0
0
0
0
0
0
0
0
0
0
0
0
0
0
0
0
0
0
0
0
0
0
0
0
0
0
0
0
0
0
0
0
0
0
0
0
0
0
0
0
0
0
0
0
0
0
0
0
0
0
0
0
0
0
0
0
0
0
0
0
0
0
0
0
0
0
0
0
0
0
0
0
0
0
0
0
0
0
0
0
0
0
0
0
0
0
0
0
0
0
0
0
0
0
0
0
0
0
0
0
0
0
0
0
0
0
0
0
0
0
0
0
0
0
0
0
0
0
0
0
0
0
0
0
0
0
0
0
0
0
0
0
0
0
0
0
0
0
0
0
0
0
0
0
0
0
0
0
0
0
0
0
0
0
0
0
0
0
0
0
0
0
0
0
0
0
0
0
0
0
0
0
0
0
0
0
0
0
0
0
0
0
0
0
0
0
0
0
0
0
0
0
0
0
0
0
0
0
0
0
0
0
0
0
0
0
0
0
0
0
0
0
0
0
0
0
0
0
0
0
0
0
0
0
0
0
0
0
0
0
0
0
0
0
0
0
0
0
0
0
0
0
0
0
0
0
0
0
0
0
0
0
0
0
0
0
0
0
0
0
0
0
0
0
0
0
0
0
0
0
0
0
0
0
0
0
0
0
0
0
0
0
0
0
0
0
0
0
0
0
0
0
0
0
0
0
0
0
0
0
0
0
0
0
0
0
0
0
0
0
0
0
0
0
0
0
0
0
0
0
0
0
0
0
0
0
0
0
0
0
0
0
0
0
0
0
0
0
0
0
0
0
0
0
0
0
0
0
0
0
0
0
0
0
0
0
0
0
0
0
0
0
0
0
0
0
0
0
0
0
0
0
0
0
0
0
0
0
0
0
0
0
0
0
0
0
0
0
0
0
0
0
0
0
0
0
0
0
0
0
0
0
0
0
0
0
0
0
0
0
0
0
0
0
0
0
0
0
0
0
0
0
0
0
0
0
0
0
0
0
0
0
0
0
0
0
0
0
0
0
0
0
0
0
0
0
0
0
0
0
0
0
0
0
0
0
0
0
0
0
0
0
0
0
0
0
0
0
0
0
0
0
0
0
0
0
0
0
0
0
0
0
0
0
0
0
0
0
0
0
0
0
0
0
0
0
0
0
0
0
0
0
0
0
0
0
0
0
0
0
0
0
0
0
0
0
0
0
0
0
0
0
0
0
0
0
0
0
0
0
0
0
0
0
0
0
0
0
0
0
0
0
0
0
0
0
0
0
0
0
0
0
0
0
0
0
0
0
0
0
0
0
0
0
0
0
0
0
0
0
0
0
0
0
0
0
0
0
0
0
0
0
0
0
0
0
0
0
0
0
0
0
0
0
0
0
0
0
0
0
0
0
0
0
0
0
0
0
0
0
0
0
0
0
0
0
0
0
0
0
0
0
0
0
0
0
0
0
0
0
0
0
0
0
0
0
0
0
0
0
0
0
0
0
0
0
0
0
0
0
0
0
0
0
0
0
0
0
0
0
0
0
0
0
0
0
0
0
0
0
0
0
0
0
0
0
0
0
0
0
0
0
0
0
0
0
0
0
0
0
0
0
0
0
0
0
0
0
0
0
0
0
0
0
0
0
0
0
0
0
0
0
0
0
0
0
0
0
0
0
0
0
0
0
0
0
0
0
0
0
0
0
0
0
0
0
0
0
0
0
0
0
0
0
0
0
0
0
0
0
0
0
0
0
0
0
0
0
0
0
0
0
0
0
0
0
0
0
0
0
0
0
0
0
0
0
0
0
0
0
0
0
0
0
0
0
0
0
0
0
0
0
0
0
0
0
0
0
0
0
0
0
0
0
0
0
0
0
0
0
0
0
2.802596928649634e-45
1.401298464324817e-44
3.503246160812043e-44
6.726232628759122e-44
1.163077725389598e-43
2.003856803984488e-43
3.363116314379561e-43
5.675258780515509e-43
9.528829557408756e-43
1.583467264687043e-42
2.634441112930656e-42
4.372051208693429e-42
7.247515657487954e-42
1.200492394387071e-41
1.987041222412591e-41
3.284643600377371e-41
5.421343498779852e-41
8.936080306999358e-41
1.470802868155328e-40
2.417351954837455e-40
3.967580419950714e-40
6.502781575637887e-40
1.064294591445485e-39
1.739471020123397e-39
2.839013873140507e-39
4.627147785034512e-39
7.531009547208579e-39
1.224018514044927e-38
1.986638489233944e-38
3.219929114957615e-38
5.211604431391728e-38
8.423544743804228e-38
1.359619363840711e-37
2.191490444149827e-37
3.52746239193761e-37
5.670044604981695e-37
9.101492268221311e-37
1.458953847073404e-36
2.335467964695264e-36
3.733451203482018e-36
5.960079576567585e-36
9.501653425194128e-36
1.512699225953343e-35
2.404988977836213e-35
3.818399109174642e-35
6.054216628101554e-35
9.586136915912821e-35
1.515790093069503e-34
2.393563178485939e-34
3.7745210848625e-34
5.944160395533967e-34
9.348276781967633e-34
1.468201352220164e-33
2.302784984395215e-33
3.606911110634093e-33
5.641991215624947e-33
8.813428321711431e-33
1.374907563484482e-32
2.141997120201499e-32
3.332588491908191e-32
5.178003832356617e-32
8.034552083138719e-32
1.245030836694615e-31
1.926718465997767e-31
2.977670600943655e-31
4.595744687421158e-31
7.083640865117303e-31
1.09038338764761e-30
1.676194570882724e-30
2.573313615757969e-30
3.945341218082936e-30
6.040884652943541e-30
9.23721817395936e-30
1.410610223337035e-29
2.151287972468124e-29
3.27654639671367e-29
4.983801741316872e-29
7.57063681468557e-29
1.148501961169214e-28
1.740040149119952e-28
2.632785474799968e-28
3.978330652656277e-28
6.003655674802151e-28
9.048170064231868e-28
1.36187196007036e-27
2.047117352800853e-27
3.073127449130992e-27
4.607340191013375e-27
6.898462275153396e-27
1.031542176020996e-26
1.540475557912739e-26
2.297503306343358e-26
3.42209000835402e-26
5.090507403588336e-26
7.562500116967574e-26
1.122031131641416e-25
1.662569840514849e-25
2.460315414940429e-25
3.636117524553005e-25
5.366876624974674e-25
7.911199070307253e-25
1.164663196415629e-24
1.712363998099467e-24
2.514373439673476e-24
3.687243550516572e-24
5.400232918098653e-24
7.898818490045488e-24
1.153854618722743e-23
1.683370164945929e-23
2.452720962259014e-23
3.569084098714133e-23
5.186876887697763e-23
7.528282003165403e-23
1.091256407523448e-22
1.579788878449192e-22
2.284088312251581e-22
3.2981358106463e-22
4.756267317598777e-22
6.850247472321294e-22
9.85346088090137e-22
1.415513832973327e-21
2.030871585227424e-21
2.910006652728955e-21
4.164366072993275e-21
5.951787458343511e-21
8.495515668166823e-21
1.211089190446953e-20
1.724275435207832e-20
2.451780137713367e-20
3.481776389176447e-20
4.938156781429337e-20
6.994773676597942e-20
9.895265046174087e-20
1.398061638751973e-19
1.972742396642862e-19
2.780096136147847e-19
3.912864150347871e-19
5.500159122351776e-19
7.721494754720053e-19
1.082612951733637e-18
1.515971116891366e-18
2.120091206933624e-18
2.961175484812749e-18
4.130663700765227e-18
5.754685595364063e-18
8.006993351408163e-18
1.112662810385494e-17
1.544200950720938e-17
2.140377149711997e-17
2.962941101830244e-17
4.096396585837361e-17
5.656232573624531e-17
7.800073624869656e-17
1.074277262449399e-16
1.477679416731669e-16
2.029972823958953e-16
2.785135121916173e-16
3.816351677781777e-16
5.222717273101738e-16
7.138229343758135e-16
9.743843508739844e-16
1.328360266564504e-15
1.808618842053509e-15
2.459369267957044e-15
3.33999554189945e-15
4.530157512679968e-15
6.136572437806694e-15
8.302013861528207e-15
1.121723614466502e-14
1.513675998237284e-14
2.039973313156754e-14
2.745746067577687e-14
3.690969106956779e-14
4.955235915061855e-14
6.644036313957144e-14
8.896988777217646e-14
1.189864179407252e-13
1.589259187575673e-13
2.119995124545346e-13
2.824342864617135e-13
3.757873461192329e-13
4.993542471881662e-13
6.626999838645065e-13
8.783477959718733e-13
1.16267141313936e-12
1.537050218006208e-12
2.029361704722343e-12
2.675905287283231e-12
3.523884092512808e-12
4.634593056551672e-12
6.087519811154296e-12
7.985599161097756e-12
1.046194988280069e-11
1.368847916960458e-11
1.78868898859097e-11
2.334269930126531e-11
3.042309806855492e-11
3.959966035638196e-11
5.147716974907013e-11
6.683014558417355e-11
8.664915313039145e-11
1.121992013186635e-10
1.450935899205419e-10
1.873868560320346e-10
2.416917777026129e-10
3.113263258303078e-10
4.004981346561465e-10
5.145352477420317e-10
6.601750257573258e-10
8.459247191616726e-10
1.082511080774395e-09
1.383440029201211e-09
1.765691814981096e-09
2.250584607565997e-09
2.864844139693901e-09
3.641924539721231e-09
4.623644134227334e-09
5.862200946893381e-09
7.422650050159518e-09
9.38595423605193e-09
1.185272324732978e-08
1.494779766630927e-08
1.882585820567328e-08
2.367826823501673e-08
2.974142176981331e-08
3.730691133796427e-08
4.673384879083642e-08
5.846386130770043e-08
7.303921734092e-08
9.112477528105956e-08
1.135343907776587e-07
1.412628307662089e-07
1.755240930378932e-07
2.177974636197177e-07
2.698826904179441e-07
3.339659713219589e-07
4.126987107611058e-07
5.092915102977713e-07
6.276261501625413e-07
7.72388091263565e-07
9.492241019870562e-07
1.164928335128934e-06
1.427662596142909e-06
1.747215492287069e-06
2.135307568096323e-06
2.605949703138322e-06
3.17586295750516e-06
3.864969585265499e-06
4.696967152995057e-06
5.699994289898314e-06
6.907409442646895e-06
8.358689228771254e-06
1.010047344607301e-05
1.218776378664188e-05
1.46853199112229e-05
1.766924651747104e-05
2.122883051924873e-05
2.546863288444001e-05
3.051088788197376e-05
3.649821883300319e-05
4.359675222076476e-05
5.199963197810575e-05
6.193097942741588e-05
7.365040073636919e-05
8.745799277676269e-05
0.0001037000401993282
0.0001227753236889839
0.0001451421703677624
0.000171326391864568
0.0002019298553932458
0.0002376402262598276
0.0002792415034491569
0.0003276257775723934
0.0003838057746179402
0.0004489289713092148
0.0005242924671620131
0.0006113594863563776
0.0007117768400348723
0.0008273937273770571
0.0009602818172425032
0.001112756552174687
0.001287400024011731
0.001487083733081818
0.001714993501082063
0.001974655082449317
0.002269960241392255
0.00260519259609282
0.002985054859891534
0.003414694918319583
0.003899730974808335
0.004446277860552073
0.005060967523604631
0.005750973243266344
0.006524024996906519
0.007388423662632704
0.008353055454790592
0.009427391923964024
0.01062149088829756
0.01194598898291588
0.01341208256781101
0.01503150910139084
0.01681650243699551
0.01877974718809128
0.02093432284891605
0.0232936330139637
0.02587131410837173
0.02868112549185753
0.03173684328794479
0.0350521132349968
0.03864030912518501
0.04251434653997421
0.04668650776147842
0.05116823688149452
0.05596991255879402
0.06110061705112457
0.06656789034605026
0.07237745076417923
0.07853295654058456
0.08503570407629013
0.09188435226678848
0.09907468408346176
0.1065993010997772
0.1144473701715469
0.1226044297218323
0.1310521513223648
0.1397680938243866
0.1487257182598114
0.1578941345214844
0.1672381162643433
0.1767181307077408
0.1862904280424118
0.1959071457386017
0.2055165767669678
0.2150633931159973
0.2244891375303268
0.2337326407432556
0.2427305728197098
0.2514180839061737
0.2597295045852661
0.2675992548465729
0.2749625742435455
0.2817563116550446
0.287920206785202
0.2933975458145142
0.2981362044811249
0.3020898699760437
0.3052186369895935
0.3074901401996613
0.3088802695274353
0.3093739151954651
0.3089655935764313
0.3076599836349487
0.3054722547531128
0.302428126335144
0.2985641360282898
0.293927013874054
0.2885738015174866
0.2825708091259003
0.2759931683540344
0.2689235508441925
0.2614513039588928
0.2536709010601044
0.2456805258989334
0.2375805079936981
0.2294715791940689
0.2214532196521759
0.2136217057704926
0.2060684263706207
0.198878139257431
0.1921272724866867
0.1858824789524078
0.1801992207765579
0.175120621919632
0.17067651450634
0.1668828725814819
0.1637413203716278
0.1612392216920853
0.1593498587608337
0.1580331325531006
0.1572364717721939
0.156896099448204
0.1569385826587677
0.1572827100753784
0.1578415185213089
0.1585246175527573
0.1592405289411545
0.1598991006612778
0.1604140996932983
0.1607055217027664
0.1607018858194351
0.160342276096344
0.1595781147480011
0.1583747118711472
0.1567122787237167
0.1545866280794144
0.1520093530416489
0.1490075588226318
0.1456232070922852
0.1419117897748947
0.1379408091306686
0.1337877213954926
0.1295375674962997
0.1252803206443787
0.1211081072688103
0.1171123012900352
0.1133805438876152
0.1099938824772835
0.107024110853672
0.1045313104987144
0.1025618687272072
0.1011467501521111
0.1003003716468811
0.1000199541449547
0.100285492837429
0.1010602489113808
0.1022917926311493
0.1039136797189713
0.1058475002646446
0.1080054938793182
0.1102933585643768
0.1126134544610977
0.1148680001497269
0.1169624254107475
0.1188085749745369
0.1203276962041855
0.1214531511068344
0.1221326291561127
0.1223299354314804
0.122026152908802
0.121220201253891
0.1199287176132202
0.1181853637099266
0.1160393878817558
0.1135537251830101
0.11080252379179
0.1078683435916901
0.1048390045762062
0.1018042713403702
0.09885245561599731
0.09606718271970749
0.0935242772102356
0.09128904342651367
0.08941395580768585
0.08793690055608749
0.08687996864318848
0.08624890446662903
0.08603320270776749
0.08620689809322357
0.08672985434532166
0.08754968643188477
0.08860418200492859
0.08982395380735397
0.09113546460866928
0.09246410429477692
0.09373727440834045
0.09488730132579803
0.09585414081811905
0.09658759087324142
0.09704922884702682
0.09721357375383377
0.09706884622573853
0.09661702811717987
0.09587330371141434
0.09486501663923264
0.09363006055355072
0.09221486002206802
0.09067205339670181
0.08905790746212006
0.08742968738079071
0.08584308624267578
0.08434973657131195
0.08299502730369568
0.08181626349687576
0.08084125816822052
0.08008745312690735
0.07956144213676453
0.07925919443368912
0.07916657626628876
0.07926047593355179
0.07951021939516068
0.07987943291664124
0.08032791316509247
0.08081383258104324
0.08129572868347168
0.08173457533121109
0.08209554851055145
0.08234958350658417
0.0824744701385498
0.08245573192834854
0.08228692412376404
0.08196958899497986
0.08151280879974365
0.08093240112066269
0.08024971932172775
0.07949033379554749
0.07868248969316483
0.07785553485155106
0.07703828811645508
0.07625762373209
0.0755370706319809
0.07489582896232605
0.07434791326522827
0.07390173524618149
0.07355988770723343
0.07331937551498413
0.07317202538251877
0.07310526072978973
0.07310296595096588
0.07314662635326385
0.07321641594171524
0.07329238951206207
0.07335563004016876
0.0733891949057579
0.07337894290685654
0.07331423461437225
0.07318828254938126
0.0729982927441597
0.07274540513753891
0.07243438810110092
0.07207315415143967
0.07167210429906845
0.07124339044094086
0.0708000659942627
0.07035531103610992
0.0699215903878212
0.06951000541448593
0.06912972778081894
0.06878754496574402
0.06848763674497604
0.06823144108057022
0.06801781058311462
0.06784319132566452
0.06770201027393341
0.06758714467287064
0.06749048084020615
0.06740342080593109
0.06731748580932617
0.06722483783960342
0.06711870431900024
0.06699370592832565
0.06684613227844238
0.06667405366897583
0.06647729873657227
0.06625737994909286
0.06601721793413162
0.06576091796159744
0.0654933974146843
0.06522001326084137
0.06494618207216263
0.06467703729867935
0.06441711634397507
0.06417009979486465
0.06393862515687943
0.06372418999671936
0.06352714449167252
0.0633467510342598
0.0631813257932663
0.06302838027477264
0.06288487464189529
0.06274744123220444
0.06261267513036728
0.06247731670737267
0.06233849003911018
0.0621938593685627
0.06204173713922501
0.0618811622262001
0.06171189993619919
0.06153441220521927
0.06134975329041481
0.06115946546196938
0.06096542626619339
0.0607696995139122
0.06057435646653175
0.06038135290145874
0.06019238382577896
0.06000879034399986
0.05983150005340576
0.05966097861528397
0.05949725583195686
0.05933992937207222
0.05918825417757034
0.05904120206832886
0.05889757722616196
0.05875609442591667
0.05861549451947212
0.05847463011741638
0.05833253636956215
0.05818848684430122
0.0580420196056366
0.05789295956492424
0.05774139240384102
0.0575876496732235
0.05743226036429405
0.05727588385343552
0.05711926892399788
0.05696316435933113
0.05680827423930168
0.05665521323680878
0.05650446563959122
0.05635635182261467
0.05621103942394257
0.05606850981712341
0.05592860281467438
0.05579103529453278
0.05565541237592697
0.05552130937576294
0.05538826435804367
0.05525583401322365
0.05512363091111183
0.05499133467674255
0.0548587255179882
0.05472568050026894
0.05459217354655266
0.05445826426148415
0.05432410910725594
0.05418991297483444
0.05405592545866966
0.05392239987850189
0.05378958955407143
0.05365771800279617
0.05352695658802986
0.05339743942022324
0.05326922237873077
0.05314230546355247
0.05301665142178535
0.05289216712117195
0.05276871845126152
0.05264615267515182
0.05252432078123093
0.05240305885672569
0.05228224024176598
0.05216175317764282
0.05204151943325996
0.05192149430513382
0.05180167034268379
0.05168206617236137
0.05156270787119865
0.0514436662197113
0.05132501572370529
0.05120683833956718
0.05108920484781265
0.05097217485308647
0.05085578933358192
0.0507400706410408
0.05062501505017281
0.05051061138510704
0.05039680749177933
0.05028354749083519
0.05017076060175896
0.05005836486816406
0.04994627460837364
0.04983440041542053
0.04972266033291817
0.04961096122860909
0.04949921742081642
0.04938735440373421
0.04927527531981468
0.04916289076209068
0.04905010759830475
0.04893681779503822
0.04882289841771126
0.04870820045471191
0.04859255254268646
0.04847575351595879
0.04835755750536919
0.04823768138885498
0.04811578989028931
0.04799149557948112
0.04786436632275581
0.04773390293121338
0.04759955033659935
0.04746066406369209
0.0473165400326252
0.0471663810312748
0.04700930789113045
0.04684432968497276
0.04667035117745399
0.04648614674806595
0.04629036411643028
0.04608149826526642
0.04585788026452065
0.04561767354607582
0.04535884782671928
0.04507914185523987
0.04477608203887939
0.04444696754217148
0.04408881440758705
0.04369837418198586
0.04327209666371346
0.04280612617731094
0.04229630157351494
0.0417381078004837
0.04112668335437775
0.04045678675174713
0.03972281143069267
0.03891876339912415
0.03803825378417969
0.0370744876563549
0.03602028265595436
0.03486806154251099
0.03360984474420547
0.03223728388547897
0.03074168413877487
0.02911399491131306
0.02734485641121864
0.02542465180158615
0.0233435370028019
0.02109149098396301
0.01865839026868343
0.01603406667709351
0.01320838741958141
0.01017135381698608
0.006913186982274055
0.003424448193982244
-0.0003038527793250978
-0.004280129913240671
-0.008512084372341633
-0.01300656795501709
-0.01776942610740662
-0.0228053443133831
-0.02811769768595695
-0.03370837494730949
-0.03957761079072952
-0.04572384431958199
-0.05214352905750275
-0.05883099883794785
-0.06577830016613007
-0.07297506183385849
-0.08040834963321686
-0.0880625918507576
-0.09591944515705109
-0.1039577051997185
-0.1121533513069153
-0.1204793974757195
-0.1289060115814209
-0.1374004781246185
-0.1459273397922516
-0.1544484794139862
-0.1629232317209244
-0.1713086664676666
-0.1795598268508911
-0.1876298934221268
-0.1954706460237503
-0.2030328214168549
-0.2102663815021515
-0.2171211689710617
-0.2235472500324249
-0.2294955402612686
-0.2349182218313217
-0.2397695034742355
-0.2440060824155807
-0.2475878000259399
-0.2504782676696777
-0.2526454031467438
-0.25406214594841
-0.2547069489955902
-0.2545643150806427
-0.253625214099884
-0.251887708902359
-0.249357134103775
-0.2460464984178543
-0.2419765591621399
-0.2371760457754135
-0.2316815555095673
-0.2255374491214752
-0.218795582652092
-0.211514949798584
-0.2037611156702042
-0.1956056207418442
-0.1871252059936523
-0.178400918841362
-0.1695170998573303
-0.1605602949857712
-0.1516180783510208
-0.142777755856514
-0.134125143289566
-0.1257431656122208
-0.1177106201648712
-0.1101008653640747
-0.1029805541038513
-0.09640854597091675
-0.09043487161397934
-0.08509978652000427
-0.08043310046195984
-0.07645361125469208
-0.07316876202821732
-0.07057450711727142
-0.06865545362234116
-0.06738512963056564
-0.06672657281160355
-0.06663311272859573
-0.06704934686422348
-0.06791234016418457
-0.06915292888879776
-0.07069724798202515
-0.07246833294630051
-0.07438778132200241
-0.07637744396924973
-0.0783611536026001
-0.08026640117168427
-0.08202587068080902
-0.08357891440391541
-0.08487285673618317
-0.08586408197879791
-0.08651887625455856
-0.08681412041187286
-0.08673755079507828
-0.08628790825605392
-0.08547469228506088
-0.08431766927242279
-0.08284612745046616
-0.08109784126281738
-0.07911784946918488
-0.07695699483156204
-0.07467035204172134
-0.07231554388999939
-0.0699509009718895
-0.06763375550508499
-0.06541870534420013
-0.063355952501297
-0.06148980930447578
-0.05985739082098007
-0.05848755314946175
-0.05740008130669594
-0.05660516023635864
-0.05610321089625359
-0.05588499084115028
-0.05593200027942657
-0.05621726810932159
-0.05670631676912308
-0.05735844746232033
-0.05812820792198181
-0.0589669831097126
-0.05982473120093346
-0.06065171211957932
-0.06140026450157166
-0.06202642247080803
-0.06249146908521652
-0.06276325136423111
-0.06281726062297821
-0.06263748556375504
-0.06221687793731689
-0.06155755370855331
-0.0606706477701664
-0.05957581847906113
-0.05830047652125359
-0.0568787083029747
-0.05534994974732399
-0.05375747382640839
-0.05214675515890121
-0.05056371912360191
-0.04905301705002785
-0.04765632376074791
-0.04641078412532806
-0.04534761607646942
-0.04449095204472542
-0.04385696351528168
-0.04345329478383064
-0.04327882453799248
-0.04332379996776581
-0.04357027634978294
-0.04399289190769196
-0.04455992579460144
-0.04523460939526558
-0.04597662761807442
-0.04674375429749489
-0.04749353975057602
-0.04818501323461533
-0.04878031089901924
-0.04924614354968071
-0.04955510050058365
-0.04968667402863503
-0.04962798953056335
-0.04937425255775452
-0.04892881214618683
-0.04830290749669075
-0.04751509428024292
-0.04659035056829453
-0.04555893689393997
-0.04445505142211914
-0.0433153323829174
-0.04217724874615669
-0.04107753187417984
-0.04005058854818344
-0.03912710025906563
-0.0383327528834343
-0.03768724948167801
-0.03720355406403542
-0.03688747435808182
-0.03673753514885902
-0.03674521297216415
-0.03689543902873993
-0.03716742992401123
-0.03753570094704628
-0.03797132149338722
-0.03844327852129936
-0.03891992568969727
-0.03937039896845818
-0.03976601362228394
-0.04008148610591888
-0.04029600694775581
-0.04039408266544342
-0.04036609828472137
-0.040208600461483
-0.03992429003119469
-0.03952173888683319
-0.03901481628417969
-0.03842188790440559
-0.03776483237743378
-0.03706789016723633
-0.03635645285248756
-0.03565582633018494
-0.03499001264572144
-0.03438058868050575
-0.03384576365351677
-0.03339957445859909
-0.03305136039853096
-0.0328054390847683
-0.03266106173396111
-0.0326126329600811
-0.03265012055635452
-0.03275972232222557
-0.03292465955018997
-0.03312613442540169
-0.0333443321287632
-0.03355946019291878
-0.03375273570418358
-0.03390730544924736
-0.03400903940200806
-0.03404713794589043
-0.03401457890868187
-0.03390831127762794
-0.03372928500175476
-0.03348224237561226
-0.03317531943321228
-0.03281949460506439
-0.03242789953947067
-0.03201503679156303
-0.03159595653414726
-0.03118543885648251
-0.03079723007977009
-0.03044332936406136
-0.03013342805206776
-0.02987447194755077
-0.02967040427029133
-0.02952209673821926
-0.02942740358412266
-0.02938142232596874
-0.02937687747180462
-0.02940462343394756
-0.02945423312485218
-0.02951462380588055
-0.02957470715045929
-0.02962401323020458
-0.02965323813259602
-0.02965471707284451
-0.02962278015911579
-0.0295539777725935
-0.02944717928767204
-0.02930351719260216
-0.0291262324899435
-0.0289203692227602
-0.02869241870939732
-0.02844985947012901
-0.02820068411529064
-0.02795290574431419
-0.02771409228444099
-0.02749093808233738
-0.02728892304003239
-0.02711203880608082
-0.0269626397639513
-0.02684137225151062
-0.02674722671508789
-0.02667767927050591
-0.02662893570959568
-0.02659619972109795
-0.0265740267932415
-0.02655668184161186
-0.02653850428760052
-0.02651424705982208
-0.02647936716675758
-0.0264302771538496
-0.02636450342833996
-0.02628078870475292
-0.02617909200489521
-0.02606053091585636
-0.02592725679278374
-0.02578225173056126
-0.02562910132110119
-0.02547174319624901
-0.02531418018043041
-0.02516024000942707
-0.02501334249973297
-0.02487629652023315
-0.02475116215646267
-0.02463915944099426
-0.02454063110053539
-0.02445508539676666
-0.02438126131892204
-0.02431725710630417
-0.02426069416105747
-0.02420889399945736
-0.02415907941758633
-0.02410854026675224
-0.02405483089387417
-0.0239959005266428
-0.02393020503222942
-0.02385678328573704
-0.02377528324723244
-0.02368595078587532
-0.02358957007527351
-0.02348738722503185
-0.02338098734617233
-0.02327217906713486
-0.02316285111010075
-0.02305484376847744
-0.0229498241096735
-0.02284918539226055
-0.02275396697223186
-0.02266480587422848
-0.02258191630244255
-0.02250510454177856
-0.02243380807340145
-0.02236715145409107
-0.02230403572320938
-0.02224321663379669
-0.02218340896070004
-0.02212337963283062
-0.02206202410161495
-0.0219984408468008
-0.02193197421729565
-0.02186225168406963
-0.02178918570280075
-0.02171296253800392
-0.02163401059806347
-0.02155295386910439
-0.02147055603563786
-0.02138765715062618
-0.02130510285496712
-0.02122368291020393
-0.02114408649504185
-0.02106685191392899
-0.020992336794734
-0.02092070877552032
-0.02085193991661072
-0.02078583277761936
-0.02072203531861305
-0.02066007815301418
-0.02059942297637463
-0.02053950168192387
-0.02047976292669773
-0.02041970752179623
-0.02035892195999622
-0.02029710821807384
-0.02023409679532051
-0.02016984298825264
-0.02010442689061165
-0.02003803662955761
-0.01997094787657261
-0.01990349218249321
-0.01983603835105896
-0.01976894773542881
-0.01970256119966507
-0.01963716186583042
-0.01957296393811703
-0.01951009966433048
-0.01944861933588982
-0.01938848383724689
-0.01932958513498306
-0.01927174441516399
-0.01921474933624268
-0.01915836334228516
-0.01910233870148659
-0.01904644444584846
-0.01899048872292042
-0.01893431879580021
-0.01887783221900463
-0.0188209917396307
-0.01876380294561386
-0.01870633289217949
-0.01864868775010109
-0.01859100162982941
-0.01853342168033123
-0.01847610622644424
-0.01841919310390949
-0.01836281083524227
-0.01830705069005489
-0.01825197227299213
-0.01819760538637638
-0.01814393326640129
-0.01809091307222843
-0.01803847402334213
-0.01798652298748493
-0.01793496124446392
-0.01788369007408619
-0.01783261075615883
-0.01778164133429527
-0.0177307240664959
-0.01767981611192226
-0.01762890070676804
-0.01757798530161381
-0.01752709783613682
-0.0174762848764658
-0.01742560230195522
-0.01737510785460472
-0.01732486672699451
-0.01727493107318878
-0.0172253530472517
-0.01717616058886051
-0.01712737418711185
-0.01707899756729603
-0.01703101769089699
-0.01698341220617294
-0.01693614944815636
-0.01688918843865395
-0.01684248633682728
-0.01679600216448307
-0.01674970053136349
-0.01670355163514614
-0.01665753498673439
-0.01661163754761219
-0.01656585931777954
-0.01652020774781704
-0.01647470146417618
-0.0164293572306633
-0.01638420112431049
-0.01633925177156925
-0.01629453152418137
-0.01625006273388863
-0.01620585471391678
-0.01616191864013672
-0.0161182526499033
-0.01607485488057137
-0.01603171415627003
-0.01598882116377354
-0.01594615541398525
-0.01590370573103428
-0.01586145162582397
-0.01581938005983829
-0.01577747613191605
-0.01573572866618633
-0.01569413580000401
-0.01565269567072392
-0.01561141107231379
-0.01557028573006392
-0.01552932616323233
-0.01548854168504477
-0.01544794254004955
-0.01540753617882729
-0.01536733005195856
-0.01532732881605625
-0.01528753340244293
-0.01524794660508633
-0.01520856190472841
-0.01516937650740147
-0.01513038203120232
-0.01509157102555037
-0.01505293603986502
-0.01501446962356567
-0.01497616525739431
-0.01493802014738321
-0.01490003056824207
-0.01486219465732574
-0.0148245133459568
-0.01478698756545782
-0.01474961917847395
-0.01471241004765034
-0.01467536203563213
-0.01463847793638706
-0.01460175961256027
-0.01456520799547434
-0.01452882308512926
-0.01449260581284761
-0.01445655338466167
-0.01442066393792629
-0.01438493374735117
-0.01434936095029116
-0.01431394182145596
-0.01427867449820042
-0.01424355339258909
-0.01420857850462198
-0.01417374797165394
-0.01413905993103981
-0.0141045143827796
-0.01407011318951845
-0.01403585635125637
-0.01400174666196108
-0.01396778039634228
-0.01393396034836769
-0.01390028558671474
-0.01386675424873829
-0.0138333672657609
-0.01380012091249228
-0.01376701612025499
-0.01373405009508133
-0.01370122376829386
-0.01366853248327971
-0.01363597810268402
-0.01360355690121651
-0.01357126794755459
-0.01353911031037569
-0.01350708492100239
-0.01347518805414438
-0.01344342157244682
-0.01341178361326456
-0.0133802741765976
-0.01334889605641365
-0.01331764552742243
-0.0132865235209465
-0.01325552817434072
-0.01322465855628252
-0.01319391187280416
-0.01316328998655081
-0.01313279196619987
-0.01310241594910622
-0.01307216007262468
-0.01304202619940042
-0.01301201246678829
-0.01298212073743343
-0.01295234821736813
-0.01292269304394722
-0.01289315614849329
-0.01286373566836119
-0.01283442974090576
-0.01280523929744959
-0.01277616526931524
-0.01274720393121243
-0.01271835714578629
-0.0126896221190691
-0.01266100164502859
-0.01263249199837446
-0.01260409317910671
-0.01257580239325762
-0.01254762057214975
-0.01251954957842827
-0.01249158754944801
-0.01246373541653156
-0.01243599131703377
-0.01240835431963205
-0.01238082349300385
-0.01235339883714914
-0.01232607942074537
-0.01229886338114738
-0.01227175071835518
-0.01224474050104618
-0.01221783366054296
-0.01219102926552296
-0.01216432731598616
-0.01213772688060999
-0.01211122889071703
-0.01208483148366213
-0.01205853279680014
-0.01203233376145363
-0.01200623251497746
-0.01198022905737162
-0.01195432245731354
-0.01192851271480322
-0.01190279796719551
-0.01187717821449041
-0.01185164973139763
-0.01182621717453003
-0.01180087868124247
-0.01177563518285751
-0.0117504857480526
-0.01172543037682772
-0.01170046720653772
-0.01167559809982777
-0.0116508211940527
-0.01162613555788994
-0.01160153932869434
-0.01157703250646591
-0.01155261509120464
-0.01152828522026539
-0.01150404382497072
-0.0114798890426755
-0.01145582087337971
-0.01143183931708336
-0.01140794344246387
-0.01138413138687611
-0.01136040594428778
-0.01133676432073116
-0.01131320931017399
-0.01128973625600338
-0.01126634702086449
-0.01124304160475731
-0.0112198181450367
-0.01119667757302523
-0.0111736198887229
-0.01115064509212971
-0.01112775225192308
-0.0111049422994256
-0.01108221430331469
-0.01105956640094519
-0.01103700045496225
-0.01101451553404331
-0.01099210791289806
-0.01096977945417166
-0.01094752736389637
-0.01092535257339478
-0.01090325228869915
-0.01088122837245464
-0.01085928082466125
-0.01083740685135126
-0.01081560831516981
-0.01079388428479433
-0.01077223569154739
-0.010750662535429
-0.01072916388511658
-0.0107077406719327
-0.01068639382719994
-0.01066512241959572
-0.01064392365515232
-0.01062279846519232
-0.01060174498707056
-0.01058076228946447
-0.01055985130369663
-0.01053901109844446
-0.01051824260503054
-0.01049754396080971
-0.0104769142344594
-0.01045635435730219
-0.01043586432933807
-0.01041544228792191
-0.01039508916437626
-0.01037480309605598
-0.01035458594560623
-0.01033443678170443
-0.01031435467302799
-0.01029433868825436
-0.01027438882738352
-0.0102545041590929
-0.01023468468338251
-0.01021493040025234
-0.0101952413097024
-0.01017561554908752
-0.01015605591237545
-0.01013656053692102
-0.01011713035404682
-0.01009776443243027
-0.01007846277207136
-0.0100592253729701
-0.01004005130380392
-0.01002094056457281
-0.01000189315527678
-0.009982908144593239
-0.009963983669877052
-0.009945119731128216
-0.009926315397024155
-0.009907569736242294
-0.009888883680105209
-0.009870258159935474
-0.009851694107055664
-0.009833188727498055
-0.00981474481523037
-0.009796361438930035
-0.009778034873306751
-0.009759766981005669
-0.009741558693349361
-0.009723409079015255
-0.009705318138003349
-0.009687284007668495
-0.009669308550655842
-0.00965138990432024
-0.009633529931306839
-0.009615725837647915
-0.009597979485988617
-0.009580289945006371
-0.00956265814602375
-0.009545082226395607
-0.009527562186121941
-0.009510097093880177
-0.00949268601834774
-0.009475328959524632
-0.009458024986088276
-0.009440773166716099
-0.009423575364053249
-0.009406430646777153
-0.009389339946210384
-0.009372302331030369
-0.009355317801237106
-0.009338385425508022
-0.009321505203843117
-0.009304676204919815
-0.009287899360060692
-0.009271173737943172
-0.009254502132534981
-0.009237880818545818
-0.00922131072729826
-0.009204791858792305
-0.009188323281705379
-0.009171904996037483
-0.009155537001788616
-0.009139219298958778
-0.009122950956225395
-0.009106731042265892
-0.009090559557080269
-0.009074436500668526
-0.009058360941708088
-0.00904233381152153
-0.009026354178786278
-0.009010422043502331
-0.008994537405669689
-0.008978702127933502
-0.008962913416326046
-0.008947174064815044
-0.008931483142077923
-0.008915838785469532
-0.008900242857635021
-0.008884694427251816
-0.008869192562997341
-0.008853739127516747
-0.008838332258164883
-0.008822971023619175
-0.008807655423879623
-0.008792385458946228
-0.008777160197496414
-0.008761979639530182
-0.008746843785047531
-0.008731751702725887
-0.008716704323887825
-0.00870170071721077
-0.008686739020049572
-0.008671821095049381
-0.008656947873532772
-0.00864211842417717
-0.00862733181566
-0.008612588979303837
-0.008597888052463531
-0.008583231829106808
-0.008568617515265942
-0.008554046973586082
-0.008539519272744656
-0.008525033481419086
-0.00851059053093195
-0.008496188558638096
-0.008481827564537525
-0.008467507548630238
-0.008453229442238808
-0.008438990451395512
-0.008424790576100349
-0.008410629816353321
-0.008396508172154427
-0.008382425643503666
-0.008368381299078465
-0.008354376070201397
-0.008340411819517612
-0.008326487615704536
-0.008312604390084743
-0.008298763073980808
-0.008284961804747581
-0.008271202445030212
-0.008257483132183552
-0.0082438038662076
-0.008230164647102356
-0.008216562680900097
-0.008202999830245972
-0.008189474232494831
-0.008175985887646675
-0.008162534795701504
-0.008149120025336742
-0.008135741576552391
-0.008122398518025875
-0.008109091781079769
-0.008095821365714073
-0.008082587271928787
-0.008069390431046486
-0.008056230843067169
-0.008043107576668262
-0.00803002156317234
-0.008016973733901978
-0.008003963157534599
-0.007990988902747631
-0.007978050969541073
-0.007965150289237499
-0.007952285930514336
-0.007939456962049007
-0.007926664315164089
-0.007913905195891857
-0.007901179604232311
-0.007888487540185452
-0.007875829003751278
-0.007863202132284641
-0.007850607857108116
-0.007838048040866852
-0.007825522683560848
-0.00781303271651268
-0.007800578139722347
-0.007788158487528563
-0.007775773759931326
-0.007763423956930637
-0.007751107215881348
-0.007738823071122169
-0.00772657198831439
-0.00771435396745801
-0.007702168542891741
-0.007690014783293009
-0.007677893154323101
-0.007665803655982018
-0.007653745822608471
-0.007641720119863749
-0.007629726082086563
-0.007617765571922064
-0.007605837658047676
-0.007593941409140825
-0.007582076825201511
-0.00757024297490716
-0.007558440323919058
-0.007546668872237206
-0.007534927222877741
-0.007523213513195515
-0.007511528674513102
-0.007499871775507927
-0.007488242816179991
-0.007476642727851868
-0.007465070113539696
-0.00745352590456605
-0.007442010100930929
-0.00743052177131176
-0.007419059984385967
-0.007407623343169689
-0.007396209985017776
-0.007384818512946367
-0.007373447064310312
-0.00736209424212575
-0.007350757718086243
-0.007339435629546642
-0.007328124716877937
-0.007316822186112404
-0.007305524777621031
-0.007294229231774807
-0.007282930891960859
-0.007271623704582453
-0.007260301150381565
-0.007248956710100174
-0.007237582001835108
-0.007226167246699333
-0.007214702665805817
-0.007203177083283663
-0.00719157699495554
-0.007179887965321541
-0.007168094161897898
-0.007156177423894405
-0.00714411772787571
-0.007131894119083881
-0.007119482383131981
-0.007106855977326632
-0.007093984633684158
-0.007080836687237024
-0.007067377213388681
-0.007053567562252283
-0.007039367686957121
-0.007024733815342188
-0.007009617984294891
-0.006993970833718777
-0.006977738346904516
-0.006960863247513771
-0.006943287793546915
-0.006924949586391449
-0.006905785296112299
-0.006885728798806667
-0.006864712573587894
-0.006842668633908033
-0.00681952852755785
-0.006795225199311972
-0.006769691593945026
-0.006742863450199366
-0.006714679300785065
-0.006685082800686359
-0.006654024124145508
-0.006621458567678928
-0.006587349809706211
-0.006551670841872692
-0.006514405831694603
-0.006475551053881645
-0.006435114424675703
-0.006393120158463717
-0.006349606905132532
-0.006304630544036627
-0.006258263252675533
-0.006210595369338989
-0.006161736790090799
-0.006111815106123686
-0.006060976535081863
-0.006009385455399752
-0.005957223009318113
-0.005904685705900192
-0.005851984489709139
-0.005799343809485435
-0.005746996030211449
-0.005695181898772717
-0.005644144490361214
-0.005594127345830202
-0.005545370280742645
-0.005498104263097048
-0.005452549085021019
-0.0054089087061584
-0.005367365200072527
-0.005328075494617224
-0.0052911676466465
-0.005256738513708115
-0.005224848166108131
-0.005195518955588341
-0.00516873225569725
-0.005144430324435234
-0.005122510250657797
-0.005102831404656172
-0.005085211247205734
-0.005069430451840162
-0.00505523569881916
-0.005042346194386482
-0.005030455999076366
-0.005019242409616709
-0.005008372943848372
-0.004997511394321918
-0.004986325278878212
-0.004974497947841883
-0.004961731377989054
-0.004947755951434374
-0.004932340700179338
-0.004915294703096151
-0.004896475933492184
-0.00487579545006156
-0.004853216931223869
-0.004828762728720903
-0.004802510607987642
-0.004774593282490969
-0.004745194688439369
-0.004714542534202337
-0.004682905506342649
-0.004650582559406757
-0.004617894534021616
-0.004585173446685076
-0.004552752245217562
-0.004520954564213753
-0.004490082152187824
-0.004460406955331564
-0.004432160407304764
-0.004405525512993336
-0.004380629397928715
-0.004357541911303997
-0.004336271435022354
-0.004316764418035746
-0.004298907238990068
-0.004282533656805754
-0.004267425276339054
-0.004253326449543238
-0.00423995079472661
-0.004226991906762123
-0.004214138258248568
-0.00420108251273632
-0.004187535494565964
-0.00417323550209403
-0.004157961346209049
-0.004141540732234716
-0.004123853519558907
-0.00410483917221427
-0.004084498155862093
-0.004062891006469727
-0.004040134139358997
-0.004016394261270761
-0.003991881385445595
-0.003966838121414185
-0.003941527102142572
-0.003916220273822546
-0.003891187952831388
-0.003866681829094887
-0.003842925885692239
-0.003820107784122229
-0.003798367222771049
-0.003777793608605862
-0.003758420702069998
-0.00374022638425231
-0.00372313498519361
-0.003707022173330188
-0.003691721940413117
-0.003677035449072719
-0.003662741743028164
-0.003648610785603523
-0.003634413937106729
-0.003619935363531113
-0.003604984609410167
-0.003589404514059424
-0.003573079593479633
-0.003555940464138985
-0.003537967102602124
-0.003519188147038221
-0.003499677404761314
-0.003479550592601299
-0.003458956722170115
-0.003438068088144064
-0.003417070489376783
-0.003396153682842851
-0.003375498810783029
-0.003355268621817231
-0.003335598623380065
-0.003316591028124094
-0.003298308933153749
-0.003280773060396314
-0.003263963153585792
-0.003247819608077407
-0.003232248825952411
-0.003217129502445459
-0.003202320775017142
-0.003187671536579728
-0.003173030214384198
-0.003158253617584705
-0.003143216483294964
-0.003127817763015628
-0.003111986443400383
-0.003095685271546245
-0.003078911686316133
-0.003061698051169515
-0.00304410676471889
-0.003026225604116917
-0.003008161205798388
-0.002990031614899635
-0.002971958601847291
-0.002954058116301894
-0.002936434699222445
-0.002919173566624522
-0.002902336185798049
-0.002885957481339574
-0.00287004467099905
-0.002854577265679836
-0.002839511027559638
-0.00282478122971952
-0.002810307778418064
-0.002796003129333258
-0.00278177740983665
-0.002767545636743307
-0.002753233537077904
-0.002738783834502101
-0.002724157646298409
-0.002709338441491127
-0.002694332273676991
-0.002679165918380022
-0.002663885476067662
-0.002648551017045975
-0.00263323332183063
-0.002618007827550173
-0.002602949738502502
-0.002588127972558141
-0.002573601435869932
-0.002559414831921458
-0.002545597730204463
-0.00253216247074306
-0.002519103698432446
-0.002506401157006621
-0.002494022948667407
-0.002481927629560232
-0.00247006886638701
-0.002458399627357721
-0.002446876605972648
-0.002435463713482022
-0.002424133708700538
-0.002412872388958931
-0.002401677425950766
-0.002390558831393719
-0.002379538025707006
-0.00236864504404366
-0.002357916906476021
-0.002347392961382866
-0.002337112557142973
-0.002327111549675465
-0.002317419508472085
-0.002308056689798832
-0.002299032872542739
-0.002290347591042519
-0.002281988738104701
-0.002273935126140714
-0.002266157418489456
-0.002258621156215668
-0.002251288155093789
-0.002244119299575686
-0.002237076871097088
-0.002230128739029169
-0.002223246265202761
-0.002216408960521221
-0.002209602855145931
-0.002202819800004363
-0.002196059096604586
-0.002189322607591748
-0.002182616619393229
-0.002175948116928339
-0.002169324550777674
-0.002162750577554107
-0.002156228059902787
-0.002149755600839853
-0.002143328776583076
-0.002136939903721213
-0.00213057897053659
-0.002124235965311527
-0.00211790157482028
-0.002111569978296757
-0.002105238381773233
-0.00209891190752387
-0.002092603594064713
-0.002086333930492401
-0.002080134116113186
-0.002074044663459063
-0.002068116329610348
-0.002062409184873104
-0.002056991215795279
-0.002051937859505415
-0.002047330606728792
-0.002043256303295493
-0.002039805520325899
-0.002037071622908115
-0.002035150537267327
-0.002034139353781939
-0.00203413562849164
-0.002035238780081272
-0.002037546597421169
-0.002041157567873597
-0.002046169014647603
-0.002052676165476441
-0.00206077191978693
-0.002070544520393014
-0.002082076156511903
-0.002095442265272141
-0.002110707806423306
-0.002127925865352154
-0.002147134626284242
-0.002168355276808143
-0.002191589213907719
-0.002216816646978259
-0.00224399333819747
-0.002273050835356116
-0.002303893445059657
-0.002336398465558887
-0.002370415488258004
-0.002405767329037189
-0.002442250959575176
-0.002479638438671827
-0.002517679007723927
-0.002556102583184838
-0.002594621386379004
-0.00263293506577611
-0.002670733025297523
-0.002707700245082378
-0.002743521705269814
-0.00277788657695055
-0.002810494275763631
-0.002841060748323798
-0.002869323594495654
-0.002895047189667821
-0.002918029902502894
-0.00293810828588903
-0.002955162432044744
-0.002969120861962438
-0.002979961922392249
-0.00298772007226944
-0.002992484951391816
-0.002994403010234237
-0.002993677044287324
-0.00299056270159781
-0.002985364990308881
-0.002978433156386018
-0.00297015393152833
-0.002960943151265383
-0.002951237605884671
-0.002941484097391367
-0.002932127797976136
-0.002923601772636175
-0.002916316036134958
-0.002910645445808768
-0.002906919457018375
-0.00290541211143136
-0.002906334586441517
-0.002909827278926969
-0.002915955614298582
-0.002924707718193531
-0.002935993717983365
-0.002949647605419159
-0.002965432591736317
-0.002983047626912594
-0.003002137644216418
-0.003022303339093924
-0.003043116303160787
-0.003064132295548916
-0.003084908472374082
-0.003105017356574535
-0.003124064300209284
-0.003141702385619283
-0.00315764406695962
-0.003171675372868776
-0.003183663124218583
-0.003193562617525458
-0.003201420418918133
-0.003207373898476362
-0.003211646806448698
-0.003214543452486396
-0.003216436365619302
-0.003217753255739808
-0.003218961413949728
-0.003220549551770091
-0.003223009407520294
-0.00322681711986661
-0.003232412971556187
-0.003240184159949422
-0.003250450361520052
-0.003263452090322971
-0.003279340220615268
-0.003298172494396567
-0.003319912357255816
-0.003344432916492224
-0.003371523693203926
-0.003400902962312102
-0.003432231722399592
-0.003465132089331746
-0.003499204758554697
-0.003534049727022648
-0.003569284919649363
-0.003604563651606441
-0.003639591624960303
-0.003674139734357595
-0.003708051284775138
-0.003741247579455376
-0.003773726290091872
-0.003805559827014804
-0.003836882999166846
-0.003867882769554853
-0.003898778930306435
-0.00392980920150876
-0.003961208276450634
-0.003993187099695206
-0.004025917965918779
-0.004059513565152884
-0.0040940186008811
-0.004129397682845592
-0.004165534861385822
-0.004202229436486959
-0.004239208064973354
-0.00427613127976656
-0.004312609788030386
-0.004348224028944969
-0.004382542800158262
-0.004415146540850401
-0.004445649217814207
-0.004473719280213118
-0.004499093629419804
-0.004521596245467663
-0.004541144706308842
-0.004557755775749683
-0.004571544472128153
-0.004582717549055815
-0.004591562785208225
-0.004598433617502451
-0.004603731911629438
-0.004607885610312223
-0.004611331969499588
-0.004614491946995258
-0.004617756232619286
-0.004621468484401703
-0.004625911358743906
-0.004631302785128355
-0.004637789446860552
-0.004645451437681913
-0.00465430598706007
-0.004664318170398474
-0.004675411153584719
-0.004687480162829161
-0.004700407385826111
-0.004714074078947306
-0.004728373605757952
-0.004743217024952173
-0.004758541472256184
-0.004774309694766998
-0.004790511447936296
-0.004807155579328537
-0.004824263509362936
-0.004841859918087721
-0.004859959706664085
-0.004878561478108168
-0.004897634964436293
-0.004917113110423088
-0.00493689114227891
-0.004956824705004692
-0.004976729862391949
-0.004996395204216242
-0.00501558743417263
-0.005034065339714289
-0.005051594693213701
-0.005067963618785143
-0.005082997493445873
-0.005096570122987032
-0.005108616780489683
-0.005119137931615114
-0.005128203891217709
-0.005135953892022371
-0.005142586305737495
-0.005148353986442089
-0.005153545178472996
-0.005158472340553999
-0.005163451656699181
-0.005168788135051727
-0.005174756050109863
-0.00518158869817853
-0.005189464427530766
-0.005198501516133547
-0.00520875072106719
-0.005220200400799513
-0.005232779774814844
-0.00524636497721076
-0.005260790232568979
-0.005275860894471407
-0.005291364621371031
-0.005307086277753115
-0.005322817247360945
-0.005338366609066725
-0.005353569518774748
-0.005368290934711695
-0.00538242980837822
-0.005395916290581226
-0.00540871312841773
-0.005420811008661985
-0.005432222969830036
-0.005442982073873281
-0.00545313348993659
-0.005462737288326025
-0.00547185679897666
-0.005480561405420303
-0.005488923285156488
-0.005497017875313759
-0.005504924338310957
-0.0055127227678895
-0.00552049744874239
-0.005528333131223917
-0.005536315962672234
-0.005544528365135193
-0.005553049501031637
-0.005561948753893375
-0.005571283400058746
-0.005581092555075884
-0.005591392982751131
-0.005602179560810328
-0.005613419227302074
-0.005625053774565458
-0.005637000314891338
-0.005649157334119081
-0.00566140515729785
-0.005673618521541357
-0.005685667041689157
-0.005697429180145264
-0.005708798766136169
-0.005719689186662436
-0.005730041768401861
-0.005739827640354633
-0.005749050062149763
-0.005757744889706373
-0.005765975452959538
-0.005773830693215132
-0.005781416781246662
-0.005788850598037243
-0.005796250887215137
-0.005803731735795736
-0.00581139512360096
-0.005819324404001236
-0.005827581044286489
-0.00583620136603713
-0.005845194682478905
-0.005854546558111906
-0.005864219274371862
-0.005874157417565584
-0.005884291604161263
-0.005894545000046492
-0.005904838442802429
-0.005915092770010233
-0.005925236735492945
-0.005935208406299353
-0.005944960284978151
-0.005954459309577942
-0.005963686387985945
-0.005972635466605425
-0.005981316789984703
-0.005989749915897846
-0.005997967440634966
-0.006006006151437759
-0.006013908889144659
-0.006021721288561821
-0.006029488518834114
-0.006037254352122545
-0.006045058369636536
-0.006052935961633921
-0.006060913670808077
-0.006069011520594358
-0.006077240221202374
-0.006085603032261133
-0.006094090640544891
-0.00610268721356988
-0.00611136807128787
-0.006120100151747465
-0.006128845270723104
-0.006137561984360218
-0.006146209314465523
-0.006154743954539299
-0.006163126789033413
-0.006171324290335178
-0.006179310381412506
-0.006187065504491329
-0.006194579880684614
-0.006201850716024637
-0.006208884064108133
-0.006215692032128572
-0.006222290452569723
-0.006228696554899216
-0.006234927102923393
-0.006240996532142162
-0.006246910896152258
-0.00625267019495368
-0.006258263718336821
-0.006263668648898602
-0.006268854718655348
-0.00627377862110734
-0.006278387736529112
-0.006282622925937176
-0.006286417599767447
-0.006289700977504253
-0.006292401812970638
-0.006294448859989643
-0.006295771803706884
-0.006296304054558277
-0.006295982282608747
-0.006294748280197382
-0.00629254849627614
-0.006289332639425993
-0.006285053212195635
-0.006279667373746634
-0.006273132283240557
-0.006265407428145409
-0.006256452295929193
-0.006246227771043777
-0.00623469240963459
-0.00622180663049221
-0.006207531783729792
-0.00619183387607336
-0.006174680311232805
-0.006156045477837324
-0.006135910283774137
-0.006114264950156212
-0.006091109942644835
-0.006066461093723774
-0.006040345877408981
-0.006012809462845325
-0.005983913317322731
-0.005953735671937466
-0.005922375246882439
-0.005889947526156902
-0.005856586154550314
-0.005822440609335899
-0.005787676200270653
-0.005752473138272762
-0.005717022810131311
-0.00568152591586113
-0.005646190140396357
-0.00561122689396143
-0.005576848983764648
-0.005543267820030451
-0.005510690156370401
-0.005479313898831606
-0.005449325311928988
-0.005420896224677563
-0.005394181702286005
-0.005369315389543772
-0.005346409976482391
-0.005325551144778728
-0.005306796636432409
-0.00529017485678196
-0.00527568394318223
-0.005263288505375385
-0.005252918694168329
-0.005244472995400429
-0.005237816367298365
-0.005232782103121281
-0.005229173693805933
-0.005226768087595701
-0.0052253189496696
-0.005224560387432575
-0.005224213004112244
-0.005223990418016911
-0.005223605316132307
-0.005222773179411888
-0.005221223458647728
-0.005218703299760818
-0.005214987322688103
-0.00520987855270505
-0.005203220993280411
-0.005194898694753647
-0.005184843670576811
-0.005173034500330687
-0.005159501917660236
-0.005144326016306877
-0.005127634387463331
-0.005109603516757488
-0.005090449005365372
-0.005070423241704702
-0.005049808416515589
-0.005028907675296068
-0.005008035805076361
-0.004987512249499559
-0.004967650398612022
-0.004948746412992477
-0.004931075032800436
-0.004914875607937574
-0.004900346975773573
-0.004887639079242945
-0.004876852501183748
-0.004868028685450554
-0.004861152265220881
-0.004856151528656483
-0.004852897487580776
-0.004851211328059435
-0.004850869998335838
-0.00485160993412137
-0.004853139165788889
-0.004855148959904909
-0.004857319407165051
-0.004859335254877806
-0.004860894288867712
-0.004861718509346247
-0.004861565306782722
-0.00486023398116231
-0.004857574589550495
-0.004853492137044668
-0.00484794843941927
-0.004840963520109653
-0.0048326151445508
-0.004823032766580582
-0.004812393337488174
-0.00480091106146574
-0.004788831807672977
-0.004776415880769491
-0.004763931967318058
-0.004751643165946007
-0.004739796742796898
-0.004728612489998341
-0.004718273412436247
-0.004708917811512947
-0.004700636025518179
-0.004693465307354927
-0.004687388893216848
-0.004682338796555996
-0.004678201861679554
-0.004674820695072412
-0.004672009497880936
-0.004669557325541973
-0.004667243454605341
-0.004664847161620855
-0.00466216029599309
-0.004658996127545834
-0.004655198194086552
-0.004650651011615992
-0.004645283799618483
-0.004639072809368372
-0.004632043652236462
-0.004624268971383572
-0.004615864250808954
-0.004606980830430984
-0.004597795661538839
-0.004588505253195763
-0.004579311236739159
-0.004570412449538708
-0.00456199049949646
-0.004554204177111387
-0.004547177348285913
-0.004540993832051754
-0.004535694140940905
-0.004531271290034056
-0.004527673125267029
-0.0045248051173985
-0.004522538278251886
-0.004520712420344353
-0.004519148729741573
-0.004517658613622189
-0.004516055807471275
-0.004514162894338369
-0.004511823412030935
-0.0045089116320014
-0.004505335353314877
-0.004501042421907187
-0.004496022593230009
-0.004490307997912169
-0.004483967088162899
-0.004477101378142834
-0.00446983939036727
-0.004462327342480421
-0.004454719368368387
-0.004447168204933405
-0.004439819604158401
-0.004432799760252237
-0.004426209721714258
-0.004420121666043997
-0.004414573777467012
-0.004409571643918753
-0.004405086860060692
-0.004401062615215778
-0.004397417418658733
-0.004394053015857935
-0.004390859045088291
-0.004387724678963423
-0.004384543281048536
-0.004381220322102308
-0.004377680364996195
-0.004373868461698294
-0.004369755741208792
-0.004365338943898678
-0.004360639955848455
-0.004355702549219131
-0.004350588191300631
-0.00434536999091506
-0.00434012757614255
-0.004334940575063229
-0.004329882562160492
-0.00432501407340169
-0.004320380743592978
-0.004316007718443871
-0.004311900120228529
-0.004308041650801897
-0.004304397851228714
-0.004300917964428663
-0.004297539126127958
-0.00429419195279479
-0.004290807526558638
-0.004287319257855415
-0.004283669870346785
-0.0042798169888556
-0.004275733139365911
-0.004271409939974546
-0.004266858100891113
-0.004262104164808989
-0.004257190972566605
-0.004252173937857151
-0.004247114527970552
-0.004242078866809607
-0.004237127956002951
-0.004232317674905062
-0.004227694123983383
-0.004223289899528027
-0.004219122231006622
-0.004215192049741745
-0.004211484920233488
-0.004207972902804613
-0.004204617813229561
-0.004201371222734451
-0.004198182374238968
-0.004195000045001507
-0.004191775806248188
-0.00418847007676959
-0.004185051191598177
-0.004181499592959881
-0.004177807364612818
-0.004173977300524712
-0.004170024301856756
-0.004165971651673317
-0.004161849152296782
-0.004157688934355974
-0.004153524059802294
-0.00414938572794199
-0.004145300015807152
-0.004141286015510559
-0.004137356765568256
-0.004133515991270542
-0.004129760432988405
-0.004126079380512238
-0.004122457467019558
-0.004118876066058874
-0.004115314688533545
-0.004111755173653364
-0.004108179826289415
-0.004104577470570803
-0.004100941587239504
-0.00409727031365037
-0.004093568306416273
-0.004089843947440386
-0.004086111672222614
-0.004082385450601578
-0.004078681115061045
-0.004075014032423496
-0.004071396309882402
-0.004067835863679647
-0.00406433641910553
-0.004060896579176188
-0.004057510755956173
-0.004054167773574591
-0.004050855524837971
-0.004047558177262545
-0.004044260829687119
-0.004040946252644062
-0.004037602804601192
-0.004034220241010189
-0.004030792042613029
-0.004027317278087139
-0.004023798275738955
-0.00402024295181036
-0.004016661085188389
-0.004013065714389086
-0.004009469877928495
-0.004005886614322662
-0.004002328962087631
-0.00399880763143301
-0.003995330072939396
-0.003991900477558374
-0.00398851977661252
-0.003985186107456684
-0.003981894347816706
-0.003978637047111988
-0.003975406289100647
-0.003972192760556936
-0.003968987613916397
-0.003965782467275858
-0.003962571267038584
-0.003959348425269127
-0.003956113010644913
-0.003952864091843367
-0.003949604462832212
-0.003946336451917887
-0.003943064250051975
-0.003939791582524776
-0.003936523571610451
-0.003933262545615435
-0.003930012229830027
-0.003926773089915514
-0.003923546522855759
-0.003920332062989473
-0.003917128313332796
-0.00391393294557929
-0.003910744097083807
-0.003907559439539909
-0.003904377575963736
-0.003901197807863355
-0.003898019902408123
-0.003894844558089972
-0.003891673637554049
-0.00388850923627615
-0.003885353216901422
-0.00388220907188952
-0.003879079129546881
-0.003875964321196079
-0.003872866509482265
-0.003869785461574793
-0.00386672024615109
-0.003863669233396649
-0.003860629396513104
-0.003857598640024662
-0.003854573238641024
-0.003851550398394465
-0.00384852709248662
-0.003845501225441694
-0.00384247163310647
-0.003839436918497086
-0.003836398012936115
-0.00383335561491549
-0.003830311121419072
-0.003827267326414585
-0.003824226558208466
-0.00382119114510715
-0.003818163415417075
-0.003815145930275321
-0.003812139853835106
-0.003809145418927073
-0.003806163789704442
-0.003803194500505924
-0.003800236387178302
-0.003797289682552218
-0.003794352058321238
-0.003791422350332141
-0.003788499627262354
-0.003785582492128015
-0.003782669547945261
-0.003779760794714093
-0.003776855068281293
-0.003773951902985573
-0.003771051531657577
-0.00376815372146666
-0.003765259170904756
-0.003762367879971862
-0.003759480081498623
-0.003756596706807613
-0.003753717755898833
-0.003750842995941639
-0.003747972659766674
-0.003745106747373939
-0.00374224572442472
-0.003739389590919018
-0.003736538346856833
-0.003733692457899451
-0.00373085169121623
-0.003728016512468457
-0.003725187387317419
-0.003722364315763116
-0.003719547530636191
-0.003716737031936646
-0.003713932819664478
-0.00371113489381969
-0.00370834325440228
-0.003705557435750961
-0.003702777670696378
-0.003700002562254667
-0.00369723211042583
-0.003694465849548578
-0.003691703081130981
-0.003688944038003683
-0.003686188021674752
-0.003683434799313545
-0.003680684370920062
-0.003677936503663659
-0.003675191197544336
-0.003672448918223381
-0.00366970943287015
-0.003666973672807217
-0.003664241638034582
-0.003661514259874821
-0.003658791305497289
-0.00365607300773263
-0.003653359366580844
-0.003650650382041931
-0.003647945821285248
-0.003645244985818863
-0.00364254810847342
-0.003639854956418276
-0.003637164831161499
-0.003634477034211159
-0.003631791332736611
-0.003629107028245926
-0.003626422956585884
-0.003623738884925842
-0.003621053183451295
-0.003618366550654173
-0.003615678288042545
-0.003612987464293838
-0.003610293380916119
-0.003607595572248101
-0.003604893572628498
-0.003602185752242804
-0.003599471878260374
-0.003596750786527991
-0.003594021778553724
-0.003591283224523067
-0.00358853442594409
-0.003585773753002286
-0.003583000740036368
-0.003580213291570544
-0.003577410243451595
-0.003574590664356947
-0.003571752924472094
-0.003568895626813173
-0.003566016675904393
-0.003563114907592535
-0.00356018845923245
-0.003557235933840275
-0.003554255468770862
-0.003551245434209704
-0.003548204898834229
-0.003545131999999285
-0.003542026272043586
-0.003538886783644557
-0.003535712836310267
-0.003532504197210073
-0.003529260167852044
-0.003525981679558754
-0.003522668732330203
-0.003519322955980897
-0.003515944816172123
-0.00351253617554903
-0.003509099129587412
-0.003505635773763061
-0.0035021489020437
-0.003498641774058342
-0.003495118347927928
-0.003491582348942757
-0.003488038433715701
-0.003484491724520922
-0.003480947110801935
-0.003477409947663546
-0.003473885590210557
-0.003470379859209061
-0.003466898109763861
-0.003463446395471692
-0.003460030537098646
-0.003456655889749527
-0.003453327342867851
-0.003450050484389067
-0.003446829738095403
-0.003443668596446514
-0.003440571017563343
-0.003437539329752326
-0.003434575628489256
-0.003431680146604776
-0.003428853582590818
-0.003426094772294164
-0.003423402085900307
-0.003420772263780236
-0.003418201114982367
-0.003415682818740606
-0.00341321132145822
-0.003410779405385256
-0.003408378921449184
-0.003406002186238766
-0.003403639886528254
-0.003401282243430614
-0.00339892040938139
-0.003396545303985476
-0.003394148079678416
-0.003391719423234463
-0.003389252116903663
-0.003386739641427994
-0.003384175477549434
-0.003381554968655109
-0.003378874389454722
-0.003376131877303123
-0.003373327432200313
-0.003370461519807577
-0.003367536934092641
-0.00336455786600709
-0.003361530369147658
-0.003358460729941726
-0.003355356864631176
-0.003352228319272399
-0.003349084174260497
-0.003345935139805079
-0.003342792158946395
-0.003339665709063411
-0.003336565801873803
-0.003333502449095249
-0.003330483566969633
-0.003327516838908195
-0.003324609016999602
-0.003321763360872865
-0.003318982664495707
-0.003316267626360059
-0.00331361754797399
-0.003311028471216559
-0.003308495273813605
-0.003306010970845819
-0.003303567413240671
-0.003301155520603061
-0.003298764815554023
-0.003296384587883949
-0.003294004127383232
-0.003291612258180976
-0.00328919873572886
-0.003286754479631782
-0.0032842718064785
-0.003281744197010994
-0.003279167227447033
-0.003276537638157606
-0.003273855429142714
-0.003271121997386217
-0.003268339904025197
-0.003265515202656388
-0.003262654645368457
-0.003259765915572643
-0.003256859257817268
-0.003253944916650653
-0.003251032903790474
-0.003248133463785052
-0.003245256375521421
-0.003242409788072109
-0.003239601384848356
-0.003236836986616254
-0.003234120318666101
-0.003231453709304333
-0.003228837158530951
-0.003226268105208874
-0.003223743289709091
-0.003221256658434868
-0.003218801459297538
-0.003216369077563286
-0.003213950898498297
-0.003211536910384893
-0.003209118032827973
-0.003206686116755009
-0.003204233013093472
-0.003201752435415983
-0.00319923902861774
-0.00319668953306973
-0.003194102784618735
-0.003191479481756687
-0.003188821487128735
-0.003186132991686463
-0.003183419117704034
-0.003180686850100756
-0.003177943639457226
-0.003175197402015328
-0.003172456752508879
-0.00316972890868783
-0.003167020622640848
-0.003164337947964668
-0.003161685541272163
-0.003159066429361701
-0.003156481776386499
-0.003153931582346559
-0.003151413286104798
-0.003148923860862851
-0.003146457485854626
-0.003144009038805962
-0.003141571767628193
-0.003139138221740723
-0.003136702114716172
-0.003134257160127163
-0.003131797770038247
-0.003129319055005908
-0.003126818453893065
-0.003124293638393283
-0.003121744841337204
-0.003119172994047403
-0.003116581123322248
-0.003113973187282681
-0.003111353842541575
-0.003108728909865022
-0.003106103744357824
-0.003103484166786075
-0.003100875299423933
-0.003098282031714916
-0.003095707623288035
-0.003093154868111014
-0.003090624930337071
-0.003088117344304919
-0.003085630713030696
-0.003083163173869252
-0.003080710535869002
-0.003078268840909004
-0.003075833199545741
-0.00307339895516634
-0.003070961451157928
-0.003068516962230206
-0.003066061763092875
-0.003063593758270144
-0.003061111317947507
-0.003058615140616894
-0.003056105459108949
-0.003053584834560752
-0.003051055362448096
-0.003048520535230637
-0.00304598337970674
-0.003043448086827993
-0.00304091814905405
-0.003038396360352635
-0.003035885514691472
-0.003033387707546353
-0.003030903870239854
-0.003028434002771974
-0.003025977872312069
-0.003023534081876278
-0.003021100303158164
-0.003018673975020647
-0.00301625276915729
-0.003013833193108439
-0.003011413151398301
-0.003008990315720439
-0.003006563056260347
-0.003004130441695452
-0.003001691540703177
-0.002999246818944812
-0.002996796974912286
-0.002994343172758818
-0.002991887740790844
-0.002989432774484158
-0.002986980369314551
-0.002984533086419106
-0.002982092788442969
-0.002979662036523223
-0.002977242227643728
-0.002974834758788347
-0.002972440328449011
-0.002970059169456363
-0.002967691048979759
-0.002965335734188557
-0.002962992759421468
-0.002960661659017205
-0.002958341035991907
-0.00295603065751493
-0.002953729592263699
-0.002951438073068857
-0.002949155634269118
-0.002946883672848344
-0.002944623120129108
-0.002942375605925918
-0.002940143924206495
-0.002937930636107922
-0.002935738302767277
-0.002933570183813572
-0.002931430004537106
-0.002929320558905602
-0.002927245572209358
-0.002925208071246743
-0.002923211082816124
-0.002921257400885224
-0.002919350052252412
-0.002917491598054767
-0.002915684366598725
-0.002913931151852012
-0.002912234514951706
-0.002910596784204245
-0.002909021219238639
-0.002907511778175831
-0.002906071487814188
-0.002904704539105296
-0.002903415821492672
-0.002902209758758545
-0.002901091473177075
-0.002900066087022424
-0.00289913872256875
-0.002898314734920859
-0.00289759854786098
-0.00289699574932456
-0.002896510995924473
-0.00289614824578166
-0.002895911457017064
-0.00289580412209034
-0.002895829267799854
-0.002895989222452044
-0.002896286081522703
-0.002896721474826336
-0.002897296333685517
-0.002898011356592178
-0.002898866543546319
-0.002899860963225365
-0.002900993451476097
-0.002902262378484011
-0.002903665183112025
-0.002905198372900486
-0.002906857989728451
-0.002908639376983047
-0.002910536248236895
-0.002912541618570685
-0.002914647338911891
-0.002916844561696053
-0.002919123508036137
-0.002921473467722535
-0.002923882333561778
-0.002926337765529752
-0.002928826725110412
-0.002931335009634495
-0.002933848416432738
-0.002936352510005236
-0.00293883285485208
-0.002941274084150791
-0.002943662228062749
-0.002945983083918691
-0.002948223147541285
-0.002950370078906417
-0.002952412236481905
-0.002954338910058141
-0.002956140786409378
-0.002957810182124376
-0.002959340810775757
-0.002960727550089359
-0.002961968304589391
-0.002963062142953277
-0.002964009996503592
-0.002964814426377416
-0.002965480787679553
-0.002966016763821244
-0.002966430969536304
-0.002966734580695629
-0.002966940868645906
-0.002967064268887043
-0.00296712014824152
-0.002967126434668899
-0.002967100823298097
-0.002967061707749963
-0.002967027947306633
-0.002967017702758312
-0.002967049134895205
-0.002967139706015587
-0.002967305481433868
-0.002967560663819313
-0.002967917826026678
-0.002968387678265572
-0.002968978369608521
-0.002969695720821619
-0.002970543457195163
-0.002971521578729153
-0.00297262892127037
-0.002973861061036587
-0.002975211245939136
-0.002976670395582914
-0.002978227566927671
-0.002979870419949293
-0.00298158498480916
-0.002983356127515435
-0.002985168248414993
-0.002987006213515997
-0.002988854190334678
-0.002990697743371129
-0.002992522204294801
-0.002994315698742867
-0.002996067050844431
-0.002997767180204391
-0.002999408403411508
-0.003000986063852906
-0.003002497600391507
-0.003003941150382161
-0.003005318576470017
-0.0030066326726228
-0.003007888328284025
-0.003009091131389141
-0.003010248066857457
-0.00301136658526957
-0.003012454835698009
-0.003013520035892725
-0.003014569403603673
-0.003015608992427588
-0.003016643924638629
-0.003017677227035165
-0.003018711227923632
-0.003019746858626604
-0.003020782489329576
-0.003021815558895469
-0.003022841643542051
-0.003023855853825808
-0.003024852368980646
-0.003025824669748545
-0.003026766702532768
-0.003027671715244651
-0.003028534818440676
-0.003029352053999901
-0.003030121326446533
-0.003030840307474136
-0.003031510161235929
-0.003032132983207703
-0.003032712731510401
-0.003033256391063333
-0.003033771412447095
-0.00303426687605679
-0.00303475302644074
-0.003035240806639194
-0.00303574139252305
-0.003036265959963202
-0.003036824753507972
-0.003037427086383104
-0.003038080409169197
-0.00303879170678556
-0.003039564471691847
-0.003040401497855783
-0.003041301853954792
-0.003042263444513083
-0.003043282078579068
-0.003044350771233439
-0.00304546277038753
-0.003046608064323664
-0.00304777710698545
-0.003048959653824568
-0.003050145925953984
-0.003051326842978597
-0.00305249379016459
-0.003053639316931367
-0.003054757136851549
-0.003055842826142907
-0.003056894056499004
-0.003057909430935979
-0.003058888483792543
-0.003059832844883204
-0.003060745308175683
-0.003061629366129637
-0.003062487812712789
-0.003063324838876724
-0.003064143937081099
-0.003064947901293635
-0.003065739525482059
-0.003066520439460874
-0.003067292273044586
-0.003068054327741265
-0.003068807069212198
-0.003069549333304167
-0.003070279955863953
-0.003070998005568981
-0.003071703016757965
-0.003072394290938973
-0.003073072293773293
-0.003073737723752856
-0.003074392210692167
-0.003075038781389594
-0.003075680695474148
-0.003076322609558702
-0.003076968481764197
-0.003077622735872865
-0.003078290494158864
-0.003078975481912494
-0.003079680260270834
-0.003080406226217747
-0.003081153845414519
-0.003081921488046646
-0.003082705428823829
-0.003083499846979976
-0.003084297757595778
-0.003085090080276132
-0.003085866337642074
-0.003086616052314639
-0.003087327349931002
-0.003087989054620266
-0.003088590921834111
-0.003089123638346791
-0.003089578589424491
-0.003089950187131763
-0.003090234473347664
-0.003090428886935115
-0.003090534126386046
-0.003090552985668182
-0.003090489422902465
-0.003090349724516273
-0.003090140176936984
-0.003089868696406484
-0.003089543199166656
-0.003089170437306166
-0.003088756697252393
-0.003088307101279497
-0.003087824676185846
-0.003087311983108521
-0.003086767625063658
-0.003086189739406109
-0.003085573669523001
-0.003084914060309529
-0.003084203461185098
-0.003083434188738465
-0.003082598093897104
-0.003081687027588487
-0.003080693073570728
-0.003079610411077738
-0.003078434616327286
-0.003077162196859717
-0.003075792221352458
-0.003074325388297439
-0.003072764724493027
-0.00307111581787467
-0.00306938448920846
-0.003067579818889499
-0.003065711120143533
-0.003063788637518883
-0.003061823081225157
-0.003059825161471963
-0.003057805821299553
-0.003055775538086891
-0.003053743625059724
-0.003051719395443797
-0.003049710998311639
-0.003047725651413202
-0.003045769408345222
-0.003043848555535078
-0.003041967516764998
-0.003040130250155926
-0.003038340248167515
-0.003036599373444915
-0.003034909721463919
-0.003033272456377745
-0.003031688742339611
-0.003030158579349518
-0.003028681734576821
-0.003027257742360234
-0.003025885205715895
-0.003024562960490584
-0.003023289842531085
-0.003022063290700316
-0.003020881675183773
-0.003019742434844375
-0.003018643008545041
-0.003017580136656761
-0.003016550559550524
-0.003015551017597318
-0.003014577087014914
-0.003013625042513013
-0.003012690460309386
-0.003011768450960517
-0.003010855056345463
-0.003009945154190063
-0.003009033156558871
-0.003008113242685795
-0.003007180290296674
-0.003006228944286704
-0.003005253616720438
-0.003004249418154359
-0.003003210993483663
-0.003002134151756763
-0.003001014702022076
-0.002999850315973163
-0.002998638665303588
-0.00299737905152142
-0.00299607147462666
-0.002994717564433813
-0.002993320114910603
-0.002991882851347327
-0.002990411361679435
-0.002988912165164948
-0.002987391548231244
-0.002985856728628278
-0.002984315622597933
-0.002982776379212737
-0.002981245750561357
-0.002979731420055032
-0.00297823897562921
-0.002976773306727409
-0.002975338371470571
-0.002973937196657062
-0.00297257024794817
-0.002971237525343895
-0.002969938097521663
-0.00296866986900568
-0.002967429580166936
-0.002966213272884488
-0.002965016523376107
-0.00296383467502892
-0.002962662372738123
-0.002961494261398911
-0.002960324753075838
-0.00295914919115603
-0.002957961522042751
-0.002956756623461843
-0.002955529605969787
-0.002954276045784354
-0.002952991286292672
-0.002951671602204442
-0.002950313966721296
-0.002948914421722293
-0.002947470406070352
-0.00294597982428968
-0.002944441279396415
-0.002942853141576052
-0.002941214712336659
-0.002939526690170169
-0.002937789540737867
-0.002936003729701042
-0.00293417158536613
-0.00293229497037828
-0.002930376911535859
-0.002928421134129167
-0.00292643066495657
-0.00292440946213901
-0.002922360552474856
-0.002920288592576981
-0.002918196376413107
-0.002916088327765465
-0.002913967473432422
-0.002911836607381701
-0.002909698756411672
-0.002907556714490056
-0.002905412344262004
-0.002903267042711377
-0.00290112174116075
-0.002898978535085917
-0.002896837890148163
-0.002894700970500708
-0.002892568707466125
-0.002890442498028278
-0.002888323273509741
-0.002886213362216949
-0.002884113695472479
-0.002882026601582766
-0.002879954874515533
-0.002877900609746575
-0.002875867299735546
-0.002873857272788882
-0.002871873788535595
-0.002869920805096626
-0.002868000417947769
-0.002866115188226104
-0.002864266745746136
-0.002862456720322371
-0.002860685344785452
-0.002858952851966023
-0.002857257146388292
-0.002855595899745822
-0.002853965619578958
-0.002852360950782895
-0.002850775606930256
-0.002849202137440443
-0.002847631694748998
-0.002846055431291461
-0.002844462636858225
-0.002842841669917107
-0.002841181820258498
-0.002839470515027642
-0.002837696578353643
-0.002835848834365606
-0.002833915874361992
-0.002831887686625123
-0.002829755423590541
-0.002827510237693787
-0.002825145376846194
-0.00282265548594296
-0.002820037072524428
-0.00281728757545352
-0.002814406529068947
-0.002811395097523928
-0.002808256074786186
-0.002804993186146021
-0.002801611553877592
-0.002798117930069566
-0.002794519765302539
-0.002790825441479683
-0.002787043573334813
-0.002783183474093676
-0.002779253991320729
-0.002775263739749789
-0.00277122063562274
-0.002767132129520178
-0.002763004275038838
-0.002758842892944813
-0.002754651010036469
-0.002750431885942817
-0.002746187150478363
-0.002741916570812464
-0.00273761828429997
-0.002733289729803801
-0.002728927182033658
-0.0027245266828686
-0.002720083342865109
-0.002715592039749026
-0.002711048116907477
-0.002706446684896946
-0.002701784018427134
-0.00269705755636096
-0.002692266367375851
-0.002687410218641162
-0.002682491671293974
-0.002677513984963298
-0.002672482980415225
-0.002667405875399709
-0.002662292215973139
-0.002657152712345123
-0.002651999006047845
-0.002646844368427992
-0.002641703002154827
-0.002636589342728257
-0.002631517592817545
-0.002626501955091953
-0.002621555933728814
-0.002616691868752241
-0.002611921168863773
-0.00260725268162787
-0.002602693857625127
-0.002598250051960349
-0.002593924989923835
-0.002589719137176871
-0.002585630631074309
-0.002581655513495207
-0.002577787963673472
-0.002574019134044647
-0.002570339944213629
-0.002566738519817591
-0.002563202288001776
-0.002559718210250139
-0.002556273015215993
-0.00255285226739943
-0.00254944316111505
-0.002546032657846808
-0.002542610047385097
-0.002539165085181594
-0.002535689389333129
-0.002532175974920392
-0.002528619719669223
-0.002525017596781254
-0.002521368209272623
-0.002517670625820756
-0.002513926010578871
-0.002510135993361473
-0.002506303833797574
-0.002502432558685541
-0.002498525893315673
-0.002494587330147624
-0.002490620128810406
-0.002486627781763673
-0.002482612617313862
-0.002478576498106122
-0.002474521286785603
-0.002470447914674878
-0.002466357313096523
-0.002462249714881182
-0.002458125352859497
-0.0024539849255234
-0.002449829364195466
-0.002445659833028913
-0.002441478427499533
-0.002437287243083119
-0.002433089539408684
-0.002428889973089099
-0.002424693200737238
-0.002420505275949836
-0.002416332019492984
-0.002412180416285992
-0.002408057218417525
-0.002403969177976251
-0.002399922581389546
-0.002395923249423504
-0.002391975373029709
-0.002388082444667816
-0.002384246792644262
-0.002380468184128404
-0.002376745920628309
-0.002373077441006899
-0.002369457855820656
-0.002365881577134132
-0.002362341387197375
-0.002358828904107213
-0.002355335280299187
-0.002351850969716907
-0.002348366659134626
-0.0023448730353266
-0.002341362182050943
-0.002337826415896416
-0.002334259450435638
-0.002330656629055738
-0.002327015390619636
-0.002323333639651537
-0.002319612074643373
-0.002315852092579007
-0.002312057185918093
-0.00230823177844286
-0.002304381690919399
-0.002300513675436378
-0.002296634716913104
-0.002292751800268888
-0.002288872841745615
-0.002285004127770662
-0.002281151711940765
-0.002277322113513947
-0.002273519989103079
-0.002269749762490392
-0.00226601492613554
-0.002262317575514317
-0.002258660038933158
-0.002255043014883995
-0.002251466969028115
-0.002247932134196162
-0.002244438976049423
-0.002240987727418542
-0.002237577456980944
-0.002234207931905985
-0.002230879617854953
-0.00222759204916656
-0.002224344527348876
-0.0022211370524019
-0.00221797008998692
-0.002214843407273293
-0.002211756771430373
-0.00220871064811945
-0.002205704571679235
-0.002202738774940372
-0.002199813025072217
-0.002196926856413484
-0.002194080501794815
-0.002191273728385568
-0.002188506769016385
-0.002185780787840486
-0.002183096949011087
-0.002180456882342696
-0.002177863381803036
-0.002175319008529186
-0.002172826556488872
-0.002170390216633677
-0.002168014645576477
-0.002165703801438212
-0.002163462340831757
-0.002161295153200626
-0.002159207127988338
-0.002157201990485191
-0.002155283465981483
-0.002153453882783651
-0.002151715569198132
-0.002150069223716855
-0.002148514380678535
-0.002147049875929952
-0.002145673846825957
-0.002144382102414966
-0.002143170451745391
-0.002142033306881785
-0.00214096438139677
-0.002139957854524255
-0.002139006508514285
-0.002138103125616908
-0.00213723978959024
-0.00213640951551497
-0.002135605085641146
-0.002134819282218814
-0.002134045353159308
-0.002133276779204607
-0.002132507739588618
-0.002131732879206538
-0.002130946842953563
-0.002130144741386175
-0.002129322616383433
-0.002128476276993752
-0.002127601997926831
-0.002126696053892374
-0.002125755418092012
-0.002124777995049953
-0.002123760990798473
-0.002122702077031136
-0.002121599391102791
-0.002120450837537646
-0.002119255717843771
-0.002118012867867947
-0.002116721123456955
-0.002115380950272083
-0.002113992813974619
-0.002112557413056493
-0.002111075911670923
-0.002109550638124347
-0.002107983222231269
-0.002106376457959414
-0.002104733604937792
-0.002103058621287346
-0.002101355697959661
-0.002099629025906324
-0.002097883028909564
-0.002096123294904828
-0.002094354946166277
-0.002092583104968071
-0.002090813592076302
-0.002089051762595773
-0.002087303204461932
-0.002085573272779584
-0.002083867555484176
-0.002082190709188581
-0.002080547390505672
-0.002078941557556391
-0.002077376702800393
-0.002075855387374759
-0.002074379473924637
-0.002072950592264533
-0.002071568742394447
-0.002070233225822449
-0.002068942645564675
-0.002067694906145334
-0.002066486282274127
-0.002065312815830112
-0.002064170083031058
-0.002063052728772163
-0.002061954932287335
-0.002060870872810483
-0.002059794031083584
-0.002058718353509903
-0.002057637553662062
-0.002056545577943325
-0.002055437071248889
-0.002054306911304593
-0.002053150907158852
-0.002051965799182653
-0.002050748327746987
-0.00204949639737606
-0.002048209076747298
-0.002046886365860701
-0.002045528497546911
-0.002044137567281723
-0.002042715437710285
-0.002041265368461609
-0.002039790851995349
-0.002038296312093735
-0.002036785939708352
-0.002035264857113361
-0.002033737953752279
-0.002032209886237979
-0.002030685776844621
-0.002029170282185078
-0.002027666894719005
-0.002026180503889918
-0.00202471436932683
-0.002023270819336176
-0.002021852415055037
-0.002020460553467274
-0.002019096165895462
-0.002017759252339602
-0.002016449347138405
-0.002015165518969297
-0.002013906138017774
-0.00201266841031611
-0.002011449309065938
-0.002010246273130178
-0.002009055810049176
-0.002007873728871346
-0.002006696769967675
-0.00200552074238658
-0.002004342386499047
-0.002003158209845424
-0.002001964952796698
-0.002000760287046432
-0.001999541884288192
-0.001998308580368757
-0.00199705851264298
-0.001995791215449572
-0.001994506921619177
-0.001993205631151795
-0.001991888042539358
-0.001990555319935083
-0.001989209791645408
-0.00198785332031548
-0.001986488467082381
-0.001985117560252547
-0.001983743859454989
-0.001982369925826788
-0.001980998320505023
-0.001979632070288062
-0.001978273969143629
-0.001976925879716873
-0.001975589897483587
-0.001974267885088921
-0.00197296030819416
-0.001971668563783169
-0.001970392419025302
-0.001969131408259273
-0.001967885065823793
-0.001966651994735003
-0.001965430565178394
-0.001964219613000751
-0.001963016344234347
-0.001961818430572748
-0.00196062377654016
-0.00195943028666079
-0.001958234934136271
-0.001957036321982741
-0.001955832587555051
-0.001954621402546763
-0.001953402301296592
-0.001952173886820674
-0.001950935809873044
-0.001949688303284347
-0.001948431599885225
-0.001947166514582932
-0.001945893978700042
-0.001944615389220417
-0.001943332026712596
-0.001942046103067696
-0.001940759015269578
-0.00193947262596339
-0.001938188448548317
-0.001936908345669508
-0.001935633830726147
-0.001934366067871451
-0.001933106570504606
-0.001931855920702219
-0.001930614351294935
-0.001929382095113397
-0.001928159152157605
-0.001926945056766272
-0.001925739110447466
-0.001924540265463293
-0.001923347474075854
-0.001922159339301288
-0.001920974347740412
-0.001919790869578719
-0.001918607391417027
-0.001917422749102116
-0.001916235662065446
-0.001915044733323157
-0.00191384949721396
-0.001912649138830602
-0.001911443541757762
-0.001910232822410762
-0.001909017330035567
-0.001907797763124108
-0.001906574703752995
-0.001905349083244801
-0.001904122298583388
-0.001902895513921976
-0.001901669544167817
-0.001900445786304772
-0.001899225171655416
-0.001898008515127003
-0.001896796515211463
-0.001895589986816049
-0.00189438892994076
-0.001893193577416241
-0.001892003696411848
-0.001890819170512259
-0.001889639301225543
-0.001888463739305735
-0.001887291669845581
-0.001886122277937829
-0.001884954865090549
-0.001883788616396487
-0.00188262271694839
-0.001881456701084971
-0.001880289753898978
-0.001879121526144445
-0.001877951784990728
-0.00187678006477654
-0.001875606714747846
-0.00187443126924336
-0.001873254310339689
-0.001872076070867479
-0.001870897482149303
-0.00186971842776984
-0.001868539955466986
-0.001867362298071384
-0.001866186154074967
-0.00186501198913902
-0.001863840501755476
-0.001862671575509012
-0.001861505908891559
-0.001860343618318439
-0.00185918458737433
-0.001858028816059232
-0.001856876071542501
-0.001855726004578173
-0.00185457814950496
-0.001853432157076895
-0.001852287328802049
-0.0018511435482651
-0.001850000233389437
-0.001848856918513775
-0.001847713603638113
-0.001846570055931807
-0.001845426275394857
-0.001844282262027264
-0.00184313824865967
-0.001841994235292077
-0.001840850454755127
-0.001839707139879465
-0.001838564523495734
-0.001837422954849899
-0.001836282550357282
-0.001835143542848527
-0.001834005699492991
-0.001832869602367282
-0.0018317352514714
-0.001830602530390024
-0.001829472021199763
-0.001828343491069973
-0.00182721670717001
-0.00182609201874584
-0.001824969309382141
-0.001823848579078913
-0.00182272947859019
-0.001821612007915974
-0.001820495817810297
-0.001819381024688482
-0.001818266930058599
-0.001817153650335968
-0.001816041069105268
-0.001814928720705211
-0.001813816488720477
-0.001812704256735742
-0.001811592024751008
-0.00181048025842756
-0.001809368841350079
-0.001808257773518562
-0.001807147287763655
-0.001806037616916001
-0.001804928760975599
-0.001803821069188416
-0.001802714774385095
-0.001801609992980957
-0.001800506724976003
-0.001799404970370233
-0.001798304729163647
-0.001797205884940922
-0.001796108554117382
-0.001795012853108346
-0.001793918549083173
-0.001792825409211218
-0.001791733666323125
-0.001790643320418894
-0.00178955402225256
-0.001788465888239443
-0.001787378336302936
-0.001786291715689003
-0.00178520567715168
-0.001784120104275644
-0.001783035229891539
-0.001781950704753399
-0.001780866528861225
-0.001779783051460981
-0.001778700388967991
-0.00177761830855161
-0.001776537159457803
-0.001775457174517214
-0.001774378470145166
-0.001773301162756979
-0.001772225368767977
-0.001771151321008801
-0.001770078903064132
-0.001769008114933968
-0.001767938956618309
-0.001766871195286512
-0.001765804598107934
-0.00176473893225193
-0.001763673964887857
-0.001762609579600394
-0.001761545892804861
-0.001760482671670616
-0.001759419916197658
-0.001758357509970665
-0.001757295685820282
-0.001756234560161829
-0.001755174482241273
-0.001754115335643291
-0.001753057236783206
-0.00175200030207634
-0.001750944764353335
-0.00174989050719887
-0.001748837647028267
-0.001747786300256848
-0.001746736350469291
-0.001745687448419631
-0.001744639943353832
-0.001743593602441251
-0.001742548192851245
-0.001741503830999136
-0.001740460284054279
-0.001739417552016675
-0.001738375634886324
-0.001737334416247904
-0.001736293896101415
-0.001735254423692822
-0.001734215766191483
-0.001733177923597395
-0.001732141012325883
-0.001731104915961623
-0.001730069750919938
-0.001729035633616149
-0.001728002331219614
-0.001726969960145652
-0.001725938636809587
-0.001724908128380775
-0.001723878318443894
-0.001722849323414266
-0.001721821026876569
-0.001720793428830802
-0.001719766645692289
-0.00171874079387635
-0.001717715989798307
-0.001716691767796874
-0.001715668477118015
-0.001714646117761731
-0.001713624806143343
-0.001712604542262852
-0.001711585558950901
-0.001710567739792168
-0.001709551084786654
-0.001708535593934357
-0.001707521267235279
-0.001706508104689419
-0.001705496339127421
-0.001704485504887998
-0.001703475718386471
-0.001702466746792197
-0.00170145882293582
-0.001700451946817338
-0.001699445652775466
-0.001698439940810204
-0.001697435160167515
-0.001696430961601436
-0.001695427345111966
-0.001694424194283783
-0.001693421858362854
-0.001692420220933855
-0.001691419165581465
-0.001690419157966971
-0.001689420081675053
-0.001688421820290387
-0.001687424723058939
-0.00168642878998071
-0.001685434021055698
-0.001684440416283906
-0.001683447975665331
-0.001682456582784653
-0.001681466354057193
-0.001680477173067629
-0.001679488806985319
-0.001678501255810261
-0.001677514519542456
-0.001676528598181903
-0.00167554325889796
-0.001674558268859982
-0.001673573977313936
-0.001672590151429176
-0.001671607256866992
-0.001670625293627381
-0.001669644261710346
-0.001668664393946528
-0.001667685224674642
-0.001666707452386618
-0.001665730844251812
-0.001664755283854902
-0.001663781004026532
-0.001662807771936059
-0.001661835587583482
-0.001660864450968802
-0.001659894129261374
-0.001658924506045878
-0.001657955581322312
-0.001656987005844712
-0.001656018779613078
-0.001655050669796765
-0.001654082909226418
-0.001653115614317358
-0.001652148901484907
-0.001651183003559709
-0.00165021768771112
-0.001649253419600427
-0.001648290082812309
-0.001647328143008053
-0.001646367483772337
-0.001645408221520483
-0.00164445023983717
-0.001643493655137718
-0.001642538234591484
-0.001641583745367825
-0.001640629954636097
-0.001639677211642265
-0.001638725050725043
-0.001637773471884429
-0.001636822475120425
-0.00163587206043303
-0.001634922111406922
-0.001633972278796136
-0.001633022911846638
-0.001632074126973748
-0.00163112604059279
-0.001630178769119084
-0.001629232661798596
-0.001628287369385362
-0.001627343124710023
-0.001626400044187903
-0.001625458127819002
-0.001624517375603318
-0.001623577671125531
-0.001622639130800962
-0.001621701521798968
-0.001620764611288905
-0.001619828748516738
-0.001618893817067146
-0.001617959933355451
-0.001617026864551008
-0.001616094494238496
-0.00161516317166388
-0.001614232547581196
-0.001613302738405764
-0.001612373744137585
-0.001611445215530694
-0.001610517385415733
-0.001609590253792703
-0.001608663587830961
-0.001607737387530506
-0.00160681176930666
-0.001605886733159423
-0.001604962279088795
-0.001604038407094777
-0.001603115000762045
-0.001602192409336567
-0.001601270749233663
-0.001600349904038012
-0.001599430106580257
-0.001598511240445077
-0.001597593771293759
-0.001596677349880338
-0.001595762325450778
-0.001594848465174437
-0.001593935769051313
-0.001593024120666087
-0.001592113170772791
-0.00159120315220207
-0.00159029383212328
-0.001589385094121099
-0.001588477054610848
-0.001587569247931242
-0.001586661906912923
-0.001585755031555891
-0.001584848738275468
-0.001583942910656333
-0.001583037432283163
-0.001582132652401924
-0.001581228571012616
-0.001580325304530561
-0.001579422852955759
-0.001578521332703531
-0.001577620627358556
-0.001576720969751477
-0.00157582201063633
-0.001574923982843757
-0.001574026653543115
-0.001573130022734404
-0.001572233974002302
-0.001571338390931487
-0.001570443622767925
-0.001569549669511616
-0.001568656647577882
-0.0015677644405514
-0.001566873048432171
-0.001565982587635517
-0.001565093174576759
-0.001564204460009933
-0.001563316793181002
-0.001562429824844003
-0.0015615439042449
-0.001560658914968371
-0.001559774624183774
-0.001558891031891108
-0.00155800802167505
-0.00155712547712028
-0.001556243514642119
-0.00155536225065589
-0.001554481568746269
-0.001553601119667292
-0.001552721485495567
-0.001551842200569808
-0.001550963497720659
-0.001550085609778762
-0.001549208536744118
-0.001548332395032048
-0.001547457068227232
-0.001546582905575633
-0.001545709907077253
-0.001544838072732091
-0.001543967169709504
-0.001543097081594169
-0.001542227924801409
-0.00154135946650058
-0.001540491357445717
-0.001539623714052141
-0.001538756536319852
-0.00153788982424885
-0.001537023345008492
-0.001536157564260066
-0.001535292132757604
-0.001534427516162395
-0.00153356313239783
-0.001532699563540518
-0.001531836809590459
-0.001530974870547652
-0.00153011386282742
-0.001529253902845085
-0.001528394757770002
-0.001527536544017494
-0.001526679145172238
-0.001525822561234236
-0.001524966559372842
-0.001524111372418702
-0.001523256883956492
-0.001522403093986213
-0.001521549769677222
-0.001520697027444839
-0.001519844750873744
-0.001518992939963937
-0.00151814182754606
-0.001517291297204792
-0.001516441348940134
-0.001515592215582728
-0.001514743664301932
-0.001513895927928388
-0.001513048773631454
-0.001512202550657094
-0.001511357259005308
-0.001510512782260776
-0.001509669236838818
-0.001508826855570078
-0.001507985289208591
-0.001507144654169679
-0.001506304950453341
-0.001505466061644256
-0.001504627987742424
-0.001503790612332523
-0.001502953935414553
-0.001502118073403835
-0.001501283026300371
-0.001500448444858193
-0.001499614445492625
-0.00149878126103431
-0.001497948309406638
-0.001497115939855576
-0.001496284152381122
-0.001495452946983278
-0.001494622323662043
-0.001493792166002095
-0.001492962474003434
-0.001492133247666061
-0.001491304486989975
-0.001490476308390498
-0.001489648828282952
-0.001488822046667337
-0.001487995963543653
-0.001487170695327222
-0.001486346358433366
-0.00148552272003144
-0.001484699663706124
-0.001483877305872738
-0.001483055530115962
-0.001482234220020473
-0.001481413492001593
-0.001480593578889966
-0.001479774015024304
-0.00147895491681993
-0.001478136633522809
-0.001477318932302296
-0.001476502045989037
-0.001475685858167708
-0.001474870601668954
-0.001474056160077453
-0.001473242649808526
-0.001472429954446852
-0.001471618073992431
-0.001470806775614619
-0.001469996641390026
-0.001469187205657363
-0.001468378584831953
-0.001467570662498474
-0.001466763555072248
-0.001465956680476665
-0.001465150387957692
-0.001464344444684684
-0.001463538850657642
-0.001462733489461243
-0.001461928361095488
-0.00146112369839102
-0.001460319384932518
-0.001459515420719981
-0.001458711922168732
-0.001457908889278769
-0.001457106438465416
-0.001456304918974638
-0.001455504214391112
-0.001454704208299518
-0.001453905133530498
-0.001453106990084052
-0.001452309777960181
-0.001451513497158885
-0.001450717682018876
-0.001449922332540154
-0.001449127797968686
-0.00144833407830447
-0.001447540940716863
-0.001446748268790543
-0.001445955946110189
-0.001445164205506444
-0.00144437316339463
-0.001443582819774747
-0.001442793174646795
-0.001442004460841417
-0.001441216445527971
-0.001440429128706455
-0.001439642743207514
-0.001438857172615826
-0.001438072416931391
-0.001437288359738886
-0.001436505001038313
-0.001435722224414349
-0.001434940029866993
-0.001434158417396247
-0.001433377154171467
-0.00143259612377733
-0.001431815326213837
-0.001431034761480987
-0.001430254895240068
-0.001429475611075759
-0.00142869702540338
-0.001427919254638255
-0.00142714218236506
-0.001426365924999118
-0.001425590366125107
-0.001424815622158349
-0.001424041576683521
-0.001423268113285303
-0.001422495697624981
-0.001421723864041269
-0.001420952612534165
-0.001420182059518993
-0.001419411972165108
-0.001418642234057188
-0.001417873194441199
-0.001417104620486498
-0.001416336512193084
-0.001415568869560957
-0.001414801459759474
-0.0014140346320346
-0.001413268269971013
-0.001412502373568714
-0.001411737059243023
-0.00141097221057862
-0.001410207827575505
-0.001409444026648998
-0.001408680924214423
-0.001407918287441134
-0.001407156232744455
-0.001406394643709064
-0.001405633636750281
-0.001404873328283429
-0.001404113718308508
-0.001403354690410197
-0.001402596361003816
-0.00140183896292001
-0.001401082030497491
-0.001400325680151582
-0.001399570028297603
-0.001398814958520234
-0.001398060703650117
-0.001397307030856609
-0.001396554172970355
-0.001395801897160709
-0.001395050552673638
-0.001394299790263176
-0.001393549726344645
-0.001392800360918045
-0.001392051577568054
-0.001391303609125316
-0.001390556222759187
-0.001389809302054346
-0.001389063079841435
-0.001388317090459168
-0.001387571450322866
-0.00138682615943253
-0.00138608121778816
-0.001385336741805077
