0
0
0
0
0
0
0
0
0
0
0
0
0
0
0
0
0
0
0
0
0
0
0
0
0
0
0
0
0
0
0
0
0
0
0
0
0
0
0
0
0
0
0
0
0
0
0
0
0
0
0
0
0
0
0
0
0
0
0
0
0
0
0
0
0
0
0
0
0
0
0
0
0
0
0
0
0
0
0
0
0
0
0
0
0
0
0
0
0
0
0
0
0
0
0
0
0
0
0
0
0
0
0
0
0
0
0
0
0
0
0
0
0
0
0
0
0
0
0
0
0
0
0
0
0
0
0
0
0
0
0
0
0
0
0
0
0
0
0
0
0
0
0
0
0
0
0
0
0
0
0
0
0
0
0
0
0
0
0
0
0
0
0
0
0
0
0
0
0
0
0
0
0
0
0
0
0
0
0
0
0
0
0
0
0
0
0
0
0
0
0
0
0
0
0
0
0
0
0
0
0
0
0
0
0
0
0
0
0
0
0
0
0
0
0
0
0
0
0
0
0
0
0
0
0
0
0
0
0
0
0
0
0
0
0
0
0
0
0
0
0
0
0
0
0
0
0
0
0
0
0
0
0
0
0
0
0
0
0
0
0
0
0
0
0
0
0
0
0
0
0
0
0
0
0
0
0
0
0
0
0
0
0
0
0
0
0
0
0
0
0
0
0
0
0
0
0
0
0
0
0
0
0
0
0
0
0
0
0
0
0
0
0
0
0
0
0
0
0
0
0
0
0
0
0
0
0
0
0
0
0
0
0
0
0
0
0
0
0
0
0
0
0
0
0
0
0
0
0
0
0
0
0
0
0
0
0
0
0
0
0
0
0
0
0
0
0
0
0
0
0
0
0
0
0
0
0
0
0
0
0
0
0
0
0
0
0
0
0
0
0
0
0
0
0
0
0
0
0
0
0
0
0
0
0
0
0
0
0
0
0
0
0
0
0
0
0
0
0
0
0
0
0
0
0
0
0
0
0
0
0
0
0
0
0
0
0
0
0
0
0
0
0
0
0
0
0
0
0
0
0
0
0
0
0
0
0
0
0
0
0
0
0
0
0
0
0
0
0
0
0
0
0
0
0
0
0
0
0
0
0
0
0
0
0
0
0
0
0
0
0
0
0
0
0
0
0
0
0
0
0
0
0
0
0
0
0
0
0
0
0
0
0
0
0
0
0
0
0
0
0
0
0
0
0
0
0
0
0
0
0
0
0
0
0
0
0
0
0
0
0
0
0
0
0
0
0
0
0
0
0
0
0
0
0
0
0
0
0
0
0
0
0
0
0
0
0
0
0
0
0
0
0
0
0
0
0
0
0
0
0
0
0
0
0
0
0
0
0
0
0
0
0
0
0
0
0
0
0
0
0
0
0
0
0
0
0
0
0
0
0
0
0
0
0
0
0
0
0
0
0
0
0
0
0
0
0
0
0
0
0
0
0
0
0
0
0
0
0
0
0
0
0
0
0
0
0
0
0
0
0
0
0
0
0
0
0
0
0
0
0
0
0
0
0
0
0
0
0
0
0
0
0
0
0
0
0
0
0
0
0
0
0
0
0
0
0
0
0
0
0
0
0
0
0
0
0
0
0
0
0
0
0
0
0
0
0
0
0
0
0
0
0
0
0
0
0
0
0
0
0
0
0
0
0
0
0
0
0
0
0
0
0
0
0
0
0
0
0
0
0
0
0
0
0
0
0
0
0
0
0
0
0
0
0
0
0
0
0
0
0
0
0
0
0
0
0
0
0
0
0
0
0
0
0
0
0
0
0
0
0
0
0
0
0
0
0
0
0
0
0
0
0
0
0
0
0
0
0
0
0
0
0
0
0
0
0
0
0
0
0
0
0
0
0
0
0
0
0
0
0
0
0
0
0
0
0
0
0
0
0
0
0
0
0
0
0
0
0
0
0
0
0
0
0
0
0
0
0
0
0
0
0
0
0
0
0
0
0
0
0
0
0
0
0
0
0
0
0
0
0
0
0
0
0
0
0
0
0
0
0
0
0
0
0
0
0
0
0
0
0
0
0
0
0
0
0
0
0
0
0
0
0
0
0
0
0
0
0
0
0
0
0
0
0
0
0
0
0
0
0
0
0
0
0
0
0
0
0
0
0
0
0
0
0
0
0
0
0
0
0
0
0
0
0
0
0
0
0
0
0
0
0
0
0
0
0
0
0
0
0
0
0
0
0
0
0
0
0
0
0
0
0
0
0
0
0
0
0
0
0
0
0
0
0
0
0
0
0
0
0
0
0
0
0
0
0
0
0
0
0
0
0
0
0
0
0
0
0
0
0
0
0
0
0
0
0
0
0
0
0
0
0
0
0
0
0
0
0
0
0
0
0
0
0
0
0
0
0
0
0
0
0
0
0
0
0
0
0
0
0
0
0
0
0
0
0
0
0
0
0
0
0
0
0
0
0
0
0
0
0
0
0
0
0
0
0
0
0
0
0
0
0
0
0
0
0
0
0
0
0
0
0
0
0
0
0
0
0
0
0
0
0
0
0
0
0
0
0
0
0
0
0
0
0
0
0
0
0
0
0
0
0
0
0
0
0
0
0
0
0
0
0
0
0
0
0
0
0
0
0
0
0
0
0
0
0
0
0
0
0
0
0
0
0
0
0
0
0
0
0
0
0
0
0
0
0
0
0
0
0
0
0
0
0
0
0
0
0
0
0
0
0
0
0
0
0
0
0
0
0
0
0
0
0
0
0
0
0
0
0
0
0
0
0
0
0
0
0
0
0
0
0
0
0
0
0
0
0
0
0
0
0
0
0
0
0
0
0
0
0
0
0
0
0
0
0
0
0
0
0
0
0
0
0
0
0
0
0
0
0
0
0
0
0
0
0
0
0
0
0
0
0
0
0
0
0
0
0
0
0
0
0
0
0
0
0
0
0
0
0
0
0
0
0
0
0
0
0
0
0
0
0
0
0
0
0
0
0
0
0
0
0
0
0
0
0
0
0
0
0
0
0
0
0
0
0
0
0
0
0
0
0
0
0
0
0
0
0
0
0
0
0
0
0
0
0
0
0
0
0
0
0
0
0
0
0
0
0
0
0
0
0
0
0
0
0
0
0
0
0
0
0
0
0
0
0
0
0
0
0
0
0
0
0
0
0
0
0
0
0
0
0
0
0
0
0
0
0
0
0
0
0
0
0
0
0
0
0
0
0
0
0
0
0
0
0
0
0
0
0
0
0
0
0
0
0
0
0
0
0
0
0
0
0
0
0
0
0
0
0
0
0
0
0
0
0
0
0
0
0
0
0
0
0
0
0
0
0
0
0
0
0
0
0
0
0
0
0
0
0
0
2.802596928649634e-45
1.961817850054744e-44
5.465064010866787e-44
1.317220556465328e-43
2.690493051503649e-43
5.465064010866787e-43
1.062184235958211e-42
2.008060699377463e-42
3.74987469053321e-42
6.951841681515417e-42
1.281627575471478e-41
2.355022199144288e-41
4.314037452270382e-41
7.884545939370016e-41
1.437844328274408e-40
2.616504492587298e-40
4.751354677016871e-40
8.610180323151336e-40
1.557089222394593e-39
2.810109289716879e-39
5.061150938912873e-39
9.09690172655606e-39
1.631758251845219e-38
2.921043643164539e-38
5.218445009975176e-38
9.303928440636637e-38
1.655445464774535e-37
2.939596610624446e-37
5.209380178365275e-37
9.213209611198897e-37
1.62616036716071e-36
2.86447055608747e-36
5.035643383226461e-36
8.834786382518806e-36
1.546923302019208e-35
2.70317409859344e-35
4.71425093036474e-35
8.205137109591138e-35
1.425260956844359e-34
2.470809458135531e-34
4.27485464325566e-34
7.381449276898878e-34
1.272040456920207e-33
2.187762494825269e-33
3.755262171127712e-33
6.433125729693225e-33
1.099882660352361e-32
1.876782819452944e-32
3.19614092802138e-32
5.432289121315196e-32
9.214797194379855e-32
1.560038519784186e-31
2.635920538922312e-31
4.44505947718247e-31
7.481210451881793e-31
1.256654618543173e-30
2.106738090741452e-30
3.52497841969781e-30
5.886461934906526e-30
9.810812773544795e-30
1.631958405088399e-29
2.709363338283721e-29
4.489316820683019e-29
7.424185490595719e-29
1.225387491961583e-28
2.018621822974434e-28
3.318898258229164e-28
5.446167326415072e-28
8.919627721953631e-28
1.458014382894171e-27
2.378684103875598e-27
3.873220762973659e-27
6.294610052250111e-27
1.021002948104925e-26
1.652903182123102e-26
2.670733276200445e-26
4.30701999698656e-26
6.932455400895018e-26
1.113682887852398e-25
1.78566838002716e-25
2.857625456374024e-25
4.564314684944171e-25
7.276323813785383e-25
1.157750901341243e-24
1.838591603696144e-24
2.914223761133303e-24
4.610293245589751e-24
7.279515347792681e-24
1.147215644230494e-23
1.804499283626072e-23
2.832943083333404e-23
4.439037380636968e-23
6.942403844099896e-23
1.083680692260685e-22
1.68835456679835e-22
2.625409367061243e-22
4.074757633586116e-22
6.312162040990932e-22
9.759473089645208e-22
1.506075367815287e-21
2.319740988148128e-21
3.566192917185611e-21
5.471961310751667e-21
8.380195866343133e-21
1.280968746204708e-20
1.954322279935785e-20
2.975961906948806e-20
4.523058486122047e-20
6.861369477073599e-20
1.038875001363071e-19
1.569964245701211e-19
2.368046970750096e-19
3.565044267045156e-19
5.356901780015248e-19
8.034091478082671e-19
1.202635514446586e-18
1.796824060464226e-18
2.679485124267257e-18
3.988148753028466e-18
5.924688582036574e-18
8.784840085047916e-18
1.300098380313376e-17
1.92040368592679e-17
2.831279425474668e-17
4.166263238223795e-17
6.119054022982241e-17
8.970059720832829e-17
1.312440626427994e-16
1.916624860190852e-16
2.793621068558681e-16
4.064157519248127e-16
5.901276955333934e-16
8.552512844250352e-16
1.237124230233375e-15
1.786095177194833e-15
2.57375492649487e-15
3.701695762794218e-15
5.313795973062915e-15
7.613410803761298e-15
1.08873837273123e-14
1.55395105962651e-14
2.213707055121958e-14
3.147541905931805e-14
4.466743882864006e-14
6.326714732619518e-14
8.944014691196489e-14
1.261982597415556e-13
1.777215934096674e-13
2.498000450153887e-13
3.504367748676657e-13
4.906717935605764e-13
6.857030676772624e-13
9.564096476594175e-13
1.331416747685221e-12
1.849888731780824e-12
2.565298884774081e-12
3.550506460017755e-12
4.904580214182275e-12
6.761946905187166e-12
9.304631717887979e-12
1.277859849185825e-11
1.751551854944911e-11
2.396170241392159e-11
3.271645454550054e-11
4.458283395236684e-11
6.063466395644923e-11
8.230479492388199e-11
1.115010722640974e-10
1.507584335147527e-10
2.034378360216138e-10
2.739858895317582e-10
3.682729399212548e-10
4.940323705682204e-10
6.614296332863034e-10
8.837984233345253e-10
1.178590336436969e-09
1.568596363910046e-09
2.08351580432975e-09
2.761965101072406e-09
3.654045510614878e-09
4.824613597520511e-09
6.357442128290813e-09
8.360493630732435e-09
1.097259794136107e-08
1.437187258090944e-08
1.878632893692611e-08
2.450718028512711e-08
3.190552533283153e-08
4.145315912751357e-08
5.374854339379453e-08
6.954903142286639e-08
8.981086097037405e-08
1.157385369765507e-07
1.48845728631386e-07
1.910301250518387e-07
2.446652160870144e-07
3.127124728052877e-07
3.988582477632008e-07
5.076798288428108e-07
6.448472618103551e-07
8.173665264621377e-07
1.033873559208587e-06
1.304986312788969e-06
1.643727273403783e-06
2.066027718683472e-06
2.591327529444243e-06
3.243286982979043e-06
4.050628831464564e-06
5.048129878559848e-06
6.277786269492935e-06
7.79017591412412e-06
9.646052603784483e-06
1.191818773804698e-05
1.469351627747528e-05
1.807559783628676e-05
2.218745248683263e-05
2.717481038416736e-05
3.320978430565447e-05
4.049508788739331e-05
4.926873225485906e-05
5.98093683947809e-05
7.244222797453403e-05
8.75457189977169e-05
0.0001055587563314475
0.0001269888161914423
0.0001524206891190261
0.0001825261570047587
0.0002180741867050529
0.0002599419967737049
0.0003091268881689757
0.0003667584678623825
0.0004341115127317607
0.0005126192700117826
0.0006038867286406457
0.0007097041816450655
0.0008320602937601507
0.0009731548489071429
0.001135409809648991
0.001321480493061244
0.001534263254143298
0.001776902470737696
0.002052792813628912
0.002365580061450601
0.002719156676903367
0.003117651911452413
0.003565418301150203
0.004067011177539825
0.004627159796655178
0.005250734277069569
0.005942701827734709
0.006708075758069754
0.007551857270300388
0.008478964678943157
0.009494155645370483
0.01060194429010153
0.01180650107562542
0.01311156153678894
0.01452030707150698
0.01603525690734386
0.0176581609994173
0.01938986964523792
0.02123022638261318
0.02317795529961586
0.02523056976497173
0.02738426253199577
0.02963384613394737
0.03197267651557922
0.03439263999462128
0.0368841178715229
0.03943601995706558
0.04203584417700768
0.04466972127556801
0.0473225973546505
0.0499783493578434
0.05262000113725662
0.05522993579506874
0.05779019743204117
0.06028279289603233
0.06268998235464096
0.06499467790126801
0.06718077510595322
0.06923352181911469
0.07113989442586899
0.07288896292448044
0.07447218894958496
0.07588371634483337
0.07712062448263168
0.07818309217691422
0.07907452434301376
0.07980159670114517
0.08037418127059937
0.08080523461103439
0.08111058175563812
0.08130859583616257
0.08141976594924927
0.08146629482507706
0.0814715102314949
0.08145926892757416
0.0814533606171608
0.08147680014371872
0.08155121654272079
0.08169619739055634
0.08192872256040573
0.08226261287927628
0.08270812034606934
0.0832715630531311
0.08395514637231827
0.08475685864686966
0.08567056804895401
0.0866861566901207
0.08778993040323257
0.08896510303020477
0.09019234776496887
0.09145055711269379
0.09271755814552307
0.09397096931934357
0.09518906474113464
0.09635159373283386
0.09744049608707428
0.09844069927930832
0.09934062510728836
0.1001326441764832
0.1008134037256241
0.1013838648796082
0.101849265396595
0.1022188365459442
0.1025054007768631
0.1027247384190559
0.1028949245810509
0.1030354201793671
0.1031662821769714
0.1033071726560593
0.1034765318036079
0.1036907136440277
0.1039632931351662
0.1043044552206993
0.1047205924987793
0.1052140668034554
0.1057831943035126
0.1064223796129227
0.1071225181221962
0.1078715026378632
0.1086549088358879
0.109456829726696
0.1102606654167175
0.1110500618815422
0.1118097379803658
0.1125262901186943
0.1131888404488564
0.1137895807623863
0.114324115216732
0.114791601896286
0.1151947155594826
0.1155394315719604
0.1158345341682434
0.1160910949110985
0.1163217425346375
0.1165399104356766
0.1167590245604515
0.116991713643074
0.117249108850956
0.1175402477383614
0.1178715452551842
0.1182465627789497
0.1186658665537834
0.1191271021962166
0.1196252331137657
0.1201529577374458
0.1207012534141541
0.1212600022554398
0.1218186765909195
0.1223670542240143
0.1228958070278168
0.1233971640467644
0.1238652467727661
0.1242964714765549
0.1246896609663963
0.125046044588089
0.1253690719604492
0.1256640553474426
0.1259378045797348
0.1261980384588242
0.1264528930187225
0.1267102658748627
0.12697733938694
0.1272600740194321
0.1275628954172134
0.1278883665800095
0.1282372027635574
0.1286082416772842
0.1289986073970795
0.1294040381908417
0.129819244146347
0.1302383244037628
0.1306552141904831
0.1310642659664154
0.1314604729413986
0.1318399310112
0.1322000622749329
0.1325397044420242
0.1328591704368591
0.1331601142883301
0.1334453523159027
0.1337186098098755
0.1339841783046722
0.1342465430498123
0.1345100104808807
0.1347784250974655
0.1350548416376114
0.1353413909673691
0.1356391161680222
0.1359479874372482
0.1362668871879578
0.1365938484668732
0.1369261890649796
0.1372608542442322
0.1375946402549744
0.1379244774580002
0.1382476985454559
0.1385620981454849
0.1388663053512573
0.1391597390174866
0.1394425630569458
0.1397157162427902
0.1399807780981064
0.1402397453784943
0.1404948830604553
0.1407484859228134
0.1410027146339417
0.1412593871355057
0.1415198147296906
0.1417848020792007
0.1420545428991318
0.1423286497592926
0.1426062285900116
0.1428859978914261
0.1431663781404495
0.1434457153081894
0.1437223851680756
0.1439948827028275
0.1442620307207108
0.144523024559021
0.1447773873806
0.1450250595808029
0.1452663093805313
0.1455016732215881
0.1457318663597107
0.1459575891494751
0.1461795568466187
0.1463982760906219
0.1466139107942581
0.14682637155056
0.147035077214241
0.1472391039133072
0.1474370956420898
0.1476273387670517
0.1478078067302704
0.1479761898517609
0.1481300294399261
0.1482666879892349
0.1483834683895111
0.1484775990247726
0.1485462486743927
0.1485865563154221
0.1485956162214279
0.1485703587532043
0.1485075950622559
0.1484039127826691
0.1482556164264679
0.1480588018894196
0.147809237241745
0.1475023776292801
0.1471334546804428
0.1466975063085556
0.1461894661188126
0.1456042528152466
0.1449369043111801
0.1441826969385147
0.1433372795581818
0.1423968821763992
0.1413584500551224
0.1402197927236557
0.1389796435832977
0.1376379132270813
0.1361957341432571
0.1346555799245834
0.133021354675293
0.1312984526157379
0.1294937878847122
0.1276158392429352
0.1256746649742126
0.123681828379631
0.1216503530740738
0.1195946484804153
0.1175302937626839
0.1154739186167717
0.1134429275989532
0.1114552393555641
0.1095289438962936
0.107681930065155
0.1059315130114555
0.10429397970438
0.1027840971946716
0.1014147326350212
0.1001963913440704
0.09913678467273712
0.09824047982692719
0.09750863164663315
0.09693871438503265
0.09652445465326309
0.09625577181577682
0.09611894190311432
0.09609682857990265
0.09616923332214355
0.09631340950727463
0.09650470316410065
0.09671717882156372
0.09692449122667313
0.09710074216127396
0.09722129255533218
0.09726373106241226
0.09720867127180099
0.09704053401947021
0.09674816578626633
0.09632539749145508
0.09577134996652603
0.09509053081274033
0.09429278969764709
0.0933929979801178
0.09241048246622086
0.09136830270290375
0.09029229730367661
0.08921001851558685
0.08814945816993713
0.08713783323764801
0.08620033413171768
0.0853588730096817
0.08463103324174881
0.08402916043996811
0.08355971425771713
0.08322284370660782
0.08301238715648651
0.08291606605052948
0.08291608840227127
0.08299000561237335
0.08311193436384201
0.08325384557247162
0.0833871066570282
0.08348406106233597
0.08351949602365494
0.08347216993570328
0.08332599699497223
0.08307093381881714
0.08270364999771118
0.08222766220569611
0.08165318518877029
0.08099646121263504
0.08027879148721695
0.0795251876115799
0.07876279205083847
0.07801917195320129
0.07732054591178894
0.07669009268283844
0.07614643126726151
0.07570244371891022
0.07536440342664719
0.07513159513473511
0.07499639689922333
0.07494483143091202
0.07495754957199097
0.07501125335693359
0.07508028298616409
0.07513848692178726
0.07516111433506012
0.07512651383876801
0.07501771301031113
0.07482361048460007
0.07453970611095428
0.0741683766245842
0.07371858507394791
0.07320509850978851
0.07264731824398041
0.07206763327121735
0.07148964703083038
0.07093626260757446
0.07042787224054337
0.069980688393116
0.06960549205541611
0.06930675357580185
0.06908233463764191
0.06892367452383041
0.06881654262542725
0.06874219328165054
0.06867900490760803
0.06860417127609253
0.06849559396505356
0.06833361834287643
0.06810257583856583
0.06779190897941589
0.0673968493938446
0.06691852957010269
0.06636366248130798
0.06574352830648422
0.06507273763418198
0.06436758488416672
0.06364430487155914
0.0629173219203949
0.0621977299451828
0.06149202212691307
0.06080135703086853
0.06012122333049774
0.05944171920418739
0.0587482862174511
0.05802291259169579
0.05724559351801872
0.05639601871371269
0.05545521154999733
0.05440704151988029
0.05323944985866547
0.05194523558020592
0.05052239447832108
0.04897394403815269
0.04730729386210442
0.04553324729204178
0.04366466403007507
0.04171508178114891
0.0396973043680191
0.03762217611074448
0.03549768030643463
0.03332840651273727
0.03111548349261284
0.02885693684220314
0.02654849365353584
0.02418465353548527
0.02175996825098991
0.01927036233246326
0.01671435311436653
0.01409404631704092
0.01141577865928411
0.008690351620316505
0.005932837259024382
0.003161969594657421
0.0003991799894720316
-0.002332595875486732
-0.005010238382965326
-0.007611742708832026
-0.01011737529188395
-0.0125105744227767
-0.01477852091193199
-0.01691234670579433
-0.0189069751650095
-0.02076066471636295
-0.02247430942952633
-0.02405061572790146
-0.02549327723681927
-0.02680623531341553
-0.02799314446747303
-0.02905707992613316
-0.03000054322183132
-0.03082574717700481
-0.03153510764241219
-0.03213190287351608
-0.03262097761034966
-0.03300941362977028
-0.0333070270717144
-0.03352664411067963
-0.03368408605456352
-0.03379787504673004
-0.03388860821723938
-0.03397810459136963
-0.03408843278884888
-0.03424079716205597
-0.03445452079176903
-0.03474611416459084
-0.03512859344482422
-0.03561100363731384
-0.03619825839996338
-0.03689127415418625
-0.0376872755587101
-0.03858035430312157
-0.03956208378076553
-0.04062216356396675
-0.04174905270338058
-0.04293044656515121
-0.04415369778871536
-0.04540606215596199
-0.04667480289936066
-0.0479472391307354
-0.04921072721481323
-0.05045268312096596
-0.05166061222553253
-0.05282227694988251
-0.05392596870660782
-0.05496087297797203
-0.05591754987835884
-0.05678843706846237
-0.05756836757063866
-0.05825500562787056
-0.05884917452931404
-0.0593549981713295
-0.05977987870573997
-0.06013421714305878
-0.06043097749352455
-0.06068505346775055
-0.06091252341866493
-0.0611298680305481
-0.06135314330458641
-0.06159725785255432
-0.06187533214688301
-0.0621982179582119
-0.06257417798042297
-0.06300871819257736
-0.06350459158420563
-0.06406191736459732
-0.0646783635020256
-0.0653495267033577
-0.06606911867856979
-0.0668293684720993
-0.06762135028839111
-0.06843525916337967
-0.06926073133945465
-0.07008713483810425
-0.07090391218662262
-0.07170087099075317
-0.07246852666139603
-0.07319846004247665
-0.07388366758823395
-0.07451886683702469
-0.07510074973106384
-0.07562818378210068
-0.07610233128070831
-0.07652661204338074
-0.07690653204917908
-0.07724948227405548
-0.07756426185369492
-0.07786065340042114
-0.07814890146255493
-0.07843916118144989
-0.07874090969562531
-0.07906252890825272
-0.0794108510017395
-0.07979091256856918
-0.08020574599504471
-0.08065631240606308
-0.08114161342382431
-0.08165881782770157
-0.08220352232456207
-0.08277010172605515
-0.0833519920706749
-0.08394209295511246
-0.08453314751386642
-0.08511807024478912
-0.08569026738405228
-0.08624391257762909
-0.08677420765161514
-0.08727755397558212
-0.08775167167186737
-0.08819566667079926
-0.08861003816127777
-0.08899664133787155
-0.08935852348804474
-0.08969980478286743
-0.09002537280321121
-0.09034065902233124
-0.09065129607915878
-0.09096281975507736
-0.09128034114837646
-0.09160828590393066
-0.09195008128881454
-0.09230802953243256
-0.09268320351839066
-0.09307537227869034
-0.09348307549953461
-0.09390374273061752
-0.09433388710021973
-0.09476928412914276
-0.09520530700683594
-0.09563716500997543
-0.0960601419210434
-0.09646988660097122
-0.09686259925365448
-0.09723515808582306
-0.09758523851633072
-0.09791136533021927
-0.098212830722332
-0.0984896719455719
-0.0987425222992897
-0.09897245466709137
-0.09918079525232315
-0.09936893731355667
-0.09953811019659042
-0.09968922287225723
-0.09982266277074814
-0.09993817657232285
-0.1000347211956978
-0.1001104637980461
-0.1001626998186111
-0.1001879125833511
-0.1001818254590034
-0.1001395136117935
-0.1000555604696274
-0.0999242290854454
-0.09973959624767303
-0.09949580579996109
-0.09918724745512009
-0.09880867600440979
-0.09835539013147354
-0.09782335162162781
-0.09720925986766815
-0.0965106189250946
-0.09572573751211166
-0.09485375881195068
-0.0938945859670639
-0.09284890443086624
-0.09171810001134872
-0.0905042365193367
-0.08921000361442566
-0.08783871680498123
-0.08639433234930038
-0.08488140255212784
-0.08330515027046204
-0.08167149126529694
-0.07998710125684738
-0.07825946062803268
-0.07649686932563782
-0.07470851391553879
-0.07290443032979965
-0.07109549641609192
-0.06929337978363037
-0.06751042604446411
-0.06575948745012283
-0.06405378878116608
-0.06240664795041084
-0.06083125993609428
-0.05934038013219833
-0.05794602259993553
-0.05665913969278336
-0.05548931658267975
-0.05444445461034775
-0.05353052541613579
-0.05275128409266472
-0.05210812389850616
-0.05159994214773178
-0.05122304707765579
-0.05097118765115738
-0.05083560943603516
-0.0508052185177803
-0.05086677521467209
-0.05100518837571144
-0.05120385810732841
-0.05144504457712173
-0.05171031132340431
-0.05198099091649055
-0.05223864689469337
-0.05246556177735329
-0.05264521017670631
-0.05276269838213921
-0.05280518531799316
-0.0527622364461422
-0.05262614041566849
-0.05239212885499001
-0.05205854028463364
-0.05162686482071877
-0.05110172554850578
-0.05049076676368713
-0.04980439320206642
-0.04905549436807632
-0.04825900867581367
-0.04743145406246185
-0.04659038409590721
-0.04575378820300102
-0.04493946954607964
-0.04416443780064583
-0.04344427213072777
-0.04279257729649544
-0.04222043603658676
-0.04173602536320686
-0.04134427383542061
-0.04104666784405708
-0.04084120318293571
-0.04072243720293045
-0.04068171232938766
-0.04070751741528511
-0.04078593850135803
-0.04090126976370811
-0.04103666171431541
-0.04117482528090477
-0.04129879921674728
-0.04139266163110733
-0.04144223034381866
-0.04143568873405457
-0.04136408120393753
-0.04122169688344002
-0.04100631549954414
-0.04071924835443497
-0.04036526009440422
-0.03995230048894882
-0.03949108347296715
-0.03899452462792397
-0.0384770892560482
-0.03795407712459564
-0.03744082152843475
-0.03695192933082581
-0.03650056198239326
-0.03609777241945267
-0.03575197234749794
-0.03546854853630066
-0.03524960950016975
-0.03509394824504852
-0.03499715402722359
-0.03495189547538757
-0.03494839742779732
-0.03497499227523804
-0.03501880541443825
-0.03506648540496826
-0.03510495275259018
-0.03512213006615639
-0.03510759398341179
-0.03505314141511917
-0.03495320305228233
-0.03480508923530579
-0.0346091017127037
-0.03436842560768127
-0.03408888354897499
-0.03377851471304893
-0.03344703838229179
-0.03310524299740791
-0.0327642634510994
-0.03243493661284447
-0.03212710842490196
-0.03184907138347626
-0.03160708025097847
-0.031405009329319
-0.03124417550861835
-0.03112333081662655
-0.03103880397975445
-0.03098481707274914
-0.03095391392707825
-0.03093748725950718
-0.03092639148235321
-0.03091154247522354
-0.03088453039526939
-0.03083815984427929
-0.03076688200235367
-0.03066711872816086
-0.03053745068609715
-0.03037862665951252
-0.03019345737993717
-0.0299865361303091
-0.02976386994123459
-0.02953240461647511
-0.02929950319230556
-0.02907241322100163
-0.02885774709284306
-0.02866104990243912
-0.02848641946911812
-0.02833626978099346
-0.0282112117856741
-0.02811008132994175
-0.02803009189665318
-0.02796708792448044
-0.02791590802371502
-0.02787081897258759
-0.02782595343887806
-0.02777575515210629
-0.02771538682281971
-0.02764107100665569
-0.02755033597350121
-0.02744214423000813
-0.02731692790985107
-0.02717647142708302
-0.02702373638749123
-0.02686257287859917
-0.02669737488031387
-0.02653271518647671
-0.02637296915054321
-0.0262219849973917
-0.02608278393745422
-0.02595736272633076
-0.02584657818078995
-0.02575012110173702
-0.02566660195589066
-0.0255937036126852
-0.02552841603755951
-0.02546732127666473
-0.02540688961744308
-0.02534377388656139
-0.02527508698403835
-0.02519861422479153
-0.02511296980082989
-0.02501767501235008
-0.02491315454244614
-0.02480064705014229
-0.02468206733465195
-0.02455981262028217
-0.02443652041256428
-0.02431483007967472
-0.0241971593350172
-0.02408549748361111
-0.02398125827312469
-0.02388517931103706
-0.0237972941249609
-0.02371696569025517
-0.02364298142492771
-0.02357367984950542
-0.02350713312625885
-0.02344132959842682
-0.02337436005473137
-0.02330457977950573
-0.02323075197637081
-0.02315212227404118
-0.02306847833096981
-0.02298012748360634
-0.02288784086704254
-0.02279275842010975
-0.02269626036286354
-0.02259982563555241
-0.02250488847494125
-0.02241270802915096
-0.02232425287365913
-0.02224013209342957
-0.02216055616736412
-0.02208534069359303
-0.022013945505023
-0.02194554358720779
-0.02187912911176682
-0.02181361429393291
-0.02174793556332588
-0.02168115973472595
-0.02161256037652493
-0.02154168859124184
-0.0214683897793293
-0.02139279618859291
-0.02131530083715916
-0.02123651094734669
-0.0211571604013443
-0.02107803523540497
-0.02099988795816898
-0.02092336304485798
-0.0208489578217268
-0.02077695168554783
-0.02070741727948189
-0.02064021304249763
-0.02057501114904881
-0.02051134593784809
-0.02044867165386677
-0.02038641460239887
-0.02032404765486717
-0.0202611219137907
-0.02019732818007469
-0.02013249881565571
-0.0200666282325983
-0.01999985985457897
-0.01993246376514435
-0.01986478641629219
-0.01979722641408443
-0.01973016932606697
-0.019663967192173
-0.01959889568388462
-0.0195351243019104
-0.01947271265089512
-0.0194116123020649
-0.01935167796909809
-0.01929268054664135
-0.01923434995114803
-0.01917639933526516
-0.01911855675280094
-0.01906060054898262
-0.01900237239897251
-0.01894379034638405
-0.01888485066592693
-0.01882562972605228
-0.0187662560492754
-0.01870690658688545
-0.01864777132868767
-0.01858904026448727
-0.01853087730705738
-0.01847340911626816
-0.01841670274734497
-0.01836077868938446
-0.01830559596419334
-0.01825107075273991
-0.01819708570837975
-0.01814350113272667
-0.01809018105268478
-0.01803700067102909
-0.01798386685550213
-0.01793071441352367
-0.01787752285599709
-0.01782430708408356
-0.01777111180126667
-0.01771801710128784
-0.01766510866582394
-0.01761247590184212
-0.0175602063536644
-0.01750835776329041
-0.01745697669684887
-0.01740607805550098
-0.01735564693808556
-0.01730565167963505
-0.01725604012608528
-0.01720674894750118
-0.01715771481394768
-0.01710887812077999
-0.01706018857657909
-0.0170116163790226
-0.01696314476430416
-0.01691477373242378
-0.01686652563512325
-0.01681843586266041
-0.01677054166793823
-0.01672288402915001
-0.01667550206184387
-0.01662842556834221
-0.01658167131245136
-0.01653524488210678
-0.01648914255201817
-0.01644334755837917
-0.01639783382415771
-0.01635256968438625
-0.01630753092467785
-0.01626268588006496
-0.01621801219880581
-0.01617349497973919
-0.01612912677228451
-0.01608491502702236
-0.01604085974395275
-0.01599698141217232
-0.0159533005207777
-0.01590983010828495
-0.01586658880114555
-0.01582358777523041
-0.01578083261847496
-0.01573831960558891
-0.01569604873657227
-0.01565400324761868
-0.01561217848211527
-0.0155705576762557
-0.01552912686020136
-0.01548787672072649
-0.01544679701328278
-0.01540588308125734
-0.01536513492465019
-0.01532455254346132
-0.01528414059430361
-0.0152439046651125
-0.01520385406911373
-0.01516399532556534
-0.01512433122843504
-0.01508486364036798
-0.01504559442400932
-0.01500652171671391
-0.01496763899922371
-0.01492894254624844
-0.01489042490720749
-0.01485207956284285
-0.01481390092521906
-0.01477588433772326
-0.01473802793771029
-0.01470033079385757
-0.0146627938374877
-0.0146254189312458
-0.01458820793777704
-0.01455116178840399
-0.01451428234577179
-0.01447756960988045
-0.01444102637469769
-0.01440465077757835
-0.01436844281852245
-0.01433239970356226
-0.01429651863873005
-0.0142607968300581
-0.01422523241490126
-0.01418982166796923
-0.01415456179529428
-0.01411945000290871
-0.01408448535948992
-0.01404966693371534
-0.01401499472558498
-0.01398046873509884
-0.01394608896225691
-0.01391185633838177
-0.01387777365744114
-0.01384383905678988
-0.01381005439907312
-0.01377641595900059
-0.01374292559921741
-0.01370957866311073
-0.01367637515068054
-0.01364331226795912
-0.01361038722097874
-0.01357760094106197
-0.01354494970291853
-0.01351243257522583
-0.01348005048930645
-0.01344780344516039
-0.0134156895801425
-0.01338370889425278
-0.0133518623188138
-0.01332014705985785
-0.01328856404870749
-0.013257110491395
-0.0132257891818881
-0.01319459732621908
-0.01316353306174278
-0.01313259731978178
-0.01310178730636835
-0.01307110302150249
-0.01304054260253906
-0.01301010698080063
-0.01297979429364204
-0.01294960267841816
-0.01291953306645155
-0.01288958359509706
-0.01285975426435471
-0.01283004693686962
-0.01280046068131924
-0.0127709936350584
-0.01274164579808712
-0.01271241623908281
-0.01268330402672291
-0.01265430822968483
-0.012625427916646
-0.01259666215628386
-0.01256801001727581
-0.01253947056829929
-0.01251104287803173
-0.0124827241525054
-0.01245451718568802
-0.01242642011493444
-0.01239843294024467
-0.01237055566161871
-0.0123427864164114
-0.01231512520462275
-0.01228757109493017
-0.01226012594997883
-0.01223278697580099
-0.01220555417239666
-0.01217842660844326
-0.01215140335261822
-0.01212448347359896
-0.01209766697138548
-0.01207095291465521
-0.01204434223473072
-0.01201783400028944
-0.01199142634868622
-0.01196511834859848
-0.0119389109313488
-0.01191280130296946
-0.01188679039478302
-0.01186087727546692
-0.01183506194502115
-0.0118093453347683
-0.0117837255820632
-0.01175820175558329
-0.01173277385532856
-0.01170744094997644
-0.01168220303952694
-0.0116570582613349
-0.01163200754672289
-0.01160705275833607
-0.01158219017088413
-0.01155742071568966
-0.0115327425301075
-0.0115081574767828
-0.01148366276174784
-0.01145926024764776
-0.01143494714051485
-0.01141072250902653
-0.01138658635318279
-0.01136253867298365
-0.01133857667446136
-0.01131470035761595
-0.0112909097224474
-0.01126720476895571
-0.01124358363449574
-0.01122004818171263
-0.01119659841060638
-0.01117323245853186
-0.01114995125681162
-0.01112675573676825
-0.01110364496707916
-0.01108061708509922
-0.01105767302215099
-0.01103481091558933
-0.01101202983409166
-0.01098933070898056
-0.01096671260893345
-0.0109441727399826
-0.01092171110212803
-0.0108993286266923
-0.0108770253136754
-0.01085479930043221
-0.01083265338093042
-0.01081058476120234
-0.01078859437257051
-0.01076668128371239
-0.01074484456330538
-0.01072308514267206
-0.01070140302181244
-0.01067979726940393
-0.01065826788544655
-0.01063681207597256
-0.01061543170362711
-0.01059412490576506
-0.0105728916823864
-0.01055173110216856
-0.01053064409643412
-0.01050962880253792
-0.01048868615180254
-0.01046781428158283
-0.0104470131918788
-0.01042628195136786
-0.01040562149137259
-0.01038503274321556
-0.01036451384425163
-0.0103440647944808
-0.01032368652522564
-0.01030337810516357
-0.01028313953429461
-0.01026296894997358
-0.01024286542087793
-0.01022282987833023
-0.0102028613910079
-0.01018295902758837
-0.01016312371939421
-0.01014335453510284
-0.01012365333735943
-0.01010401919484138
-0.01008444838225842
-0.01006494369357824
-0.01004550326615572
-0.01002612616866827
-0.01000681146979332
-0.009987559169530869
-0.009968367405235767
-0.009949237108230591
-0.009930167347192764
-0.009911156259477139
-0.009892203845083714
-0.009873309172689915
-0.009854474104940891
-0.009835694916546345
-0.009816971607506275
-0.009798305109143257
-0.009779692627489567
-0.009761132299900055
-0.009742623195052147
-0.009724162518978119
-0.009705749340355396
-0.009687380865216255
-0.009669055230915546
-0.009650767780840397
-0.009632514789700508
-0.009614291600883007
-0.009596092626452446
-0.009577912278473377
-0.009559744037687778
-0.009541580453515053
-0.009523413144052029
-0.009505234658718109
-0.009487034752964973
-0.009468804113566875
-0.009450528770685196
-0.009432194754481316
-0.009413787163794041
-0.009395290166139603
-0.009376685135066509
-0.009357952512800694
-0.009339069947600365
-0.009320012293756008
-0.009300755336880684
-0.00928126834332943
-0.009261518716812134
-0.009241474792361259
-0.009221097454428673
-0.00920034758746624
-0.009179185144603252
-0.009157564491033554
-0.00913543812930584
-0.009112758561968803
-0.009089470840990543
-0.00906552467495203
-0.009040862321853638
-0.009015428833663464
-0.008989166468381882
-0.008962019346654415
-0.008933926001191139
-0.008904827758669853
-0.008874667808413506
-0.008843391202390194
-0.008810946717858315
-0.008777284063398838
-0.008742361329495907
-0.008706136606633663
-0.008668577298521996
-0.008629661984741688
-0.008589372038841248
-0.008547700941562653
-0.008504651486873627
-0.008460241369903088
-0.008414498530328274
-0.008367463946342468
-0.008319194428622723
-0.008269757963716984
-0.008219241164624691
-0.008167744614183903
-0.008115385659039021
-0.008062294684350491
-0.008008619770407677
-0.007954519242048264
-0.007900167256593704
-0.007845748215913773
-0.007791455369442701
-0.00773748941719532
-0.007684056647121906
-0.007631365675479174
-0.007579624187201262
-0.007529037538915873
-0.007479802239686251
-0.007432106416672468
-0.007386121433228254
-0.007342003285884857
-0.007299886085093021
-0.007259881589561701
-0.007222072687000036
-0.007186515722423792
-0.007153233978897333
-0.007122219540178776
-0.007093429565429688
-0.007066786754876375
-0.007042178884148598
-0.007019462529569864
-0.00699846213683486
-0.006978973280638456
-0.006960765458643436
-0.006943587679415941
-0.006927172187715769
-0.006911240983754396
-0.006895510479807854
-0.006879698019474745
-0.006863526534289122
-0.006846731994301081
-0.006829071789979935
-0.006810328923165798
-0.006790316663682461
-0.006768884602934122
-0.006745923310518265
-0.006721366196870804
-0.006695191375911236
-0.006667425390332937
-0.006638138554990292
-0.006607446819543839
-0.006575505249202251
-0.00654250755906105
-0.006508679129183292
-0.0064742686226964
-0.006439543794840574
-0.006404782645404339
-0.006370263639837503
-0.006336258258670568
-0.006303021684288979
-0.006270786747336388
-0.006239754147827625
-0.006210086867213249
-0.006181906908750534
-0.0061552869156003
-0.006130253430455923
-0.006106780841946602
-0.006084796972572803
-0.006064183078706264
-0.006044777110219002
-0.006026383023709059
-0.006008775439113379
-0.005991707555949688
-0.005974922329187393
-0.005958160851150751
-0.005941171199083328
-0.005923718679696321
-0.005905595142394304
-0.005886624567210674
-0.005866671446710825
-0.005845646839588881
-0.005823507439345121
-0.00580025976523757
-0.005775956902652979
-0.005750698503106833
-0.005724621936678886
-0.005697901360690594
-0.005670735146850348
-0.005643340758979321
-0.00561594171449542
-0.005588759668171406
-0.005562006961554289
-0.005535874050110579
-0.005510523449629545
-0.005486081819981337
-0.00546263437718153
-0.005440224893391132
-0.00541885057464242
-0.005398466717451811
-0.005378986708819866
-0.005360287148505449
-0.005342216230928898
-0.005324599333107471
-0.005307250656187534
-0.005289977882057428
-0.005272596143186092
-0.00525493361055851
-0.00523684173822403
-0.005218201316893101
-0.005198927130550146
-0.005178970284759998
-0.005158322863280773
-0.005137013271450996
-0.005115108098834753
-0.005092704202979803
-0.00506992544978857
-0.005046913865953684
-0.005023821257054806
-0.005000803153961897
-0.004978006239980459
-0.004955565556883812
-0.004933594260364771
-0.004912180360406637
-0.004891378805041313
-0.004871214739978313
-0.00485167745500803
-0.00483272597193718
-0.004814289975911379
-0.004796274937689304
-0.004778568167239428
-0.004761046729981899
-0.004743581172078848
-0.004726047161966562
-0.004708330612629652
-0.004690333735197783
-0.004671979229897261
-0.004653215873986483
-0.004634018521755934
-0.004614389501512051
-0.004594357684254646
-0.004573972895741463
-0.004553304053843021
-0.00453243451192975
-0.004511453211307526
-0.004490451421588659
-0.004469516221433878
-0.004448722116649151
-0.004428127780556679
-0.004407774657011032
-0.004387681372463703
-0.004367843735963106
-0.004348233807832003
-0.004328805953264236
-0.004309495445340872
-0.004290224984288216
-0.004270907957106829
-0.004251454491168261
-0.004231777042150497
-0.004211793188005686
-0.004191432148218155
-0.004170637112110853
-0.004149367567151785
-0.004127600230276585
-0.004105329979211092
-0.004082567058503628
-0.004059335216879845
-0.004035668913275003
-0.004011609591543674
-0.003987201489508152
-0.003962486516684294
-0.003937502391636372
-0.003912277519702911
-0.00388683145865798
-0.003861171193420887
-0.003835291136056185
-0.003809174988418818
-0.003782795742154121
-0.003756119403988123
-0.003729106858372688
-0.00370171875692904
-0.003673916682600975
-0.003645668737590313
-0.003616952104493976
-0.003587754210457206
-0.003558076219633222
-0.003527932334691286
-0.003497351659461856
-0.003466377034783363
-0.003435063408687711
-0.003403475973755121
-0.003371688304468989
-0.003339780028909445
-0.00330783287063241
-0.003275929717347026
-0.003244152292609215
-0.003212579293176532
-0.003181286156177521
-0.003150343894958496
-0.003119820263236761
-0.003089779522269964
-0.003060283605009317
-0.003031394677236676
-0.003003175603225827
-0.002975692041218281
-0.002949013141915202
-0.002923212479799986
-0.002898369682952762
-0.002874569734558463
-0.002851903904229403
-0.002830466255545616
-0.002810354810208082
-0.002791669219732285
-0.002774507971480489
-0.002758966526016593
-0.002745136618614197
-0.002733102533966303
-0.002722939942032099
-0.002714714966714382
-0.002708481857553124
-0.00270428229123354
-0.00270214700140059
-0.002702092053368688
-0.002704122569411993
-0.002708230167627335
-0.002714395755901933
-0.002722588134929538
-0.002732764696702361
-0.00274487235583365
-0.002758846152573824
-0.002774609252810478
-0.002792073646560311
-0.002811138052493334
-0.002831688383594155
-0.002853595884516835
-0.00287671759724617
-0.002900894498452544
-0.00292595406062901
-0.002951706293970346
-0.002977948635816574
-0.003004464320838451
-0.003031025175005198
-0.003057393478229642
-0.00308332359418273
-0.003108567092567682
-0.003132874378934503
-0.003155999118462205
-0.003177702194079757
-0.003197756595909595
-0.003215950215235353
-0.003232090966776013
-0.00324601074680686
-0.003257568692788482
-0.003266655374318361
-0.003273195587098598
-0.00327715091407299
-0.003278522752225399
-0.003277352312579751
-0.003273721784353256
-0.003267755499109626
-0.00325961853377521
-0.003249514847993851
-0.00323768681846559
-0.003224408952519298
-0.003209985792636871
-0.003194746328517795
-0.003179036779329181
-0.003163215471431613
-0.00314764492213726
-0.003132682992145419
-0.003118674270808697
-0.003105942625552416
-0.003094781655818224
-0.003085445612668991
-0.00307814497500658
-0.003073035506531596
-0.00307021732442081
-0.003069728380069137
-0.003071543294936419
-0.003075572196394205
-0.00308166304603219
-0.003089606761932373
-0.003099140245467424
-0.003109956160187721
-0.00312171271070838
-0.003134042490273714
-0.003146568080410361
-0.003158912062644958
-0.00317071215249598
-0.003181633539497852
-0.003191381925716996
-0.003199715400114655
-0.003206453751772642
-0.003211487084627151
-0.003214780939742923
-0.003216379787772894
-0.003216407028958201
-0.003215061035007238
-0.003212610725313425
-0.003209385788068175
-0.003205765737220645
-0.003202166175469756
-0.003199024591594934
-0.003196781734004617
-0.003195865545421839
-0.003196675097569823
-0.003199563128873706
-0.003204822773113847
-0.00321267475374043
-0.003223259234800935
-0.003236628603190184
-0.003252746071666479
-0.00327148730866611
-0.003292644862085581
-0.003315938170999289
-0.00334102613851428
-0.003367522032931447
-0.00339501048438251
-0.003423067275434732
-0.003451277734711766
-0.003479254432022572
-0.003506656736135483
-0.003533204318955541
-0.003558688797056675
-0.00358298234641552
-0.003606042824685574
-0.003627912839874625
-0.003648713929578662
-0.003668640740215778
-0.003687945194542408
-0.003706923453137279
-0.003725897055119276
-0.003745193360373378
-0.003765127388760448
-0.003785981796681881
-0.003807991743087769
-0.003831330453976989
-0.0038560985121876
-0.003882318967953324
-0.003909934777766466
-0.003938814625144005
-0.003968758042901754
-0.003999508917331696
-0.004030769690871239
-0.00406222278252244
-0.004093545023351908
-0.004124430473893881
-0.004154607653617859
-0.004183857701718807
-0.004212025552988052
-0.004239032976329327
-0.004264877643436193
-0.004289640113711357
-0.004313471261411905
-0.004336590878665447
-0.004359268117696047
-0.004381807520985603
-0.004404530394822359
-0.004427751060575247
-0.004451763350516558
-0.004476816859096289
-0.004503104370087385
-0.004530747886747122
-0.004559791181236506
-0.004590196534991264
-0.004621846135705709
-0.004654548596590757
-0.004688048735260963
-0.004722042474895716
-0.004756192211061716
-0.004790143109858036
-0.004823544062674046
-0.004856064449995756
-0.004887407179921865
-0.004917322192341089
-0.00494561530649662
-0.004972151480615139
-0.0049968590028584
-0.005019720643758774
-0.005040773190557957
-0.005060092080384493
-0.005077786277979612
-0.005093981977552176
-0.005108813289552927
-0.005122410599142313
-0.005134893115609884
-0.005146363284438848
-0.005156903062015772
-0.005166575778275728
-0.005175427068024874
-0.005183492787182331
-0.005190806929022074
-0.005197408143430948
-0.00520335091277957
-0.005208712071180344
-0.005213597789406776
-0.005218146368861198
-0.005222531966865063
-0.005226957146078348
-0.005231650080531836
-0.005236855708062649
-0.005242825020104647
-0.005249800626188517
-0.005258004646748304
-0.00526762381196022
-0.005278799217194319
-0.005291614215821028
-0.005306090693920851
-0.00532218161970377
-0.005339772906154394
-0.005358688533306122
-0.005378697533160448
-0.005399525165557861
-0.005420864559710026
-0.005442394409328699
-0.005463788751512766
-0.005484738387167454
-0.005504959728568792
-0.005524206906557083
-0.005542281083762646
-0.005559035576879978
-0.005574376787990332
-0.005588266532868147
-0.005600715987384319
-0.0056117819622159
-0.005621558520942926
-0.00563017139211297
-0.00563776632770896
-0.00564450491219759
-0.005650555714964867
-0.005656087771058083
-0.005661268252879381
-0.005666259210556746
-0.0056712138466537
-0.005676276981830597
-0.00568158645182848
-0.005687268450856209
-0.005693437997251749
-0.005700200796127319
-0.005707649514079094
-0.005715859122574329
-0.005724888294935226
-0.00573477428406477
-0.005745525937527418
-0.005757126025855541
-0.005769526585936546
-0.005782646592706442
-0.005796376150101423
-0.005810573697090149
-0.005825075786560774
-0.005839700344949961
-0.005854254122823477
-0.00586854200810194
-0.005882376804947853
-0.005895588081330061
-0.005908031947910786
-0.005919596180319786
-0.005930207669734955
-0.005939838476479053
-0.005948503036051989
-0.005956259090453386
-0.005963202565908432
-0.005969464778900146
-0.005975201725959778
-0.005980585236102343
-0.005985796451568604
-0.005991014651954174
-0.005996407940983772
-0.006002126261591911
-0.006008295807987452
-0.006015011109411716
-0.006022335961461067
-0.006030301097780466
-0.006038903724402189
-0.0060481121763587
-0.006057868245989084
-0.006068090908229351
-0.006078683771193027
-0.006089539267122746
-0.006100541912019253
-0.006111578084528446
-0.006122535560280085
-0.006133310496807098
-0.006143811158835888
-0.006153958383947611
-0.006163691636174917
-0.006172965746372938
-0.006181755103170872
-0.006190053652971983
-0.006197873502969742
-0.006205245852470398
-0.006212219130247831
-0.006218854803591967
-0.006225228775292635
-0.006231424864381552
-0.006237531080842018
-0.006243638694286346
-0.006249833852052689
-0.006256197579205036
-0.006262798327952623
-0.006269689183682203
-0.006276906933635473
-0.006284468341618776
-0.006292370613664389
-0.006300590466707945
-0.006309085991233587
-0.006317800376564264
-0.006326662842184305
-0.006335594691336155
-0.00634451350197196
-0.006353337317705154
-0.006361990235745907
-0.006370405666530132
-0.006378529127687216
-0.006386321503669024
-0.006393760442733765
-0.006400839891284704
-0.006407570093870163
-0.006413976196199656
-0.006420094519853592
-0.006425971165299416
-0.006431654561311007
-0.006437195930629969
-0.00644264230504632
-0.006448035128414631
-0.006453405600041151
-0.006458774209022522
-0.006464148405939341
-0.006469521671533585
-0.0064748739823699
-0.006480170879513025
-0.006485367193818092
-0.006490407977253199
-0.006495228502899408
-0.006499760318547487
-0.00650393171235919
-0.006507667247205973
-0.006510895676910877
-0.006513547152280807
-0.006515556946396828
-0.006516867782920599
-0.006517428439110518
-0.006517195142805576
-0.006516132038086653
-0.006514209788292646
-0.006511405576020479
-0.006507703103125095
-0.006503087934106588
-0.006497550290077925
-0.006491081789135933
-0.006483674980700016
-0.006475321482867002
-0.006466012448072433
-0.006455738563090563
-0.006444491446018219
-0.006432259920984507
-0.00641903467476368
-0.006404810585081577
-0.006389586254954338
-0.006373365875333548
-0.006356164813041687
-0.006338007282465696
-0.006318932399153709
-0.006298992317169905
-0.006278256885707378
-0.006256813183426857
-0.006234764121472836
-0.006212233565747738
-0.006189359351992607
-0.006166297011077404
-0.006143214646726847
-0.006120293401181698
-0.006097720004618168
-0.006075689103454351
-0.00605439767241478
-0.006034041289240122
-0.006014811340719461
-0.005996892228722572
-0.00598045764490962
-0.005965666845440865
-0.005952663719654083
-0.005941573530435562
-0.005932499654591084
-0.005925523582845926
-0.00592070072889328
-0.005918059963732958
-0.005917602218687534
-0.005919300951063633
-0.005923098884522915
-0.005928910337388515
-0.005936619359999895
-0.005946080666035414
-0.005957122426480055
-0.005969544872641563
-0.005983125418424606
-0.005997617729008198
-0.006012758705765009
-0.006028269417583942
-0.006043861620128155
-0.006059242412447929
-0.006074117496609688
-0.006088200025260448
-0.006101214326918125
-0.006112902890890837
-0.006123032420873642
-0.006131398491561413
-0.006137832067906857
-0.006142203230410814
-0.006144425366073847
-0.006144457962363958
-0.006142308469861746
-0.006138033233582973
-0.006131735630333424
-0.006123566534370184
-0.006113719195127487
-0.006102424114942551
-0.006089946255087852
-0.006076574325561523
-0.006062617059797049
-0.006048391107469797
-0.006034216843545437
-0.006020406726747751
-0.006007256917655468
-0.005995039828121662
-0.005983996205031872
-0.005974329076707363
-0.005966199096292257
-0.005959718022495508
-0.005954948253929615
-0.005951899569481611
-0.005950531922280788
-0.005950756836682558
-0.005952438805252314
-0.005955404601991177
-0.00595944607630372
-0.005964329000562429
-0.005969801917672157
-0.005975603125989437
-0.005981471389532089
-0.005987154319882393
-0.005992416758090258
-0.005997048690915108
-0.006000872701406479
-0.006003748625516891
-0.006005577277392149
-0.006006304640322924
-0.006005921401083469
-0.006004460621625185
-0.006001997273415327
-0.005998642183840275
-0.005994537379592657
-0.005989846307784319
-0.005984750110656023
-0.005979434121400118
-0.00597408227622509
-0.005968867335468531
-0.005963942501693964
-0.005959434900432825
-0.005955437663942575
-0.005952008068561554
-0.005949163343757391
-0.005946880206465721
-0.005945096723735332
-0.005943712312728167
-0.005942595656961203
-0.005941587500274181
-0.005940510891377926
-0.005939178634434938
-0.005937403533607721
-0.005935003980994225
-0.005931816063821316
-0.005927698221057653
-0.00592254102230072
-0.005916269030421972
-0.005908845923841
-0.005900275893509388
-0.005890601314604282
-0.005879901349544525
-0.005868286825716496
-0.005855893716216087
-0.005842877086251974
-0.005829401314258575
-0.005815632175654173
-0.005801726132631302
-0.005787823814898729
-0.005774041637778282
-0.005760465748608112
-0.005747146438807249
-0.005734098609536886
-0.005721298512071371
-0.005708687007427216
-0.005696170963346958
-0.005683630704879761
-0.005670926533639431
-0.005657906644046307
-0.005644415505230427
-0.005630302708595991
-0.005615434609353542
-0.005599699448794127
-0.005583016201853752
-0.005565339233726263
-0.005546663422137499
-0.005527025554329157
-0.005506501533091068
-0.005485207308083773
-0.00546329328790307
-0.005440936889499426
-0.005418338347226381
-0.005395706743001938
-0.005373258609324694
-0.005351204425096512
-0.005329740699380636
-0.005309044849127531
-0.005289268214255571
-0.005270529072731733
-0.005252914968878031
-0.005236476194113493
-0.005221231374889612
-0.005207167938351631
-0.005194245371967554
-0.005182400811463594
-0.005171557888388634
-0.005161627195775509
-0.005152517929673195
-0.005144139286130667
-0.005136409774422646
-0.005129255354404449
-0.005122618284076452
-0.005116451997309923
-0.0051107257604599
-0.005105421412736177
-0.005100530106574297
-0.005096048582345247
-0.005091974977403879
-0.005088306963443756
-0.005085035227239132
-0.00508214021101594
-0.005079589318484068
-0.005077335983514786
-0.005075315479189157
-0.005073450040072203
-0.005071648396551609
-0.005069807171821594
-0.005067818332463503
-0.005065569654107094
-0.005062953568994999
-0.005059867631644011
-0.00505622336640954
-0.005051948595792055
-0.005046990234404802
-0.005041316151618958
-0.005034918431192636
-0.005027811974287033
-0.005020032171159983
-0.005011635832488537
-0.005002694204449654
-0.004993292968720198
-0.004983523394912481
-0.004973484203219414
-0.004963272716850042
-0.004952982068061829
-0.004942699335515499
-0.004932503215968609
-0.004922461230307817
-0.004912631120532751
-0.004903058521449566
-0.004893778823316097
-0.004884819500148296
-0.004876201041042805
-0.004867938812822104
-0.004860044457018375
-0.004852526821196079
-0.004845394752919674
-0.004838654771447182
-0.004832315258681774
-0.004826382733881474
-0.004820860922336578
-0.004815749824047089
-0.004811043851077557
-0.004806729964911938
-0.004802787210792303
-0.004799186252057552
-0.004795885644853115
-0.0047928337007761
-0.004789969883859158
-0.004787223879247904
-0.00478451931849122
-0.004781774245202541
-0.00477890856564045
-0.004775842186063528
-0.004772501531988382
-0.004768822342157364
-0.004764751065522432
-0.004760249983519316
-0.004755295347422361
-0.004749880637973547
-0.004744017962366343
-0.004737734328955412
-0.004731072578579187
-0.004724088590592146
-0.004716847557574511
-0.004709422122687101
-0.004701890051364899
-0.004694330040365458
-0.004686818923801184
-0.00467942887917161
-0.004672225099056959
-0.004665263462811708
-0.004658590070903301
-0.004652238450944424
-0.004646232351660728
-0.004640582948923111
-0.004635291174054146
-0.0046303472481668
-0.00462573254480958
-0.004621421452611685
-0.004617381375283003
-0.004613575525581837
-0.004609961062669754
-0.00460649561136961
-0.004603131674230099
-0.004599823150783777
-0.004596523009240627
-0.004593187011778355
-0.004589773248881102
-0.004586243070662022
-0.004582560621201992
-0.004578697960823774
-0.004574630875140429
-0.004570343531668186
-0.004565826617181301
-0.004561078734695911
-0.004556108266115189
-0.004550929181277752
-0.004545565228909254
-0.004540045745670795
-0.004534407053142786
-0.004528690129518509
-0.004522938746958971
-0.004517196677625179
-0.004511508159339428
-0.004505915567278862
-0.004500455688685179
-0.004495162051171064
-0.004490059800446033
-0.004485165700316429
-0.004480489995330572
-0.004476032685488462
-0.00447178678587079
-0.0044677359983325
-0.004463857971131802
-0.004460125230252743
-0.0044565056450665
-0.004452963825315237
-0.004449464380741119
-0.004445971455425024
-0.004442452918738127
-0.004438877571374178
-0.004435221198946238
-0.004431461915373802
-0.004427584353834391
-0.004423580598086119
-0.004419447854161263
-0.004415188450366259
-0.004410811234265566
-0.004406328313052654
-0.004401756450533867
-0.004397115204483271
-0.004392425063997507
-0.004387710243463516
-0.004382994025945663
-0.00437829876318574
-0.004373646806925535
-0.004369056317955256
-0.004364544060081244
-0.004360124003142118
-0.004355804994702339
-0.004351592622697353
-0.00434748874977231
-0.004343491978943348
-0.004339594859629869
-0.004335787612944841
-0.004332059063017368
-0.004328392911702394
-0.004324773792177439
-0.004321183077991009
-0.004317603539675474
-0.004314017947763205
-0.004310408607125282
-0.004306762013584375
-0.004303065594285727
-0.004299310501664877
-0.004295491613447666
-0.00429160613566637
-0.004287656396627426
-0.004283647052943707
-0.004279586486518383
-0.004275484010577202
-0.00427135219797492
-0.004267205018550158
-0.004263055976480246
-0.004258919507265091
-0.004254807252436876
-0.004250731319189072
-0.004246700555086136
-0.004242722410708666
-0.00423880061134696
-0.00423493655398488
-0.004231128841638565
-0.004227373283356428
-0.004223663359880447
-0.004219990689307451
-0.004216344095766544
-0.004212713800370693
-0.004209088627249002
-0.004205456003546715
-0.004201806150376797
-0.004198128823190928
-0.004194414708763361
-0.004190657753497362
-0.004186852369457483
-0.004182995762676001
-0.00417908513918519
-0.004175120498985052
-0.004171104170382023
-0.004167039878666401
-0.004162932746112347
-0.004158786963671446
-0.004154608119279146
-0.004150401335209608
-0.004146171733736992
-0.004141924437135458
-0.00413766223937273
-0.004133387934416533
-0.004129103850573301
-0.004124809987843037
-0.004120505414903164
-0.004116188269108534
-0.00411185622215271
-0.004107505548745394
-0.004103131126612425
-0.004098731093108654
-0.004094301257282495
-0.004089838825166225
-0.004085341934114695
-0.004080808255821466
-0.004076238255947828
-0.004071634262800217
-0.004066999536007643
-0.004062339197844267
-0.004057660233229399
-0.004052970092743635
-0.004048277623951435
-0.004043592140078545
-0.004038924816995859
-0.004034285899251699
-0.004029687028378248
-0.004025138448923826
-0.004020650871098042
-0.004016231745481491
-0.004011889919638634
-0.004007631447166204
-0.004003461450338364
-0.003999382257461548
-0.003995395731180906
-0.003991501405835152
-0.003987697884440422
-0.003983980510383844
-0.003980344627052546
-0.003976784180849791
-0.003973291721194983
-0.003969859331846237
-0.003966478165239096
-0.003963138442486525
-0.003959828987717628
-0.003956540953367949
-0.003953264094889164
-0.003949988167732954
-0.003946702927350998
-0.003943399526178837
-0.003940069116652012
-0.003936704713851213
-0.003933298401534557
-0.003929845057427883
-0.003926337696611881
-0.003922772593796253
-0.003919146489351988
-0.003915458451956511
-0.003911708947271109
-0.003907897509634495
-0.003904029261320829
-0.003900107461959124
-0.0038961386308074
-0.003892130451276898
-0.003888091770932078
-0.00388403283432126
-0.003879965515807271
-0.003875900991261005
-0.003871851600706577
-0.003867828752845526
-0.003863844322040677
-0.003859908320009708
-0.00385603029280901
-0.003852217691019177
-0.003848477499559522
-0.003844813443720341
-0.003841227618977427
-0.003837718861177564
-0.003834284376353025
-0.003830918576568365
-0.003827613778412342
-0.003824360435828567
-0.003821146907284856
-0.003817960387095809
-0.003814787836745381
-0.003811614820733666
-0.003808427369222045
-0.003805213142186403
-0.003801960498094559
-0.003798659425228834
-0.003795302240177989
-0.003791883355006576
-0.003788400441408157
-0.003784853033721447
-0.003781245090067387
-0.00377758196555078
-0.003773871809244156
-0.003770125564187765
-0.003766355337575078
-0.003762573935091496
-0.003758795326575637
-0.00375503278337419
-0.003751299344003201
-0.003747606417164207
-0.003743964014574885
-0.003740380052477121
-0.003736859420314431
-0.003733404679223895
-0.003730015130713582
-0.003726688213646412
-0.003723418107256293
-0.003720196196809411
-0.003717012237757444
-0.003713855054229498
-0.003710712306201458
-0.003707571886479855
-0.00370442122220993
-0.003701248904690146
-0.003698045387864113
-0.003694802289828658
-0.003691514022648335
-0.003688177559524775
-0.003684792900457978
-0.003681362373754382
-0.003677891567349434
-0.003674387000501156
-0.00367085775360465
-0.003667314071208239
-0.003663767129182816
-0.00366022833622992
-0.003656708635389805
-0.003653217805549502
-0.003649764228612185
-0.003646353958174586
-0.003642990719527006
-0.003639675909653306
-0.003636408597230911
-0.003633185522630811
-0.003630001097917557
-0.003626847174018621
-0.003623715601861477
-0.00362059660255909
-0.003617479233071208
-0.003614354645833373
-0.003611213527619839
-0.003608048427850008
-0.003604853758588433
-0.003601626725867391
-0.003598366398364305
-0.003595073940232396
-0.003591753076761961
-0.003588408697396517
-0.003585047088563442
-0.003581676399335265
-0.003578305011615157
-0.003574941540136933
-0.003571593901142478
-0.003568268846720457
-0.003564971964806318
-0.00356170698069036
-0.003558476222679019
-0.003555278992280364
-0.00355211365967989
-0.003548976266756654
-0.003545861691236496
-0.003542763879522681
-0.003539675381034613
-0.003536588978022337
-0.003533497452735901
-0.003530394751578569
-0.003527276217937469
-0.003524138359352946
-0.003520979546010494
-0.003517799312248826
-0.003514599753543735
-0.003511383663862944
-0.003508155466988683
-0.003504920518025756
-0.003501684870570898
-0.003498454578220844
-0.003495235461741686
-0.003492032177746296
-0.003488847985863686
-0.003485685912892222
-0.003482547122985125
-0.003479430684819818
-0.003476334968581796
-0.003473256947472692
-0.003470192896202207
-0.003467137692496181
-0.003464086214080453
-0.003461034502834082
-0.00345797766931355
-0.003454912453889847
-0.003451836062595248
-0.003448747796937823
-0.003445647191256285
-0.00344253471121192
-0.003439413383603096
-0.003436286002397537
-0.003433155594393611
-0.003430026350542903
-0.003426902228966355
-0.003423786489292979
-0.003420681692659855
-0.003417590633034706
-0.003414514008909464
-0.003411452518776059
-0.003408405696973205
-0.003405371448025107
-0.003402347443625331
-0.003399330889806151
-0.003396318759769201
-0.003393308725208044
-0.003390297526493669
-0.003387283300980926
-0.003384264418855309
-0.003381239948794246
-0.003378209657967091
-0.003375174012035131
-0.003372134873643517
-0.003369093406945467
-0.003366051940247416
-0.003363012801855803
-0.003359978320077062
-0.003356950357556343
-0.003353930311277509
-0.003350919578224421
-0.003347918856889009
-0.003344927914440632
-0.003341946052387357
-0.003338972106575966
-0.003336004912853241
-0.003333042841404676
-0.003330084262415767
-0.003327127313241363
-0.003324170829728246
-0.003321214113384485
-0.003318256698548794
-0.003315299050882459
-0.003312341636046767
-0.003309385851025581
-0.003306433325633407
-0.003303485689684749
-0.003300544805824757
-0.003297613002359867
-0.003294691676273942
-0.003291782224550843
-0.003288886044174433
-0.003286003600805998
-0.003283135825768113
-0.003280282719060779
-0.003277444280683994
-0.00327462051063776
-0.003271811176091433
-0.003269016742706299
-0.003266237210482359
-0.003263473277911544
-0.003260725410655141
-0.00325799616985023
-0.003255287185311317
-0.003252600552514195
-0.003249938832595944
-0.003247305052354932
-0.003244702005758882
-0.003242132486775517
-0.003239599522203207
-0.003237105440348387
-0.003234651638194919
-0.003232240211218596
-0.003229872789233923
-0.003227550303563476
-0.003225273918360472
-0.003223044099286199
-0.0032208610791713
-0.003218725556507707
-0.003216637531295419
-0.003214597469195724
-0.003212604904547334
-0.003210659837350249
-0.00320876226760447
-0.003206911496818066
-0.003205106360837817
-0.003203346161171794
-0.003201628802344203
-0.003199951490387321
-0.003198311664164066
-0.003196705598384142
-0.003195129567757249
-0.003193578450009227
-0.003192046424373984
-0.003190527902916074
-0.00318901683203876
-0.003187506459653378
-0.00318599003367126
-0.003184460802003741
-0.003182912478223443
-0.003181338775902987
-0.003179733641445637
-0.003178091254085302
-0.003176406724378467
-0.003174675162881613
-0.003172892611473799
-0.003171056043356657
-0.003169163363054395
-0.003167212707921863
-0.003165203845128417
-0.003163137705996633
-0.003161016153171659
-0.003158842446282506
-0.003156621009111404
-0.003154356963932514
-0.003152057295665145
-0.003149730386212468
-0.003147385781630874
-0.003145033260807395
-0.003142683999612927
-0.00314034940674901
-0.003138041589409113
-0.003135771956294775
-0.003133552148938179
-0.003131393110379577
-0.003129305085167289
-0.003127296920865774
-0.003125376533716917
-0.003123549977317452
-0.003121822373941541
-0.003120195819064975
-0.003118671011179686
-0.003117246320471168
-0.003115918021649122
-0.003114680526778102
-0.003113525221124291
-0.003112442558631301
-0.003111421596258879
-0.003110448364168406
-0.003109508892521262
-0.00310858734883368
-0.003107668366283178
-0.003106735181063414
-0.003105772193521261
-0.003104764269664884
-0.003103696741163731
-0.003102556569501758
-0.003101332811638713
-0.003100016620010138
-0.003098601242527366
-0.003097082022577524
-0.003095457330346107
-0.003093727631494403
-0.003091896651312709
-0.003089969977736473
-0.003087955294176936
-0.003085862845182419
-0.003083703806623816
-0.003081491217017174
-0.003079238114878535
-0.003076958237215877
-0.003074664855375886
-0.003072370775043964
-0.003070087870582938
-0.003067826153710485
-0.003065594937652349
-0.003063400508835912
-0.003061248222365975
-0.003059140872210264
-0.003057079389691353
-0.003055063309147954
-0.003053090069442987
-0.003051155945286155
-0.003049256047233939
-0.003047385020181537
-0.003045537509024143
-0.003043708158656955
-0.003041892079636455
-0.003040085313841701
-0.003038284601643682
-0.003036487847566605
-0.003034695284441113
-0.003032907610759139
-0.003031127154827118
-0.003029356710612774
-0.003027600701898336
-0.003025863785296679
-0.003024150850251317
-0.00302246562205255
-0.003020812291651964
-0.003019192954525352
-0.003017608774825931
-0.00301605905406177
-0.003014541231095791
-0.003013050649315119
-0.003011580323800445
-0.003010122338309884
-0.003008666448295116
-0.003007201477885246
-0.003005716484040022
-0.003004199359565973
-0.003002639394253492
-0.003001026809215546
-0.002999353688210249
-0.002997614443302155
-0.002995806513354182
-0.002993929432705045
-0.002991986926645041
-0.002989986445754766
-0.002987937303259969
-0.002985852770507336
-0.002983747515827417
-0.00298163783736527
-0.002979541663080454
-0.002977475756779313
-0.002975458046421409
-0.002973503665998578
-0.00297162588685751
-0.00296983472071588
-0.002968137152493
-0.002966535510495305
-0.002965028630569577
-0.002963611390441656
-0.002962275873869658
-0.00296100927516818
-0.002959798090159893
-0.002958625555038452
-0.002957474673166871
-0.002956328215077519
-0.002955170348286629
-0.002953986637294292
-0.002952765207737684
-0.002951497677713633
-0.002950179390609264
-0.002948809880763292
-0.002947392407804728
-0.002945934189483523
-0.002944446634501219
-0.002942943014204502
-0.002941438928246498
-0.002939951373264194
-0.002938498975709081
-0.002937099430710077
-0.002935769036412239
-0.002934521995484829
-0.002933371113613248
-0.002932325704023242
-0.002931391587480903
-0.002930571790784597
-0.002929866081103683
-0.002929271198809147
-0.002928781788796186
-0.002928391564637423
-0.002928092144429684
-0.002927875146269798
-0.002927732421085238
-0.002927656751126051
-0.00292764138430357
-0.002927681896835566
-0.002927775727584958
-0.002927921712398529
-0.002928121481090784
-0.00292837736196816
-0.002928694244474173
-0.002929077483713627
-0.002929532201960683
-0.002930064685642719
-0.002930680755525827
-0.002931385999545455
-0.002932183910161257
-0.002933078212663531
-0.002934071002528071
-0.002935162512585521
-0.002936352742835879
-0.002937639830633998
-0.002939020516350865
-0.002940491074696183
-0.002942046383395791
-0.002943681087344885
-0.002945389831438661
-0.002947165863588452
-0.002949003363028169
-0.002950894879177213
-0.002952833892777562
-0.00295481295324862
-0.002956824610009789
-0.002958860481157899
-0.002960912184789777
-0.002962971571832895
-0.002965029561892152
-0.002967077307403088
-0.002969106659293175
-0.002971108537167311
-0.002973074791952968
-0.002974997973069549
-0.002976871561259031
-0.002978689735755324
-0.002980448072776198
-0.002982143545523286
-0.002983774291351438
-0.002985339611768723
-0.002986839041113853
-0.002988273743540049
-0.002989644883200526
-0.002990954322740436
-0.002992204623296857
-0.002993396949023008
-0.002994533395394683
-0.002995615592226386
-0.002996644238010049
-0.002997619798406959
-0.002998542739078403
-0.002999413060024381
-0.003000231925398111
-0.003001000033691525
-0.003001719946041703
-0.003002394223585725
-0.00300302729010582
-0.003003624733537436
-0.003004193538799882
-0.003004741622135043
-0.003005278529599309
-0.003005814505741
-0.003006360493600368
-0.003006927203387022
-0.0030075260438025
-0.003008166095241904
-0.003008856903761625
-0.003009605221450329
-0.003010415937751532
-0.003011293010786176
-0.003012237371876836
-0.003013248788192868
-0.003014324465766549
-0.003015461377799511
-0.003016654402017593
-0.003017897717654705
-0.003019185038283467
-0.003020509378984571
-0.003021864453330636
-0.003023243742063642
-0.003024641191586852
-0.003026051446795464
-0.003027469385415316
-0.003028889419510961
-0.0030303078237921
-0.003031719708815217
-0.003033120650798082
-0.00303450645878911
-0.003035872476175427
-0.003037214046344161
-0.003038525581359863
-0.003039802191779017
-0.003041038988158107
-0.003042230848222971
-0.003043373348191381
-0.00304446229711175
-0.00304549396969378
-0.003046466736122966
-0.003047379199415445
-0.003048231359571218
-0.00304902414791286
-0.003049759659916162
-0.003050440223887563
-0.003051070496439934
-0.003051655134186149
-0.003052198560908437
-0.003052705898880959
-0.003053182736039162
-0.003053634194657207
-0.003054064698517323
-0.003054477972909808
-0.003054877743124962
-0.003055266570299864
-0.003055646549910307
-0.003056018846109509
-0.003056383924558759
-0.003056741086766124
-0.003057089867070317
-0.003057428635656834
-0.003057755064219236
-0.003058066591620445
-0.003058360423892736
-0.00305863399989903
-0.003058884060010314
-0.003059107111766934
-0.003059300128370523
-0.003059460083022714
-0.003059584414586425
-0.003059670096263289
-0.003059715963900089
-0.003059720620512962
-0.003059683600440621
-0.00305960513651371
-0.003059486160054803
-0.003059328300878406
-0.003059133887290955
-0.003058906411752105
-0.003058650530874729
-0.00305837020277977
-0.003058071248233318
-0.003057758789509535
-0.003057439113035798
-0.003057117573916912
-0.003056800458580256
-0.003056493122130632
-0.003056200919672847
-0.003055927809327841
-0.003055677749216557
-0.003055453766137362
-0.003055257257074118
-0.003055088920518756
-0.003054948057979345
-0.003054832806810737
-0.003054738976061344
-0.003054661676287651
-0.003054594388231635
-0.003054529428482056
-0.003054457483813167
-0.003054368542507291
-0.003054250497370958
-0.003054091706871986
-0.003053878666833043
-0.003053598804399371
-0.003053238848224282
-0.003052785759791732
-0.003052227897569537
-0.00305155455134809
-0.003050756175071001
-0.003049824386835098
-0.003048753598704934
-0.003047540783882141
-0.003046183614060283
-0.003044683020561934
-0.003043042728677392
-0.003041268792003393
-0.003039368661120534
-0.003037352813407779
-0.00303523289039731
-0.003033023094758391
-0.00303073856048286
-0.003028395818546414
-0.003026011632755399
-0.003023603232577443
-0.003021188778802752
-0.003018784569576383
-0.003016407135874033
-0.003014071611687541
-0.003011791268363595
-0.003009578213095665
-0.003007441991940141
-0.003005390521138906
-0.003003428457304835
-0.003001558827236295
-0.002999781630933285
-0.002998094540089369
-0.002996493596583605
-0.002994972746819258
-0.0029935238417238
-0.002992137800902128
-0.002990804379805923
-0.002989513101056218
-0.002988253254443407
-0.002987014129757881
-0.002985786413773894
-0.0029845607932657
-0.002983330050483346
-0.002982088830322027
-0.002980832476168871
-0.002979559358209372
-0.002978268545120955
-0.002976961899548769
-0.002975642448291183
-0.002974315080791712
-0.002972984686493874
-0.002971657551825047
-0.002970339963212609
-0.002969038672745228
-0.002967758802697062
-0.002966505941003561
-0.002965283812955022
-0.002964094979688525
-0.002962940139696002
-0.002961818128824234
-0.002960726153105497
-0.002959659555926919
-0.002958611352369189
-0.002957573859021068
-0.002956538228318095
-0.002955493284389377
-0.002954428549855947
-0.002953333081677556
-0.002952196635305882
-0.00295100943185389
-0.002949763787910342
-0.002948453649878502
-0.00294707459397614
-0.002945624990388751
-0.00294410577043891
-0.002942519960924983
-0.002940872916951776
-0.00293917371891439
-0.002937432378530502
-0.002935661468654871
-0.002933873329311609
-0.002932082628831267
-0.002930303337052464
-0.002928548725321889
-0.002926832064986229
-0.002925164299085736
-0.002923554973676801
-0.002922011073678732
-0.002920536790043116
-0.002919133752584457
-0.00291780149564147
-0.002916535828262568
-0.002915330929681659
-0.002914178883656859
-0.002913069445639849
-0.002911991439759731
-0.002910933690145612
-0.002909883856773376
-0.002908830530941486
-0.002907763700932264
-0.00290667312219739
-0.002905551111325622
-0.0029043925460428
-0.002903192769736052
-0.002901950385421515
-0.00290066609159112
-0.002899341750890017
-0.002897981554269791
-0.002896590158343315
-0.002895173849537969
-0.002893738681450486
-0.002892291406169534
-0.002890838775783777
-0.002889386611059308
-0.002887938870117068
-0.002886499976739287
-0.002885072026401758
-0.002883656648918986
-0.002882254077121615
-0.002880863146856427
-0.002879482228308916
-0.002878108993172646
-0.002876740880310535
-0.002875376027077436
-0.002874011639505625
-0.002872645854949951
-0.002871277742087841
-0.002869907300919294
-0.002868534531444311
-0.002867161296308041
-0.002865789458155632
-0.002864421810954809
-0.00286306138150394
-0.002861711196601391
-0.002860373584553599
-0.002859051106497645
-0.002857745392248034
-0.00285645667463541
-0.002855184953659773
-0.00285392883233726
-0.002852685749530792
-0.002851452212780714
-0.002850224729627371
-0.002848998410627246
-0.002847768133506179
-0.002846528775990009
-0.002845275914296508
-0.002844006288796663
-0.002842716407030821
-0.002841403940692544
-0.002840068191289902
-0.002838709624484181
-0.002837330335751176
-0.002835932420566678
-0.002834519604220986
-0.002833097008988261
-0.002831668592989445
-0.002830239944159985
-0.002828815951943398
-0.002827400807291269
-0.002825999166816473
-0.002824613125994802
-0.002823244780302048
-0.00282189529389143
-0.002820563968271017
-0.002819249639287591
-0.002817950444296002
-0.002816662658005953
-0.002815383486449718
-0.002814108738675714
-0.00281283468939364
-0.002811557613313198
-0.002810273785144091
-0.002808980876579881
-0.002807676326483488
-0.002806358505040407
-0.002805026713758707
-0.002803680719807744
-0.002802321221679449
-0.00280094868503511
-0.002799564274027944
-0.002798169385641813
-0.002796764951199293
-0.002795351902022958
-0.002793930936604738
-0.002792502054944634
-0.002791065955534577
-0.00278962217271328
-0.002788169775158167
-0.002786707598716021
-0.002785234013572335
-0.00278374832123518
-0.002782249357551336
-0.002780735259875655
-0.002779205096885562
-0.002777657704427838
-0.002776091918349266
-0.002774507040157914
-0.002772901672869921
-0.002771274885162711
-0.002769625512883067
-0.00276795239187777
-0.002766254125162959
-0.002764529082924128
-0.002762775402516127
-0.002760990057140589
-0.002759170485660434
-0.002757313661277294
-0.002755416557192802
-0.002753475215286016
-0.002751486608758569
-0.002749447245150805
-0.002747353864833713
-0.002745203441008925
-0.002742993179708719
-0.002740720519796014
-0.00273838359862566
-0.002735980553552508
-0.002733510220423341
-0.002730971435084939
-0.002728363266214728
-0.002725685015320778
-0.002722936449572444
-0.002720116171985865
-0.00271722418256104
-0.002714259317144752
-0.002711220178753138
-0.002708105836063623
-0.002704914659261703
-0.002701645251363516
-0.002698295982554555
-0.002694865921512246
-0.00269135320559144
-0.002687756437808275
-0.002684075850993395
-0.002680310513824224
-0.002676460891962051
-0.002672527683898807
-0.002668512053787708
-0.002664415864273906
-0.002660241676494479
-0.002655992284417152
-0.002651671646162868
-0.002647283487021923
-0.002642831765115261
-0.002638320671394467
-0.002633755328133702
-0.002629140857607126
-0.002624482847750187
-0.002619786188006401
-0.002615056233480573
-0.002610298804938793
-0.002605520188808441
-0.002600726205855608
-0.002595922676846385
-0.002591115888208151
-0.002586311427876353
-0.002581515815109015
-0.002576734637841582
-0.002571974415332079
-0.002567240735515952
-0.002562538953498006
-0.002557874657213688
-0.002553252736106515
-0.002548678312450647
-0.002544155577197671
-0.002539688488468528
-0.002535280305892229
-0.002530934289097786
-0.002526652766391635
-0.002522437600418925
-0.002518290188163519
-0.00251421146094799
-0.00251020141877234
-0.002506259363144636
-0.002502384828403592
-0.002498575486242771
-0.002494829939678311
-0.002491144929081202
-0.002487517194822431
-0.002483942778781056
-0.00248041725717485
-0.002476935740560293
-0.002473492873832583
-0.002470083069056273
-0.002466700039803982
-0.00246333796530962
-0.002459989627823234
-0.002456648973748088
-0.002453309018164873
-0.00244996277615428
-0.002446604426950216
-0.002443227916955948
-0.002439827192574739
-0.002436397364363074
-0.002432933775708079
-0.002429432002827525
-0.002425888786092401
-0.002422301331534982
-0.002418667543679476
-0.002414986025542021
-0.002411256311461329
-0.002407478401437402
-0.002403652761131525
-0.002399781253188848
-0.002395865740254521
-0.002391909016296268
-0.002387915039435029
-0.002383887302130461
-0.002379830926656723
-0.002375750802457333
-0.002371652284637094
-0.002367541659623384
-0.002363424282521009
-0.002359306905418634
-0.002355195814743638
-0.002351097762584686
-0.002347018104046583
-0.002342963125556707
-0.002338938182219863
-0.00233494839631021
-0.002330999122932553
-0.002327094320207834
-0.002323237713426352
-0.002319431863725185
-0.002315679332241416
-0.002311981748789549
-0.002308339579030871
-0.002304753055796027
-0.002301221247762442
-0.002297743456438184
-0.002294317819178104
-0.002290942007675767
-0.002287613926455379
-0.002284330315887928
-0.002281087916344404
-0.002277882769703865
-0.002274711616337299
-0.002271570963785052
-0.002268457086756825
-0.002265366725623608
-0.002262297086417675
-0.002259244909510016
-0.002256208332255483
-0.002253185259178281
-0.002250174526125193
-0.002247175900265574
-0.002244189381599426
-0.00224121636711061
-0.002238258253782988
-0.002235317835584283
-0.00223239790648222
-0.002229502657428384
-0.002226636046543717
-0.002223802730441093
-0.00222100829705596
-0.00221825810149312
-0.00221555819734931
-0.002212913939729333
-0.002210330683737993
-0.00220781471580267
-0.002205370925366879
-0.00220300373621285
-0.002200717572122812
-0.002198516856878996
-0.002196404384449124
-0.00219438225030899
-0.002192452317103744
-0.002190615283325315
-0.00218887091614306
-0.002187218517065048
-0.002185655757784843
-0.002184180542826653
-0.002182789146900177
-0.002181477611884475
-0.002180240815505385
-0.002179072936996818
-0.00217796815559268
-0.002176919486373663
-0.00217591947875917
-0.002174962079152465
-0.002174039371311665
-0.002173143438994884
-0.002172266831621528
-0.002171402797102928
-0.002170544117689133
-0.002169684274122119
-0.002168816281482577
-0.00216793455183506
-0.002167033962905407
-0.002166109159588814
-0.002165156183764338
-0.002164171077311039
-0.002163150813430548
-0.002162092598155141
-0.002160995034500957
-0.002159856958314776
-0.002158677205443382
-0.002157455310225487
-0.002156191505491734
-0.002154885558411479
-0.002153538167476654
-0.00215215003117919
-0.002150722313672304
-0.002149255946278572
-0.002147752093151212
-0.002146212616935372
-0.002144638681784272
-0.002143031917512417
-0.002141394186764956
-0.00213972688652575
-0.00213803187943995
-0.002136311260983348
-0.002134566893801093
-0.002132801106199622
-0.002131016459316015
-0.002129215281456709
-0.002127401065081358
-0.002125576138496399
-0.002123743994161487
-0.002121907658874989
-0.002120070857927203
-0.002118237316608429
-0.002116410760208964
-0.002114595845341682
-0.002112796064466238
-0.002111015608534217
-0.002109258435666561
-0.002107528038322926
-0.002105828141793609
-0.002104161772876978
-0.00210253125987947
-0.002100939629599452
-0.002099387813359499
-0.002097877208143473
-0.002096408046782017
-0.002094980329275131
-0.002093593124300241
-0.002092244569212198
-0.002090932102873921
-0.002089652698487043
-0.002088402630761266
-0.002087177941575646
-0.002085973508656025
-0.002084784442558885
-0.002083605388179421
-0.0020824302919209
-0.002081254031509161
-0.002080070786178112
-0.002078874967992306
-0.002077661687508225
-0.002076426520943642
-0.002075165277346969
-0.002073874697089195
-0.002072552219033241
-0.002071195049211383
-0.002069802489131689
-0.002068373840302229
-0.002066910034045577
-0.002065412001684308
-0.002063882071524858
-0.002062322571873665
-0.002060737926512957
-0.002059131627902389
-0.00205750809982419
-0.002055871766060591
-0.002054227981716394
-0.002052582101896405
-0.002050939248874784
-0.00204930454492569
-0.00204768218100071
-0.002046076813712716
-0.002044492401182652
-0.002042931970208883
-0.002041398547589779
-0.002039893995970488
-0.002038419479504228
-0.002036974998190999
-0.002035561483353376
-0.002034177305176854
-0.002032820601016283
-0.00203148927539587
-0.002030180534347892
-0.00202889135107398
-0.002027618233114481
-0.002026356756687164
-0.002025103429332376
-0.002023854525759816
-0.002022605622187257
-0.002021352993324399
-0.002020092913880944
-0.002018822822719812
-0.00201753992587328
-0.002016241662204266
-0.002014926867559552
-0.002013594144955277
-0.00201224279589951
-0.002010872820392251
-0.002009484218433499
-0.002008078619837761
-0.002006657421588898
-0.002005222719162703
-0.002003776375204325
-0.002002320718020201
-0.002000858774408698
-0.001999393105506897
-0.001997926505282521
-0.001996461534872651
-0.00199500098824501
-0.001993547193706036
-0.001992102712392807
-0.001990668708458543
-0.001989247044548392
-0.001987838884815574
-0.001986445393413305
-0.001985067036002874
-0.001983704278245568
-0.001982356421649456
-0.001981022767722607
-0.001979702385142446
-0.001978393876925111
-0.00197709584608674
-0.001975806197151542
-0.001974523533135653
-0.001973245292901993
-0.001971969846636057
-0.001970695098862052
-0.001969418954104185
-0.001968140248209238
-0.001966856885701418
-0.00196556793525815
-0.001964271767064929
-0.001962967915460467
-0.001961655681952834
-0.001960335532203317
-0.001959007233381271
-0.001957671018317342
-0.001956327585503459
-0.001954978331923485
-0.001953623723238707
-0.001952265505678952
-0.001950904726982117
-0.001949542900547385
-0.001948181656189263
-0.00194682227447629
-0.001945466152392328
-0.001944114686921239
-0.001942769158631563
-0.001941430731676519
-0.001940099988132715
-0.001938777510076761
-0.001937463413923979
-0.001936158048920333
-0.00193486106581986
-0.001933572231791914
-0.001932290964759886
-0.001931016566231847
-0.001929748104885221
-0.001928484300151467
-0.001927224104292691
-0.001925966003909707
-0.001924709067679942
-0.001923452247865498
-0.001922194263897836
-0.001920934300869703
-0.001919671194627881
-0.001918404595926404
-0.001917133922688663
-0.001915859058499336
-0.001914580003358424
-0.001913296757265925
-0.00191200990229845
-0.001910719904117286
-0.001909427111968398
-0.001908132806420326
-0.001906837685965002
-0.001905542914755642
-0.001904249307699502
-0.001902957796119153
-0.001901669660583138
-0.001900385599583387
-0.001899106078781188
-0.00189783179666847
-0.001896563335321844
-0.001895300694741309
-0.001894043758511543
-0.001892792410217226
-0.001891546417027712
-0.001890305196866393
-0.001889068284071982
-0.001887834747321904
-0.001886603771708906
-0.001885374658741057
-0.001884146477095783
-0.001882918528281152
-0.001881690346635878
-0.001880461233668029
-0.001879230607300997
-0.001877998118288815
-0.001876763766631484
-0.00187552731949836
-0.001874288893304765
-0.001873048604466021
-0.001871806802228093
-0.001870564185082912
-0.00186932145152241
-0.001868078717961907
-0.001866836915723979
-0.00186559627763927
-0.001864357618615031
-0.001863121287897229
-0.001861887867562473
-0.001860657823272049
-0.001859431038610637
-0.001858207979239523
-0.001856988645158708
-0.001855772803537548
-0.00185456033796072
-0.001853350782766938
-0.001852143905125558
-0.001850939239375293
-0.001849736552685499
-0.001848535495810211
-0.001847335719503462
-0.00184613699093461
-0.001844938844442368
-0.001843740814365447
-0.001842542667873204
-0.001841344288550317
-0.001840145443566144
-0.001838946482166648
-0.001837747287936509
-0.001836548093706369
-0.001835349015891552
-0.001834149938076735
-0.001832951209507883
-0.001831753412261605
-0.001830556546337903
-0.001829360728152096
-0.001828166423365474
-0.001826973981224
-0.001825783518142998
-0.001824595266953111
-0.001823409227654338
-0.001822225516662002
-0.00182104401756078
-0.001819864846765995
-0.00181868823710829
-0.0018175138393417
-0.001816341420635581
-0.001815170631743968
-0.00181400147266686
-0.001812833594158292
-0.00181166676338762
-0.001810500980354846
-0.001809336012229323
-0.001808171393349767
-0.001807007240131497
-0.001805843319743872
-0.001804679748602211
-0.001803516410291195
-0.001802353537641466
-0.001801191014237702
-0.001800029305741191
-0.001798868062905967
-0.001797707634977996
-0.001796548371203244
-0.001795390271581709
-0.001794233219698071
-0.001793077914044261
-0.001791924121789634
-0.001790772075764835
-0.001789621892385185
-0.001788473455235362
-0.001787326647900045
-0.001786181586794555
-0.001785037922672927
-0.001783895771950483
-0.001782755018211901
-0.001781615545041859
-0.001780477468855679
-0.001779340556822717
-0.001778204925358295
-0.001777070108801126
-0.001775935990735888
-0.001774802920408547
-0.001773670548573136
-0.001772538991644979
-0.001771408249624074
-0.001770278089679778
-0.001769148744642735
-0.001768020098097622
-0.001766892266459763
-0.001765765715390444
-0.001764640212059021
-0.001763515989296138
-0.001762393163517118
-0.001761271618306637
-0.001760151470080018
-0.001759032718837261
-0.001757915364578366
-0.001756799407303333
-0.001755684963427484
-0.001754571800120175
-0.001753459917381406
-0.001752349198795855
-0.001751239644363523
-0.001750131021253765
-0.00174902321305126
-0.001747915986925364
-0.00174680957570672
-0.001745704095810652
-0.001744599430821836
-0.001743495697155595
-0.001742392894811928
-0.001741291023790836
-0.001740190200507641
-0.001739090541377664
-0.001737992162816226
-0.001736895064823329
-0.001735799363814294
-0.001734704943373799
-0.001733612036332488
-0.001732520293444395
-0.00173142971470952
-0.001730340416543186
-0.001729252166114748
-0.001728165079839528
-0.001727079274132848
-0.001725994632579386
-0.001724911155179143
-0.001723828725516796
-0.001722747227177024
-0.001721666776575148
-0.001720587140880525
-0.001719508320093155
-0.001718430430628359
-0.001717353472486138
-0.001716277678497136
-0.001715202815830708
-0.001714128884486854
-0.001713056117296219
-0.001711984281428158
-0.001710913376882672
-0.001709843403659761
-0.001708774361759424
-0.001707706251181662
-0.001706639304757118
-0.001705573289655149
-0.00170450855512172
-0.001703444984741509
-0.001702382462099195
-0.00170132122002542
-0.001700261258520186
-0.00169920246116817
-0.001698144595138729
-0.001697087776847184
-0.001696032355539501
-0.001694977865554392
-0.001693924190476537
-0.001692871679551899
-0.001691819867119193
-0.001690769102424383
-0.001689719036221504
-0.001688669784925878
-0.001687621581368148
-0.001686573959887028
-0.001685527386143804
-0.001684481627307832
-0.001683436683379114
-0.001682392787188292
-0.001681350055150688
-0.00168030837085098
-0.001679267617873847
-0.001678228145465255
-0.001677190070040524
-0.001676152809523046
-0.001675116829574108
-0.00167408213019371
-0.001673048594966531
-0.001672016107477248
-0.001670984434895217
-0.001669953460805118
-0.001668923418037593
-0.001667894306592643
-0.001666866010054946
-0.001665838528424501
-0.00166481186170131
-0.001663786126300693
-0.001662761205807328
-0.001661737100221217
-0.001660714158788323
-0.001659692032262683
-0.001658670837059617
-0.001657650689594448
-0.00165663193911314
-0.001655614352785051
-0.001654597697779536
-0.001653582323342562
-0.001652567996643484
-0.001651554950512946
-0.001650542952120304
-0.001649532117880881
-0.001648522447794676
-0.001647513825446367
-0.001646506018005311
-0.00164549914188683
-0.001644492731429636
-0.001643486903049052
-0.00164248188957572
-0.001641477574594319
-0.001640473841689527
-0.00163947104010731
-0.001638468937017024
-0.001637467765249312
-0.001636467408388853
-0.001635467866435647
-0.001634469022974372
-0.001633471343666315
-0.001632474944926798
-0.001631479826755822
-0.001630485756322742
-0.001629492733627558
-0.001628501107916236
-0.001627510529942811
-0.001626521232537925
-0.001625533099286258
-0.001624546013772488
-0.001623559975996614
-0.001622574869543314
-0.001621590810827911
-0.001620607683435082
-0.001619625254534185
-0.001618643524125218
-0.001617662608623505
-0.001616682508029044
-0.001615703105926514
-0.001614724402315915
-0.00161374663002789
-0.001612769672647119
-0.001611793646588922
-0.001610818435437977
-0.00160984368994832
-0.00160886999219656
-0.001607897109352052
-0.001606925274245441
-0.001605954254046082
-0.001604984165169299
-0.001604015007615089
-0.001603046897798777
-0.001602079602889717
-0.001601113239303231
-0.00160014780703932
-0.001599182956852019
-0.00159821892157197
-0.001597255584783852
-0.001596292946487665
-0.001595330890268087
-0.001594369648955762
-0.001593409106135368
-0.001592449378222227
-0.001591490348801017
-0.001590532134287059
-0.001589574851095676
-0.001588618499226868
-0.001587663311511278
-0.001586709171533585
-0.001585756195709109
-0.001584804384037852
-0.00158385350368917
-0.001582903903909028
-0.001581955468282104
-0.001581008196808398
-0.001580061973072588
-0.001579116913489997
-0.001578172785229981
-0.001577229471877217
-0.001576286740601063
-0.001575344940647483
-0.001574404072016478
-0.001573463901877403
-0.001572524546645582
-0.001571586006321013
-0.001570648397319019
-0.001569711486808956
-0.001568775391206145
-0.001567839994095266
-0.001566905179060996
-0.001565971178933978
-0.001565038110129535
-0.001564105856232345
-0.001563174067996442
-0.001562243094667792
-0.001561312819831073
-0.001560383359901607
-0.001559454598464072
-0.001558526535518467
-0.001557599403895438
-0.001556673087179661
-0.001555747701786458
-0.001554822898469865
-0.001553899026475847
-0.001552976085804403
-0.00155205384362489
-0.001551132649183273
-0.001550212618894875
-0.001549293519929051
-0.001548375585116446
-0.001547458348795772
-0.00154654192738235
-0.001545626204460859
-0.0015447111800313
-0.001543796970508993
-0.001542883459478617
-0.001541970646940172
-0.001541058532893658
-0.001540147233754396
-0.001539236633107066
-0.001538326847366989
-0.001537417876534164
-0.00153650960419327
-0.001535602263174951
-0.001534695969894528
-0.00153379060793668
-0.001532886177301407
-0.00153198279440403
-0.001531080226413906
-0.001530178589746356
-0.001529277884401381
-0.001528377993963659
-0.001527479034848511
-0.001526580890640616
-0.001525683561339974
-0.001524787163361907
-0.001523891463875771
-0.001522996695712209
-0.001522102626040578
-0.001521209487691522
-0.001520317047834396
-0.00151942519005388
-0.001518534147180617
-0.001517643919214606
-0.001516754506155849
-0.001515866024419665
-0.001514978357590735
-0.001514091389253736
-0.001513205352239311
-0.001512320130132139
-0.001511435606516898
-0.001510551664978266
-0.001509668421931565
-0.001508785877376795
-0.001507903798483312
-0.00150702241808176
-0.001506141503341496
-0.001505261170677841
-0.001504381536506116
-0.001503502600826323
-0.001502624596469104
-0.001501747407019138
-0.001500870799645782
-0.001499994657933712
-0.001499119447544217
-0.001498244935646653
-0.001497371238656342
-0.001496498472988605
-0.0014956264058128
-0.001494755269959569
-0.001493884949013591
-0.001493015326559544
-0.001492146635428071
-0.001491278759203851
-0.00149041204713285
-0.001489546033553779
-0.00148868071846664
-0.001487816334702075
-0.00148695264942944
-0.001486089779064059
-0.001485227490775287
-0.00148436613380909
-0.001483505475334823
-0.001482645515352488
-0.001481786370277405
-0.001480928272940218
-0.001480071106925607
-0.001479214639402926
-0.00147835910320282
-0.001477504149079323
-0.001476649777032435
-0.001475795987062156
-0.001474942895583808
-0.00147409038618207
-0.001473238691687584
-0.001472387928515673
-0.001471537980251014
-0.001470688730478287
-0.001469839946366847
-0.001468991860747337
-0.001468144357204437
-0.001467297552153468
-0.001466451329179108
-0.001465605804696679
-0.001464760978706181
-0.001463916734792292
-0.001463073305785656
-0.001462230575270951
-0.001461388543248177
-0.001460547209717333
-0.001459706807509065
-0.001458867103792727
-0.001458028331398964
-0.001457190257497132
-0.001456353231333196
-0.001455517252907157
-0.001454681972973049
-0.001453847740776837
-0.0014530144399032
-0.001452181837521493
-0.001451349933631718
-0.001450518728233874
-0.001449687988497317
-0.001448857598006725
-0.001448027673177421
-0.001447198330424726
-0.001446369453333318
-0.001445541507564485
-0.001444714027456939
-0.001443887362256646
-0.001443061046302319
-0.001442235196009278
-0.001441410160623491
-0.001440585707314312
-0.001439762068912387
-0.001438939245417714
-0.001438117120414972
-0.001437295693904161
-0.001436475198715925
-0.001435655518434942
-0.001434836536645889
-0.001434018486179411
-0.001433201134204865
-0.001432384829968214
-0.001431569107808173
-0.001430754316970706
-0.00142994022462517
-0.001429126714356244
-0.001428313902579248
-0.001427502022124827
-0.001426690840162337
-0.001425880356691778
-0.001425070688128471
-0.001424261718057096
-0.001423453562892973
-0.001422646222636104
-0.001421839348040521
-0.00142103317193687
-0.001420227461494505
-0.00141942233312875
-0.001418617903254926
-0.001417814055457711
-0.001417010556906462
-0.0014162075240165
-0.001415405073203146
-0.001414603204466403
-0.001413801917806268
-0.00141300109680742
-0.001412201090715826
-0.001411401550285518
-0.001410602824762464
-0.001409804564900696
-0.001409006887115538
-0.001408209907822311
-0.001407413394190371
-0.001406617811881006
-0.001405823044478893
-0.001405029091984034
-0.001404236070811749
-0.001403443748131394
-0.001402652123942971
-0.001401861431077123
-0.001401071669533849
-0.001400282606482506
-0.001399494358338416
-0.001398706925101578
-0.001397920190356672
-0.001397134270519018
-0.001396348932757974
