0
0
0
0
0
0
0
0
0
0
0
0
0
0
0
0
0
0
0
0
0
0
0
0
0
0
0
0
0
0
0
0
0
0
0
0
0
0
0
0
0
0
0
0
0
0
0
0
0
0
0
0
0
0
0
0
0
0
0
0
0
0
0
0
0
0
0
0
0
0
0
0
0
0
0
0
0
0
0
0
0
0
0
0
0
0
0
0
0
0
0
0
0
0
0
0
0
0
0
0
0
0
0
0
0
0
0
0
0
0
0
0
0
0
0
0
0
0
0
0
0
0
0
0
0
0
0
0
0
0
0
0
0
0
0
0
0
0
0
0
0
0
0
0
0
0
0
0
0
0
0
0
0
0
0
0
0
0
0
0
0
0
0
0
0
0
0
0
0
0
0
0
0
0
0
0
0
0
0
0
0
0
0
0
0
0
0
0
0
0
0
0
0
0
0
0
0
0
0
0
0
0
0
0
0
0
0
0
0
0
0
0
0
0
0
0
0
0
0
0
0
0
0
0
0
0
0
0
0
0
0
0
0
0
0
0
0
0
0
0
0
0
0
0
0
0
0
0
0
0
0
0
0
0
0
0
0
0
0
0
0
0
0
0
0
0
0
0
0
0
0
0
0
0
0
0
0
0
0
0
0
0
0
0
0
0
0
0
0
0
0
0
0
0
0
0
0
0
0
0
0
0
0
0
0
0
0
0
0
0
0
0
0
0
0
0
0
0
0
0
0
0
0
0
0
0
0
0
0
0
0
0
0
0
0
0
0
0
0
0
0
0
0
0
0
0
0
0
0
0
0
0
0
0
0
0
0
0
0
0
0
0
0
0
0
0
0
0
0
0
0
0
0
0
0
0
0
0
0
0
0
0
0
0
0
0
0
0
0
0
0
0
0
0
0
0
0
0
0
0
0
0
0
0
0
0
0
0
0
0
0
0
0
0
0
0
0
0
0
0
0
0
0
0
0
0
0
0
0
0
0
0
0
0
0
0
0
0
0
0
0
0
0
0
0
0
0
0
0
0
0
0
0
0
0
0
0
0
0
0
0
0
0
0
0
0
0
0
0
0
0
0
0
0
0
0
0
0
0
0
0
0
0
0
0
0
0
0
0
0
0
0
0
0
0
0
0
0
0
0
0
0
0
0
0
0
0
0
0
0
0
0
0
0
0
0
0
0
0
0
0
0
0
0
0
0
0
0
0
0
0
0
0
0
0
0
0
0
0
0
0
0
0
0
0
0
0
0
0
0
0
0
0
0
0
0
0
0
0
0
0
0
0
0
0
0
0
0
0
0
0
0
0
0
0
0
0
0
0
0
0
0
0
0
0
0
0
0
0
0
0
0
0
0
0
0
0
0
0
0
0
0
0
0
0
0
0
0
0
0
0
0
0
0
0
0
0
0
0
0
0
0
0
0
0
0
0
0
0
0
0
0
0
0
0
0
0
0
0
0
0
0
0
0
0
0
0
0
0
0
0
0
0
0
0
0
0
0
0
0
0
0
0
0
0
0
0
0
0
0
0
0
0
0
0
0
0
0
0
0
0
0
0
0
0
0
0
0
0
0
0
0
0
0
0
0
0
0
0
0
0
0
0
0
0
0
0
0
0
0
0
0
0
0
0
0
0
0
0
0
0
0
0
0
0
0
0
0
0
0
0
0
0
0
0
0
0
0
0
0
0
0
0
0
0
0
0
0
0
0
0
0
0
0
0
0
0
0
0
0
0
0
0
0
0
0
0
0
0
0
0
0
0
0
0
0
0
0
0
0
0
0
0
0
0
0
0
0
0
0
0
0
0
0
0
0
0
0
0
0
0
0
0
0
0
0
0
0
0
0
0
0
0
0
0
0
0
0
0
0
0
0
0
0
0
0
0
0
0
0
0
0
0
0
0
0
0
0
0
0
0
0
0
0
0
0
0
0
0
0
0
0
0
0
0
0
0
0
0
0
0
0
0
0
0
0
0
0
0
0
0
0
0
0
0
0
0
0
0
0
0
0
0
0
0
0
0
0
0
0
0
0
0
0
0
0
0
0
0
0
0
0
0
0
0
0
0
0
0
0
0
0
0
0
0
0
0
0
0
0
0
0
0
0
0
0
0
0
0
0
0
0
0
0
0
0
0
0
0
0
0
0
0
0
0
0
0
0
0
0
0
0
0
0
0
0
0
0
0
0
0
0
0
0
0
0
0
0
0
0
0
0
0
0
0
0
0
0
0
0
0
0
0
0
0
0
0
0
0
0
0
0
0
0
0
0
0
0
0
0
0
0
0
0
0
0
0
0
0
0
0
0
0
0
0
0
0
0
0
0
0
0
0
0
0
0
0
0
0
0
0
0
0
0
0
0
0
0
0
0
0
0
0
0
0
0
0
0
0
0
0
0
0
0
0
0
0
0
0
0
0
0
0
0
0
0
0
0
0
0
0
0
0
0
0
0
0
0
0
0
0
0
0
0
0
0
0
0
0
0
0
0
0
0
0
0
0
0
0
0
0
0
0
0
0
0
0
0
0
0
0
0
0
0
0
0
0
0
0
0
0
0
0
0
0
0
0
0
0
0
0
0
0
0
0
0
0
0
0
0
0
0
0
0
0
0
0
0
0
0
0
0
0
0
0
0
0
0
0
0
0
0
0
0
0
0
0
0
0
0
0
0
0
0
0
0
0
0
0
0
0
0
0
0
0
0
0
0
0
0
0
0
0
0
0
0
0
0
0
0
0
0
0
0
0
0
0
0
0
0
0
0
0
0
0
0
0
0
0
0
0
0
0
0
0
0
0
0
0
0
0
0
0
0
0
0
0
0
0
0
0
0
0
0
0
0
0
0
0
0
0
0
0
0
0
0
0
0
0
0
0
0
0
0
0
0
0
0
0
0
0
0
0
0
0
0
0
0
0
0
0
0
0
0
0
0
0
0
0
0
0
0
0
0
0
0
0
0
0
0
0
0
0
0
0
0
0
0
0
0
0
0
0
0
0
0
0
0
0
0
0
0
0
0
0
0
0
0
0
0
0
0
0
0
0
0
0
0
0
0
0
0
0
0
0
0
0
0
0
0
0
0
0
0
0
0
0
0
0
0
0
0
0
0
0
0
0
0
0
0
0
0
0
0
0
0
0
0
0
0
0
0
0
0
0
0
0
0
0
0
0
0
0
0
0
0
0
0
0
0
0
0
0
0
0
0
0
0
0
0
0
0
0
0
0
0
0
0
0
0
0
0
0
0
0
0
0
0
0
0
0
0
0
0
0
0
0
0
0
0
0
0
0
0
0
0
0
0
0
0
0
0
0
0
0
0
0
0
0
0
0
0
0
0
0
0
0
0
0
0
0
0
0
0
0
0
0
0
0
0
0
0
0
0
0
0
0
0
0
0
0
0
0
0
0
0
0
0
0
0
0
0
0
0
0
0
0
0
0
0
0
0
0
0
0
0
0
0
0
0
0
0
0
0
0
0
0
0
0
0
0
0
0
0
0
0
0
0
0
0
0
0
0
0
0
0
0
0
0
0
0
0
0
0
0
0
0
0
0
0
0
0
0
0
0
0
0
0
0
0
0
0
0
0
0
0
0
0
0
0
0
0
0
0
0
0
0
0
0
0
0
0
0
0
0
0
0
0
0
0
0
0
0
0
0
0
0
0
0
0
0
0
0
0
0
0
0
0
0
0
0
0
0
0
0
0
0
0
0
0
0
0
0
0
0
0
0
0
0
0
0
0
0
0
0
0
0
0
0
0
0
0
0
0
0
0
0
0
0
0
0
0
0
0
0
0
0
0
0
0
0
0
0
0
0
0
0
0
0
0
0
0
0
0
0
0
0
0
0
0
0
0
0
0
0
0
0
0
0
0
0
0
0
0
0
0
0
0
0
0
0
0
0
0
0
0
0
0
0
0
0
0
0
0
0
0
0
0
0
0
0
0
0
0
0
0
0
0
0
0
0
0
0
0
0
0
0
0
0
0
0
0
0
0
0
0
0
0
0
0
0
0
0
0
0
0
0
0
0
0
0
0
0
0
0
0
0
0
0
0
0
0
0
0
0
0
0
0
0
0
0
0
0
0
0
0
0
0
0
0
0
0
0
0
0
0
0
0
0
0
0
0
0
0
0
0
0
0
0
0
0
0
0
0
0
0
0
0
0
0
0
0
0
0
0
0
0
0
0
0
0
0
0
0
0
0
0
0
0
0
0
0
0
0
0
0
0
0
0
0
0
0
0
0
0
0
0
0
0
0
0
0
0
0
0
0
0
0
0
0
0
0
0
0
0
0
0
0
0
0
0
0
0
0
0
0
0
0
0
0
0
0
0
0
0
0
0
0
0
0
0
0
0
0
0
0
0
0
0
0
0
0
0
0
0
0
0
0
0
0
0
0
0
0
0
0
0
0
0
0
0
0
0
0
0
0
0
0
0
0
0
0
0
0
0
0
0
0
0
0
0
0
0
0
0
0
0
0
0
0
0
0
0
0
0
0
0
0
0
0
0
0
0
0
0
0
0
0
0
0
0
0
0
0
0
0
0
0
0
0
0
0
0
0
0
0
0
0
0
0
0
0
0
0
0
0
0
0
0
0
0
0
0
0
0
0
0
0
0
0
0
0
0
0
0
0
0
0
0
0
0
0
0
0
0
0
0
0
0
0
0
0
0
0
0
0
0
0
0
0
0
0
0
0
0
0
0
0
0
0
0
0
0
0
0
0
0
0
0
0
0
0
0
0
0
0
0
0
0
0
0
0
0
0
0
0
0
0
0
0
0
0
0
0
0
0
0
0
0
0
0
0
0
0
0
0
0
0
0
0
0
0
0
0
0
0
0
0
0
0
0
0
0
0
0
0
0
0
0
0
0
0
0
0
0
0
0
0
0
0
0
0
0
0
0
0
0
0
0
0
0
0
0
0
0
0
0
0
0
0
0
0
0
0
0
0
0
0
0
0
0
0
0
0
0
0
0
0
0
0
0
0
0
0
0
0
0
0
0
2.802596928649634e-45
1.401298464324817e-44
4.203895392974451e-44
8.127531093083939e-44
1.345246525751824e-43
2.214051573633211e-43
3.587324068671532e-43
5.661245795872261e-43
8.856206294532844e-43
1.390088076610219e-42
2.163604828917518e-42
3.351905926664962e-42
5.170791333358575e-42
7.959375277364961e-42
1.224034208587728e-41
1.879421500352445e-41
2.882050551576851e-41
4.416472370012526e-41
6.760424311288647e-41
1.033793929070991e-40
1.579249356309426e-40
2.41007921580761e-40
3.67428865136753e-40
5.596169495189016e-40
8.515004131454394e-40
1.294352766826011e-39
1.96562377668385e-39
2.982132689197394e-39
4.519935840827485e-39
6.844094441295018e-39
1.035330032447583e-38
1.564663801113654e-38
2.362345665178542e-38
3.563248920275353e-38
5.369445569374504e-38
8.083391873015864e-38
1.215735270666488e-37
1.826694786983356e-37
2.742046261486773e-37
4.112118190832576e-37
6.160825065570122e-37
9.22135642415885e-37
1.378902979530304e-36
2.059946050727795e-36
3.074408114600469e-36
4.584066365940799e-36
6.828484279082908e-36
1.016206687186991e-35
1.510860220142779e-35
2.244147572400294e-35
3.330147658244768e-35
4.936975828379685e-35
7.312132188781937e-35
1.081964145377071e-34
1.5994392583056e-34
2.36215796427605e-34
3.485272332743445e-34
5.137493009316519e-34
7.565763117687967e-34
1.113118763476818e-33
1.636129628278256e-33
2.402600617827351e-33
3.524791442627632e-33
5.16622604017695e-33
7.56487479293363e-33
1.106671066759963e-32
1.617424978496979e-32
2.361667920885002e-32
3.445106517295313e-32
5.020833184685573e-32
7.310356462220001e-32
1.06338639663945e-31
1.545374227757678e-31
2.24370838521113e-31
3.254539252271361e-31
4.716318434369182e-31
6.828219578418089e-31
9.876494131654053e-31
1.427214240909632e-30
2.060472325804952e-30
2.971911336901462e-30
4.282492181966574e-30
6.165226752661657e-30
8.867341823507022e-30
1.27417749653992e-29
1.829189580501004e-29
2.623493043374232e-29
3.759184741703666e-29
5.38145993214355e-29
7.696608883082401e-29
1.099744276102756e-28
1.569918784901717e-28
2.239009356888068e-28
3.190274304669533e-28
4.541441512774752e-28
6.45881888376145e-28
9.177117814763399e-28
1.302727036664217e-27
1.84754305490672e-27
2.61776038048708e-27
3.705608235471605e-27
5.240629482744641e-27
7.404605909002095e-27
1.045237540892732e-26
1.474085979390591e-26
2.076946733558506e-26
2.92363314609936e-26
4.111642570071439e-26
5.777007135232309e-26
8.109340961657108e-26
1.137269828918506e-25
1.593444054802111e-25
2.230517028502121e-25
3.119390212325118e-25
4.358423467795684e-25
6.083937875792799e-25
8.484686157260956e-25
1.182177190410506e-24
1.645603291336292e-24
2.288566935934619e-24
3.179786290697357e-24
4.413958388054725e-24
6.121452945001489e-24
8.481581595168459e-24
1.174073360381829e-23
1.623714925571305e-23
2.243471031755891e-23
3.096900990930148e-23
4.271007483469996e-23
5.884771717582843e-23
8.100747002487256e-23
1.11408124584624e-22
1.530752148620951e-22
2.101305327761783e-22
2.881839143485026e-22
3.948631017962526e-22
5.405298146639423e-22
7.392459719036794e-22
1.010077193013178e-21
1.37884818394383e-21
1.880505255604986e-21
2.562293123527263e-21
3.488022329815432e-21
4.74379437907995e-21
6.445677291935891e-21
8.749986797626251e-21
1.186703518247977e-20
1.607951869097856e-20
2.176706233328972e-20
2.943896379750159e-20
3.977782641914225e-20
5.369765084775301e-20
7.242113604448368e-20
9.7582283605379e-20
1.313627565466534e-19
1.766725310268288e-19
2.373893069729315e-19
3.186754927385108e-19
4.273969329770013e-19
5.726764734172795e-19
7.666239089801511e-19
1.025298537668027e-18
1.369976633907901e-18
1.828819199762624e-18
2.439062804482035e-18
3.249898328131015e-18
4.326243525568184e-18
5.753689256316243e-18
7.644973620421268e-18
1.014844815202219e-17
1.345913515618912e-17
1.783316366497357e-17
2.360658655557319e-17
3.121989735650715e-17
4.124991557868829e-17
5.445123177283443e-17
7.181006360479049e-17
9.461405666433818e-17
1.245428144201562e-16
1.637849905986109e-16
2.151898452155881e-16
2.824629091873089e-16
3.704187574906363e-16
4.853065742172857e-16
6.352297647549616e-16
8.306856878283252e-16
1.085259693120151e-15
1.41651553818735e-15
1.847138935879319e-15
2.406401968424628e-15
3.132037094887258e-15
4.072634783802926e-15
5.290705854920762e-15
6.866590324496654e-15
8.903438594297809e-15
1.15335563636524e-14
1.492647558288748e-14
1.929921202232024e-14
2.492928925085496e-14
3.217125323735567e-14
4.147758390004794e-14
5.342518690897718e-14
6.874885995775473e-14
8.83835512372963e-14
1.135176954064447e-13
1.456604205741369e-13
1.867261499501754e-13
2.391409010919776e-13
3.059760832289232e-13
3.911160403793218e-13
4.994682510466031e-13
6.372267622421768e-13
8.122008924790758e-13
1.034227282807609e-12
1.315682805758112e-12
1.672124895144012e-12
2.123088597288936e-12
2.693078182333664e-12
3.41280042420733e-12
4.320693542531062e-12
5.464825206941137e-12
6.905241135835016e-12
8.716874444480993e-12
1.09931360889326e-11
1.385035489076536e-11
1.7433242349707e-11
2.192163811587378e-11
2.753878722283609e-11
3.456154112901899e-11
4.333287895175175e-11
5.427721119777296e-11
6.791918416571008e-11
8.490669972660569e-11
1.060389623330771e-10
1.323007814413302e-10
1.649043956941654e-10
2.053404113411261e-10
2.554396694165462e-10
3.174486506996033e-10
3.941207082913678e-10
4.888268678726604e-10
6.056898316231241e-10
7.497462650718489e-10
9.271426959500673e-10
1.145371464339462e-09
1.4135562720341e-09
1.742794131232017e-09
2.146568034433471e-09
2.641241669820715e-09
3.246652502397751e-09
3.986824648194442e-09
4.890815308300489e-09
5.993734841780451e-09
7.337958241038223e-09
8.974567755615226e-09
1.096507862285989e-08
1.338348276647139e-08
1.631867263540698e-08
1.987733710961948e-08
2.418735078890677e-08
2.940183030375465e-08
3.570389139895269e-08
4.331227998477516e-08
5.248799439527829e-08
6.354209602932315e-08
7.684485581194167e-08
9.283652246949714e-08
1.120399275578166e-07
1.350752540929534e-07
1.626772530016751e-07
1.957153727971672e-07
2.352172288055954e-07
2.823960016939964e-07
3.386819855677459e-07
4.057596640905103e-07
4.856100872530078e-07
5.805606519970752e-07
6.933420308996574e-07
8.271539968518482e-07
9.857416216618731e-07
1.173482246485946e-06
1.395486378896749e-06
1.657712004998757e-06
1.967097432498122e-06
2.331711357328459e-06
2.760924871836323e-06
3.265607801949955e-06
3.85835255656275e-06
4.553727194434032e-06
5.368562142393785e-06
6.322277840808965e-06
7.437250587827293e-06
8.739229997445364e-06
1.025780602503801e-05
1.202693329105387e-05
1.408552543580299e-05
1.64781158673577e-05
1.925559263327159e-05
2.247602969873697e-05
2.620560007926542e-05
3.051960811717436e-05
3.550360997905955e-05
4.125467967242002e-05
4.788278965861537e-05
5.551234789891168e-05
6.42838713247329e-05
7.435582665493712e-05
8.590664219809696e-05
9.913695976138115e-05
0.000114271962956991
0.0001315640547545627
0.0001512956514488906
0.0001737822167342529
0.0001993756159208715
0.0002284676156705245
0.0002614936383906752
0.0002989368222188205
0.0003413324302528054
0.0003892722597811371
0.0004434094880707562
0.0005044637946411967
0.0005732264253310859
0.0006505660712718964
0.0007374341948889196
0.0008348713163286448
0.0009440126013942063
0.001066094497218728
0.00120246026199311
0.001354566542431712
0.001523989951238036
0.001712431898340583
0.001921725459396839
0.002153840148821473
0.002410887507721782
0.002695125062018633
0.003008961211889982
0.003354957327246666
0.003735830308869481
0.004154454451054335
0.004613860510289669
0.005117234773933887
0.005667916499078274
0.006269393023103476
0.006925291381776333
0.007639373186975718
0.008415520191192627
0.00925772450864315
0.01017006859183311
0.0111567098647356
0.01222185976803303
0.01336975209414959
0.01460462529212236
0.01593068428337574
0.01735207065939903
0.01887282356619835
0.02049683406949043
0.0222278106957674
0.02406922914087772
0.02602428197860718
0.02809582464396954
0.03028632886707783
0.03259782120585442
0.03503182157874107
0.03758930414915085
0.0402706116437912
0.04307542368769646
0.04600268974900246
0.04905057325959206
0.05221642181277275
0.0554966889321804
0.05888691172003746
0.06238167360424995
0.06597457826137543
0.06965824216604233
0.07342423498630524
0.07726316154003143
0.08116459846496582
0.0851171538233757
0.08910851180553436
0.09312546253204346
0.09715395420789719
0.1011792197823524
0.105185829102993
0.1091578081250191
0.1130787879228592
0.1169321164488792
0.1207009926438332
0.1243686676025391
0.1279185712337494
0.1313345283269882
0.1346009373664856
0.1377029865980148
0.1406267732381821
0.1433595269918442
0.1458898484706879
0.1482078582048416
0.1503053307533264
0.1521758735179901
0.1538151055574417
0.155220702290535
0.1563925296068192
0.1573327630758286
0.1580458879470825
0.1585386246442795
0.1588200777769089
0.1589014828205109
0.1587963253259659
0.1585200279951096
0.158089891076088
0.1575248688459396
0.1568453460931778
0.1560728996992111
0.1552299559116364
0.154339537024498
0.1534249484539032
0.152509331703186
0.1516153961420059
0.1507650911808014
0.1499791741371155
0.149276927113533
0.1486758440732956
0.1481912434101105
0.1478360444307327
0.1476205438375473
0.1475521773099899
0.147635355591774
0.1478713750839233
0.1482583582401276
0.1487912386655807
0.1494618952274323
0.1502591222524643
0.1511689424514771
0.1521747708320618
0.1532576978206635
0.1543967872858047
0.1555695533752441
0.1567522585391998
0.1579204052686691
0.1590491980314255
0.1601139605045319
0.1610907018184662
0.1619564294815063
0.162689745426178
0.1632711589336395
0.1636835187673569
0.1639122664928436
0.1639457941055298
0.1637755632400513
0.1633962988853455
0.1628060340881348
0.1620061248540878
0.1610011458396912
0.1597987711429596
0.158409520983696
0.1568465232849121
0.1551251113414764
0.1532625257968903
0.1512773782014847
0.149189293384552
0.1470184177160263
0.1447848975658417
0.1425085961818695
0.1402084231376648
0.1379021406173706
0.1356058865785599
0.1333339512348175
0.1310984790325165
0.1289093792438507
0.1267741620540619
0.1246980205178261
0.1226837635040283
0.1207320317625999
0.1188415065407753
0.1170091181993484
0.1152303814888
0.113499790430069
0.1118111461400986
0.1101579889655113
0.1085339859127998
0.1069333180785179
0.105351060628891
0.1037834957242012
0.1022283583879471
0.1006850898265839
0.09915497899055481
0.09764118492603302
0.09614875912666321
0.09468457102775574
0.09325707703828812
0.09187613427639008
0.0905526727437973
0.08929828554391861
0.08812488615512848
0.08704420924186707
0.08606737852096558
0.08520446717739105
0.08446399867534637
0.08385260403156281
0.08337464183568954
0.08303185552358627
0.08282321691513062
0.08274473994970322
0.08278945833444595
0.08294747024774551
0.08320608735084534
0.08355008065700531
0.08396197855472565
0.08442247658967972
0.08491095155477524
0.08540596812963486
0.08588583767414093
0.08632921427488327
0.08671568334102631
0.08702637255191803
0.08724441379308701
0.08735545724630356
0.0873480886220932
0.0872141569852829
0.08694899082183838
0.08655153214931488
0.08602432906627655
0.08537347614765167
0.08460840582847595
0.08374158293008804
0.0827881246805191
0.0817653089761734
0.08069212734699249
0.07958859950304031
0.0784752368927002
0.07737243920564651
0.07629989087581635
0.07527598738670349
0.0743173286318779
0.07343827188014984
0.07265058159828186
0.0719631165266037
0.07138166576623917
0.07090887427330017
0.07054422795772552
0.07028418034315109
0.0701223686337471
0.07004990428686142
0.07005571573972702
0.070126973092556
0.07024955749511719
0.07040850818157196
0.07058856636285782
0.07077459245920181
0.07095208019018173
0.07110757380723953
0.07122904062271118
0.07130615413188934
0.07133055478334427
0.07129601389169693
0.07119854539632797
0.07103638350963593
0.07080995291471481
0.07052174955606461
0.0701761394739151
0.06977912783622742
0.06933808326721191
0.06886141002178192
0.06835824251174927
0.06783811002969742
0.067310631275177
0.06678517162799835
0.06627058982849121
0.06577494740486145
0.06530533730983734
0.06486769765615463
0.06446665525436401
0.06410551071166992
0.06378617882728577
0.06350919604301453
0.06327378749847412
0.06307799369096756
0.0629187598824501
0.0627920851111412
0.06269323825836182
0.06261690706014633
0.06255738437175751
0.06250882148742676
0.06246538832783699
0.06242140755057335
0.06237158179283142
0.06231111660599709
0.06223585829138756
0.06214236095547676
0.06202799826860428
0.06189099326729774
0.06173043698072433
0.06154628843069077
0.06133931875228882
0.06111110746860504
0.06086390092968941
0.06060056760907173
0.06032444164156914
0.06003924459218979
0.05974890664219856
0.0594574548304081
0.05916886031627655
0.05888690799474716
0.0586150661110878
0.0583563968539238
0.05811341106891632
0.05788802728056908
0.05768150091171265
0.0574944019317627
0.05732659623026848
0.05717727541923523
0.05704498291015625
0.05692768841981888
0.05682289600372314
0.05672770366072655
0.05663897469639778
0.0565534383058548
0.05646781995892525
0.05637901276350021
0.05628414079546928
0.05618073046207428
0.05606677383184433
0.05594081059098244
0.05580197647213936
0.05565004795789719
0.05548540130257607
0.05530902370810509
0.05512242019176483
0.05492755770683289
0.05472677201032639
0.05452262237668037
0.05431780964136124
0.05411500856280327
0.05391677469015121
0.05372541770339012
0.05354289710521698
0.05337072163820267
0.05320991948246956
0.05306097865104675
0.05292385071516037
0.05279795452952385
0.05268223211169243
0.05257519707083702
0.05247503891587257
0.05237970501184464
0.0522870197892189
0.05219478905200958
0.05210094153881073
0.05200357362627983
0.05190108343958855
0.05179222673177719
0.0516761839389801
0.05155256763100624
0.05142143368721008
0.05128327757120132
0.051138985902071
0.05098975822329521
0.05083705112338066
0.05068247765302658
0.05052773654460907
0.05037448555231094
0.05022428557276726
0.05007849261164665
0.04993820935487747
0.04980422928929329
0.04967699199914932
0.04955659061670303
0.04944278299808502
0.04933499544858932
0.04923238977789879
0.04913391172885895
0.0490383468568325
0.04894442483782768
0.04885086789727211
0.04875647276639938
0.04866017401218414
0.04856109619140625
0.04845859855413437
0.04835230112075806
0.04824209958314896
0.0481281466782093
0.04801082238554955
0.04789071902632713
0.04776859655976295
0.04764532670378685
0.04752181097865105
0.04739896208047867
0.04727761074900627
0.04715848714113235
0.04704216122627258
0.04692902415990829
0.04681926220655441
0.04671286046504974
0.04660961031913757
0.04650912433862686
0.04641087353229523
0.04631420224905014
0.0462183840572834
0.04612267017364502
0.046026311814785
0.04592861607670784
0.04582897946238518
0.04572689160704613
0.04562196880578995
0.04551396146416664
0.04540273174643517
0.04528825730085373
0.04517060518264771
0.04504990950226784
0.04492633044719696
0.0448000431060791
0.04467116296291351
0.04453975707292557
0.04440578445792198
0.04426908865571022
0.044129379093647
0.04398620501160622
0.04383896663784981
0.04368690028786659
0.04352912679314613
0.04336461424827576
0.04319222271442413
0.04301071166992188
0.04281875863671303
0.04261499643325806
0.04239800199866295
0.04216630384325981
0.04191841185092926
0.04165279865264893
0.04136791080236435
0.0410621389746666
0.04073384031653404
0.0403812900185585
0.04000267758965492
0.0395960807800293
0.03915946558117867
0.03869064524769783
0.03818728029727936
0.03764687478542328
0.0370667539536953
0.03644408285617828
0.03577585890889168
0.03505892679095268
0.03428997844457626
0.03346558660268784
0.03258220478892326
0.03163622319698334
0.03062396124005318
0.02954171597957611
0.02838577702641487
0.02715244889259338
0.0258380901068449
0.0244391281157732
0.02295209839940071
0.02137365192174911
0.01970060169696808
0.0179299283772707
0.01605882309377193
0.01408471167087555
0.0120052881538868
0.009818542748689651
0.007522792089730501
0.005116727203130722
0.002599447965621948
-2.949693589471281e-05
-0.002770065097138286
-0.005621680524200201
-0.008583187125623226
-0.0116528095677495
-0.01482811104506254
-0.01810595951974392
-0.02148249745368958
-0.02495310828089714
-0.02851239778101444
-0.03215418010950089
-0.0358714759349823
-0.03965650498867035
-0.04350069537758827
-0.04739470407366753
-0.05132845044136047
-0.05529113113880157
-0.05927128717303276
-0.06325685232877731
-0.06723519414663315
-0.07119321078062057
-0.07511740922927856
-0.07899397611618042
-0.08280891180038452
-0.08654806017875671
-0.09019729495048523
-0.09374260157346725
-0.09717020392417908
-0.1004667058587074
-0.1036191806197166
-0.1066153571009636
-0.109443724155426
-0.1120936647057533
-0.1145556196570396
-0.1168211698532104
-0.1188831627368927
-0.120735876262188
-0.1223750710487366
-0.1237981244921684
-0.1250040382146835
-0.1259935796260834
-0.1267692595720291
-0.127335399389267
-0.1276981234550476
-0.1278652995824814
-0.1278465241193771
-0.1276530623435974
-0.1272977143526077
-0.1267947107553482
-0.126159593462944
-0.1254089772701263
-0.1245604529976845
-0.1236322820186615
-0.1226432323455811
-0.1216122657060623
-0.1205583736300468
-0.1195002719759941
-0.118456058204174
-0.1174430847167969
-0.1164775490760803
-0.1155743151903152
-0.114746667444706
-0.1140060350298882
-0.1133618205785751
-0.1128212213516235
-0.1123890653252602
-0.1120677217841148
-0.111856997013092
-0.1117541193962097
-0.1117537394165993
-0.111847959458828
-0.1120264753699303
-0.112276665866375
-0.1125837936997414
-0.1129312440752983
-0.1133007556200027
-0.1136728078126907
-0.114026851952076
-0.1143416911363602
-0.1145958751440048
-0.1147681102156639
-0.1148375943303108
-0.1147844716906548
-0.1145901829004288
-0.1142378374934196
-0.1137126013636589
-0.1130019575357437
-0.1120960116386414
-0.1109877154231071
-0.1096730604767799
-0.1081512495875359
-0.1064247041940689
-0.1044991090893745
-0.1023833826184273
-0.1000895500183105
-0.09763259440660477
-0.09503020346164703
-0.09230248630046844
-0.08947167545557022
-0.08656176179647446
-0.08359804004430771
-0.08060667663812637
-0.07761428505182266
-0.07464747130870819
-0.07173231244087219
-0.06889395415782928
-0.06615614145994186
-0.06354085355997086
-0.06106791272759438
-0.05875466391444206
-0.05661570280790329
-0.05466267839074135
-0.0529041513800621
-0.05134551227092743
-0.04998897388577461
-0.04883361235260963
-0.04787550866603851
-0.04710790514945984
-0.04652145132422447
-0.04610450938344002
-0.0458434484899044
-0.04572300612926483
-0.04572667554020882
-0.04583709314465523
-0.04603641480207443
-0.04630671814084053
-0.0466303713619709
-0.04699035361409187
-0.04737056791782379
-0.0477561317384243
-0.04813354462385178
-0.04849089682102203
-0.0488179549574852
-0.04910626262426376
-0.0493491105735302
-0.04954151436686516
-0.04968012496829033
-0.04976312071084976
-0.04979002848267555
-0.04976154491305351
-0.04967935755848885
-0.04954591393470764
-0.04936419799923897
-0.04913755506277084
-0.04886949062347412
-0.04856349900364876
-0.04822293296456337
-0.04785088449716568
-0.04745011776685715
-0.04702302441000938
-0.04657161980867386
-0.04609756544232368
-0.04560223966836929
-0.0450868234038353
-0.04455240070819855
-0.04400007054209709
-0.04343107715249062
-0.04284693673253059
-0.04224954172968864
-0.04164128005504608
-0.04102508351206779
-0.04040450975298882
-0.03978370502591133
-0.03916744515299797
-0.03856102377176285
-0.03797020018100739
-0.03740105405449867
-0.03685982525348663
-0.0363527312874794
-0.0358857549726963
-0.03546445071697235
-0.03509370982646942
-0.03477755188941956
-0.03451892361044884
-0.03431953489780426
-0.03417972102761269
-0.03409835696220398
-0.03407277911901474
-0.03409881517291069
-0.03417080268263817
-0.03428171575069427
-0.03442332521080971
-0.03458641842007637
-0.03476101905107498
-0.03493669629096985
-0.03510286659002304
-0.03524912893772125
-0.03536559268832207
-0.03544320538640022
-0.03547404706478119
-0.03545160964131355
-0.03537103533744812
-0.03522928804159164
-0.03502527624368668
-0.03475990518927574
-0.03443606570363045
-0.03405855596065521
-0.03363393247127533
-0.03317029774188995
-0.03267704695463181
-0.03216454386711121
-0.03164375200867653
-0.03112591244280338
-0.03062211535871029
-0.03014294244349003
-0.0296980943530798
-0.02929605916142464
-0.02894383855164051
-0.02864669635891914
-0.0284079946577549
-0.02822910062968731
-0.0281093418598175
-0.02804606407880783
-0.02803474105894566
-0.02806916460394859
-0.0281416904181242
-0.0282435305416584
-0.02836508676409721
-0.02849632501602173
-0.02862712740898132
-0.0287476908415556
-0.02884886041283607
-0.02892247214913368
-0.02896162495017052
-0.02896091155707836
-0.02891659736633301
-0.02882672101259232
-0.02869112230837345
-0.02851141430437565
-0.02829087153077126
-0.0280342660844326
-0.02774764038622379
-0.02743805386126041
-0.02711326256394386
-0.02678140811622143
-0.02645069360733032
-0.02612904459238052
-0.02582380175590515
-0.02554146945476532
-0.02528746239840984
-0.02506592497229576
-0.02487959899008274
-0.0247297752648592
-0.02461626380681992
-0.02453746274113655
-0.02449046820402145
-0.0244712270796299
-0.02447475492954254
-0.02449535764753819
-0.02452690899372101
-0.02456310391426086
-0.02459773421287537
-0.02462494745850563
-0.02463947236537933
-0.02463682368397713
-0.02461345307528973
-0.02456687949597836
-0.02449573762714863
-0.02439979836344719
-0.02427993901073933
-0.02413805760443211
-0.02397694624960423
-0.02380014024674892
-0.02361172996461391
-0.02341616712510586
-0.02321803756058216
-0.02302186749875546
-0.02283193171024323
-0.02265205793082714
-0.02248549088835716
-0.02233476378023624
-0.02220161259174347
-0.02208694629371166
-0.0219908282160759
-0.02191251702606678
-0.02185053564608097
-0.02180277369916439
-0.02176660671830177
-0.0217390414327383
-0.02171686850488186
-0.02169681899249554
-0.02167571894824505
-0.02165063284337521
-0.02161898463964462
-0.02157866023480892
-0.02152808755636215
-0.02146627381443977
-0.02139283902943134
-0.02130799554288387
-0.02121250703930855
-0.02110762894153595
-0.02099501900374889
-0.02087664976716042
-0.02075468376278877
-0.02063136920332909
-0.02050893008708954
-0.02038944512605667
-0.02027477696537971
-0.02016647346317768
-0.02006572112441063
-0.01997329480946064
-0.01988954469561577
-0.01981441117823124
-0.01974743418395519
-0.01968780718743801
-0.0196344219148159
-0.01958595402538776
-0.0195409320294857
-0.01949781738221645
-0.0194550845772028
-0.01941129937767982
-0.01936518400907516
-0.01931567117571831
-0.01926195062696934
-0.01920349523425102
-0.01914006285369396
-0.01907170936465263
-0.01899875327944756
-0.01892175897955894
-0.01884148083627224
-0.01875882409512997
-0.01867478713393211
-0.01859039999544621
-0.01850667782127857
-0.01842455379664898
-0.01834485493600368
-0.01826825365424156
-0.01819523982703686
-0.01812610775232315
-0.0180609542876482
-0.0179996769875288
-0.01794199645519257
-0.01788747869431973
-0.01783556491136551
-0.01778561435639858
-0.01773694157600403
-0.01768884807825089
-0.01764066517353058
-0.01759179309010506
-0.01754171587526798
-0.01749003864824772
-0.01743649318814278
-0.01738094910979271
-0.01732341200113297
-0.01726401410996914
-0.01720300316810608
-0.0171407125890255
-0.01707754842936993
-0.01701396144926548
-0.01695041358470917
-0.01688735745847225
-0.01682520471513271
-0.01676431484520435
-0.01670496724545956
-0.01664735935628414
-0.01659159548580647
-0.01653768867254257
-0.01648556254804134
-0.01643506065011024
-0.01638596318662167
-0.01633800379931927
-0.01629087515175343
-0.01624426431953907
-0.01619786024093628
-0.01615137979388237
-0.01610457524657249
-0.01605724915862083
-0.01600926369428635
-0.01596054621040821
-0.01591108180582523
-0.01586092263460159
-0.01581016927957535
-0.01575896702706814
-0.01570749469101429
-0.01565595343708992
-0.01560455467551947
-0.01555349677801132
-0.01550296787172556
-0.01545312441885471
-0.01540408749133348
-0.01535593904554844
-0.01530871726572514
-0.0152624174952507
-0.01521699409931898
-0.01517236512154341
-0.01512842252850533
-0.01508503686636686
-0.01504206750541925
-0.01499937288463116
-0.01495681516826153
-0.01491427421569824
-0.01487164758145809
-0.01482886075973511
-0.01478586625307798
-0.0147426463663578
-0.01469921227544546
-0.01465560495853424
-0.01461188588291407
-0.01456813048571348
-0.01452443096786737
-0.01448088139295578
-0.01443757396191359
-0.01439459435641766
-0.01435201428830624
-0.0143098933622241
-0.01426826510578394
-0.01422714535146952
-0.01418652944266796
-0.01414639502763748
-0.01410669926553965
-0.01406739186495543
-0.01402840949594975
-0.01398968789726496
-0.01395115908235312
-0.01391276251524687
-0.01387444417923689
-0.0138361593708396
-0.01379788294434547
-0.01375959720462561
-0.01372130122035742
-0.01368300709873438
-0.01364473812282085
-0.01360652595758438
-0.01356840878725052
-0.0135304294526577
-0.01349262986332178
-0.0134550491347909
-0.01341772079467773
-0.01338067278265953
-0.0133439227938652
-0.01330748293548822
-0.01327134761959314
-0.01323550846427679
-0.01319994684308767
-0.01316463854163885
-0.01312955375760794
-0.01309466361999512
-0.01305993646383286
-0.01302534341812134
-0.0129908611997962
-0.01295647118240595
-0.01292215939611197
-0.01288792118430138
-0.01285375654697418
-0.01281967386603355
-0.01278568059206009
-0.01275179162621498
-0.01271802559494972
-0.01268440019339323
-0.012650934047997
-0.01261764485388994
-0.01258454471826553
-0.01255164481699467
-0.01251895166933537
-0.0124864662066102
-0.01245418470352888
-0.01242210064083338
-0.01239020377397537
-0.01235847920179367
-0.0123269148170948
-0.01229549758136272
-0.01226421073079109
-0.01223304308950901
-0.01220198441296816
-0.01217102818191051
-0.01214017253369093
-0.0121094137430191
-0.01207875460386276
-0.01204819977283478
-0.01201775763183832
-0.01198743470013142
-0.01195723842829466
-0.01192717719823122
-0.01189725939184427
-0.01186748873442411
-0.01183786895126104
-0.01180840190500021
-0.01177908759564161
-0.0117499241605401
-0.01172090787440538
-0.01169203314930201
-0.0116632916033268
-0.01163468044251204
-0.01160619128495455
-0.01157782040536404
-0.0115495603531599
-0.01152140740305185
-0.01149335876107216
-0.0114654116332531
-0.01143756695091724
-0.01140982564538717
-0.01138219051063061
-0.0113546634092927
-0.01132724899798632
-0.01129994913935661
-0.01127276755869389
-0.01124570518732071
-0.01121876481920481
-0.01119194831699133
-0.01116525381803513
-0.01113868039101362
-0.0111122252419591
-0.01108588743954897
-0.01105966418981552
-0.0110335499048233
-0.01100754365324974
-0.01098164170980453
-0.01095584221184254
-0.01093014236539602
-0.01090454123914242
-0.01087903697043657
-0.01085363049060106
-0.01082832273095846
-0.01080311182886362
-0.01077800150960684
-0.01075299270451069
-0.0107280844822526
-0.01070327870547771
-0.01067857537418604
-0.01065397541970015
-0.01062947697937489
-0.01060508005321026
-0.01058078370988369
-0.01055658701807261
-0.01053248718380928
-0.01050848420709372
-0.01048457622528076
-0.01046076323837042
-0.01043704152107239
-0.01041341014206409
-0.01038987003266811
-0.01036641839891672
-0.01034305524080992
-0.01031978242099285
-0.01029659900814295
-0.01027350593358278
-0.01025050133466721
-0.01022758707404137
-0.01020476128906012
-0.01018202397972345
-0.01015937700867653
-0.01013681851327419
-0.01011434942483902
-0.01009196881204844
-0.01006967574357986
-0.01004746928811073
-0.01002534944564104
-0.01000331342220306
-0.009981361217796803
-0.009959490969777107
-0.009937701746821404
-0.009915995411574841
-0.009894370101392269
-0.009872824884951115
-0.009851360693573952
-0.009829975664615631
-0.009808670729398727
-0.009787446819245815
-0.009766301140189171
-0.009745236486196518
-0.009724250994622707
-0.00970334280282259
-0.009682514704763889
-0.009661764837801456
-0.009641092270612717
-0.009620498865842819
-0.009599979966878891
-0.009579537436366081
-0.009559168480336666
-0.009538874961435795
-0.009518653154373169
-0.009498504921793938
-0.009478430263698101
-0.009458426386117935
-0.009438495151698589
-0.009418636560440063
-0.009398849681019783
-0.009379134513437748
-0.009359492920339108
-0.009339923970401287
-0.009320427663624287
-0.009301003068685532
-0.009281650185585022
-0.009262367151677608
-0.009243154898285866
-0.00922401063144207
-0.00920493621379137
-0.009185927920043468
-0.009166985750198364
-0.009148109704256058
-0.009129299782216549
-0.009110555052757263
-0.009091876447200775
-0.009073263965547085
-0.009054717607796192
-0.009036236442625523
-0.009017821401357651
-0.008999472483992577
-0.008981186896562576
-0.00896296463906765
-0.008944806642830372
-0.008926713839173317
-0.008908683434128761
-0.008890717290341854
-0.008872813545167446
-0.008854970335960388
-0.008837188594043255
-0.008819468319416046
-0.008801810443401337
-0.008784214034676552
-0.008766677230596542
-0.008749200962483883
-0.008731786161661148
-0.008714430965483189
-0.008697136305272579
-0.008679901249706745
-0.008662724867463112
-0.008645607158541679
-0.008628545328974724
-0.008611542172729969
-0.008594595827162266
-0.008577708154916763
-0.008560877293348312
-0.008544102311134338
-0.008527384139597416
-0.008510722778737545
-0.008494117297232151
-0.008477567695081234
-0.008461073040962219
-0.008444635197520256
-0.008428252302110195
-0.008411924354732037
-0.00839565135538578
-0.008379433304071426
-0.008363267406821251
-0.008347156457602978
-0.008331099525094032
-0.008315092884004116
-0.008299139328300953
-0.008283238857984543
-0.008267389610409737
-0.00825159065425396
-0.008235842920839787
-0.008220149204134941
-0.00820450484752655
-0.008188912644982338
-0.008173371665179729
-0.008157883770763874
-0.008142448961734772
-0.008127064444124699
-0.008111730217933655
-0.00809644628316164
-0.008081213571131229
-0.008066031150519848
-0.008050896227359772
-0.008035808801651001
-0.008020770736038685
-0.008005779236555099
-0.007990834303200245
-0.007975936867296696
-0.007961086928844452
-0.007946284487843513
-0.007931528612971306
-0.007916820235550404
-0.007902159355580807
-0.007887545041739941
-0.007872977294027805
-0.007858456112444401
-0.007843984290957451
-0.007829559035599232
-0.007815179415047169
-0.007800844497978687
-0.007786554284393787
-0.007772308774292469
-0.00775810657069087
-0.007743948139250278
-0.007729833945631981
-0.007715764455497265
-0.007701737806200981
-0.007687755394726992
-0.007673817221075296
-0.007659922819584608
-0.007646072190254927
-0.007632265333086252
-0.007618500385433435
-0.007604778744280338
-0.007591099012643099
-0.00757746072486043
-0.007563864812254906
-0.007550310809165239
-0.007536799181252718
-0.00752332853153348
-0.007509899791330099
-0.007496512494981289
-0.007483165711164474
-0.00746986037120223
-0.007456595078110695
-0.007443369831889868
-0.007430184632539749
-0.007417039945721626
-0.007403935771435499
-0.007390870712697506
-0.007377846166491508
-0.007364860735833645
-0.007351915817707777
-0.007339009083807468
-0.007326140534132719
-0.007313310168683529
-0.007300517521798611
-0.007287762127816677
-0.007275043986737728
-0.007262362167239189
-0.007249718531966209
-0.007237113080918789
-0.007224546279758215
-0.007212017197161913
-0.00719952629879117
-0.007187073584645987
-0.007174659986048937
-0.007162283174693584
-0.007149944081902504
-0.007137641310691833
-0.007125374861061573
-0.007113144267350435
-0.007100948132574558
-0.007088786922395229
-0.007076661568135023
-0.007064571604132652
-0.007052517030388117
-0.007040498312562704
-0.007028514053672552
-0.007016565185040236
-0.007004651706665754
-0.006992773152887821
-0.006980929058045149
-0.006969118025153875
-0.006957340054214001
-0.006945595610886812
-0.006933884229511023
-0.006922206375747919
-0.00691056065261364
-0.006898948457092047
-0.006887370254844427
-0.006875825580209494
-0.006864314433187246
-0.006852837279438972
-0.006841393653303385
-0.006829983554780483
-0.006818607449531555
-0.006807263940572739
-0.006795953959226608
-0.006784676108509302
-0.00677343038842082
-0.00676221726462245
-0.006751036271452904
-0.006739886943250895
-0.006728768348693848
-0.006717681419104338
-0.006706624757498503
-0.006695597898215055
-0.006684601306915283
-0.006673635914921761
-0.006662700325250626
-0.006651795003563166
-0.006640920415520668
-0.006630076561123133
-0.006619263906031847
-0.006608481518924236
-0.006597728468477726
-0.006587005220353603
-0.006576311774551868
-0.006565648596733809
-0.006555015686899424
-0.006544412579387426
-0.00653383880853653
-0.00652329484000802
-0.006512779742479324
-0.006502293515950441
-0.006491835694760084
-0.006481405813246965
-0.006471004337072372
-0.006460629869252443
-0.006450284272432327
-0.006439966149628162
-0.006429676432162523
-0.006419414654374123
-0.00640918081626296
-0.006398975383490324
-0.006388798356056213
-0.006378649733960629
-0.006368529051542282
-0.0063584353774786
-0.006348369177430868
-0.006338330917060375
-0.006328320130705833
-0.006318337749689817
-0.006308382377028465
-0.006298454012721777
-0.006288552191108465
-0.006278675980865955
-0.006268825847655535
-0.006259001325815916
-0.006249202415347099
-0.006239429116249084
-0.006229681894183159
-0.006219960283488035
-0.006210264284163713
-0.006200594827532768
-0.006190952379256487
-0.00618133507668972
-0.006171743851155043
-0.006162178236991167
-0.006152638234198093
-0.006143123842775822
-0.00613363366574049
-0.00612416910007596
-0.00611472874879837
-0.006105314008891582
-0.006095924414694309
-0.006086559500545263
-0.006077218800783157
-0.006067902315407991
-0.006058610044419765
-0.006049342453479767
-0.006040099076926708
-0.00603087991476059
-0.006021684501320124
-0.006012513767927885
-0.006003366317600012
-0.005994243081659079
-0.005985142197459936
-0.005976065527647734
-0.005967011209577322
-0.005957980174571276
-0.005948971956968307
-0.005939987022429705
-0.005931023973971605
-0.005922084208577871
-0.005913167260587215
-0.005904273595660925
-0.005895402748137712
-0.005886555183678865
-0.005877730436623096
-0.005868928972631693
-0.005860150326043367
-0.005851394962519407
-0.005842663813382387
-0.005833955015987158
-0.005825269035995007
-0.005816604010760784
-0.005807960871607065
-0.005799339152872562
-0.005790738388895988
-0.005782158114016056
-0.005773598328232765
-0.005765059497207403
-0.005756542086601257
-0.005748045165091753
-0.005739569664001465
-0.005731115583330393
-0.005722683388739824
-0.005714273080229759
-0.005705884657800198
-0.005697517655789852
-0.005689171142876148
-0.005680845119059086
-0.005672540049999952
-0.005664255935698748
-0.005655992310494184
-0.005647749174386263
-0.005639527458697557
-0.005631326232105494
-0.005623145960271358
-0.00561498710885644
-0.00560684921219945
-0.005598731804639101
-0.005590634420514107
-0.005582557059824467
-0.005574499722570181
-0.005566461477428675
-0.005558442324399948
-0.005550442263484001
-0.005542459897696972
-0.005534495692700148
-0.00552655104547739
-0.005518625024706125
-0.00551071809604764
-0.005502830725163221
-0.00549496291205287
-0.005487113725394011
-0.005479284096509218
-0.005471474025398493
-0.005463683046400547
-0.005455911159515381
-0.005448157899081707
-0.005440423265099525
-0.005432708654552698
-0.005425012670457363
-0.005417335778474808
-0.005409677047282457
-0.005402036011219025
-0.005394413601607084
-0.005386809818446636
-0.005379224196076393
-0.005371656734496355
-0.005364107433706522
-0.005356576293706894
-0.005349062383174896
-0.005341566633433104
-0.005334089510142803
-0.005326630081981421
-0.005319187883287668
-0.005311764311045408
-0.005304358433932066
-0.005296969786286354
-0.00528959883376956
-0.005282244645059109
-0.005274907685816288
-0.00526758749037981
-0.005260284058749676
-0.005252997390925884
-0.005245726089924574
-0.005238471087068319
-0.005231231916695833
-0.005224009044468403
-0.005216802004724741
-0.005209611263126135
-0.005202436819672585
-0.00519527867436409
-0.005188136827200651
-0.005181011278182268
-0.005173901561647654
-0.005166808143258095
-0.005159730557352304
-0.005152667406946421
-0.005145619157701731
-0.005138585809618235
-0.005131565500050783
-0.005124558694660664
-0.005117564462125301
-0.005110582336783409
-0.0051036118529737
-0.005096652545034885
-0.005089704878628254
-0.005082767456769943
-0.005075841210782528
-0.005068925675004721
-0.005062019918113947
-0.005055124871432781
-0.005048239137977362
-0.005041362252086401
-0.005034493748098612
-0.005027632229030132
-0.005020775366574526
-0.00501392362639308
-0.005007075145840645
-0.005000228527933359
-0.004993381910026073
-0.004986535292118788
-0.00497968727722764
-0.004972836002707481
-0.004965979605913162
-0.004959116689860821
-0.004952245857566595
-0.004945364780724049
-0.004938472062349319
-0.004931565374135971
-0.004924642387777567
-0.004917701240628958
-0.004910738673061132
-0.004903751891106367
-0.0048967394977808
-0.004889698699116707
-0.004882626701146364
-0.004875520709902048
-0.004868379328399897
-0.004861198831349611
-0.004853976424783468
-0.004846709314733744
-0.004839393775910139
-0.004832025617361069
-0.004824602045118809
-0.004817118868231773
-0.004809572361409664
-0.004801958799362183
-0.00479427445679903
-0.004786515142768621
-0.00477867852896452
-0.004770760424435139
-0.004762758500874043
-0.004754669032990932
-0.004746489692479372
-0.004738217685371637
-0.004729849752038717
-0.00472138449549675
-0.004712819587439299
-0.004704152699559927
-0.004695381969213486
-0.004686506930738688
-0.004677525721490383
-0.004668439272791147
-0.004659247118979692
-0.004649949260056019
-0.004640546627342701
-0.004631040617823601
-0.004621433559805155
-0.004611729178577662
-0.004601930733770132
-0.004592041950672865
-0.004582067485898733
-0.004572012927383184
-0.004561885725706816
-0.004551691934466362
-0.004541439935564995
-0.004531138110905886
-0.004520794842392206
-0.004510420374572277
-0.004500025883316994
-0.004489623475819826
-0.004479225259274244
-0.004468845203518867
-0.004458496812731028
-0.004448195453733206
-0.004437956027686596
-0.004427794367074966
-0.004417726304382086
-0.004407767672091722
-0.00439793523401022
-0.00438824575394392
-0.004378715064376593
-0.004369360394775867
-0.004360198974609375
-0.004351246636360884
-0.004342520143836737
-0.00433403393253684
-0.004325805231928825
-0.004317848477512598
-0.004310178570449352
-0.00430280901491642
-0.004295751918107271
-0.004289018921554089
-0.004282620269805193
-0.004276565741747618
-0.004270863719284534
-0.00426552165299654
-0.00426054373383522
-0.004255934618413448
-0.004251696635037661
-0.004247831646353006
-0.004244338721036911
-0.004241216462105513
-0.004238462075591087
-0.004236069973558187
-0.004234034102410078
-0.004232346545904875
-0.004230998922139406
-0.004229980520904064
-0.004229281097650528
-0.004228887613862753
-0.004228786565363407
-0.004228963516652584
-0.004229403100907803
-0.004230090416967869
-0.004231009166687727
-0.004232142586261034
-0.00423347344622016
-0.004234985448420048
-0.004236660897731781
-0.004238482564687729
-0.004240434616804123
-0.004242500755935907
-0.004244663752615452
-0.00424690917134285
-0.004249221179634333
-0.004251585807651281
-0.004253989085555077
-0.004256417043507099
-0.004258856642991304
-0.004261295776814222
-0.004263720940798521
-0.004266121424734592
-0.004268484655767679
-0.004270801320672035
-0.004273059777915478
-0.004275249317288399
-0.004277359694242477
-0.00427938112989068
-0.004281304311007261
-0.004283118527382612
-0.004284813068807125
-0.004286378156393766
-0.004287803079932928
-0.004289077594876289
-0.004290190525352955
-0.004291131161153316
-0.004291887395083904
-0.004292448982596397
-0.004292804282158613
-0.004292943049222231
-0.004292852245271206
-0.004292523022741079
-0.00429194513708353
-0.0042911097407341
-0.00429000798612833
-0.004288633354008198
-0.004286980256438255
-0.004285044968128204
-0.004282825160771608
-0.004280319903045893
-0.004277531057596207
-0.004274463746696711
-0.004271124023944139
-0.004267522599548101
-0.004263670649379492
-0.004259582608938217
-0.004255275707691908
-0.004250769503414631
-0.004246086813509464
-0.004241252318024635
-0.004236293490976095
-0.00423123873770237
-0.004226117394864559
-0.004220962524414062
-0.004215804859995842
-0.004210677463561296
-0.004205613397061825
-0.004200646188110113
-0.004195806570351124
-0.004191126208752394
-0.004186633042991161
-0.004182353615760803
-0.004178310744464397
-0.004174523986876011
-0.004171010572463274
-0.004167782142758369
-0.004164847079664469
-0.004162208177149296
-0.004159864969551563
-0.004157809540629387
-0.004156032111495733
-0.004154517315328121
-0.004153246060013771
-0.004152193199843168
-0.004151332657784224
-0.004150633700191975
-0.004150062799453735
-0.004149583168327808
-0.004149158485233784
-0.004148750100284815
-0.004148319829255342
-0.00414782902225852
-0.004147241357713938
-0.00414652144536376
-0.004145636223256588
-0.004144556354731321
-0.004143256228417158
-0.004141713492572308
-0.004139910452067852
-0.004137835931032896
-0.004135483410209417
-0.004132851492613554
-0.004129943903535604
-0.004126769956201315
-0.004123345483094454
-0.004119688645005226
-0.004115824587643147
-0.004111780319362879
-0.004107587970793247
-0.0041032824665308
-0.004098898731172085
-0.004094472620636225
-0.004090041853487492
-0.00408564368262887
-0.004081313963979483
-0.004077084362506866
-0.004072986077517271
-0.004069046583026648
-0.004065289162099361
-0.004061732906848192
-0.004058391321450472
-0.004055273719131947
-0.004052384290844202
-0.004049721639603376
-0.004047278314828873
-0.004045043606311083
-0.004043002147227526
-0.004041132517158985
-0.004039412830024958
-0.004037816077470779
-0.004036311991512775
-0.004034869838505983
-0.004033458884805441
-0.004032046999782324
-0.00403060344979167
-0.004029098898172379
-0.004027506336569786
-0.004025801550596952
-0.004023963119834661
-0.004021973814815283
-0.004019821528345346
-0.004017498344182968
-0.004015000071376562
-0.004012327175587416
-0.004009484779089689
-0.004006482660770416
-0.004003333859145641
-0.004000056535005569
-0.003996670711785555
-0.003993197344243526
-0.003989662509411573
-0.003986089956015348
-0.003982505295425653
-0.00397893413901329
-0.003975400235503912
-0.003971925005316734
-0.003968530334532261
-0.003965232986956835
-0.00396204786375165
-0.003958985675126314
-0.003956054337322712
-0.00395325617864728
-0.003950591199100018
-0.003948055673390627
-0.003945642150938511
-0.003943339921534061
-0.003941135946661234
-0.003939015325158834
-0.003936959430575371
-0.003934950102120638
-0.003932966850697994
-0.003930991049855947
-0.003929002210497856
-0.003926982637494802
-0.003924915567040443
-0.003922786097973585
-0.00392058352008462
-0.003918297588825226
-0.003915921319276094
-0.003913452383130789
-0.003910889849066734
-0.003908236511051655
-0.003905497724190354
-0.003902681171894073
-0.003899797098711133
-0.003896856913343072
-0.003893874352797866
-0.003890862921252847
-0.003887837519869208
-0.003884813282638788
-0.003881803946569562
-0.003878822783008218
-0.003875882364809513
-0.003872992936521769
-0.003870162880048156
-0.00386739824898541
-0.003864703932777047
-0.003862081794068217
-0.003859531134366989
-0.003857048461213708
-0.003854628885164857
-0.00385226565413177
-0.003849950851872563
-0.003847674466669559
-0.003845426719635725
-0.003843197133392096
-0.003840974764898419
-0.003838749136775732
-0.003836510470137
-0.003834249684587121
-0.003831959329545498
-0.003829633118584752
-0.003827266162261367
-0.003824854968115687
-0.003822398837655783
-0.003819897770881653
-0.003817353397607803
-0.00381476990878582
-0.003812151728197932
-0.003809504909440875
-0.003806836437433958
-0.003804154461249709
-0.003801465965807438
-0.003798778867349029
-0.003796101314947009
-0.003793439595028758
-0.003790799994021654
-0.003788188099861145
-0.00378560833632946
-0.003783063031733036
-0.003780554514378309
-0.003778083715587854
-0.00377564923837781
-0.003773249685764313
-0.00377088226377964
-0.003768543247133493
-0.003766227280721068
-0.003763929009437561
-0.003761642379686236
-0.003759361337870359
-0.003757080296054482
-0.003754793433472514
-0.003752496326342225
-0.003750185016542673
-0.003747856244444847
-0.003745507914572954
-0.003743139328435063
-0.003740749089047313
-0.003738338593393564
-0.003735909936949611
-0.003733465215191245
-0.003731006989255548
-0.00372853921726346
-0.003726064693182707
-0.003723587840795517
-0.00372111308388412
-0.003718644147738814
-0.003716184059157968
-0.003713737009093165
-0.003711305325850844
-0.003708891104906797
-0.003706496208906174
-0.003704121336340904
-0.003701766720041633
-0.003699432592839003
-0.003697117790579796
-0.003694820683449507
-0.003692538943141699
-0.003690269310027361
-0.003688008990138769
-0.0036857551895082
-0.003683504881337285
-0.003681255504488945
-0.003679004730656743
-0.00367675069719553
-0.003674490842968225
-0.003672224469482899
-0.003669951111078262
-0.00366767100058496
-0.003665384603664279
-0.003663093317300081
-0.003660798072814941
-0.003658500732854009
-0.00365620362572372
-0.00365390838123858
-0.003651617560535669
-0.003649333491921425
-0.003647058270871639
-0.003644794458523393
-0.003642544150352478
-0.003640309209004045
-0.003638091497123241
-0.003635892411693931
-0.003633712418377399
-0.003631551982834935
-0.003629411337897182
-0.003627290483564138
-0.003625188721343875
-0.003623105119913816
-0.003621038747951388
-0.003618989605456591
-0.003616956528276205
-0.003614939516410232
-0.003612938337028027
-0.003610953688621521
-0.003608985571190715
-0.003607034916058183
-0.003605103585869074
-0.003603193210437894
-0.003601304953917861
-0.003599441377446055
-0.00359760457649827
-0.003595797577872872
-0.00359402340836823
-0.003592284396290779
-0.003590583568438888
-0.003588924184441566
-0.003587309503927827
-0.003585742320865393
-0.003584225894883275
-0.00358276255428791
-0.003581355325877666
-0.003580007003620267
-0.003578720381483436
-0.003577498020604253
-0.003576341783627868
-0.003575253998860717
-0.003574236528947949
-0.003573291469365358
-0.003572420682758093
-0.003571626264601946
-0.003570909611880779
-0.003570272354409099
-0.00356971612200141
-0.003569242777302861
-0.003568854415789247
-0.003568552667275071
-0.003568339161574841
-0.00356821552850306
-0.00356818363070488
-0.003568244865164161
-0.003568399930372834
-0.003568649524822831
-0.003568994579836726
-0.003569434396922588
-0.003569968743249774
-0.003570596920326352
-0.003571317763999104
-0.003572128713130951
-0.003573027672246099
-0.00357401161454618
-0.003575077746063471
-0.003576221410185099
-0.00357743795029819
-0.003578722244128585
-0.003580067539587617
-0.003581467317417264
-0.003582913195714355
-0.003584396792575717
-0.003585909260436893
-0.003587440820410848
-0.003588981460779905
-0.003590520471334457
-0.003592046443372965
-0.003593548899516463
-0.003595015499740839
-0.003596434136852622
-0.003597792936488986
-0.003599079325795174
-0.003600279800593853
-0.003601380856707692
-0.003602368757128716
-0.003603229532018304
-0.003603948978707194
-0.00360451266169548
-0.003604906145483255
-0.003605114761739969
-0.003605124307796359
-0.003604921046644449
-0.003604491008445621
-0.003603821620345116
-0.00360289984382689
-0.003601713804528117
-0.003600252559408545
-0.003598505631089211
-0.003596463473513722
-0.003594117937609553
-0.003591461572796106
-0.00358848855830729
-0.003585194237530231
-0.003581574186682701
-0.00357762654311955
-0.003573351074010134
-0.003568747313693166
-0.003563817124813795
-0.003558563767001033
-0.003552991896867752
-0.003547108266502619
-0.003540919627994299
-0.003534434828907251
-0.00352766434662044
-0.003520618891343474
-0.003513311501592398
-0.003505755914375186
-0.003497966798022389
-0.003489960683509707
-0.003481754334643483
-0.003473365679383278
-0.003464813344180584
-0.003456116421148181
-0.003447294235229492
-0.003438367508351803
-0.003429356496781111
-0.003420281689614058
-0.003411163110285997
-0.003402021480724216
-0.00339287705719471
-0.003383749164640903
-0.00337465712800622
-0.003365620039403439
-0.003356656059622765
-0.003347783116623759
-0.003339018672704697
-0.003330378327518702
-0.00332187837921083
-0.003313532564789057
-0.003305354621261358
-0.003297357121482491
-0.003289551474153996
-0.003281947690993547
-0.00327455485239625
-0.003267380641773343
-0.003260431811213493
-0.003253713715821505
-0.003247230313718319
-0.003240985330194235
-0.003234981559216976
-0.003229220164939761
-0.003223702311515808
-0.003218427766114473
-0.003213394666090608
-0.003208601614460349
-0.003204045118764043
-0.003199721686542034
-0.003195626894012094
-0.003191755386069417
-0.003188100177794695
-0.003184654517099261
-0.003181410022079945
-0.003178357845172286
-0.003175487508997321
-0.003172788536176085
-0.003170249052345753
-0.003167856484651566
-0.003165597794577479
-0.003163459012284875
-0.003161425469443202
-0.003159482032060623
-0.00315761286765337
-0.003155801678076386
-0.00315403169952333
-0.003152285702526569
-0.003150546923279762
-0.003148797666653991
-0.003147020237520337
-0.003145197639241815
-0.003143313340842724
-0.003141351277008653
-0.003139295149594545
-0.003137130755931139
-0.003134843427687883
-0.003132420592010021
-0.003129851538687944
-0.003127126954495907
-0.003124238690361381
-0.003121180692687631
-0.003117948770523071
-0.003114541526883841
-0.003110959427431226
-0.003107205498963594
-0.003103285562247038
-0.003099206835031509
-0.00309497956186533
-0.003090616082772613
-0.003086131066083908
-0.003081540577113628
-0.003076862543821335
-0.003072117688134313
-0.003067326499149203
-0.003062511328607798
-0.003057695226743817
-0.003052901243790984
-0.003048152662813663
-0.003043472766876221
-0.003038882743567228
-0.00303440447896719
-0.003030057298019528
-0.003025858895853162
-0.003021825104951859
-0.003017968963831663
-0.003014300484210253
-0.003010826883837581
-0.003007552586495876
-0.003004478523507714
-0.003001601900905371
-0.002998917596414685
-0.002996416762471199
-0.002994087524712086
-0.002991914981976151
-0.002989881439134479
-0.002987967804074287
-0.002986152423545718
-0.002984411548823118
-0.00298272049985826
-0.002981054363772273
-0.002979387529194355
-0.002977695316076279
-0.002975953510031104
-0.002974138595163822
-0.002972230315208435
-0.002970209112390876
-0.002968058921396732
-0.002965766470879316
-0.002963321516290307
-0.002960717538371682
-0.002957951277494431
-0.002955022733658552
-0.00295193656347692
-0.002948699751868844
-0.002945323009043932
-0.002941819839179516
-0.002938206773251295
-0.002934502670541406
-0.002930728485807776
-0.002926906105130911
-0.002923059277236462
-0.002919212216511369
-0.00291538774035871
-0.002911609131842852
-0.002907898277044296
-0.002904274733737111
-0.002900756197050214
-0.002897358033806086
-0.002894092816859484
-0.002890969160944223
-0.002887993585318327
-0.002885168185457587
-0.002882492262870073
-0.002879961160942912
-0.002877567429095507
-0.002875299891456962
-0.002873145509511232
-0.00287108845077455
-0.002869110787287354
-0.002867193892598152
-0.002865316811949015
-0.002863459289073944
-0.002861600136384368
-0.002859719330444932
-0.002857798477634788
-0.002855819184333086
-0.002853766782209277
-0.00285162846557796
-0.002849393989890814
-0.002847055904567242
-0.002844609785825014
-0.002842054469510913
-0.002839392051100731
-0.002836626954376698
-0.002833767095580697
-0.002830822486430407
-0.002827806398272514
-0.002824732102453709
-0.002821615897119045
-0.002818473847582936
-0.002815323416143656
-0.002812181366607547
-0.002809064229950309
-0.002805988071486354
-0.002802966395393014
-0.002800012705847621
-0.002797137247398496
-0.002794347703456879
-0.002791649661958218
-0.00278904614970088
-0.002786537166684866
-0.002784119918942451
-0.002781790215522051
-0.002779540373012424
-0.002777361776679754
-0.002775243949145079
-0.002773174084722996
-0.002771139144897461
-0.002769125625491142
-0.002767119556665421
-0.002765107434242964
-0.002763077151030302
-0.002761016367003322
-0.002758915536105633
-0.002756765577942133
-0.002754560206085443
-0.002752294531092048
-0.002749966457486153
-0.002747575519606471
-0.002745123812928796
-0.002742615761235356
-0.002740056719630957
-0.002737453673034906
-0.002734815469011664
-0.002732151886448264
-0.002729472471401095
-0.002726788399741054
-0.002724109683185816
-0.00272144703194499
-0.00271881022490561
-0.00271620717830956
-0.002713645342737436
-0.002711130538955331
-0.002708666957914829
-0.002706257626414299
-0.002703903242945671
-0.002701602876186371
-0.002699353964999318
-0.002697152784094214
-0.002694993512704968
-0.002692870330065489
-0.002690775319933891
-0.002688700798898935
-0.002686638385057449
-0.002684579929336905
-0.002682517282664776
-0.002680443227291107
-0.002678351476788521
-0.002676236908882856
-0.002674094634130597
-0.002671922091394663
-0.002669717418029904
-0.002667480148375034
-0.002665211213752627
-0.00266291294246912
-0.002660588594153523
-0.00265824212692678
-0.002655878895893693
-0.002653503557667136
-0.002651121933013201
-0.002648739842697978
-0.002646363340318203
-0.002643998479470611
-0.002641650382429361
-0.002639323472976685
-0.002637021942064166
-0.002634748117998242
-0.00263250432908535
-0.002630290808156133
-0.002628107788041234
-0.002625954104587436
-0.002623827429488301
-0.002621725434437394
-0.002619643695652485
-0.002617578022181988
-0.002615524223074317
-0.002613477641716599
-0.002611433155834675
-0.002609387272968888
-0.002607335802167654
-0.00260527478531003
-0.002603201428428292
-0.002601113636046648
-0.002599010011181235
-0.002596889855340123
-0.002594753401353955
-0.00259260181337595
-0.002590436721220613
-0.002588260220363736
-0.002586074639111757
-0.002583883004263043
-0.002581687644124031
-0.002579492283985019
-0.002577299484983087
-0.002575112273916602
-0.002572932513430715
-0.002570762066170573
-0.002568601863458753
-0.002566452603787184
-0.002564314287155867
-0.00256218621507287
-0.00256006745621562
-0.002557955449447036
-0.002555847633630037
-0.002553741214796901
-0.002551632700487971
-0.002549518132582307
-0.002547393087297678
-0.002545253373682499
-0.002543094335123897
-0.002540911315008998
-0.002538699191063643
-0.002536453539505601
-0.002534169238060713
-0.002531841862946749
-0.002529466990381479
-0.002527039498090744
-0.00252455472946167
-0.002522008260712028
-0.0025193952023983
-0.002516709733754396
-0.002513946034014225
-0.002511097118258476
-0.002508155768737197
-0.002505113603547215
-0.002501960610970855
-0.002498687012121081
-0.002495280699804425
-0.002491729101166129
-0.002488018479198217
-0.002484132768586278
-0.002480054972693324
-0.002475767163559794
-0.002471250714734197
-0.002466484205797315
-0.002461446216329932
-0.002456112764775753
-0.002450460568070412
-0.002444463782012463
-0.002438096329569817
-0.002431331435218453
-0.002424141159281135
-0.002416497794911265
-0.002408372005447745
-0.002399734919890761
-0.002390556735917926
-0.002380808582529426
-0.002370461355894804
-0.002359486185014248
-0.002347855363041162
-0.002335541415959597
-0.00232251756824553
-0.002308759139850736
-0.002294243080541492
-0.002278948202729225
-0.002262854715809226
-0.002245946554467082
-0.002228209981694818
-0.002209634985774755
-0.002190214581787586
-0.002169946674257517
-0.002148833125829697
-0.002126880222931504
-0.002104099374264479
-0.00208050780929625
-0.002056128578260541
-0.002030990552157164
-0.002005129121243954
-0.001978585729375482
-0.001951408456079662
-0.001923652715049684
-0.001895379857160151
-0.001866657985374331
-0.001837561489082873
-0.001808170927688479
-0.001778572448529303
-0.001748856855556369
-0.001719119725748897
-0.001689460477791727
-0.001659981557168067
-0.001630787272006273
-0.001601983094587922
-0.00157367461360991
-0.001545966253615916
-0.00151895999442786
-0.001492754672653973
-0.001467444119043648
-0.001443116343580186
-0.001419852138496935
-0.001397724146954715
-0.001376795349642634
-0.001357118133455515
-0.001338732894510031
-0.001321667805314064
-0.001305937999859452
-0.001291544176638126
-0.001278472947888076
-0.001266696257516742
-0.001256171497516334
-0.001246841158717871
-0.001238633994944394
-0.001231465139426291
-0.00122523691970855
-0.001219840371049941
-0.00121515616774559
-0.001211056602187455
-0.001207406865432858
-0.001204067259095609
-0.001200895057991147
-0.001197746838442981
-0.001194480806589127
-0.001190958544611931
-0.001187048037536442
-0.001182625652290881
-0.00117757823318243
-0.001171805080957711
-0.001165220281109214
-0.001157753984443843
-0.001149353687651455
-0.001139986095950007
-0.001129636773839593
-0.001118311542086303
-0.001106035662814975
-0.001092854072339833
-0.001078830333426595
-0.00106404535472393
-0.001048596226610243
-0.001032593543641269
-0.001016160240396857
-0.0009994277497753501
-0.0009825340239331126
-0.0009656199836172163
-0.0009488273062743247
-0.0009322944097220898
-0.0009161537163890898
-0.0009005286265164614
-0.0008855306659825146
-0.0008712568669579923
-0.000857787556014955
-0.0008451842004433274
-0.0008334882440976799
-0.0008227198268286884
-0.0008128774934448302
-0.0008039383683353662
-0.0007958585629239678
-0.0007885746308602393
-0.0007820047321729362
-0.0007760512526147068
-0.0007706032483838499
-0.0007655394729226828
-0.0007607313455082476
-0.0007560467347502708
-0.0007513533928431571
-0.0007465225644409657
-0.0007414324209094048
-0.0007359712617471814
-0.00073004059959203
-0.0007235577213577926
-0.0007164583075791597
-0.0007086977129802108
-0.0007002517231740057
-0.0006911179516464472
-0.0006813148502260447
-0.0006708813598379493
-0.0006598753971047699
-0.0006483718752861023
-0.0006364603759720922
-0.0006242422387003899
-0.0006118271267041564
-0.0005993294762447476
-0.0005868652951903641
-0.0005745479138568044
-0.0005624847253784537
-0.0005507738096639514
-0.0005395004991441965
-0.000528735457919538
-0.0005185319459997118
-0.000508924713358283
-0.0004999288939870894
-0.0004915400058962405
-0.0004837340675294399
-0.0004764690820593387
-0.0004696866672020406
-0.0004633140633814037
-0.0004572671314235777
-0.0004514533502515405
-0.0004457753384485841
-0.000440134055679664
-0.0004344327026046813
-0.0004285798058845103
-0.0004224924778100103
-0.000416099326685071
-0.0004093427560292184
-0.0004021807690151036
-0.0003945882781408727
-0.0003865578328259289
-0.0003780992410611361
-0.0003692393656820059
-0.0003600201453082263
-0.0003504970809444785
-0.0003407367912586778
-0.0003308140730950981
-0.0003208088164683431
-0.0003108028322458267
-0.0003008765634149313
-0.0002911058545578271
-0.0002815592160914093
-0.0002722949720919132
-0.0002633596013765782
-0.0002547856129240245
-0.0002465910511091352
-0.0002387785643804818
-0.00023133639479056
-0.0002242385089630261
-0.0002174464461859316
-0.0002109111665049568
-0.0002045753644779325
-0.0001983761176234111
-0.0001922473747981712
-0.0001861234050011262
-0.0001799412275431678
-0.0001736433623591438
-0.0001671801728662103
-0.0001605119759915397
-0.0001536101481178775
-0.0001464586093788967
-0.0001390539982821792
-0.0001314055552938953
-0.0001235343370353803
-0.0001154720666818321
-0.0001072595550795086
-9.894461982185021e-05
-9.057979332283139e-05
-8.221995085477829e-05
-7.391963299596682e-05
-6.573087011929601e-05
-5.77009232074488e-05
-4.987031570635736e-05
-4.227158933645114e-05
-3.492818359518424e-05
-2.785336073429789e-05
-2.105107341776602e-05
-1.451574098609854e-05
-8.233169864979573e-06
-2.1820032998221e-06
3.664700898298179e-06
9.337451956525911e-06
1.486843757447787e-05
2.028943345067091e-05
2.562946792750154e-05
3.091305552516133e-05
3.615844252635725e-05
4.137620635447092e-05
4.656824239646085e-05
5.172697274247184e-05
5.683526978828013e-05
6.186679092934355e-05
6.678636418655515e-05
7.155129424063489e-05
7.61123956181109e-05
8.041577530093491e-05
8.440454257652164e-05
8.802027150522918e-05
9.120505274040624e-05
9.390288323629647e-05
9.606112143956125e-05
9.763170965015888e-05
9.857165423454717e-05
9.884389146463946e-05
9.841711289482191e-05
9.726568532641977e-05
9.536930883768946e-05
9.271201270166785e-05
8.928150054998696e-05
8.506813901476562e-05
8.006329881027341e-05
7.425907097058371e-05
6.764720455976203e-05
6.021783701726235e-05
5.195969060878269e-05
4.285941031412221e-05
3.290174208814278e-05
2.207041325164028e-05
1.034791148413206e-05
-2.283123194501968e-06
-1.583845914865378e-05
-3.033143184438813e-05
-4.577079744194634e-05
-6.215963367139921e-05
-7.949386053951457e-05
-9.776071965461597e-05
-0.0001169374081655405
-0.0001369902165606618
-0.0001578741212142631
-0.000179531896719709
-0.0002018946106545627
-0.0002248814998893067
-0.000248400610871613
-0.0002723499201238155
-0.0002966183528769761
-0.0003210871655028313
-0.0003456315898802131
-0.000370122492313385
-0.0003944280615542084
-0.0004184157005511224
-0.0004419536853674799
-0.000464912474853918
-0.0004871668934356421
-0.0005085970042273402
-0.0005290897679515183
-0.000548540148884058
-0.0005668520461767912
-0.0005839393124915659
-0.0005997269181534648
-0.0006141515332274139
-0.0006271621095947921
-0.0006387209868989885
-0.0006488045328296721
-0.0006574033759534359
-0.0006645233370363712
-0.0006701855454593897
-0.0006744273123331368
-0.000677302188705653
-0.0006788797327317297
-0.0006792456260882318
-0.0006785011501051486
-0.0006767623708583415
-0.0006741593242622912
-0.0006708345026709139
-0.0006669411086477339
-0.0006626408430747688
-0.0006581020425073802
-0.0006534964195452631
-0.0006489962106570601
-0.0006447715568356216
-0.0006409864872694016
-0.0006377964746206999
-0.0006353447097353637
-0.0006337591912597418
-0.0006331498734652996
-0.0006336059304885566
-0.0006351941265165806
-0.0006379568367265165
-0.0006419107667170465
-0.0006470467778854072
-0.0006533295381814241
-0.0006606986280530691
-0.0006690696463920176
-0.0006783359567634761
-0.0006883713067509234
-0.0006990325637161732
-0.0007101632072590292
-0.0007215969962999225
-0.0007331617525778711
-0.000744683959055692
-0.0007559927180409431
-0.0007669238257221878
-0.0007773239631205797
-0.0007870547124184668
-0.0007959954673424363
-0.0008040467509999871
-0.0008111330680549145
-0.0008172040106728673
-0.0008222365286201239
-0.0008262348710559309
-0.0008292309357784688
-0.0008312832796946168
-0.0008324761292897165
-0.0008329167030751705
-0.0008327328250743449
-0.0008320699562318623
-0.0008310866542160511
-0.0008299513719975948
-0.0008288372191600502
-0.0008279178873635828
-0.0008273629937320948
-0.0008273335406556726
-0.0008279777830466628
-0.0008294269209727645
-0.0008317921892739832
-0.0008351615979336202
-0.0008395985350944102
-0.000845139438752085
-0.0008517943788319826
-0.0008595467661507428
-0.000868354516569525
-0.0008781528449617326
-0.0008888564771041274
-0.0009003635495901108
-0.0009125597425736487
-0.0009253221796825528
-0.000938525190576911
-0.0009520446183159947
-0.0009657630580477417
-0.0009795741643756628
-0.0009933871915563941
-0.001007130485959351
-0.001020754338242114
-0.001034232904203236
-0.001047565601766109
-0.001060777343809605
-0.001073917257599533
-0.001087057287804782
-0.001100289286114275
-0.001113721751607955
-0.001127475057728589
-0.001141677494160831
-0.00115645956248045
-0.001171948853880167
-0.001188265276141465
-0.001205515582114458
-0.001223788829520345
-0.001243153004907072
-0.001263651065528393
-0.001285299309529364
-0.00130808528047055
-0.001331968582235277
-0.001356880296953022
-0.001382725313305855
-0.001409384538419545
-0.001436718390323222
-0.001464571338146925
-0.001492775627411902
-0.001521156751550734
-0.001549538224935532
-0.001577746821567416
-0.001605616882443428
-0.00163299439009279
-0.00165974092669785
-0.001685736468061805
-0.001710881479084492
-0.001735097845084965
-0.001758329104632139
-0.001780540100298822
-0.001801715581677854
-0.001821858226321638
-0.001840984565205872
-0.001859123818576336
-0.001876313355751336
-0.001892596250399947
-0.001908016856759787
-0.001922618481330574
-0.001936440705321729
-0.001949517289176583
-0.001961875008419156
-0.001973533071577549
-0.001984502887353301
-0.00199479004368186
-0.002004394307732582
-0.002013312187045813
-0.002021540654823184
-0.002029078081250191
-0.00203592935577035
-0.002042107516899705
-0.002047635847702622
-0.002052551368251443
-0.00205690530128777
-0.002060765633359551
-0.002064215252175927
-0.002067353343591094
-0.002070292364805937
-0.002073156647384167
-0.002076078439131379
-0.002079195575788617
-0.002082646358758211
-0.002086565131321549
-0.002091079019010067
-0.002096302574500442
-0.002102334052324295
-0.002109251916408539
-0.002117112278938293
-0.002125945640727878
-0.002135756425559521
-0.002146523911505938
-0.002158199902623892
-0.002170713385567069
-0.002183970995247364
-0.002197860740125179
-0.002212256193161011
-0.002227019518613815
-0.002242006827145815
-0.002257072599604726
-0.002272073179483414
-0.002286870963871479
-0.002301339525729418
-0.002315365243703127
-0.002328849863260984
-0.002341713290661573
-0.002353892894461751
-0.002365345368161798
-0.002376045566052198
-0.002385986503213644
-0.002395177492871881
-0.002403641818091273
-0.002411417663097382
-0.002418552292510867
-0.002425102749839425
-0.002431132365018129
-0.002436709823086858
-0.00244190776720643
-0.002446799771860242
-0.002451460575684905
-0.002455964917317033
-0.002460386604070663
-0.00246479781344533
-0.002469268161803484
-0.002473864005878568
-0.002478649374097586
-0.002483683172613382
-0.002489018952473998
-0.002494705142453313
-0.002500783884897828
-0.002507288474589586
-0.002514244057238102
-0.002521665766835213
-0.002529557561501861
-0.002537911757826805
-0.002546708565205336
-0.002555916085839272
-0.002565489150583744
-0.002575371880084276
-0.002585497684776783
-0.002595791593194008
-0.002606171416118741
-0.002616550540551543
-0.00262684072367847
-0.002636954421177506
-0.002646808279678226
-0.002656325930729508
-0.002665441017597914
-0.00267409929074347
-0.002682260237634182
-0.00268990034237504
-0.00269701168872416
-0.002703604521229863
-0.002709705149754882
-0.002715355483815074
-0.002720612101256847
-0.002725542522966862
-0.002730223815888166
-0.002734738867729902
-0.002739174291491508
-0.002743616001680493
-0.002748146187514067
-0.002752841217443347
-0.002757768146693707
-0.002762982621788979
-0.002768527250736952
-0.002774430904537439
-0.002780707087367773
-0.002787354635074735
-0.002794358413666487
-0.002801690017804503
-0.002809310099110007
-0.002817168598994613
-0.002825208939611912
-0.002833368722349405
-0.002841583918780088
-0.002849790500476956
-0.002857924904674292
-0.002865928690880537
-0.002873748308047652
-0.002881339052692056
-0.002888664603233337
-0.002895697252824903
-0.002902419539168477
-0.002908824710175395
-0.002914915094152093
-0.002920701401308179
-0.002926203655079007
-0.002931447932496667
-0.002936467295512557
-0.002941298764199018
-0.002945981919765472
-0.002950558438897133
-0.002955068834125996
-0.002959552221000195
-0.002964043989777565
-0.002968575339764357
-0.002973170252516866
-0.002977846888825297
-0.002982614561915398
-0.002987474668771029
-0.002992419060319662
-0.002997431671246886
-0.003002486890181899
-0.003007552353665233
-0.003012587316334248
-0.003017545444890857
-0.003022375516593456
-0.003027023514732718
-0.003031433559954166
-0.003035549074411392
-0.003039315110072494
-0.003042679745703936
-0.003045595716685057
-0.003048020182177424
-0.003049917751923203
-0.003051257925108075
-0.003052018117159605
-0.003052181797102094
-0.003051738953217864
-0.003050685161724687
-0.003049019956961274
-0.003046746831387281
-0.003043870674446225
-0.003040397772565484
-0.003036333248019218
-0.00303168036043644
-0.003026439808309078
-0.00302060809917748
-0.003014176618307829
-0.003007132792845368
-0.002999459160491824
-0.002991133835166693
-0.002982131205499172
-0.002972423331812024
-0.002961981110274792
-0.002950774971395731
-0.002938777906820178
-0.002925965236499906
-0.002912318101152778
-0.002897824393585324
-0.00288247992284596
-0.002866288647055626
-0.002849265700206161
-0.002831436693668365
-0.002812837949022651
-0.002793517196550965
-0.00277353310957551
-0.002752953907474875
-0.002731857821345329
-0.002710331464186311
-0.002688468201085925
-0.002666367683559656
-0.002644133754074574
-0.002621873980388045
-0.002599696628749371
-0.002577711129561067
-0.002556025050580502
-0.002534744096919894
-0.002513970481231809
-0.00249380199238658
-0.002474331296980381
-0.002455645240843296
-0.002437823917716742
-0.002420940436422825
-0.002405060920864344
-0.002390242647379637
-0.002376535441726446
-0.002363980282098055
-0.002352610230445862
-0.002342447638511658
-0.002333506010472775
-0.002325789304450154
-0.002319291001185775
-0.002313993871212006
-0.002309869276359677
-0.002306877402588725
-0.002304966794326901
-0.002304074820131063
-0.002304126508533955
-0.002305035479366779
-0.002306705573573709
-0.002309030154719949
-0.002311892807483673
-0.002315169898793101
-0.002318731276318431
-0.002322441898286343
-0.002326164394617081
-0.002329760929569602
-0.002333096461370587
-0.002336039207875729
-0.002338464604690671
-0.002340257167816162
-0.00234131352044642
-0.002341544255614281
-0.002340876031666994
-0.002339252969250083
-0.002336638513952494
-0.002333015901967883
-0.002328388625755906
-0.002322781132534146
-0.002316238358616829
-0.002308824565261602
-0.002300621243193746
-0.002291728043928742
-0.002282257424667478
-0.002272333716973662
-0.002262090565636754
-0.002251667901873589
-0.002241207985207438
-0.002230852842330933
-0.002220741705968976
-0.002211006823927164
-0.00220177136361599
-0.002193146152421832
-0.002185228047892451
-0.002178097143769264
-0.002171815373003483
-0.002166424877941608
-0.002161948010325432
-0.002158385468646884
-0.002155718626454473
-0.002153908368200064
-0.002152896486222744
-0.002152608009055257
-0.002152952365577221
-0.002153825480490923
-0.002155112335458398
-0.002156690461561084
-0.002158432966098189
-0.00216021086089313
-0.002161896787583828
-0.002163368742913008
-0.002164512407034636
-0.002165224170312285
-0.002165414625778794
-0.00216500973328948
-0.002163952682167292
-0.002162206452339888
-0.002159754280000925
-0.002156598959118128
-0.002152764005586505
-0.002148292493075132
-0.002143246121704578
-0.002137702191248536
-0.002131752204149961
-0.002125499071553349
-0.002119053155183792
-0.002112529706209898
-0.002106046304106712
-0.002099716803058982
-0.002093649236485362
-0.002087943023070693
-0.002082684775814414
-0.00207794620655477
-0.002073782496154308
-0.00207022950053215
-0.002067303285002708
-0.002065000124275684
-0.002063296502456069
-0.002062150277197361
-0.002061502309516072
-0.00206127786077559
-0.002061389852315187
-0.002061742823570967
-0.002062234794721007
-0.002062762854620814
-0.002063224092125893
-0.002063521416857839
-0.00206356612034142
-0.002063280902802944
-0.002062601968646049
-0.002061482053250074
-0.002059890888631344
-0.002057817298918962
-0.002055267803370953
-0.002052267082035542
-0.002048855647444725
-0.002045089611783624
-0.002041036495938897
-0.002036774298176169
-0.002032386371865869
-0.002027960494160652
-0.002023583278059959
-0.002019337844103575
-0.002015300327911973
-0.002011537784710526
-0.002008104929700494
-0.002005042741075158
-0.002002377063035965
-0.002000117907300591
-0.001998259220272303
-0.001996779115870595
-0.001995641971006989
-0.001994800055399537
-0.001994195161387324
-0.001993761863559484
-0.001993429381400347
-0.001993125537410378
-0.001992779085412621
-0.001992323901504278
-0.001991699682548642
-0.001990856137126684
-0.00198975414969027
-0.001988366479054093
-0.001986680086702108
-0.001984694972634315
-0.001982424641028047
-0.00197989447042346
-0.001977141015231609
-0.001974210608750582
-0.001971154939383268
-0.001968031516298652
