0
0
0
0
0
0
0
0
0
0
0
0
0
0
0
0
0
0
0
0
0
0
0
0
0
0
0
0
0
0
0
0
0
0
0
0
0
0
0
0
0
0
0
0
0
0
0
0
0
0
0
0
0
0
0
0
0
0
0
0
0
0
0
0
0
0
0
0
0
0
0
0
0
0
0
0
0
0
0
0
0
0
0
0
0
0
0
0
0
0
0
0
0
0
0
0
0
0
0
0
0
0
0
0
0
0
0
0
0
0
0
0
0
0
0
0
0
0
0
0
0
0
0
0
0
0
0
0
0
0
0
0
0
0
0
0
0
0
0
0
0
0
0
0
0
0
0
0
0
0
0
0
0
0
0
0
0
0
0
0
0
0
0
0
0
0
0
0
0
0
0
0
0
0
0
0
0
0
0
0
0
0
0
0
0
0
0
0
0
0
0
0
0
0
0
0
0
0
0
0
0
0
0
0
0
0
0
0
0
0
0
0
0
0
0
0
0
0
0
0
0
0
0
0
0
0
0
0
0
0
0
0
0
0
0
0
0
0
0
0
0
0
0
0
0
0
0
0
0
0
0
0
0
0
0
0
0
0
0
0
0
0
0
0
0
0
0
0
0
0
0
0
0
0
0
0
0
0
0
0
0
0
0
0
0
0
0
0
0
0
0
0
0
0
0
0
0
0
0
0
0
0
0
0
0
0
0
0
0
0
0
0
0
0
0
0
0
0
0
0
0
0
0
0
0
0
0
0
0
0
0
0
0
0
0
0
0
0
0
0
0
0
0
0
0
0
0
0
0
0
0
0
0
0
0
0
0
0
0
0
0
0
0
0
0
0
0
0
0
0
0
0
0
0
0
0
0
0
0
0
0
0
0
0
0
0
0
0
0
0
0
0
0
0
0
0
0
0
0
0
0
0
0
0
0
0
0
0
0
0
0
0
0
0
0
0
0
0
0
0
0
0
0
0
0
0
0
0
0
0
0
0
0
0
0
0
0
0
0
0
0
0
0
0
0
0
0
0
0
0
0
0
0
0
0
0
0
0
0
0
0
0
0
0
0
0
0
0
0
0
0
0
0
0
0
0
0
0
0
0
0
0
0
0
0
0
0
0
0
0
0
0
0
0
0
0
0
0
0
0
0
0
0
0
0
0
0
0
0
0
0
0
0
0
0
0
0
0
0
0
0
0
0
0
0
0
0
0
0
0
0
0
0
0
0
0
0
0
0
0
0
0
0
0
0
0
0
0
0
0
0
0
0
0
0
0
0
0
0
0
0
0
0
0
0
0
0
0
0
0
0
0
0
0
0
0
0
0
0
0
0
0
0
0
0
0
0
0
0
0
0
0
0
0
0
0
0
0
0
0
0
0
0
0
0
0
0
0
0
0
0
0
0
0
0
0
0
0
0
0
0
0
0
0
0
0
0
0
0
0
0
0
0
0
0
0
0
0
0
0
0
0
0
0
0
0
0
0
0
0
0
0
0
0
0
0
0
0
0
0
0
0
0
0
0
0
0
0
0
0
0
0
0
0
0
0
0
0
0
0
0
0
0
0
0
0
0
0
0
0
0
0
0
0
0
0
0
0
0
0
0
0
0
0
0
0
0
0
0
0
0
0
0
0
0
0
0
0
0
0
0
0
0
0
0
0
0
0
0
0
0
0
0
0
0
0
0
0
0
0
0
0
0
0
0
0
0
0
0
0
0
0
0
0
0
0
0
0
0
0
0
0
0
0
0
0
0
0
0
0
0
0
0
0
0
0
0
0
0
0
0
0
0
0
0
0
0
0
0
0
0
0
0
0
0
0
0
0
0
0
0
0
0
0
0
0
0
0
0
0
0
0
0
0
0
0
0
0
0
0
0
0
0
0
0
0
0
0
0
0
0
0
0
0
0
0
0
0
0
0
0
0
0
0
0
0
0
0
0
0
0
0
0
0
0
0
0
0
0
0
0
0
0
0
0
0
0
0
0
0
0
0
0
0
0
0
0
0
0
0
0
0
0
0
0
0
0
0
0
0
0
0
0
0
0
0
0
0
0
0
0
0
0
0
0
0
0
0
0
0
0
0
0
0
0
0
0
0
0
0
0
0
0
0
0
0
0
0
0
0
0
0
0
0
0
0
0
0
0
0
0
0
0
0
0
0
0
2.802596928649634e-45
1.401298464324817e-44
4.90454462513686e-44
1.261168617892335e-43
2.91470080579562e-43
6.389920997321166e-43
1.328430944179927e-42
2.736735900826368e-42
5.563154903369524e-42
1.124542017620666e-41
2.26141546172739e-41
4.529837415776404e-41
9.041317821670152e-41
1.798678682838049e-40
3.566724981245957e-40
7.050703288173533e-40
1.389527557224489e-39
2.730104956493183e-39
5.347828578744444e-39
1.044400076887772e-38
2.033540789613974e-38
3.947659560981872e-38
7.640671801910325e-38
1.474458239277427e-37
2.836916185391352e-37
5.44223786781783e-37
1.040948443351998e-36
1.985205588686651e-36
3.774940399998239e-36
7.157258942652585e-36
1.353066174756715e-35
2.550532024541839e-35
4.793861113082624e-35
8.984351536970226e-35
1.678951578822891e-34
3.128551123242152e-34
5.813068898188281e-34
1.077031454248559e-33
1.989827245904043e-33
3.665808520398074e-33
6.734339544935713e-33
1.233656929680211e-32
2.253571076688116e-32
4.105148946270729e-32
7.457110466701234e-32
1.350826151114666e-31
2.440162173295694e-31
4.395735264024226e-31
7.8966174601234e-31
1.414654695028158e-30
2.527334295284877e-30
4.502780951785247e-30
8.000331044577806e-30
1.417577876763964e-29
2.504959879387597e-29
4.414407474569524e-29
7.758268733958174e-29
1.35981800393292e-28
2.376966848440685e-28
4.143761053383093e-28
7.20440799499197e-28
1.249213532415462e-27
2.16029250745983e-27
3.725877877764303e-27
6.408960216768159e-27
1.099491988909691e-26
1.88124220670163e-26
3.210318141305902e-26
5.463926114579973e-26
9.275073385074054e-26
1.570320322998787e-25
2.65167285598635e-25
4.465961972471544e-25
7.501977475723853e-25
1.256911308773203e-24
2.100409804973567e-24
3.50087240064494e-24
5.820009077163457e-24
9.650472297175167e-24
1.59607465940199e-23
2.632932922840953e-23
4.332221196448974e-23
7.109970522143322e-23
1.16389396236973e-22
1.90042107783191e-22
3.095130723949959e-22
5.028089852876212e-22
8.147491744287032e-22
1.316872645900575e-21
2.123071123474759e-21
3.414194440661157e-21
5.476672766730882e-21
8.762985811705551e-21
1.398608288814596e-20
2.2266429007266e-20
3.53604202229934e-20
5.601424123904166e-20
8.851063260160116e-20
1.395115454054606e-19
2.193533574992487e-19
3.440325334705649e-19
5.382420301912509e-19
8.400016018548699e-19
1.307701824503963e-18
2.030789821978165e-18
3.145939716311422e-18
4.861458746801739e-18
7.494024739158916e-18
1.152384354272535e-17
1.767725335439713e-17
2.705009643223959e-17
4.129151614605481e-17
6.287705561969963e-17
9.551339389608543e-17
1.44736596043401e-16
2.187941292248327e-16
3.299419646171094e-16
4.963467487122391e-16
7.448687035959333e-16
1.115121839675602e-15
1.665383135453084e-15
2.481168719645818e-15
3.687651109495794e-15
5.467587510131142e-15
8.087141931600525e-15
1.193297644399606e-14
1.756539148346521e-14
2.579426066186621e-14
3.77872612486365e-14
5.52237360115955e-14
8.051279911866493e-14
1.171018035144022e-13
1.699114210874236e-13
2.459475765409502e-13
3.551600745270445e-13
5.116442209143757e-13
7.35317622763132e-13
1.05425434007711e-12
1.507925403466948e-12
2.151685947471282e-12
3.062971317552288e-12
4.349831692757045e-12
6.162654154345804e-12
8.710224382035836e-12
1.228167047229167e-11
1.727636436688051e-11
2.424456121974394e-11
3.39424738315941e-11
4.740673825720521e-11
6.605477276266924e-11
9.181971849514525e-11
1.273313537941689e-10
1.761580187276124e-10
2.43129183452595e-10
3.347644383921988e-10
4.59842303124347e-10
6.301525967700172e-10
8.614886026769852e-10
1.174951913540667e-09
1.598663423862945e-09
2.170001511814235e-09
2.93852053800947e-09
3.969744977183609e-09
5.350090592770584e-09
7.193227791191248e-09
9.64828217320246e-09
1.291037943218498e-08
1.723416431786973e-08
2.295105971938938e-08
3.049129304599774e-08
4.041184098468875e-08
5.343184028561154e-08
7.047731287457282e-08
9.273747991755954e-08
1.217353542415367e-07
1.594162597484683e-07
2.082579726447875e-07
2.714079130328173e-07
3.528530498897453e-07
4.57629766970058e-07
5.920824719396478e-07
7.641808110747661e-07
9.83907625595748e-07
1.263732428924413e-06
1.619186036805331e-06
2.069556785500026e-06
2.638729938553297e-06
3.356197339599021e-06
4.258267381374026e-06
5.389507350628264e-06
6.804459189879708e-06
8.569672900193837e-06
1.076610078598605e-05
1.349192007182864e-05
1.686582254478708e-05
2.103085898852441e-05
2.615889570733998e-05
3.24557586282026e-05
4.016715683974326e-05
4.958545105182566e-05
6.105736247263849e-05
7.499271305277944e-05
9.187427349388599e-05
0.0001122687681345269
0.000136839211336337
0.0001663584698690102
0.0002017242513829842
0.0002439753880025819
0.0002943096624221653
0.0003541027253959328
0.0004249283811077476
0.0005085801240056753
0.0006070933304727077
0.0007227682508528233
0.0008581934380345047
0.001016268855892122
0.001200228463858366
0.001413662219420075
0.001660535228438675
0.001945204799994826
0.002272434532642365
0.002647402696311474
0.003075706074014306
0.003563356352970004
0.004116769414395094
0.004742743447422981
0.005448430776596069
0.00624129269272089
0.007129046600311995
0.008119595237076283
0.009220942854881287
0.01044109743088484
0.01178795844316483
0.01326918043196201
0.01489203050732613
0.01666323095560074
0.01858878321945667
0.02067378163337708
0.02292223088443279
0.02533683925867081
0.02791882492601871
0.03066771663725376
0.03358117491006851
0.03665481880307198
0.03988207876682281
0.043254055082798
0.04675945639610291
0.0503845326602459
0.05411307886242867
0.0579264722764492
0.06180380657315254
0.0657220333814621
0.06965623795986176
0.07357988506555557
0.07746522128582001
0.08128370344638824
0.0850064605474472
0.08860486000776291
0.09205103665590286
0.09531854838132858
0.09838289767503738
0.1012222692370415
0.1038180142641068
0.1061552539467812
0.1082233414053917
0.1100163087248802
0.1115331277251244
0.112777978181839
0.113760307431221
0.1144947037100792
0.1150007843971252
0.1153027787804604
0.1154290288686752
0.1154113784432411
0.1152843683958054
0.1150843799114227
0.1148486733436584
0.1146143525838852
0.1144173145294189
0.114291213452816
0.1142664700746536
0.1143693029880524
0.1146209910511971
0.1150371581315994
0.1156273037195206
0.1163944974541664
0.117335356771946
0.118440181016922
0.1196933016180992
0.1210737377405167
0.1225560009479523
0.1241110414266586
0.1257074028253555
0.1273124217987061
0.1288935244083405
0.1304194778203964
0.1318616569042206
0.1331951171159744
0.1343995928764343
0.1354602426290512
0.1363681703805923
0.13712078332901
0.1377217471599579
0.1381806433200836
0.1385126411914825
0.1387374401092529
0.1388785392045975
0.138961985707283
0.1390151381492615
0.1390653997659683
0.13913893699646
0.139259397983551
0.1394469887018204
0.1397175043821335
0.1400816738605499
0.1405449062585831
0.1411070376634598
0.1417626291513443
0.1425013393163681
0.1433086395263672
0.1441667526960373
0.1450556218624115
0.1459540873765945
0.1468411684036255
0.1476970165967941
0.1485041081905365
0.1492480933666229
0.149918407201767
0.1505088210105896
0.1510176211595535
0.1514474749565125
0.1518051624298096
0.1521010547876358
0.1523482203483582
0.1525617986917496
0.1527577638626099
0.1529521048069
0.1531597971916199
0.1533939987421036
0.153665229678154
0.153980940580368
0.1543451696634293
0.1547584384679794
0.1552178561687469
0.1557175517082214
0.1562491357326508
0.1568023562431335
0.1573659032583237
0.1579281538724899
0.1584779769182205
0.1590055078268051
0.1595026403665543
0.1599635183811188
0.1603848934173584
0.1607660949230194
0.161109060049057
0.1614179760217667
0.1616988778114319
0.161959171295166
0.1622070670127869
0.1624508500099182
0.1626984179019928
0.1629566699266434
0.1632311046123505
0.1635254770517349
0.1638416349887848
0.1641795039176941
0.1645372062921524
0.1649113595485687
0.1652973145246506
0.1656897217035294
0.1660828441381454
0.1664710938930511
0.1668494045734406
0.167213648557663
0.1675608158111572
0.167889267206192
0.1681986600160599
0.168490007519722
0.1687654852867126
0.169028177857399
0.1692817360162735
0.1695301085710526
0.1697771698236465
0.1700264066457748
0.1702806949615479
0.1705421060323715
0.1708117723464966
0.171089842915535
0.1713755428791046
0.1716673076152802
0.1719629019498825
0.1722597032785416
0.1725549399852753
0.1728458106517792
0.1731297671794891
0.173404648900032
0.173668846487999
0.1739212870597839
0.1741614192724228
0.1743892431259155
0.174605056643486
0.1748093962669373
0.1750028133392334
0.1751856803894043
0.1753580868244171
0.1755195558071136
0.1756689995527267
0.1758046001195908
0.1759237945079803
0.1760232299566269
0.1760988235473633
0.1761458069086075
0.1761587858200073
0.1761318892240524
0.1760588586330414
0.1759331375360489
0.1757479161024094
0.1754963397979736
0.1751714497804642
0.1747663170099258
0.1742739379405975
0.1736874282360077
0.1730000227689743
0.1722051352262497
0.1712964624166489
0.1702680438756943
0.1691144555807114
0.1678309887647629
0.1664138287305832
0.1648603230714798
0.1631692796945572
0.1613412201404572
0.1593785583972931
0.1572859883308411
0.1550705581903458
0.152742013335228
0.1503127813339233
0.1477979868650436
0.1452154517173767
0.1425855755805969
0.1399310082197189
0.1372763067483902
0.1346475630998611
0.1320718079805374
0.1295763999223709
0.1271883249282837
0.1249334514141083
0.1228358000516891
0.1209167540073395
0.1191942319273949
0.1176820248365402
0.116389200091362
0.1153195351362228
0.1144711449742317
0.1138363033533096
0.1134013757109642
0.1131470426917076
0.1130487099289894
0.1130771487951279
0.1131993606686592
0.1133796200156212
0.1135806664824486
0.1137651279568672
0.1138969361782074
0.1139427572488785
0.1138734221458435
0.1136652007699013
0.1133009269833565
0.1127708479762077
0.112073116004467
0.1112140491604805
0.1102078780531883
0.1090761423110962
0.1078467220067978
0.1065524965524673
0.1052297279238701
0.103916198015213
0.1026492193341255
0.101463682949543
0.1003900915384293
0.0994529128074646
0.09866917133331299
0.09804745763540268
0.09758741408586502
0.09727978706359863
0.09710696339607239
0.09704401344060898
0.0970601961016655
0.0971209704875946
0.09719005227088928
0.09723178297281265
0.09721332043409348
0.09710685163736343
0.09689126908779144
0.09655353426933289
0.09608951210975647
0.09550406038761139
0.09481067210435867
0.09403034299612045
0.0931900218129158
0.09232058376073837
0.09145452827215195
0.09062361717224121
0.08985650539398193
0.08917663991451263
0.08860062807798386
0.08813705295324326
0.08778601884841919
0.08753924071788788
0.08738090097904205
0.08728903532028198
0.08723744750022888
0.08719782531261444
0.08714213222265244
0.08704492449760437
0.08688532561063766
0.08664868026971817
0.08632756769657135
0.08592230826616287
0.08544068038463593
0.08489701151847839
0.08431079238653183
0.08370479196310043
0.08310291171073914
0.08252805471420288
0.08200009912252426
0.08153417706489563
0.08113942295312881
0.08081838488578796
0.08056698739528656
0.08037509024143219
0.08022771775722504
0.08010659366846085
0.07999201118946075
0.0798647552728653
0.07970798015594482
0.07950869202613831
0.07925888895988464
0.07895614206790924
0.07860362529754639
0.07820954918861389
0.0777861475944519
0.0773482546210289
0.07691168040037155
0.07649154961109161
0.07610080391168594
0.07574893534183502
0.07544110715389252
0.075177863240242
0.0749552845954895
0.07476557791233063
0.07459808886051178
0.07444059103727341
0.07428065687417984
0.07410705089569092
0.07391083240509033
0.07368624955415726
0.07343117892742157
0.07314722985029221
0.07283931970596313
0.07251493632793427
0.07218318432569504
0.07185366004705429
0.07153531163930893
0.07123548537492752
0.07095909863710403
0.07070829719305038
0.0704822763800621
0.07027757912874222
0.07008863985538483
0.06990852206945419
0.06972981244325638
0.06954555213451385
0.0693499743938446
0.06913911551237106
0.06891115009784698
0.0686664879322052
0.06840752065181732
0.06813816726207733
0.06786332279443741
0.06758805364370346
0.06731701642274857
0.06705375760793686
0.06680036336183548
0.06655716896057129
0.06632278114557266
0.06609426438808441
0.06586752086877823
0.06563772261142731
0.0653999075293541
0.06514941155910492
0.06488232314586639
0.06459571421146393
0.06428775191307068
0.06395761668682098
0.06360527873039246
0.06323117017745972
0.06283575296401978
0.06241915002465248
0.06198075041174889
0.06151898205280304
0.06103111803531647
0.06051327660679817
0.05996051803231239
0.05936704203486443
0.058726467192173
0.05803212895989418
0.05727735906839371
0.05645572394132614
0.05556118115782738
0.05458815395832062
0.05353151261806488
0.05238647758960724
0.05114851146936417
0.04981312528252602
0.04837577044963837
0.04683171957731247
0.04517600312829018
0.04340349137783051
0.04150895774364471
0.03948727622628212
0.03733362630009651
0.03504377603530884
0.03261429071426392
0.03004280477762222
0.02732820250093937
0.02447077259421349
0.02147230505943298
0.01833612844347954
0.01506712473928928
0.01167168281972408
0.008157676085829735
0.004534400068223476
0.0008125472231768072
-0.00299583887681365
-0.006877377163618803
-0.01081736944615841
-0.01479982305318117
-0.01880749315023422
-0.02282195165753365
-0.02682369574904442
-0.03079231269657612
-0.03470668196678162
-0.03854524716734886
-0.04228631779551506
-0.04590840637683868
-0.04939061403274536
-0.05271300300955772
-0.05585697665810585
-0.05880565568804741
-0.06154422461986542
-0.06406023353338242
-0.06634391099214554
-0.06838835775852203
-0.07018978893756866
-0.07174764573574066
-0.07306472957134247
-0.07414720207452774
-0.07500462979078293
-0.07564990967512131
-0.07609909772872925
-0.07637125998735428
-0.07648814469575882
-0.07647392153739929
-0.07635468989610672
-0.07615803182125092
-0.07591250538825989
-0.07564699649810791
-0.07539013773202896
-0.07516968995332718
-0.07501187920570374
-0.07494082301855087
-0.07497794181108475
-0.07514142990112305
-0.07544585317373276
-0.07590176165103912
-0.07651544362306595
-0.07728875428438187
-0.07821914553642273
-0.0792996883392334
-0.08051931113004684
-0.08186309784650803
-0.08331272006034851
-0.08484698832035065
-0.08644242584705353
-0.08807400614023209
-0.08971584588289261
-0.09134197980165482
-0.09292715787887573
-0.09444759786128998
-0.09588172286748886
-0.09721078723669052
-0.0984194427728653
-0.09949620813131332
-0.1004338189959526
-0.1012293770909309
-0.1018844619393349
-0.1024049520492554
-0.1028008013963699
-0.1030856594443321
-0.1032763347029686
-0.1033921614289284
-0.1034542769193649
-0.1034848988056183
-0.1035064607858658
-0.1035407707095146
-0.1036083325743675
-0.1037275344133377
-0.1039140373468399
-0.104180246591568
-0.1045349016785622
-0.104982852935791
-0.105524942278862
-0.1061580777168274
-0.1068754270672798
-0.1076667979359627
-0.1085191518068314
-0.1094171926379204
-0.1103440523147583
-0.111282043159008
-0.1122134029865265
-0.1131210699677467
-0.1139893606305122
-0.1148046478629112
-0.1155558526515961
-0.1162348836660385
-0.1168368682265282
-0.1173602864146233
-0.1178069561719894
-0.1181817799806595
-0.1184924989938736
-0.11874920129776
-0.1189637780189514
-0.1191493198275566
-0.1193193942308426
-0.119487464427948
-0.1196661815047264
-0.1198667734861374
-0.1200985908508301
-0.1203686371445656
-0.1206812784075737
-0.1210381016135216
-0.1214378997683525
-0.1218767911195755
-0.1223483979701996
-0.1228442713618279
-0.1233542338013649
-0.1238669902086258
-0.1243705675005913
-0.1248528882861137
-0.1253022998571396
-0.1257080584764481
-0.1260606497526169
-0.1263521611690521
-0.1265764832496643
-0.126729279756546
-0.1268080919981003
-0.1268121749162674
-0.1267421990633011
-0.1265999227762222
-0.126387894153595
-0.1261090338230133
-0.1257661730051041
-0.1253617107868195
-0.1248972713947296
-0.1243733242154121
-0.1237890869379044
-0.1231423988938332
-0.1224297061562538
-0.1216461211442947
-0.1207857206463814
-0.1198417916893959
-0.1188071444630623
-0.1176746115088463
-0.1164374276995659
-0.1150897294282913
-0.1136270090937614
-0.1120464652776718
-0.1103474050760269
-0.1085314899682999
-0.1066028848290443
-0.1045684143900871
-0.1024374812841415
-0.100222036242485
-0.09793635457754135
-0.09559670090675354
-0.09322108328342438
-0.0908287912607193
-0.08843997865915298
-0.08607522398233414
-0.08375511318445206
-0.08149976283311844
-0.07932840287685394
-0.07725901156663895
-0.07530799508094788
-0.07348982989788055
-0.07181686162948608
-0.07029910385608673
-0.068944051861763
-0.0677565261721611
-0.06673868745565414
-0.06588990986347198
-0.06520681828260422
-0.06468330323696136
-0.06431058794260025
-0.06407734751701355
-0.06396985054016113
-0.06397218257188797
-0.06406645476818085
-0.06423316150903702
-0.06445153802633286
-0.06469994783401489
-0.0649564117193222
-0.06519907712936401
-0.06540679186582565
-0.06555964052677155
-0.06563957035541534
-0.06563091278076172
-0.06552089005708694
-0.06530007719993591
-0.06496275216341019
-0.06450711190700531
-0.06393546611070633
-0.06325417757034302
-0.06247349455952644
-0.0616072453558445
-0.06067238003015518
-0.05968838930130005
-0.05867656692862511
-0.05765924230217934
-0.05665889382362366
-0.05569727346301079
-0.0547945648431778
-0.05396854132413864
-0.05323386564850807
-0.05260148644447327
-0.05207820609211922
-0.05166640877723694
-0.0513639785349369
-0.05116444453597069
-0.05105729028582573
-0.05102846771478653
-0.05106104910373688
-0.05113603174686432
-0.05123323202133179
-0.05133222043514252
-0.05141324922442436
-0.05145817250013351
-0.05145126581192017
-0.05137990787625313
-0.0512351430952549
-0.05101200193166733
-0.05070967972278595
-0.05033145099878311
-0.04988442733883858
-0.04937909543514252
-0.04882871359586716
-0.04824854806065559
-0.04765505343675613
-0.04706496745347977
-0.04649443179368973
-0.04595815390348434
-0.04546866565942764
-0.0450357086956501
-0.04466578736901283
-0.04436188936233521
-0.04412344843149185
-0.04394646733999252
-0.04382384195923805
-0.04374584928154945
-0.04370078071951866
-0.04367567971348763
-0.0436570979654789
-0.04363191500306129
-0.04358807578682899
-0.04351526126265526
-0.0434054434299469
-0.04325328022241592
-0.04305634275078773
-0.04281514510512352
-0.0425330214202404
-0.04221582785248756
-0.04187145829200745
-0.04150929301977158
-0.04113955795764923
-0.04077262431383133
-0.04041837528347969
-0.04008554667234421
-0.03978124260902405
-0.03951052203774452
-0.03927614539861679
-0.0390784852206707
-0.03891560062766075
-0.03878344967961311
-0.03867624327540398
-0.03858692944049835
-0.03850769251585007
-0.03843052685260773
-0.03834781423211098
-0.03825280070304871
-0.03814004734158516
-0.03800574317574501
-0.03784789890050888
-0.03766640648245811
-0.03746295347809792
-0.03724083304405212
-0.03700461983680725
-0.03675977885723114
-0.03651222586631775
-0.03626787289977074
-0.03603218495845795
-0.03580980375409126
-0.03560423105955124
-0.03541763499379158
-0.03525074198842049
-0.03510285541415215
-0.03497198224067688
-0.03485503420233727
-0.0347481481730938
-0.03464699164032936
-0.03454713895916939
-0.0344444140791893
-0.03433521836996078
-0.0342167466878891
-0.03408719599246979
-0.03394585102796555
-0.03379307314753532
-0.03363020345568657
-0.03345941752195358
-0.03328348323702812
-0.03310551866889
-0.0329286977648735
-0.032756008207798
-0.03259000554680824
-0.03243261575698853
-0.03228501975536346
-0.0321475937962532
-0.03201992437243462
-0.03190090507268906
-0.03178884088993073
-0.03168164193630219
-0.03157703205943108
-0.03147273883223534
-0.03136670961976051
-0.03125723823904991
-0.03114312328398228
-0.03102372586727142
-0.03089899010956287
-0.03076940961182117
-0.03063595667481422
-0.03049995191395283
-0.03036293014883995
-0.03022649325430393
-0.03009216114878654
-0.0299612320959568
-0.0298346858471632
-0.02971311472356319
-0.02959669195115566
-0.0294851902872324
-0.02937801741063595
-0.02927430346608162
-0.0291729997843504
-0.02907297946512699
-0.02897315099835396
-0.02887255512177944
-0.0287704486399889
-0.02866634726524353
-0.02856006287038326
-0.02845169417560101
-0.02834160067141056
-0.02823034301400185
-0.02811862342059612
-0.02800719998776913
-0.0278968159109354
-0.02778812311589718
-0.0276816263794899
-0.02757764235138893
-0.02747629396617413
-0.02737749740481377
-0.02728098817169666
-0.02718636952340603
-0.02709314972162247
-0.02700080163776875
-0.02690881676971912
-0.02681675367057323
-0.02672427333891392
-0.02663116715848446
-0.02653736434876919
-0.02644293196499348
-0.0263480544090271
-0.02625300362706184
-0.02615810930728912
-0.0260637179017067
-0.02597015351057053
-0.0258776880800724
-0.025786517187953
-0.02569674141705036
-0.02560837008059025
-0.02552131935954094
-0.0254354365170002
-0.02535051479935646
-0.02526632510125637
-0.02518262527883053
-0.02509920485317707
-0.02501589432358742
-0.02493258006870747
-0.02484921738505363
-0.02476582117378712
-0.02468245662748814
-0.0245992373675108
-0.02451630681753159
-0.02443381398916245
-0.02435189671814442
-0.02427067421376705
-0.02419023215770721
-0.02411061525344849
-0.02403182163834572
-0.02395381592214108
-0.02387652359902859
-0.02379985526204109
-0.02372370660305023
-0.0236479714512825
-0.02357256598770618
-0.02349741570651531
-0.02342248149216175
-0.02334774471819401
-0.02327321656048298
-0.0231989286839962
-0.0231249313801527
-0.02305128425359726
-0.02297805063426495
-0.02290528267621994
-0.02283302322030067
-0.02276130393147469
-0.02269013226032257
-0.02261950075626373
-0.02254938147962093
-0.02247973717749119
-0.02241052687168121
-0.02234170585870743
-0.02227322943508625
-0.02220506593585014
-0.02213718928396702
-0.02206959202885628
-0.02200227044522762
-0.02193523570895195
-0.02186850644648075
-0.02180210500955582
-0.02173605188727379
-0.02167036943137646
-0.02160507440567017
-0.02154017984867096
-0.02147568948566914
-0.02141159772872925
-0.0213478971272707
-0.021284569054842
-0.02122159488499165
-0.02115895412862301
-0.02109662815928459
-0.0210346020758152
-0.02097286656498909
-0.02091141603887081
-0.02085024677217007
-0.02078936249017715
-0.02072876505553722
-0.02066846750676632
-0.02060847543179989
-0.02054880000650883
-0.02048944495618343
-0.02043041400611401
-0.02037170343101025
-0.02031331136822701
-0.02025523781776428
-0.02019746974110603
-0.02013999968767166
-0.02008281834423542
-0.02002592012286186
-0.01996929384768009
-0.01991293579339981
-0.01985684596002102
-0.01980101875960827
-0.01974545791745186
-0.01969016529619694
-0.01963514275848866
-0.01958039030432701
-0.01952590979635715
-0.01947170495986938
-0.01941777020692825
-0.01936410926282406
-0.01931071653962135
-0.01925759017467499
-0.01920472458004951
-0.01915211603045464
-0.01909975707530975
-0.01904764771461487
-0.01899578236043453
-0.0189441591501236
-0.01889277622103691
-0.01884162798523903
-0.0187907200306654
-0.01874005235731602
-0.01868962496519089
-0.01863943785429001
-0.01858948916196823
-0.01853977702558041
-0.01849030330777168
-0.01844106242060661
-0.01839205250144005
-0.01834327355027199
-0.01829472184181213
-0.01824639365077019
-0.018198287114501
-0.01815039850771427
-0.01810272969305515
-0.01805527321994305
-0.01800803281366825
-0.01796100847423077
-0.01791419833898544
-0.01786760427057743
-0.01782122068107128
-0.01777505129575729
-0.01772909052670002
-0.01768334023654461
-0.01763779856264591
-0.01759246177971363
-0.01754732988774776
-0.01750239916145802
-0.01745766960084438
-0.01741313561797142
-0.01736879721283913
-0.01732465624809265
-0.0172807089984417
-0.01723695732653141
-0.0171933975070715
-0.01715003326535225
-0.01710685901343822
-0.01706387661397457
-0.01702108420431614
-0.01697847805917263
-0.0169360563158989
-0.01689381711184978
-0.0168517604470253
-0.01680988818407059
-0.0167681947350502
-0.01672668196260929
-0.01668534986674786
-0.01664419658482075
-0.01660321466624737
-0.01656240969896317
-0.01652177982032299
-0.01648132130503654
-0.01644103601574898
-0.01640092022716999
-0.01636097393929958
-0.01632119715213776
-0.01628158986568451
-0.01624215021729469
-0.01620288006961346
-0.0161637756973505
-0.01612483710050583
-0.01608605869114399
-0.01604744605720043
-0.01600899174809456
-0.01597069576382637
-0.01593255624175072
-0.0158945769071579
-0.01585675030946732
-0.01581908017396927
-0.01578156277537346
-0.01574419997632504
-0.0157069880515337
-0.01566992700099945
-0.01563301868736744
-0.01559626311063766
-0.01555965840816498
-0.01552320271730423
-0.01548689790070057
-0.0154507402330637
-0.01541472971439362
-0.0153788672760129
-0.0153431473299861
-0.01530757080763578
-0.01527213584631681
-0.01523684244602919
-0.01520168874412775
-0.01516667567193508
-0.0151318022981286
-0.01509706769138575
-0.01506247092038393
-0.01502801198512316
-0.01499368995428085
-0.01495950389653444
-0.01492545008659363
-0.01489153224974871
-0.01485774666070938
-0.01482409425079823
-0.01479057408869267
-0.0147571861743927
-0.01472392864525318
-0.01469080056995153
-0.01465780008584261
-0.01462492719292641
-0.01459218002855778
-0.01455955859273672
-0.01452706381678581
-0.01449469290673733
-0.01446244586259127
-0.0144303236156702
-0.01439832244068384
-0.01436644420027733
-0.01433468796312809
-0.01430305279791355
-0.01427153777331114
-0.01424014195799828
-0.01420886535197496
-0.0141777079552412
-0.01414666976779699
-0.01411574985831976
-0.01408494636416435
-0.01405425928533077
-0.0140236858278513
-0.01399322506040335
-0.01396287698298693
-0.01393264066427946
-0.01390251610428095
-0.01387250330299139
-0.01384260132908821
-0.01381281111389399
-0.01378313265740871
-0.01375356409698725
-0.01372410636395216
-0.01369475852698088
-0.01366551965475082
-0.013636389747262
-0.01360736694186926
-0.01357845030725002
-0.01354963891208172
-0.01352093461900949
-0.01349233463406563
-0.01346383802592754
-0.01343544386327267
-0.01340715400874615
-0.01337896473705769
-0.01335087791085243
-0.01332289073616266
-0.01329500414431095
-0.01326721534132957
-0.01323952432721853
-0.01321193110197783
-0.01318443845957518
-0.01315704267472029
-0.01312974374741316
-0.01310254260897636
-0.01307544019073248
-0.0130484327673912
-0.01302152313292027
-0.01299470756202936
-0.01296798605471849
-0.01294135861098766
-0.01291482616215944
-0.01288838684558868
-0.01286204066127539
-0.0128357857465744
-0.0128096230328083
-0.01278355345129967
-0.01275757327675819
-0.01273168437182903
-0.01270588673651218
-0.01268017943948507
-0.01265456154942513
-0.01262903120368719
-0.01260358840227127
-0.01257823407649994
-0.01255297008901834
-0.01252779271453619
-0.0125027010217309
-0.01247769687324762
-0.01245277654379606
-0.01242794189602137
-0.01240319199860096
-0.01237852592021227
-0.01235394459217787
-0.01232944615185261
-0.01230502966791391
-0.01228069420903921
-0.0122564397752285
-0.01223226729780436
-0.01220817491412163
-0.01218416355550289
-0.012160231359303
-0.0121363801881671
-0.01211261097341776
-0.01208892185240984
-0.01206531282514334
-0.01204178296029568
-0.01201833132654428
-0.01199495699256659
-0.01197166088968515
-0.01194844301789999
-0.01192530058324337
-0.01190223544836044
-0.01187924481928349
-0.01185632962733507
-0.01183349080383778
-0.0118107283487916
-0.01178804039955139
-0.0117654288187623
-0.01174289360642433
-0.0117204338312149
-0.01169804576784372
-0.01167573127895594
-0.01165348757058382
-0.01163131557404995
-0.0116092162206769
-0.01158718578517437
-0.01156522519886494
-0.01154333539307117
-0.01152151450514793
-0.01149976160377264
-0.01147807855159044
-0.01145646441727877
-0.01143491826951504
-0.0114134419709444
-0.01139203365892172
-0.01137069333344698
-0.01134942285716534
-0.01132822036743164
-0.01130708772689104
-0.01128602214157581
-0.01126502640545368
-0.0112440986558795
-0.01122323982417583
-0.01120244804769754
-0.01118172239512205
-0.01116106286644936
-0.01114046946167946
-0.01111993845552206
-0.01109946984797716
-0.01107906457036734
-0.01105872262269258
-0.01103844307363033
-0.01101822592318058
-0.01099807024002075
-0.01097797602415085
-0.01095794513821602
-0.01093797665089369
-0.01091806963086128
-0.01089822500944138
-0.01087844185531139
-0.01085872016847134
-0.01083905901759863
-0.01081945933401585
-0.01079992018640041
-0.01078044064342976
-0.01076102070510387
-0.01074166130274534
-0.01072236150503159
-0.01070312038064003
-0.0106839369982481
-0.0106648113578558
-0.01064574345946312
-0.01062673237174749
-0.01060777716338634
-0.01058887876570225
-0.0105700371786952
-0.01055125240236521
-0.01053252443671227
-0.01051385328173637
-0.01049523800611496
-0.01047668047249317
-0.01045817974954844
-0.01043973583728075
-0.01042134873569012
-0.01040301844477654
-0.01038474310189486
-0.01036652270704508
-0.01034835539758205
-0.01033024117350578
-0.01031218003481627
-0.01029417105019093
-0.01027621421962976
-0.01025831047445536
-0.01024045795202255
-0.0102226585149765
-0.01020491123199463
-0.01018721703439951
-0.01016957592219114
-0.01015198603272438
-0.01013444736599922
-0.01011696085333824
-0.01009952649474144
-0.01008214242756367
-0.01006480865180492
-0.01004752609878778
-0.01003029383718967
-0.01001311186701059
-0.009995979256927967
-0.009978896006941795
-0.009961862117052078
-0.009944875724613667
-0.009927937760949135
-0.009911047294735909
-0.009894206188619137
-0.00987741444259882
-0.009860671125352383
-0.009843975305557251
-0.009827327914535999
-0.009810728952288628
-0.009794177487492561
-0.009777674451470375
-0.009761218912899494
-0.009744809940457344
-0.009728447534143925
-0.009712130762636662
-0.009695860557258129
-0.009679636918008327
-0.009663458913564682
-0.009647324681282043
-0.009631235152482986
-0.00961519218981266
-0.00959919486194849
-0.009583241306245327
-0.009567334316670895
-0.009551471099257469
-0.0095356535166502
-0.009519879706203938
-0.009504149667918682
-0.009488464333117008
-0.009472820907831192
-0.009457222186028957
-0.009441666305065155
-0.00942615419626236
-0.009410685859620571
-0.00939526129513979
-0.00937988143414259
-0.009364545345306396
-0.009349251165986061
-0.009333997964859009
-0.00931878574192524
-0.009303615428507328
-0.0092884860932827
-0.009273394010961056
-0.009258342906832695
-0.009243330918252468
-0.00922835897654295
-0.00921342708170414
-0.009198537096381187
-0.009183689020574093
-0.009168882854282856
-0.009154118597507477
-0.009139396250247955
-0.009124714881181717
-0.009110075421631336
-0.009095477871596813
-0.009080919437110424
-0.009066401049494743
-0.009051920846104622
-0.00903747882694006
-0.009023074060678482
-0.009008707478642464
-0.00899437814950943
-0.008980085141956806
-0.008965829387307167
-0.008951612748205662
-0.008937433362007141
-0.00892329216003418
-0.008909191004931927
-0.008895128965377808
-0.008881104178726673
-0.008867117576301098
-0.008853168226778507
-0.008839255198836327
-0.008825377561151981
-0.008811534382402897
-0.008797726593911648
-0.008783954195678234
-0.008770216256380081
-0.008756512776017189
-0.008742845617234707
-0.008729212917387486
-0.008715617470443249
-0.008702058345079422
-0.008688534609973431
-0.008675046265125275
-0.008661594241857529
-0.008648179471492767
-0.008634801954030991
-0.008621460758149624
-0.008608154952526093
-0.008594883605837822
-0.008581646718084812
-0.008568445220589638
-0.008555279113352299
-0.008542144671082497
-0.00852904561907053
-0.0085159782320261
-0.008502945303916931
-0.008489944972097874
-0.008476977236568928
-0.008464042097330093
-0.008451140485703945
-0.008438270539045334
-0.008425435051321983
-0.008412634022533894
-0.008399864658713341
-0.008387126959860325
-0.008374421857297421
-0.008361749351024628
-0.008349108509719372
-0.008336499333381653
-0.00832392368465662
-0.00831137876957655
-0.008298865519464016
-0.00828638207167387
-0.008273928426206112
-0.008261506445705891
-0.008249116130173206
-0.00823675561696291
-0.00822442676872015
-0.008212128654122353
-0.008199863135814667
-0.008187628351151943
-0.008175423368811607
-0.008163250051438808
-0.008151106536388397
-0.008138994686305523
-0.008126914501190186
-0.008114864118397236
-0.008102843537926674
-0.008090854622423649
-0.008078894577920437
-0.008066963404417038
-0.008055061101913452
-0.008043188601732254
-0.008031344972550869
-0.008019529283046722
-0.008007743395864964
-0.007995985448360443
-0.007984256371855736
-0.007972554303705692
-0.007960881106555462
-0.007949237711727619
-0.007937620393931866
-0.0079260328784585
-0.007914471440017223
-0.00790293887257576
-0.007891432382166386
-0.007879951968789101
-0.007868497632443905
-0.007857069373130798
-0.007845666259527206
-0.007834289222955704
-0.007822936400771141
-0.007811607792973518
-0.007800303865224123
-0.007789022754877806
-0.007777763530611992
-0.007766525726765394
-0.007755308412015438
-0.007744111586362123
-0.007732933852821589
-0.007721775211393833
-0.007710634730756283
-0.007699510082602501
-0.007688401266932487
-0.007677305955439806
-0.007666223682463169
-0.007655151654034853
-0.007644088473170996
-0.007633032277226448
-0.007621979340910912
-0.007610928732901812
-0.00759987672790885
-0.007588820066303015
-0.007577754091471434
-0.00756667647510767
-0.007555583026260138
-0.007544470019638538
-0.007533331867307425
-0.007522165775299072
-0.007510966155678034
-0.007499727886170149
-0.007488446310162544
-0.007477116771042347
-0.007465730886906385
-0.007454283069819212
-0.007442766800522804
-0.007431172765791416
-0.007419493515044451
-0.007407720200717449
-0.007395843975245953
-0.007383855991065502
-0.007371746469289064
-0.007359505631029606
-0.007347123697400093
-0.007334589958190918
-0.007321895565837622
-0.007309029810130596
-0.007295982446521521
-0.007282743230462074
-0.007269302383065224
-0.007255649194121361
-0.007241773419082165
-0.007227666676044464
-0.007213319651782513
-0.007198723498731852
-0.007183871231973171
-0.007168754935264587
-0.007153368555009365
-0.007137707434594631
-0.007121765986084938
-0.007105541415512562
-0.007089032325893641
-0.007072237320244312
-0.007055158726871014
-0.007037800271064043
-0.007020167540758848
-0.007002267520874739
-0.006984109990298748
-0.00696570472791791
-0.006947065237909555
-0.006928206887096167
-0.006909146904945374
-0.00688990531489253
-0.006870504003018141
-0.006850967183709145
-0.006831320468336344
-0.006811592727899551
-0.006791813299059868
-0.00677201384678483
-0.006752227433025837
-0.006732489448040724
-0.006712834350764751
-0.006693297997117043
-0.00667391624301672
-0.006654725410044193
-0.006635759957134724
-0.006617055274546146
-0.00659864442422986
-0.006580560933798552
-0.006562834605574608
-0.006545494310557842
-0.006528564728796482
-0.006512068677693605
-0.006496026180684566
-0.006480451673269272
-0.006465358193963766
-0.006450751796364784
-0.006436635740101337
-0.006423008162528276
-0.006409863010048866
-0.006397190503776073
-0.006384974345564842
-0.006373196374624968
-0.00636183237656951
-0.006350854877382517
-0.00634023267775774
-0.006329931318759918
-0.006319913547486067
-0.006310139317065477
-0.006300566717982292
-0.006291154306381941
-0.006281858310103416
-0.006272635422646999
-0.006263444665819407
-0.006254246458411217
-0.006245001219213009
-0.006235675420612097
-0.006226236466318369
-0.006216659676283598
-0.006206922233104706
-0.006197008304297924
-0.006186907645314932
-0.006176616996526718
-0.006166139617562294
-0.006155485287308693
-0.006144671235233545
-0.006133720744401217
-0.006122664548456669
-0.006111538968980312
-0.006100386381149292
-0.0060892547480762
-0.006078196223825216
-0.006067266687750816
-0.006056524813175201
-0.006046031601727009
-0.006035848520696163
-0.006026038434356451
-0.00601666234433651
-0.006007780320942402
-0.005999450571835041
-0.005991727579385042
-0.005984661169350147
-0.0059782974421978
-0.005972675979137421
-0.005967831239104271
-0.00596378929913044
-0.005960571113973856
-0.005958190187811852
-0.005956652574241161
-0.005955957807600498
-0.00595609936863184
-0.005957061890512705
-0.005958825815469027
-0.005961366463452578
-0.005964651703834534
-0.005968648009002209
-0.005973316263407469
-0.005978615023195744
-0.005984499584883451
-0.005990925244987011
-0.005997844506055117
-0.006005210801959038
-0.006012976169586182
-0.006021092645823956
-0.006029513664543629
-0.006038193125277758
-0.006047085393220186
-0.006056144833564758
-0.006065327674150467
-0.006074590142816305
-0.006083889864385128
-0.006093182601034641
-0.006102425046265125
-0.006111572030931711
-0.006120577920228243
-0.006129396613687277
-0.006137979216873646
-0.00614627543836832
-0.006154235452413559
-0.006161805707961321
-0.00616893358528614
-0.00617556506767869
-0.006181646138429642
-0.006187123712152243
-0.006191946566104889
-0.0061960662715137
-0.00619943905621767
-0.006202023942023516
-0.00620378740131855
-0.006204701960086823
-0.006204749457538128
-0.006203921046108007
-0.006202216725796461
-0.006199648603796959
-0.006196240894496441
-0.006192028056830168
-0.00618705665692687
-0.006181385833770037
-0.006175083573907614
-0.006168230902403593
-0.006160916294902563
-0.006153238005936146
-0.006145298480987549
-0.006137206219136715
-0.006129072979092598
-0.006121009588241577
-0.006113125942647457
-0.006105525884777308
-0.006098309066146612
-0.006091566290706396
-0.006085377186536789
-0.006079808343201876
-0.006074914243072271
-0.006070733070373535
-0.006067285779863596
-0.006064578890800476
-0.00606260122731328
-0.006061324384063482
-0.006060704123228788
-0.006060681771486998
-0.006061185616999865
-0.006062131840735674
-0.006063426844775677
-0.006064970977604389
-0.006066658534109592
-0.006068381480872631
-0.006070035044103861
-0.006071515846997499
-0.0060727265663445
-0.006073577329516411
-0.006073991302400827
-0.006073902361094952
-0.006073259748518467
-0.006072024814784527
-0.006070178467780352
-0.006067716050893068
-0.00606464920565486
-0.006061002612113953
-0.006056817248463631
-0.006052146665751934
-0.006047056056559086
-0.006041619461029768
-0.006035917438566685
-0.006030035205185413
-0.006024061236530542
-0.006018082145601511
-0.006012183148413897
-0.006006442010402679
-0.006000931840389967
-0.005995713640004396
-0.005990839097648859
-0.005986347794532776
-0.005982265807688236
-0.005978605709969997
-0.005975368898361921
-0.005972542334347963
-0.005970100872218609
-0.005968008190393448
-0.005966219119727612
-0.005964679643511772
-0.005963330157101154
-0.005962107330560684
-0.005960945039987564
-0.005959778092801571
-0.005958542227745056
-0.005957177840173244
-0.005955631844699383
-0.005953858140856028
-0.005951819475740194
-0.005949488840997219
-0.005946848541498184
-0.005943892989307642
-0.005940626375377178
-0.005937064066529274
-0.005933228880167007
-0.005929152946919203
-0.005924876313656569
-0.005920442286878824
-0.00591589929535985
-0.005911298096179962
-0.00590668898075819
-0.005902120843529701
-0.005897638853639364
-0.005893283989280462
-0.005889091640710831
-0.005885087884962559
-0.005881292745471001
-0.005877718795090914
-0.005874366499483585
-0.005871230270713568
-0.005868296604603529
-0.005865544080734253
-0.005862945690751076
-0.005860468838363886
-0.005858077667653561
-0.005855733994394541
-0.00585339916869998
-0.005851035006344318
-0.005848607048392296
-0.005846082698553801
-0.005843436345458031
-0.005840646103024483
-0.005837698001414537
-0.005834584124386311
-0.005831304937601089
-0.005827866494655609
-0.005824281368404627
-0.005820568185299635
-0.005816751159727573
-0.005812856368720531
-0.00580891314893961
-0.005804950837045908
-0.005801000166684389
-0.005797088146209717
-0.005793241318315268
-0.00578948063775897
-0.005785822868347168
-0.005782279185950756
-0.005778857041150331
-0.005775556899607182
-0.005772372707724571
-0.005769295617938042
-0.005766310263425112
-0.005763399880379438
-0.005760543514043093
-0.005757718812674284
-0.005754903424531221
-0.00575207406654954
-0.005749210249632597
-0.005746294278651476
-0.005743312183767557
-0.005740251857787371
-0.005737106315791607
-0.005733873229473829
-0.005730554461479187
-0.005727156531065702
-0.005723688751459122
-0.005720164161175489
-0.005716598592698574
-0.005713008809834719
-0.005709411110728979
-0.00570582365617156
-0.005702260881662369
-0.005698736757040024
-0.005695263855159283
-0.00569185009226203
-0.005688500590622425
-0.005685217212885618
-0.005681997630745173
-0.005678837187588215
-0.005675727501511574
-0.00567265972495079
-0.005669622216373682
-0.005666602402925491
-0.005663586780428886
-0.005660565104335546
-0.005657524801790714
-0.005654456559568644
-0.005651353392750025
-0.005648210644721985
-0.005645025055855513
-0.005641797091811895
-0.005638529546558857
-0.005635226611047983
-0.005631894804537296
-0.005628542974591255
-0.005625179037451744
-0.005621813237667084
-0.005618453491479158
-0.005615109112113714
-0.005611787084490061
-0.005608493462204933
-0.005605232436209917
-0.005602004937827587
-0.005598811898380518
-0.00559565145522356
-0.00559252081438899
-0.005589414853602648
-0.005586327984929085
-0.005583253223448992
-0.005580182652920485
-0.005577111151069403
-0.005574033129960299
-0.005570943932980299
-0.005567839834839106
-0.005564719438552856
-0.00556158134713769
-0.005558425560593605
-0.005555253941565752
-0.005552069749683142
-0.005548875313252211
-0.005545674357563257
-0.005542471539229155
-0.005539271514862776
-0.005536078941076994
-0.005532897543162107
-0.005529730580747128
-0.005526580847799778
-0.005523450206965208
-0.005520339589565992
-0.005517248529940844
-0.005514177028089762
-0.005511124152690172
-0.005508087575435638
-0.005505064502358437
-0.005502052139490843
-0.005499048624187708
-0.005496051628142595
-0.005493058823049068
-0.005490068346261978
-0.005487080197781324
-0.005484094843268394
-0.005481111817061901
-0.005478133447468281
-0.005475163459777832
-0.005472203250974417
-0.005469256546348333
-0.005466328002512455
-0.005463420879095793
-0.005460541229695082
-0.005457691382616758
-0.005454875063151121
-0.005452096462249756
-0.005449358373880386
-0.005446663592010736
-0.005444015376269817
-0.005441415123641491
-0.005438864696770906
-0.005436366889625788
-0.005433924030512571
-0.005431537982076406
-0.005429212003946304
-0.005426950752735138
-0.005424756091088057
-0.005422634538263083
-0.005420590750873089
-0.005418629385530949
-0.005416757892817259
-0.005414982326328754
-0.005413309205323458
-0.005411746446043253
-0.005410302430391312
-0.005408983677625656
-0.005407798569649458
-0.005406754557043314
-0.005405858624726534
-0.005405118223279715
-0.005404539406299591
-0.005404131021350622
-0.005403898656368256
-0.005403848364949226
-0.005403986200690269
-0.005404318682849407
-0.005404850002378225
-0.005405584815889597
-0.005406529176980257
-0.005407685413956642
-0.005409058649092913
-0.00541065214201808
-0.00541246822103858
-0.005414508748799562
-0.005416775122284889
-0.00541926734149456
-0.005421984475106001
-0.005424925126135349
-0.005428084637969732
-0.005431459285318851
-0.005435042083263397
-0.005438825115561485
-0.005442800465971231
-0.005446956492960453
-0.005451281554996967
-0.005455761682242155
-0.005460381973534822
-0.005465126130729914
-0.005469975993037224
-0.005474912468343973
-0.00547991506755352
-0.005484962370246649
-0.005490032490342855
-0.0054951012134552
-0.005500143859535456
-0.005505135282874107
-0.005510050803422928
-0.005514865275472403
-0.005519550759345293
-0.005524082109332085
-0.005528433248400688
-0.005532579030841589
-0.00553649477660656
-0.005540155805647373
-0.005543539766222239
-0.005546624306589365
-0.005549388471990824
-0.005551812238991261
-0.00555387930944562
-0.005555572919547558
-0.00555688189342618
-0.005557794123888016
-0.005558301229029894
-0.005558397620916367
-0.005558078177273273
-0.005557341501116753
-0.005556187592446804
-0.005554620642215014
-0.005552643444389105
-0.0055502625182271
-0.005547484382987022
-0.00554431788623333
-0.005540770944207907
-0.005536853801459074
-0.005532576236873865
-0.005527947563678026
-0.005522976629436016
-0.005517670419067144
-0.005512034520506859
-0.005506074521690607
-0.005499791353940964
-0.005493184551596642
-0.005486248526722193
-0.005478974431753159
-0.005471350625157356
-0.00546336080878973
-0.005454984493553638
-0.005446195602416992
-0.005436963401734829
-0.005427254363894463
-0.005417029373347759
-0.005406244192272425
-0.005394852254539728
-0.005382802337408066
-0.005370040889829397
-0.005356511566787958
-0.005342157557606697
-0.005326919257640839
-0.005310737993568182
-0.005293554160743952
-0.005275311879813671
-0.0052559575997293
-0.005235441029071808
-0.005213715136051178
-0.005190741736441851
-0.005166487768292427
-0.005140929017215967
-0.005114049650728703
-0.005085844080895185
-0.005056316964328289
-0.005025484133511782
-0.004993372596800327
-0.004960023798048496
-0.004925490822643042
-0.004889840260148048
-0.00485314941033721
-0.0048155109398067
-0.004777028225362301
-0.004737815819680691
-0.004698000848293304
-0.004657718818634748
-0.004617113620042801
-0.004576338455080986
-0.004535550717264414
-0.004494912456721067
-0.004454588517546654
-0.004414746072143316
-0.004375549033284187
-0.004337158985435963
-0.004299732856452465
-0.004263420589268208
-0.004228363744914532
-0.004194692242890596
-0.004162524826824665
-0.004131965804845095
-0.004103103652596474
-0.004076011013239622
-0.004050741903483868
-0.004027331713587046
-0.004005795810371637
-0.003986130002886057
-0.003968309611082077
-0.003952290397137403
-0.003938007634133101
-0.003925378900021315
-0.003914302680641413
-0.003904661862179637
-0.003896323731169105
-0.003889142069965601
-0.003882959950715303
-0.003877610201016068
-0.003872920293360949
-0.003868711879476905
-0.003864804981276393
-0.00386102101765573
-0.003857183968648314
-0.003853124100714922
-0.003848680295050144
-0.003843701677396894
-0.003838050877675414
-0.003831605892628431
-0.003824261482805014
-0.003815931500867009
-0.003806548658758402
-0.00379606825299561
-0.003784466767683625
-0.00377174187451601
-0.003757912898436189
-0.003743021050468087
-0.003727127332240343
-0.003710311139002442
-0.003692669793963432
-0.003674315754324198
-0.003655374050140381
-0.003635979490354657
-0.00361627503298223
-0.003596408059820533
-0.003576527582481503
-0.003556780749931931
-0.00353731052018702
-0.003518252866342664
-0.003499733051285148
-0.003481863997876644
-0.0034647430293262
-0.003448450937867165
-0.00343304849229753
-0.003418577834963799
-0.003405059920623899
-0.003392495447769761
-0.003380863927304745
-0.003370125312358141
-0.003360220929607749
-0.003351076040416956
-0.003342599608004093
-0.003334689186885953
-0.00332723162136972
-0.003320107702165842
-0.003313193330541253
-0.003306365106254816
-0.003299501491710544
-0.003292487002909184
-0.003285214770585299
-0.003277589101344347
-0.003269527340307832
-0.003260963130742311
-0.003251846414059401
-0.003242145292460918
-0.003231846960261464
-0.003220956772565842
-0.003209498012438416
-0.003197510493919253
-0.003185049863532186
-0.003172184806317091
-0.003158995881676674
-0.003145570866763592
-0.003132003592327237
-0.00311839091591537
-0.003104828065261245
-0.003091408405452967
-0.003078218316659331
-0.003065336495637894
-0.003052830463275313
-0.003040756098926067
-0.00302915507927537
-0.003018054412677884
-0.003007466904819012
-0.002997390227392316
-0.002987808547914028
-0.002978692995384336
-0.002970003057271242
-0.002961688674986362
-0.002953691873699427
-0.002945950720459223
-0.002938400954008102
-0.002930977614596486
-0.002923618769273162
-0.002916268073022366
-0.002908875932916999
-0.002901402302086353
-0.002893819008022547
-0.002886108355596662
-0.002878265921026468
-0.002870300551876426
-0.002862233901396394
-0.002854098798707128
-0.002845940180122852
-0.002837812295183539
-0.002829777542501688
-0.002821905305609107
-0.00281426846049726
-0.002806942909955978
-0.002800005488097668
-0.002793531399220228
-0.002787591889500618
-0.002782255178317428
-0.002777582732960582
-0.002773629501461983
-0.002770443679764867
-0.00276806578040123
-0.002766528865322471
-0.002765859011560678
-0.002766074845567346
-0.002767190570011735
-0.002769214566797018
-0.002772151958197355
-0.002776004606857896
-0.002780773676931858
-0.002786458702757955
-0.002793060382828116
-0.0028005784843117
-0.002809013705700636
-0.002818368142470717
-0.002828644588589668
-0.002839845838025212
-0.002851973287761211
-0.002865026937797666
-0.002879004226997495
-0.00289389886893332
-0.002909698756411672
-0.002926385728642344
-0.002943933242931962
-0.00296230660751462
-0.002981460187584162
-0.003001337870955467
-0.00302187236957252
-0.00304298521950841
-0.003064585383981466
-0.003086571581661701
-0.003108831821009517
-0.003131244331598282
-0.003153679659590125
-0.003176001599058509
-0.003198068588972092
-0.003219737205654383
-0.00324086332693696
-0.003261303994804621
-0.00328092067502439
-0.003299581119790673
-0.003317160997539759
-0.003333547152578831
-0.003348638769239187
-0.003362348768860102
-0.003374606836587191
-0.003385359421372414
-0.003394570434466004
-0.003402224509045482
-0.003408324904739857
-0.003412894904613495
-0.003415978047996759
-0.003417636500671506
-0.00341795152053237
-0.003417022293433547
-0.003414964536204934
-0.003411908634006977
-0.003407998476177454
-0.003403388662263751
-0.003398243105039001
-0.003392732003703713
-0.003387028817087412
-0.003381307935342193
-0.003375740954652429
-0.003370494116097689
-0.003365725744515657
-0.003361582523211837
-0.003358196234330535
-0.003355681430548429
-0.003354132873937488
-0.00335362390615046
-0.003354203654453158
-0.003355896566063166
-0.003358702640980482
-0.0033625946380198
-0.003367521334439516
-0.003373406827449799
-0.003380152862519026
-0.00338763976469636
-0.003395731560885906
-0.003404276911169291
-0.00341311446391046
-0.003422076581045985
-0.003430993063375354
-0.003439695807173848
-0.003448023460805416
-0.003455825615674257
-0.003462966764345765
-0.003469330025836825
-0.003474819473922253
-0.003479364328086376
-0.003482919186353683
-0.003485466120764613
-0.003487015143036842
-0.003487603040412068
-0.003487292677164078
-0.00348617066629231
-0.003484344575554132
-0.003481939435005188
-0.003479094710201025
-0.00347595801576972
-0.003472682554274797
-0.003469421295449138
-0.003466322785243392
-0.003463525557890534
-0.003461155109107494
-0.003459320170804858
-0.003458107123151422
-0.00345758069306612
-0.003457779996097088
-0.003458718536421657
-0.003460383741185069
-0.003462739055976272
-0.003465723711997271
-0.003469257149845362
-0.003473239950835705
-0.003477559657767415
-0.003482094267383218
-0.00348671548999846
-0.003491295967251062
-0.003495710669085383
-0.003499844111502171
-0.003503593150526285
-0.00350687000900507
-0.003509606001898646
-0.003511754097416997
-0.003513290081173182
-0.003514211624860764
-0.003514539916068316
-0.003514316864311695
-0.003513604635372758
-0.003512481227517128
-0.003511038376018405
-0.003509377129375935
-0.003507603658363223
-0.00350582436658442
-0.003504142863675952
-0.003502654610201716
-0.00350144412368536
-0.003500580787658691
-0.003500116989016533
-0.003500086255371571
-0.003500501858070493
-0.003501358209177852
-0.003502628766000271
-0.003504270454868674
-0.003506224602460861
-0.003508419962599874
-0.003510776907205582
-0.003513210453093052
-0.003515634220093489
-0.003517965087667108
-0.003520125988870859
-0.003522049402818084
-0.003523680381476879
-0.003524979809299111
-0.00352592347189784
-0.003526504151523113
-0.003526731161400676
-0.003526630345731974
-0.003526241751387715
-0.003525616368278861
-0.003524814499542117
-0.003523902967572212
-0.003522950923070312
-0.003522026585415006
-0.003521194448694587
-0.003520511323586106
-0.003520025173202157
-0.003519771853461862
-0.003519774414598942
-0.003520042402669787
-0.003520571626722813
-0.003521345555782318
-0.003522335551679134
-0.003523503197357059
-0.003524804022163153
-0.003526188200339675
-0.003527604741975665
-0.003529003588482738
-0.00353033933788538
-0.003531572874635458
-0.003532673232257366
-0.003533620620146394
-0.00353440479375422
-0.003535028547048569
-0.003535504452884197
-0.003535856492817402
-0.003536117030307651
-0.003536325180903077
-0.00353652611374855
-0.003536766860634089
-0.003537095384672284
-0.003537557553499937
-0.003538195509463549
-0.003539045574143529
-0.003540138015523553
-0.003541494952514768
-0.003543131053447723
-0.003545053070411086
-0.003547260072082281
-0.003549745073541999
-0.003552497597411275
-0.003555502276867628
-0.003558744210749865
-0.003562207566574216
-0.003565880237147212
-0.003569752676412463
-0.003573821391910315
-0.003578088479116559
-0.003582562785595655
-0.003587260143831372
-0.003592202207073569
-0.003597417380660772
-0.003602938028052449
-0.003608800703659654
-0.003615043126046658
-0.003621704177930951
-0.003628821345046163
-0.003636430250480771
-0.003644561627879739
-0.003653241554275155
-0.003662489587441087
-0.003672319231554866
-0.00368273863568902
-0.003693747567012906
-0.00370534067042172
-0.003717507002875209
-0.003730230499058962
-0.003743491834029555
-0.003757268190383911
-0.003771535120904446
-0.00378626654855907
-0.00380143616348505
-0.003817017655819654
-0.00383298471570015
-0.003849310334771872
-0.003865967970341444
-0.003882930381223559
-0.003900168929249048
-0.003917653579264879
-0.003935351967811584
-0.003953228238970041
-0.003971243742853403
-0.003989354707300663
-0.004007513634860516
-0.004025669768452644
-0.004043766297399998
-0.0040617436170578
-0.004079538397490978
-0.004097084980458021
-0.004114318173378706
-0.004131171386688948
-0.004147578030824661
-0.004163475707173347
-0.004178803879767656
-0.004193505737930536
-0.004207532852888107
-0.004220840055495501
-0.004233391489833593
-0.004245158284902573
-0.00425611948594451
-0.004266262520104647
-0.004275583196431398
-0.00428408570587635
-0.004291781224310398
-0.004298690240830183
-0.00430483790114522
-0.004310258198529482
-0.004314991179853678
-0.004319083876907825
-0.004322587046772242
-0.004325557500123978
-0.004328056704252958
-0.004330149386078119
-0.004331904929131269
-0.00433339411392808
-0.004334690514951944
-0.004335870500653982
-0.004337010905146599
-0.004338185768574476
-0.004339471459388733
-0.004340939223766327
-0.004342658910900354
-0.004344695247709751
-0.004347106907516718
-0.004349946510046721
-0.004353257827460766
-0.004357076715677977
-0.004361429717391729
-0.004366334062069654
-0.004371794871985912
-0.00437780749052763
-0.004384355619549751
-0.004391413647681475
-0.004398945719003677
-0.004406906198710203
-0.004415242001414299
-0.004423892125487328
-0.004432789515703917
-0.004441863857209682
-0.004451040644198656
-0.004460243973881006
-0.004469397943466902
-0.004478428512811661
-0.0044872653670609
-0.004495841916650534
-0.004504096694290638
-0.004511977545917034
-0.004519437905400991
-0.004526440519839525
-0.004532957449555397
-0.004538971465080976
-0.004544473718851805
-0.004549468401819468
-0.004553967621177435
-0.004557994194328785
-0.004561578389257193
-0.004564760718494654
-0.004567587748169899
-0.004570113960653543
-0.004572398029267788
-0.004574501886963844
-0.004576490726321936
-0.004578429739922285
-0.004580383189022541
-0.004582413006573915
-0.004584576934576035
-0.004586926661431789
-0.004589507356286049
-0.004592356272041798
-0.004595501348376274
-0.004598961211740971
-0.004602744709700346
-0.004606848582625389
-0.004611259792000055
-0.004615955520421267
-0.004620903637260199
-0.004626062698662281
-0.004631384275853634
-0.004636813420802355
-0.004642289597541094
-0.004647749941796064
-0.004653128795325756
-0.004658360499888659
-0.004663381725549698
-0.004668130539357662
-0.004672549664974213
-0.004676588345319033
-0.004680200014263391
-0.004683347884565592
-0.004686000756919384
-0.00468813581392169
-0.004689738620072603
-0.004690803121775389
-0.004691328853368759
-0.004691322334110737
-0.004690795671194792
-0.00468976516276598
-0.004688250366598368
-0.004686273634433746
-0.00468385498970747
-0.004681013990193605
-0.004677770659327507
-0.004674138035625219
-0.004670125897973776
-0.00466573890298605
-0.004660975188016891
-0.004655825905501842
-0.004650275222957134
-0.004644300322979689
-0.004637871403247118
-0.004630954004824162
-0.004623509477823973
-0.004615493584424257
-0.004606859758496284
-0.004597560968250036
-0.00458754925057292
-0.004576780833303928
-0.004565214272588491
-0.004552814643830061
-0.004539554007351398
-0.004525411408394575
-0.004510377068072557
-0.004494450520724058
-0.004477643873542547
-0.004459980875253677
-0.004441497847437859
-0.004422243218868971
-0.004402277059853077
-0.004381671082228422
-0.004360505845397711
-0.004338872153311968
-0.004316867794841528
-0.004294596612453461
-0.004272168036550283
-0.004249693360179663
-0.004227287136018276
-0.004205062985420227
-0.004183133132755756
-0.004161607008427382
-0.004140587989240885
-0.00412017572671175
-0.004100461024791002
-0.004081528633832932
-0.004063456319272518
-0.004046310670673847
-0.004030148964375257
-0.004015020094811916
-0.00400096271187067
-0.003988005220890045
-0.003976166248321533
-0.003965455107390881
-0.003955870866775513
-0.003947403281927109
-0.003940031863749027
-0.003933729138225317
-0.00392845505848527
-0.003924164455384016
-0.00392080144956708
-0.003918300848454237
-0.003916590474545956
-0.003915589768439531
-0.003915210720151663
-0.003915358800441027
-0.003915933426469564
-0.00391682842746377
-0.003917933907359838
-0.003919138573110104
-0.003920328803360462
-0.003921390511095524
-0.003922213800251484
-0.003922691103070974
-0.003922720905393362
-0.003922209143638611
-0.003921070601791143
-0.003919233102351427
-0.003916637040674686
-0.003913236781954765
-0.003909002523869276
-0.003903921926394105
-0.003897999180480838
-0.003891257103532553
-0.003883735742419958
-0.003875491907820106
-0.003866598941385746
-0.003857144620269537
-0.003847230225801468
-0.003836967283859849
-0.003826476167887449
-0.003815882373601198
-0.003805313026532531
-0.003794895252212882
-0.003784752218052745
-0.00377500057220459
-0.003765746252611279
-0.003757083788514137
-0.003749092575162649
-0.003741834545508027
-0.003735354635864496
-0.00372967729344964
-0.003724807407706976
-0.003720729611814022
-0.003717409446835518
-0.003714794293045998
-0.003712814534083009
-0.003711386118084192
-0.003710412653163075
-0.003709787502884865
-0.003709399374201894
-0.003709132550284266
-0.00370887154713273
-0.003708504838868976
-0.003707926487550139
-0.003707040101289749
-0.003705760929733515
-0.003704018658027053
-0.003701758338138461
-0.00369894178584218
-0.0036955492105335
-0.003691578283905983
-0.003687044838443398
-0.00368198100477457
-0.003676435211673379
-0.003670469159260392
-0.003664156422019005
-0.003657580120489001
-0.003650829195976257
-0.003643996315076947
-0.003637174610048532
-0.003630455117672682
-0.003623924218118191
-0.003617659909650683
-0.003611730877310038
-0.003606193466112018
-0.003601090516895056
-0.003596449736505747
-0.003592284629121423
-0.003588592633605003
-0.003585356753319502
-0.003582545788958669
-0.003580115735530853
-0.003578011877834797
-0.003576169954612851
-0.003574519651010633
-0.003572986926883459
-0.003571496112272143
-0.003569972701370716
-0.003568346379324794
-0.003566551953554153
-0.003564533777534962
-0.003562245750799775
-0.003559652948752046
-0.00355673348531127
-0.003553478745743632
-0.003549892455339432
-0.003545991610735655
-0.003541804850101471
-0.003537370590493083
-0.003532737027853727
-0.003527957713231444
-0.003523091785609722
-0.003518200246617198
-0.003513342933729291
-0.003508578287437558
-0.003503958927467465
-0.0034995311871171
-0.003495333017781377
-0.003491392359137535
-0.003487726673483849
-0.003484342014417052
-0.003481233725324273
-0.003478385973721743
-0.003475773613899946
-0.003473363583907485
-0.00347111513838172
-0.003468982875347137
-0.003466918831691146
-0.003464873880147934
-0.003462800057604909
-0.003460652893409133
-0.003458392340689898
-0.003455985803157091
-0.003453408135101199
-0.003450643736869097
-0.003447684925049543
-0.003444534260779619
-0.003441202221438289
-0.00343770906329155
-0.00343408016487956
-0.003430348122492433
-0.003426548326388001
-0.003422718727961183
-0.003418897977098823
-0.003415122861042619
-0.003411427373066545
-0.0034078408498317
-0.003404386341571808
-0.003401080844923854
-0.003397934138774872
-0.00339494738727808
-0.003392115933820605
-0.003389426739886403
-0.003386862343177199
-0.003384398529306054
-0.003382008522748947
-0.003379662754014134
-0.003377330955117941
-0.003374983323737979
-0.00337259192019701
-0.003370132297277451
-0.003367584897205234
-0.003364934353157878
-0.003362171584740281
-0.003359292633831501
-0.003356299828737974
-0.003353201085701585
-0.003350008046254516
-0.003346737008541822
-0.003343406599014997
-0.003340037073940039
-0.003336649620905519
-0.003333263797685504
-0.003329898463562131
-0.003326568752527237
-0.003323286306113005
-0.003320059040561318
-0.003316889517009258
-0.003313777036964893
-0.003310715546831489
-0.003307695500552654
-0.003304703161120415
-0.003301723394542933
-0.00329873850569129
-0.003295730100944638
-0.003292680718004704
-0.003289573360234499
-0.003286393359303474
-0.003283128840848804
-0.003279771190136671
-0.003276315052062273
-0.003272759495303035
-0.003269107080996037
-0.003265364328399301
-0.00326154101639986
-0.003257648786529899
-0.003253702307119966
-0.003249716944992542
-0.003245709696784616
-0.003241696627810597
-0.003237692872062325
-0.003233712399378419
-0.003229767782613635
-0.003225869266316295
-0.003222024766728282
-0.003218240104615688
-0.003214518073946238
-0.003210860304534435
-0.00320726609788835
-0.003203733824193478
-0.003200260689482093
-0.003196843434125185
-0.003193479496985674
-0.003190165152773261
-0.003186898771673441
-0.003183678723871708
-0.003180503845214844
-0.003177375067025423
-0.003174293553456664
-0.003171260468661785
-0.003168277209624648
-0.003165345638990402
-0.003162467153742909
-0.003159641521051526
-0.003156868275254965
-0.003154145320877433
-0.003151469165459275
-0.003148833755403757
-0.003146232571452856
-0.003143656998872757
-0.003141097025945783
-0.003138541243970394
-0.00313597870990634
-0.003133397782221437
-0.003130786586552858
-0.003128134412690997
-0.003125431481748819
-0.003122670110315084
-0.003119844943284988
-0.003116952488198876
-0.003113991813734174
-0.003110964549705386
-0.003107875352725387
-0.003104730974882841
-0.003101540962234139
-0.00309831602498889
-0.003095068736001849
-0.003091812366619706
-0.003088561119511724
-0.00308532826602459
-0.003082127077504992
-0.003078968729823828
-0.003075863234698772
-0.003072818508371711
-0.003069839673116803
-0.003066930221393704
-0.003064090386033058
-0.003061317838728428
-0.003058608854189515
-0.003055957145988941
-0.003053354099392891
-0.003050790401175618
-0.003048255573958158
-0.00304573867470026
-0.003043228294700384
-0.003040713723748922
-0.00303818448446691
-0.003035631962120533
-0.00303304847329855
-0.003030428197234869
-0.003027766710147262
-0.003025061450898647
-0.003022312419489026
-0.00301952101290226
-0.00301669049076736
-0.003013825742527843
-0.003010933520272374
-0.003008021740242839
-0.003005098085850477
-0.003002171171829104
-0.002999250078573823
-0.002996342722326517
-0.002993457252159715
-0.002990600420162082
-0.002987777814269066
-0.002984993858262897
-0.00298225088045001
-0.002979550277814269
-0.002976890420541167
-0.002974269213154912
-0.002971682231873274
-0.002969123423099518
-0.002966586966067553
-0.002964064944535494
-0.002961550606414676
-0.00295903580263257
-0.002956513315439224
-0.002953976392745972
-0.002951419679448009
-0.002948838518932462
-0.002946230350062251
-0.002943594008684158
-0.002940929960459471
-0.002938240300863981
-0.002935528755187988
-0.002932800445705652
-0.002930061193183064
-0.002927317516878247
-0.002924576168879867
-0.002921843435615301
-0.00291912560351193
-0.002916428027674556
-0.002913755364716053
-0.002911110408604145
-0.00290849432349205
-0.002905907109379768
-0.002903347136452794
-0.002900811145082116
-0.002898295177146792
-0.002895794343203306
-0.002893302822485566
-0.002890814561396837
-0.002888324204832315
-0.002885826397687197
-0.002883316949009895
-0.0028807925991714
-0.002878251019865274
-0.002875690814107656
-0.002873112913221121
-0.002870518947020173
-0.002867911709472537
-0.002865295158699155
-0.002862673718482256
-0.002860052278265357
-0.002857435960322618
-0.002854828955605626
-0.002852235687896609
-0.002849659183993936
-0.002847101306542754
-0.002844563219696283
-0.002842044690623879
-0.002839544555172324
-0.00283705978654325
-0.00283458735793829
-0.002832123311236501
-0.002829663921147585
-0.002827204531058669
-0.002824741881340742
-0.002822272945195436
-0.002819794695824385
-0.002817306434735656
-0.002814806764945388
-0.002812296850606799
-0.002809777855873108
-0.002807251643389463
-0.002804721938446164
-0.00280219130218029
-0.002799663227051497
-0.002797140972688794
-0.00279462686739862
-0.002792123472318053
-0.00278963171876967
-0.002787152770906687
-0.002784686163067818
-0.002782231662422419
-0.00277978740632534
-0.00277735129930079
-0.0027749203145504
-0.002772492589429021
-0.002770065329968929
-0.002767635975033045
-0.002765203360468149
-0.00276276539079845
-0.002760322066023946
-0.002757873153313994
-0.002755419118329883
-0.002752961590886116
-0.0027505022007972
-0.002748043043538928
-0.002745585981756449
-0.002743133110925555
-0.002740685828030109
-0.00273824529722333
-0.002735813148319721
-0.002733389381319284
-0.002730974461883307
-0.002728567225858569
-0.002726166509091854
-0.002723771147429943
-0.002721379743888974
-0.002718991134315729
-0.002716603921726346
-0.002714216243475676
-0.002711828099563718
-0.002709438791498542
-0.002707049017772079
-0.002704658545553684
-0.002702269004657865
-0.00269988109357655
-0.002697496442124248
-0.002695117145776749
-0.002692744368687272
-0.002690378809347749
-0.002688022330403328
-0.002685675863176584
-0.002683340106159449
-0.002681015525013208
-0.002678702352568507
-0.002676400588825345
-0.002674110000953078
-0.002671831054612994
-0.002669563749805093
-0.002667308086529374
-0.002665064530447125
-0.002662833780050278
-0.002660617232322693
-0.002658416051417589
-0.002656232099980116
-0.002654067939147353
-0.002651925198733807
-0.002649806905537844
-0.002647715853527188
-0.002645654836669564
-0.002643626648932695
-0.002641634084284306
-0.002639679936692119
-0.002637767232954502
-0.002635898999869823
-0.002634077798575163
-0.002632305957376957
-0.002630586503073573
-0.002628922229632735
-0.002627316862344742
-0.002625773195177317
-0.002624294953420758
-0.002622886095196009
-0.002621551277115941
-0.002620295155793428
-0.0026191221550107
-0.002618037629872561
-0.002617046236991882
-0.002616153098642826
-0.002615363104268909
-0.002614681143313646
-0.002614112105220556
-0.002613660413771868
-0.00261333049274981
-0.002613126533105969
-0.002613052260130644
-0.002613110933452845
-0.00261330627836287
-0.002613640390336514
-0.002614116529002786
-0.002614737488329411
-0.00261550466530025
-0.002616419922560453
-0.002617484657093883
-0.002618699334561825
-0.002620064187794924
-0.002621578983962536
-0.002623242326080799
-0.002625052584335208
-0.002627006499096751
-0.002629100577905774
-0.002631330862641335
-0.002633691299706697
-0.002636176068335772
-0.002638778416439891
-0.002641490194946527
-0.002644302789121866
-0.002647206652909517
-0.00265019154176116
-0.002653246279805899
-0.002656360156834126
-0.002659520599991083
-0.002662715502083302
-0.002665931591764092
-0.002669156063348055
-0.002672375412657857
-0.002675576601177454
-0.002678746124729514
-0.002681870479136705
-0.002684937790036201
-0.002687935018911958
-0.002690850757062435
-0.002693674294278026
-0.002696395851671696
-0.002699006581678987
-0.002701499499380589
-0.002703869016841054
-0.002706111408770084
-0.002708224346861243
-0.002710207598283887
-0.002712062560021877
-0.002713792258873582
-0.002715402748435736
-0.002716901479288936
-0.002718297764658928
-0.002719602314755321
-0.002720827935263515
-0.002721988596022129
-0.002723099663853645
-0.002724177902564406
-0.002725240075960755
-0.002726303646340966
-0.0027273865416646
-0.002728506224229932
-0.002729679457843304
-0.002730922074988484
-0.00273224851116538
-0.002733672270551324
-0.002735204761847854
-0.002736854832619429
-0.002738629234954715
-0.002740531228482723
-0.002742561977356672
-0.002744719386100769
-0.002746998099610209
-0.002749390201643109
-0.002751884516328573
-0.002754467073827982
-0.002757121808826923
-0.002759830327704549
-0.002762572607025504
-0.00276532769203186
-0.002768073696643114
-0.002770788036286831
-0.002773448126390576
-0.002776033012196422
-0.0027785231359303
-0.002780900569632649
-0.002783150179311633
-0.00278525915928185
-0.002787218429148197
-0.002789022168144584
-0.00279066851362586
-0.002792159793898463
-0.00279350159689784
-0.002794704400002956
-0.002795781474560499
-0.002796749351546168
-0.002797627588734031
-0.002798438305035233
-0.002799204783514142
-0.002799950540065765
-0.002800700021907687
-0.002801476744934916
-0.002802303526550531
-0.002803200157359242
-0.002804185030981898
-0.002805272815749049
-0.00280647468753159
-0.002807797398418188
-0.002809244440868497
-0.002810815116390586
-0.002812503837049007
-0.002814301755279303
-0.002816196763888001
-0.002818173496052623
-0.00282021495513618
-0.002822301117703319
-0.002824411494657397
-0.002826524898409843
-0.002828620839864016
-0.002830679528415203
-0.002832682570442557
-0.002834615064784884
-0.002836463507264853
-0.002838219050318003
-0.002839874941855669
-0.00284142792224884
-0.002842878689989448
-0.002844231203198433
-0.002845491981133819
-0.002846670337021351
-0.002847777679562569
-0.002848826814442873
-0.002849831944331527
-0.002850806573405862
-0.002851764438673854
-0.002852717647328973
-0.002853677840903401
-0.002854653866961598
-0.002855653176084161
-0.002856679959222674
-0.002857736544683576
-0.002858822466805577
-0.002859935164451599
-0.002861069049686193
-0.002862217370420694
-0.002863371511921287
-0.002864520996809006
-0.0028656548820436
-0.002866761526092887
-0.002867829985916615
-0.0028688486199826
-0.002869807183742523
-0.00287069589830935
-0.002871505683287978
-0.002872229553759098
-0.002872861223295331
-0.002873395569622517
-0.002873828867450356
-0.002874158788472414
-0.002874383702874184
-0.002874503144994378
-0.002874517347663641
-0.002874427242204547
-0.002874234458431602
-0.00287394062615931
-0.002873547142371535
-0.002873056801036
-0.002872471930459142
-0.002871794626116753
-0.002871028147637844
-0.002870174823328853
-0.002869237679988146
-0.002868220442906022
-0.002867126138880849
-0.002865959191694856
-0.002864722860977054
-0.002863421803340316
-0.002862059278413653
-0.002860639942809939
-0.002859168220311403
-0.002857648301869631
-0.002856084611266851
-0.002854481572285295
-0.002852842910215259
-0.002851172816008329
-0.002849475247785449
-0.002847754862159491
-0.00284601585008204
-0.002844263566657901
-0.00284250290133059
-0.002840738976374269
-0.002838978543877602
-0.002837227657437325
-0.002835494233295321
-0.002833786187693477
-0.002832111204043031
-0.002830477897077799
-0.00282889511436224
-0.002827370539307594
-0.002825912088155746
-0.002824526280164719
-0.002823218703269958
-0.002821993315592408
-0.002820853143930435
-0.002819799119606614
-0.002818829612806439
-0.002817941596731544
-0.002817129483446479
-0.002816386520862579
-0.00281570409424603
-0.002815072424709797
-0.002814480103552341
-0.002813915954902768
-0.002813367638736963
-0.002812824212014675
-0.002812274731695652
-0.002811708720400929
-0.002811117097735405
-0.002810491947457194
-0.002809827215969563
-0.002809117780998349
-0.002808360615745187
-0.002807553391903639
-0.002806695410981774
-0.002805787138640881
-0.002804829506203532
-0.00280382577329874
-0.002802778035402298
-0.002801689319312572
-0.002800562884658575
-0.002799402922391891
-0.002798212459310889
-0.002796996152028441
-0.002795757725834846
-0.002794501138851047
-0.002793231280520558
-0.002791952807456255
-0.002790670841932297
-0.002789390506222844
-0.002788116922602057
-0.002786855911836028
-0.002785613061860204
-0.002784393727779388
-0.002783202799037099
-0.002782044932246208
-0.002780924085527658
-0.002779843052849174
-0.002778803929686546
-0.002777807414531708
-0.002776852576062083
-0.002775937551632524
-0.002775058848783374
-0.002774212509393692
-0.002773392712697387
-0.002772592939436436
-0.00277180690318346
-0.002771027153357863
-0.002770246472209692
-0.00276945810765028
-0.002768655540421605
-0.00276783318258822
-0.002766986144706607
-0.002766110468655825
-0.00276520405896008
-0.002764265052974224
-0.002763293450698256
-0.002762290416285396
-0.002761258278042078
-0.00276019936427474
-0.002759117400273681
-0.002758016809821129
-0.002756902249529958
-0.002755778143182397
-0.002754649147391319
-0.002753519685938954
-0.002752394182607532
-0.002751276595517993
-0.002750169252976775
-0.002749075181782246
-0.002747996710240841
-0.002746934536844492
-0.002745889592915773
-0.002744861179962754
-0.002743849297985435
-0.002742852084338665
-0.00274186790920794
-0.00274089421145618
-0.002739927731454372
-0.002738965209573507
-0.002738002454861999
-0.002737035742029548
-0.002736060880124569
-0.002735072746872902
-0.002734067151322961
-0.00273303990252316
-0.00273198657669127
-0.002730903681367636
-0.002729788422584534
-0.002728637540712953
-0.002727449405938387
-0.002726222621276975
-0.002724956022575498
-0.002723649377003312
-0.002722303383052349
-0.002720918506383896
-0.002719496143981814
-0.00271803792566061
-0.002716545248404145
-0.002715019974857569
-0.002713463269174099
-0.002711876761168242
-0.002710261149331927
-0.002708618063479662
-0.002706947270780802
-0.002705249469727278
-0.002703523496165872
-0.002701769582927227
-0.002699986565858126
-0.002698174212127924
-0.002696331823244691
-0.002694458235055208
-0.00269255368039012
-0.002690618624910712
-0.00268865330144763
-0.002686658408492804
-0.00268463627435267
-0.002682589227333665
-0.002680520992726088
-0.002678435062989593
-0.002676337026059628
-0.002674231771379709
-0.002672126051038504
-0.002670025918632746
-0.002667938824743032
-0.002665871987119317
-0.002663832157850266
-0.002661826787516475
-0.002659862162545323
-0.00265794456936419
-0.002656079595908523
-0.002654272131621838
-0.002652524737641215
-0.002650840673595667
-0.002649221569299698
-0.002647667890414596
-0.002646178705617785
-0.002644752152264118
-0.002643384505063295
-0.002642071107402444
-0.002640807069838047
-0.002639585640281439
-0.002638399368152022
-0.00263724010437727
-0.002636099467054009
-0.002634968375787139
-0.002633837517350912
-0.002632697112858295
-0.002631537849083543
-0.002630350179970264
-0.002629125723615289
-0.002627856330946088
-0.002626533852890134
-0.002625151537358761
-0.002623703563585877
-0.002622184809297323
-0.002620590850710869
-0.002618919359520078
-0.002617168473079801
-0.002615337492898107
-0.002613426651805639
-0.002611436881124973
-0.002609371207654476
-0.002607232658192515
-0.002605025190860033
-0.002602753229439259
-0.002600421663373709
-0.002598036313429475
-0.002595602069050074
-0.002593124285340309
-0.002590606920421124
-0.002588053699582815
-0.002585468115285039
-0.002582851564511657
-0.002580205211415887
-0.002577528357505798
-0.002574818907305598
-0.002572073601186275
-0.002569288248196244
-0.002566457027569413
-0.002563572255894542
-0.002560626249760389
-0.002557609463110566
-0.00255451281554997
-0.002551326528191566
-0.002548040123656392
-0.0025446442887187
-0.002541130408644676
-0.002537489868700504
-0.002533715683966875
-0.002529802499338984
-0.002525746589526534
-0.002521545626223087
-0.002517199842259288
-0.002512711565941572
-0.00250808522105217
-0.002503326861187816
-0.002498444402590394
-0.002493447856977582
-0.002488348633050919
-0.002483159536495805
-0.002477893140166998
-0.002472563413903117
-0.002467184560373425
-0.002461770549416542
-0.002456333488225937
-0.002450886182487011
-0.002445439575240016
-0.002440002979710698
-0.002434584777802229
-0.002429192187264562
-0.0024238305632025
-0.002418504329398274
-0.002413217211142182
-0.00240797083824873
-0.002402767073363066
-0.002397606149315834
-0.002392489463090897
-0.002387417014688253
-0.002382390666753054
-0.002377411583438516
-0.002372482093051076
-0.002367604291066527
-0.002362781437113881
-0.002358017722144723
-0.002353317569941282
-0.002348685404285789
-0.002344125416129827
-0.002339642029255629
-0.002335239900276065
-0.002330922288820148
-0.002326691523194313
-0.00232254876755178
-0.002318493323400617
-0.002314523328095675
-0.002310635289177299
-0.002306823153048754
-0.002303079701960087
-0.002299395389854908
-0.002295759506523609
-0.00229215994477272
-0.002288584131747484
-0.002285018330439925
-0.002281449269503355
-0.002277863211929798
-0.002274248050525784
-0.002270592143759131
-0.002266884315758944
-0.002263116417452693
-0.002259282162413001
-0.002255377126857638
-0.002251398283988237
-0.002247345633804798
-0.002243220340460539
-0.002239026129245758
-0.002234767656773329
-0.002230450743809342
-0.002226082375273108
-0.002221670933067799
-0.002217224333435297
-0.002212750492617488
-0.00220825825817883
-0.002203755313530564
-0.002199249342083931
-0.002194746863096952
-0.002190254395827651
-0.002185777295380831
-0.002181321149691939
-0.00217689061537385
-0.002172489883378148
-0.002168122911825776
-0.002163792494684458
-0.002159502357244492
-0.002155255060642958
-0.002151053864508867
-0.002146900864318013
-0.002142797922715545
-0.002138746669515967
-0.002134749200195074
-0.002130805514752865
-0.002126915846019983
-0.002123079728335142
-0.002119295531883836
-0.002115560928359628
-0.002111872192472219
-0.002108225598931313
-0.00210461625829339
-0.002101037884131074
-0.002097485354170203
-0.002093952149152756
-0.002090432215481997
-0.002086919266730547
-0.00208340841345489
-0.00207989476621151
-0.002076374832540751
-0.002072845818474889
-0.002069307258352637
-0.002065759850665927
-0.002062205923721194
-0.002058649668470025
-0.002055095974355936
-0.002051551826298237
-0.002048024907708168
-0.002044523833319545
-0.002041057916358113
-0.002037636004388332
-0.002034267876297235
-0.002030963310971856
-0.002027731155976653
-0.002024579327553511
-0.002021515043452382
-0.002018545288592577
-0.002015675650909543
-0.002012910321354866
-0.002010252559557557
-0.002007705392315984
-0.002005270216614008
-0.002002947265282273
-0.002000736771151423
-0.00199863757006824
-0.001996648032218218
-0.001994766062125564
-0.001992988865822554
-0.001991313183680177
-0.001989735290408134
-0.001988251460716128
-0.001986856572329998
-0.00198554596863687
-0.00198431359604001
-0.001983154565095901
-0.001982062822207808
-0.001981032779440284
-0.001980058383196592
-0.001979133347049356
-0.001978252315893769
-0.001977409468963742
-0.00197659945115447
-0.001975817140191793
-0.001975058112293482
-0.001974317710846663
-0.00197359174489975
-0.001972876256331801
-0.001972167054191232
-0.001971461111679673
-0.001970754703506827
-0.001970043638721108
-0.001969324424862862
-0.001968593802303076
-0.001967847812920809
-0.001967082032933831
-0.001966292038559914
-0.001965473173186183
-0.001964620547369123
-0.001963729271665215
-0.001962793758139014
-0.001961809583008289
-0.001960772555321455
-0.001959678484126925
-0.001958524342626333
-0.00195730640552938
-0.001956023508682847
-0.001954674255102873
-0.001953259110450745
-0.001951779006049037
-0.001950236735865474
-0.001948635675944388
-0.001946980832144618
-0.001945277792401612
-0.001943533541634679
-0.001941755646839738
-0.001939952140673995
-0.001938131521455944
-0.001936302985996008
-0.001934475731104612
-0.001932658371515572
-0.001930859754793346
-0.001929088379256427
-0.001927351928316057
-0.001925657386891544
-0.001924010808579624
-0.0019224175484851
-0.001920881448313594
-0.001919405302032828
-0.001917990739457309
-0.00191663799341768
-0.001915346249006689
-0.001914113177917898
-0.001912935287691653
-0.001911808387376368
-0.001910726656205952
-0.001909683574922383
-0.00190867215860635
-0.001907684723846614
-0.001906713121570647
-0.001905749435536563
-0.001904785516671836
-0.001903813565149903
-0.001902826596051455
-0.001901817857287824
-0.001900781644508243
-0.001899713184684515
-0.001898608403280377
-0.001897464389912784
-0.00189627951476723
-0.001895053428597748
-0.001893786014989018
-0.001892478787340224
-0.001891134306788445
-0.001889755134470761
-0.001888345228508115
-0.001886909012682736
-0.001885451376438141
-0.00188397744204849
-0.001882492681033909
-0.001881002448499203
-0.001879512215964496
-0.001878027571365237
-0.001876553404144943
-0.001875094254501164
-0.00187365454621613
-0.001872237771749496
-0.001870847074314952
-0.001869484782218933
-0.001868152292445302
-0.00186685030348599
-0.001865578931756318
-0.001864336780272424
-0.001863122335635126
-0.001861933618783951
-0.001860767719335854
-0.001859621028415859
-0.001858490402810276
-0.001857371651567519
-0.001856260467320681
-0.001855152891948819
-0.00185404485091567
-0.001852932618930936
-0.001851812703534961
-0.001850681728683412
-0.001849537016823888
-0.001848376239649951
-0.001847197767347097
-0.001846000319346786
-0.001844783429987729
-0.001843547099269927
-0.00184229202568531
-0.001841019373387098
-0.001839730888605118
-0.001838428666815162
-0.001837115152738988
-0.001835793606005609
-0.001834466936998069
-0.001833138521760702
-0.001831811852753162
-0.001830490189604461
-0.001829176675528288
-0.001827873988077044
-0.001826584688387811
-0.001825310871936381
-0.001824053935706615
-0.001822814927436411
-0.001821594079956412
-0.001820391044020653
-0.001819204888306558
-0.001818034332245588
-0.00181687728036195
-0.00181573152076453
-0.001814594259485602
-0.001813462818972766
-0.00181233452167362
-0.001811206457205117
-0.001810075948014855
-0.001808940549381077
-0.001807798049412668
-0.001806646701879799
-0.001805485342629254
-0.001804313156753778
-0.001803129445761442
-0.001801934558898211
-0.001800729311071336
-0.00179951440077275
-0.001798291341401637
-0.001797061762772501
-0.001795827760361135
-0.001794591313228011
-0.001793354749679565
-0.001792120281606913
-0.001790890120901167
-0.001789666013792157
-0.001788449706509709
-0.001787242363207042
-0.001786045031622052
-0.001784858061000705
-0.001783681917004287
-0.001782516133971512
-0.001781359896995127
-0.001780212274752557
-0.001779072335921228
-0.001777938567101955
-0.001776809222064912
-0.001775682670995593
-0.001774557400494814
-0.001773431780748069
-0.001772304181940854
-0.00177117355633527
-0.001770038739778101
-0.001768899150192738
-0.001767754554748535
-0.001766604604199529
-0.00176544941496104
-0.001764289452694356
-0.001763125415891409
-0.00176195811945945
-0.001760788727551699
-0.001759618287906051
-0.001758447964675725
-0.00175727903842926
-0.001756112556904554
-0.001754949451424181
-0.001753790536895394
-0.001752636395394802
-0.001751487841829658
-0.001750345225445926
-0.001749208429828286
-0.001748077105730772
-0.001746951136738062
-0.001745830057188869
-0.001744713168591261
-0.00174359988886863
-0.001742488821037114
-0.001741379266604781
-0.001740270527079701
-0.001739161787554622
-0.001738052116706967
-0.001736940932460129
-0.001735827885568142
-0.001734712510369718
-0.00173359492328018
-0.001732474891468883
-0.001731352880597115
-0.001730229356326163
-0.001729104784317315
-0.001727979513816535
-0.001726854708977044
-0.00172573106829077
-0.001724609173834324
-0.00172348995693028
-0.001722373766824603
-0.001721261185593903
-0.00172015221323818
-0.00171904731541872
-0.001717946375720203
-0.001716848812066019
-0.001715754391625524
-0.001714662765152752
-0.001713573350571096
-0.001712485449388623
-0.001711398246698081
-0.001710311742499471
-0.001709225121885538
-0.001708138268440962
-0.001707050716504455
-0.001705962931737304
-0.001704874564893544
-0.001703785732388496
-0.001702696783468127
-0.001701607718132436
-0.001700518885627389
-0.001699430518783629
-0.001698343083262444
-0.001697256928309798
-0.001696172170341015
-0.001695089158602059
-0.00169400789309293
-0.001692928839474916
-0.001691851764917374
-0.001690776902250946
-0.001689704367890954
-0.001688633696176112
-0.001687564887106419
-0.001686497591435909
-0.001685432041995227
-0.001684368005953729
-0.001683305134065449
-0.001682243309915066
-0.001681182300671935
-0.001680121873505414
-0.001679062028415501
-0.001678002532571554
-0.001676943153142929
-0.001675884122960269
-0.001674825558438897
-0.001673767459578812
-0.001672709826380014
-0.001671652891673148
-0.001670596771873534
-0.001669541699811816
-0.001668487675487995
-0.001667434582486749
-0.001666382886469364
-0.001665332703851163
-0.001664284034632146
-0.001663236995227635
-0.001662191702052951
-0.001661147805862129
-0.00166010542307049
-0.001659064670093358
-0.001658025197684765
-0.001656986773014069
-0.001655949628911912
-0.001654913532547653
-0.001653878367505968
-0.001652844017371535
-0.001651810482144356
-0.001650777528993785
-0.001649745041504502
-0.001648713136091828
-0.00164768157992512
-0.001646650605835021
-0.00164562021382153
-0.001644590753130615
-0.001643561874516308
-0.001642534043639898
-0.001641507376916707
-0.001640481757931411
-0.001639457303099334
-0.001638434012420475
-0.001637412467971444
-0.001636392436921597
-0.001635373802855611
-0.001634356682188809
-0.001633341191336513
-0.001632327097468078
-0.001631314633414149
-0.001630303449928761
-0.001629293547011912
-0.00162828469183296
-0.001627277233637869
-0.001626270706765354
-0.001625265111215413
-0.001624260214157403
-0.001623256132006645
-0.001622252748347819
-0.001621249946765602
-0.001620247727259994
-0.001619245973415673
-0.001618244918063283
-0.001617244211956859
-0.001616244204342365
-0.001615244895219803
-0.001614246284589171
-0.001613248721696436
-0.001612251973710954
-0.001611255924217403
-0.001610260922461748
-0.001609266735613346
-0.001608273596502841
-0.001607281505130231
-0.001606290694326162
-0.00160530093125999
-0.001604312448762357
-0.001603325130417943
-0.001602338976226747
-0.001601353986188769
-0.001600370393134654
-0.001599388080649078
-0.001598406815901399
-0.001597426598891616
-0.001596447546035051
-0.001595469540916383
-0.001594492699950933
-0.00159351690672338
-0.001592542161233723
-0.001591568463481963
-0.001590595580637455
-0.001589623629115522
-0.001588652492500842
-0.001587682287208736
-0.001586712547577918
-0.001585743739269674
-0.001584775745868683
-0.001583808334544301
-0.001582841738127172
-0.001581875490956008
-0.001580909825861454
-0.001579944859258831
-0.001578980591148138
-0.001578017137944698
-0.001577054616063833
-0.001576093025505543
-0.001575132599100471
-0.001574173453263938
-0.001573215471580625
-0.001572258421219885
-0.001571302651427686
-0.001570348278619349
-0.001569395186379552
-0.001568443141877651
-0.001567492028698325
-0.001566541963256896
-0.001565592712722719
-0.001564644393511117
-0.001563696772791445
-0.001562749966979027
-0.001561803626827896
-0.001560858101584017
-0.001559913507662714
-0.001558969379402697
-0.001558025949634612
-0.001557083334773779
-0.001556141884066164
-0.001555201248265803
-0.001554261543788016
-0.001553322770632803
-0.001552385161630809
-0.001551448716782033
-0.001550513319671154
-0.001549579086713493
-0.001548645785078406
-0.001547713298350573
-0.001546781742945313
-0.001545850886031985
-0.00154492084402591
-0.001543991384096444
-0.001543062506243587
-0.001542134443297982
-0.001541207195259631
-0.001540280412882566
-0.001539354328997433
-0.001538429176434875
-0.001537504722364247
-0.001536581199616194
-0.001535658491775393
-0.001534736715257168
-0.00153381610289216
-0.001532896305434406
-0.001531977555714548
-0.001531059853732586
-0.001530143199488521
-0.001529227243736386
-0.001528312102891505
-0.001527397776953876
-0.0015264842659235
-0.001525571919046342
-0.001524660387076437
-0.001523749553598464
-0.001522839535027742
-0.001521930331364274
-0.00152102205902338
-0.001520114601589739
-0.001519208075478673
-0.001518302247859538
-0.001517397118732333
-0.001516492571681738
-0.001515588839538395
-0.001514685805886984
-0.001513783819973469
-0.001512882765382528
-0.001511982758529484
-0.001511083566583693
-0.001510185073129833
-0.001509287394583225
-0.001508390530943871
-0.001507494482211769
-0.001506599248386919
-0.001505704945884645
-0.001504811341874301
-0.001503918552771211
-0.001503026462160051
-0.001502135186456144
-0.001501244842074811
-0.001500355079770088
-0.00149946624878794
-0.001498578116297722
-0.001497690682299435
-0.001496804063208401
-0.001495918375439942
-0.001495033735409379
-0.001494149793870747
-0.001493266667239368
-0.001492384355515242
-0.001491503091529012
-0.001490622875280678
-0.001489743241108954
-0.001488864538259804
-0.001487986883148551
-0.001487110159359872
-0.001486234366893768
-0.001485359622165561
-0.001484485808759928
-0.001483612926676869
-0.00148274062667042
-0.001481869141571224
-0.001480998354963958
-0.001480128383263946
-0.001479258993640542
-0.001478390535339713
-0.001477522775530815
-0.001476655597798526
-0.001475788885727525
-0.001474922755733132
-0.001474057207815349
-0.00147319259122014
-0.001472328556701541
-0.001471465220674872
-0.001470602583140135
-0.001469740644097328
-0.001468879403546453
-0.001468018861487508
-0.001467158901505172
-0.001466299640014768
-0.001465441193431616
-0.001464583561755717
-0.001463726744987071
-0.001462870743125677
-0.001462015556171536
-0.00146116130053997
-0.001460307626985013
-0.001459455117583275
-0.001458603539504111
-0.0014577527763322
-0.001456902711652219
-0.001456053461879492
-0.001455205143429339
-0.001454357523471117
-0.001453510602004826
-0.001452664495445788
-0.001451819087378681
-0.001450974377803504
-0.001450130483135581
-0.00144928740337491
-0.001448444905690849
-0.001447603339329362
-0.001446762471459806
-0.001445922302082181
-0.001445082831196487
-0.001444243942387402
-0.001443405752070248
-0.001442568376660347
-0.001441731583327055
-0.001440895372070372
-0.00144005985930562
-0.001439225045032799
-0.001438390812836587
-0.001437557279132307
-0.001436724560335279
-0.001435892656445503
-0.001435061567462981
-0.001434231176972389
-0.00143340160138905
-0.001432572840712965
-0.001431744894944131
-0.001430917647667229
-0.00143009121529758
-0.001429265481419861
-0.001428440446034074
-0.001427616109140217
-0.001426792819984257
-0.00142597034573555
-0.001425148569978774
-0.001424327492713928
-0.001423507463186979
-0.001422688248567283
-0.001421869965270162
-0.001421052496880293
-0.001420235843397677
-0.001419419888406992
-0.001418604631908238
-0.001417789841070771
-0.001416975632309914
-0.001416161889210343
-0.001415348844602704
-0.001414536382071674
-0.001413724501617253
-0.001412913086824119
-0.001412102254107594
-0.001411292119883001
-0.00141048280056566
-0.001409673946909606
-0.001408865675330162
-0.001408058102242649
-0.001407251227647066
-0.001406444935128093
-0.001405639457516372
-0.001404834678396583
-0.00140403036493808
-0.001403226866386831
-0.001402424182742834
-0.001401622197590768
-0.001400820794515312
-0.001400019857101142
-0.001399219734594226
-0.001398420426994562
-0.001397621817886829
-0.001396823907271028
-0.001396026811562479
-0.00139523041434586
-0.001394434832036495
-0.001393639948219061
-0.001392845762893558
-0.001392052276059985
-0.0013912592548877
-0.001390466699376702
-0.001389674842357635
-0.001388883800245821
-0.001388093223795295
-0.001387303229421377
-0.001386514166370034
-0.001385725918225944
-0.001384938252158463
-0.001384151284582913
-0.001383365131914616
-0.001382579794153571
-0.001381795154884458
-0.001381011330522597
-0.001380228437483311
-0.001379446592181921
-0.001378665445372462
-0.001377884764224291
-0.00137710478156805
-0.001376325497403741
-0.001375546911731362
-0.001374769024550915
-0.001373991603031754
-0.001373214996419847
-0.001372438739053905
-0.001371663180179894
-0.00137088808696717
-0.001370113459415734
-0.001369339297525585
-0.001368565601296723
-0.00136779248714447
-0.00136702018789947
-0.001366248587146401
-0.001365477684885263
-0.001364707364700735
-0.001363937626592815
-0.00136316881980747
-0.001362400711514056
-0.001361633301712573
-0.001360866357572377
-0.001360100228339434
-0.0013593346811831
-0.001358570181764662
-0.001357806497253478
-0.001357043860480189
-0.001356281922198832
-0.001355520682409406
-0.00135476014111191
-0.001354000298306346
-0.001353240921162069
-0.001352482242509723
-0.001351723913103342
-0.001350966049358249
-0.001350208767689764
-0.001349451835267246
-0.001348695135675371
-0.001347939018160105
-0.001347183133475482
-0.001346427714452147
-0.0013456727610901
-0.001344918273389339
-0.001344164367765188
-0.001343411044217646
-0.001342657953500748
-0.00134190556127578
-0.001341153867542744
-0.00134040298871696
-0.001339652808383107
-0.001338903442956507
-0.001338154776021838
-0.001337407040409744
-0.001336660236120224
-0.001335914013907313
-0.001335168606601655
-0.001334423781372607
-0.001333679771050811
-0.001332936342805624
-0.001332193496637046
-0.001331451465375721
-0.001330710016191006
-0.001329969149082899
-0.001329228631220758
-0.001328488462604582
-0.001327748643234372
-0.001327009289525449
-0.001326270517893136
-0.001325532211922109
-0.001324794488027692
-0.001324057579040527
-0.001323321368545294
-0.001322585972957313
-0.001321851392276585
-0.00132111762650311
-0.001320384559221566
-0.001319652190431952
-0.001318920752964914
-0.001318190130405128
-0.001317460089921951
-0.001316730864346027
-0.001316002337262034
-0.001315274159424007
-0.001314546447247267
-0.001313819084316492
-0.001313092303462327
-0.00131236610468477
-0.001311640371568501
-0.001310914754867554
-0.001310189603827894
-0.001309464802034199
-0.001308740465901792
-0.001308016595430672
-0.001307293307036161
-0.001306570717133582
-0.001305848592892289
-0.001305127050727606
-0.001304406207054853
-0.001303686061874032
-0.00130296649876982
-0.001302247866988182
-0.001301530166529119
-0.001300813164561987
-0.001300096861086786
-0.001299381139688194
-0.001298666233196855
-0.001297951792366803
-0.00129723793361336
-0.001296524540521204
-0.001295811613090336
-0.001295099151320755
-0.00129438703879714
-0.001293675624765456
-0.001292964559979737
-0.001292253844439983
-0.001291543710976839
-0.001290834159590304
-0.001290124841034412
-0.001289416337385774
-0.001288708415813744
-0.001288001192733645
-0.001287294668145478
-0.001286588842049241
-0.001285883714444935
-0.001285179285332561
-0.001284475554712117
-0.001283772406168282
-0.001283069723285735
-0.001282367971725762
-0.001281666685827076
-0.001280966214835644
-0.001280266093090177
-0.001279566437005997
-0.001278867246583104
-0.001278168405406177
-0.001277470262721181
-0.001276772702112794
-0.001276075607165694
-0.001275378745049238
-0.001274682348594069
-0.001273986301384866
-0.001273290952667594
-0.001272595836780965
-0.001271901186555624
-0.001271207118406892
-0.001270513515919447
-0.001269820728339255
-0.001269128639250994
-0.001268437132239342
-0.001267746323719621
-0.001267056097276509
-0.001266366569325328
-0.001265677623450756
-0.001264989376068115
-0.001264301827177405
-0.001263614743947983
-0.001262928126379848
-0.001262242207303643
-0.001261556753888726
-0.001260871882550418
-0.001260187360458076
-0.001259503536857665
-0.001258819946087897
-0.001258136937394738
-0.001257454394362867
-0.001256772084161639
-0.001256090472452343
-0.001255409209989011
-0.001254728413186967
-0.001254048198461533
-0.001253368449397385
-0.001252689282409847
-0.001252010697498918
-0.001251332811079919
-0.001250655623152852
-0.00124997878447175
-0.001249302411451936
-0.00124862662050873
-0.001247951528057456
-0.001247277017682791
-0.001246602856554091
-0.001245929161086679
-0.001245256280526519
-0.001244583982042968
-0.001243912382051349
-0.001243241247721016
-0.001242570579051971
-0.001241900492459536
-0.001241230987943709
-0.001240561832673848
-0.001239893143065274
-0.001239225151948631
-0.001238557742908597
-0.001237890683114529
-0.001237224088981748
-0.001236557960510254
-0.001235892414115369
-0.001235227449797094
-0.001234562951140106
-0.001233898918144405
-0.001233235350809991
-0.001232572249136865
-0.00123190984595567
-0.001231247908435762
-0.001230586552992463
-0.001229925663210452
-0.001229265355505049
-0.001228605513460934
-0.00122794636990875
-0.001227287808433175
-0.001226629596203566
-0.001225971966050565
-0.001225314801558852
-0.001224658102728426
-0.001224001753143966
-0.00122334563639015
-0.001222689868882298
-0.001222034799866378
-0.001221379963681102
-0.001220725709572434
-0.001220072153955698
-0.001219418947584927
-0.001218766556121409
-0.001218114863149822
-0.001217463868670166
-0.001216813456267118
-0.001216163742356002
-0.001215514726936817
-0.001214866060763597
-0.001214217860251665
-0.001213570008985698
-0.001212922623381019
-0.001212275470606983
-0.001211628667078912
-0.001210982096381485
-0.001210335991345346
-0.001209690235555172
-0.001209044829010963
-0.001208399888128042
-0.001207755296491086
-0.00120711128693074
-0.001206467975862324
-0.00120582536328584
-0.001205183216370642
-0.001204541767947376
-0.001203900901600718
-0.001203260384500027
-0.001202620333060622
-0.001201980863697827
-0.001201341976411641
-0.001200703554786742
-0.00120006559882313
-0.001199428108520806
-0.001198791083879769
-0.001198154524900019
-0.001197518431581557
-0.001196882920339704
-0.001196247758343816
-0.001195613294839859
-0.001194979413412511
-0.001194346114061773
-0.001193713396787643
-0.001193081378005445
-0.001192449941299856
-0.001191819086670876
-0.001191188930533826
-0.001190559356473386
-0.001189930364489555
-0.00118930172175169
-0.001188673661090434
-0.001188046066090465
-0.001187418936751783
-0.001186792273074389
-0.00118616595864296
-0.001185539993457496
-0.001184914261102676
-0.001184288994409144
-0.001183663960546255
-0.00118303915951401
-0.001182414824143052
-0.001181790954433382
-0.001181167317554355
-0.001180544029921293
-0.001179921207949519
-0.001179298851639032
-0.001178676960989833
-0.001178055536001921
-0.001177434693090618
-0.001176814432255924
-0.001176194520667195
-0.001175575074739754
-0.001174956210888922
-0.001174337812699378
-0.001173719763755798
-0.001173102064058185
-0.001172484830021858
-0.001171868061646819
-0.001171251642517745
-0.001170635921880603
-0.001170020434074104
-0.00116940529551357
-0.001168790622614324
-0.001168176415376365
-0.001167562906630337
-0.001166949979960918
-0.001166337518952787
-0.001165725523605943
-0.001165113877505064
-0.001164502697065473
-0.00116389209870249
-0.001163281966000795
-0.00116267241537571
-0.001162063679657876
-0.001161455293186009
-0.001160847605206072
-0.001160240266472101
-0.001159633393399417
-0.001159026985988021
-0.001158420811407268
-0.001157815102487803
-0.001157209626398981
-0.001156604615971446
-0.001155999838374555
-0.00115539541002363
-0.001154791447333992
