0
0
0
0
0
0
0
0
0
0
0
0
0
0
0
0
0
0
0
0
0
0
0
0
0
0
0
0
0
0
0
0
0
0
0
0
0
0
0
0
0
0
0
0
0
0
0
0
0
0
0
0
0
0
0
0
0
0
0
0
0
0
0
0
0
0
0
0
0
0
0
0
0
0
0
0
0
0
0
0
0
0
0
0
0
0
0
0
0
0
0
0
0
0
0
0
0
0
0
0
0
0
0
0
0
0
0
0
0
0
0
0
0
0
0
0
0
0
0
0
0
0
0
0
0
0
0
0
0
0
0
0
0
0
0
0
0
0
0
0
0
0
0
0
0
0
0
0
0
0
0
0
0
0
0
0
0
0
0
0
0
0
0
0
0
0
0
0
0
0
0
0
0
0
0
0
0
0
0
0
0
0
0
0
0
0
0
0
0
0
0
0
0
0
0
0
0
0
0
0
0
0
0
0
0
0
0
0
0
0
0
0
0
0
0
0
0
0
0
0
0
0
0
0
0
0
0
0
0
0
0
0
0
0
0
0
0
0
0
0
0
0
0
0
0
0
0
0
0
0
0
0
0
0
0
0
0
0
0
0
0
0
0
0
0
0
0
0
0
0
0
0
0
0
0
0
0
0
0
0
0
0
0
0
0
0
0
0
0
0
0
0
0
0
0
0
0
0
0
0
0
0
0
0
0
0
0
0
0
0
0
0
0
0
0
0
0
0
0
0
0
0
0
0
0
0
0
0
0
0
0
0
0
0
0
0
0
0
0
0
0
0
0
0
0
0
0
0
0
0
0
0
0
0
0
0
0
0
0
0
0
0
0
0
0
0
0
0
0
0
0
0
0
0
0
0
0
0
0
0
0
0
0
0
0
0
0
0
0
0
0
0
0
0
0
0
0
0
0
0
0
0
0
0
0
0
0
0
0
0
0
0
0
0
0
0
0
0
0
0
0
0
0
0
0
0
0
0
0
0
0
0
0
0
0
0
0
0
0
0
0
0
0
0
0
0
0
0
0
0
0
0
0
0
0
0
0
0
0
0
0
0
0
0
0
0
0
0
0
0
0
0
0
0
0
0
0
0
0
0
0
0
0
0
0
0
0
0
0
0
0
0
0
0
0
0
0
0
0
0
0
0
0
0
0
0
0
0
0
0
0
0
0
0
0
0
0
0
0
0
0
0
0
0
0
0
0
0
0
0
0
0
0
0
0
0
0
0
0
0
0
0
0
0
0
0
0
0
0
0
0
0
0
0
0
0
0
0
0
0
0
0
0
0
0
0
0
0
0
0
0
0
0
0
0
0
0
0
0
0
0
0
0
0
0
0
0
0
0
0
0
0
0
0
0
0
0
0
0
0
0
0
0
0
0
0
0
0
0
0
0
0
0
0
0
0
0
0
0
0
0
0
0
0
0
0
0
0
0
0
0
0
0
0
0
0
0
0
0
0
0
0
0
0
0
0
0
0
0
0
0
0
0
0
0
0
0
0
0
0
0
0
0
0
0
0
0
0
0
0
0
0
0
0
0
0
0
0
0
0
0
0
0
0
0
0
0
0
0
0
0
0
0
0
0
0
0
0
0
0
0
0
0
0
0
0
0
0
0
0
0
0
0
0
0
0
0
0
0
0
0
0
0
0
0
0
0
0
0
0
0
0
0
0
0
0
0
0
0
0
0
0
0
0
0
0
0
0
0
0
0
0
0
0
0
0
0
0
0
0
0
0
0
0
0
0
0
0
0
0
0
0
0
0
0
0
0
0
0
0
0
0
0
0
0
0
0
0
0
0
0
0
0
0
0
0
0
0
0
0
0
0
0
0
0
0
0
0
0
0
0
0
0
0
0
0
0
0
0
0
0
0
0
0
0
0
0
0
0
0
0
0
0
0
0
0
0
0
0
0
0
0
0
0
0
0
0
0
0
0
0
0
0
0
0
0
0
0
0
0
0
0
0
0
0
0
0
0
0
0
0
0
0
0
0
0
0
0
0
0
0
0
0
0
0
0
0
0
0
0
0
0
0
0
0
0
0
0
0
0
0
0
0
0
0
0
0
0
0
0
0
0
0
0
0
0
0
0
0
0
0
0
0
0
0
0
0
0
0
0
0
0
0
0
0
0
0
0
0
0
0
0
0
0
0
0
0
0
0
0
0
0
0
0
0
0
0
0
0
0
0
0
0
0
0
0
0
0
0
0
0
0
0
0
0
0
0
0
0
0
0
0
0
0
0
0
0
0
0
0
0
0
0
0
0
0
0
0
0
0
0
0
0
0
0
0
0
0
0
0
0
0
0
0
0
0
0
0
0
0
0
0
0
0
0
0
0
0
0
0
0
0
0
0
0
0
0
0
0
0
0
0
0
0
0
0
0
0
0
0
0
0
0
0
0
0
0
0
0
0
0
0
0
0
0
0
0
0
0
0
0
0
0
0
0
0
0
0
0
0
0
0
0
0
0
0
0
0
0
0
0
0
0
0
0
0
0
0
0
0
0
0
0
0
0
0
0
0
0
0
0
0
0
0
0
0
0
0
0
0
0
0
0
0
0
0
0
0
0
0
0
0
0
0
0
0
0
0
0
0
0
0
0
0
0
0
0
0
0
0
0
0
0
0
0
0
0
0
0
0
0
0
0
0
0
0
0
0
0
0
0
0
0
0
0
0
0
0
0
0
0
0
0
0
0
0
0
0
0
0
0
0
0
0
0
0
0
0
0
0
0
0
0
0
0
0
0
0
0
0
0
0
0
0
0
0
0
0
0
0
0
0
0
0
0
0
0
0
0
0
0
0
0
0
0
0
0
0
0
0
0
0
0
0
0
0
0
0
0
0
0
0
0
0
0
0
0
0
0
0
0
0
0
0
0
0
0
0
0
0
0
0
0
0
0
0
0
0
0
0
0
0
0
0
0
0
0
0
0
0
0
0
0
0
0
0
0
0
0
0
0
0
0
0
0
0
0
0
0
0
0
0
0
0
0
0
0
0
0
0
0
0
0
0
0
0
0
0
0
0
0
0
0
0
0
0
0
0
0
0
0
0
0
0
0
0
0
0
0
0
0
0
0
0
0
0
0
0
0
0
0
0
0
0
0
0
0
0
0
0
0
0
0
0
0
0
0
0
0
0
0
0
0
0
0
0
0
0
0
0
0
0
0
0
0
0
0
0
0
0
0
0
0
0
0
0
0
0
0
0
0
0
0
0
0
0
0
0
0
0
0
0
0
0
0
0
0
0
0
0
0
0
0
0
0
0
0
0
0
0
0
0
0
0
0
0
0
0
0
0
0
0
0
0
0
0
0
0
0
0
0
0
0
0
0
0
0
0
0
0
0
0
0
0
0
0
0
0
0
0
0
0
0
0
0
0
0
0
0
0
0
0
0
0
0
0
0
0
0
0
0
0
0
0
0
0
0
0
0
0
0
0
0
0
0
0
0
0
0
0
0
0
0
0
0
0
0
0
0
0
0
0
0
0
0
0
0
0
0
0
0
0
0
0
0
0
0
0
0
0
0
0
0
0
0
0
0
0
0
0
0
0
0
0
0
0
0
0
0
0
0
0
0
0
0
0
0
0
0
0
0
0
0
0
0
0
0
0
0
0
0
0
0
0
0
0
0
0
0
0
0
0
0
0
0
0
0
0
0
0
0
0
0
0
0
0
0
0
0
0
0
0
0
0
0
0
0
0
0
0
0
0
0
0
0
0
0
0
0
0
0
0
0
0
0
0
0
0
0
0
0
0
0
0
0
0
0
0
0
0
0
0
0
0
0
0
0
0
0
0
0
0
0
0
0
0
0
0
0
0
0
0
0
0
0
0
0
0
0
0
0
0
0
0
0
0
0
0
0
0
0
0
0
0
0
0
0
0
0
0
0
0
0
0
0
0
0
0
0
0
0
0
0
0
0
0
0
0
0
0
0
0
0
0
0
0
0
0
0
0
0
0
0
0
0
0
0
0
0
0
0
0
0
0
0
0
0
0
0
0
0
0
0
0
0
0
0
0
0
0
2.802596928649634e-45
1.401298464324817e-44
3.503246160812043e-44
6.726232628759122e-44
1.121038771459854e-43
1.849713972908759e-43
3.040817667584853e-43
5.044674471569341e-43
8.155557062370435e-43
1.313016661072354e-42
2.101947696487226e-42
3.346300732807663e-42
5.310921179791057e-42
8.4246063675208e-42
1.334596657422956e-41
2.112037045430364e-41
3.339294240486039e-41
5.272385472022124e-41
8.314604438071302e-41
1.30972360968119e-40
2.060721495666789e-40
3.238793114624663e-40
5.084723581679745e-40
7.973892729455366e-40
1.249104839412963e-39
1.954564729203399e-39
3.05510250413018e-39
4.770116662155716e-39
7.439768201599461e-39
1.159089770089976e-38
1.803856340533882e-38
2.804236728112587e-38
4.35467398669703e-38
6.75499736259601e-38
1.046703699459245e-37
1.620136667109249e-37
2.505008891078707e-37
3.86898506000082e-37
5.969189316990671e-37
9.199504239594538e-37
1.416265946219637e-36
2.177994482587976e-36
3.34580532335378e-36
5.134248877366849e-36
7.870199423271483e-36
1.205112446276942e-35
1.843328679559486e-35
2.816512302204974e-35
4.298872667551785e-35
6.554383160686077e-35
9.982602232263889e-35
1.518765448350651e-34
2.308197493032278e-34
3.504216158890915e-34
5.314284145437825e-34
8.050724791556721e-34
1.21832128344259e-33
1.841727998340889e-33
2.781162696037914e-33
4.195318032249635e-33
6.321805679986385e-33
9.51602349924982e-33
1.430896653287735e-32
2.149313103167429e-32
3.22500284081712e-32
4.833923705433075e-32
7.237840803464949e-32
1.082575166422273e-31
1.617510907134024e-31
2.414219012973046e-31
3.599538380678377e-31
5.361149026049477e-31
7.97645703643125e-31
1.185505518990727e-30
1.76010568346363e-30
2.610453218712877e-30
3.867543428442691e-30
5.723964605114391e-30
8.462549717332436e-30
1.249822682992013e-29
1.843905791761999e-29
2.717517545112325e-29
4.000825153294856e-29
5.883972369526852e-29
8.644414981054369e-29
1.268658684098968e-28
1.859938075213429e-28
2.723935646466684e-28
3.985107277906847e-28
5.824092559402179e-28
8.50279774112493e-28
1.240054483675437e-27
1.80661396210058e-27
2.629273782287621e-27
3.822541842417054e-27
5.551558546314317e-27
8.054229782963687e-27
1.167292349634702e-26
1.689981647635631e-26
2.444169034584269e-26
3.531242473138155e-26
5.096488263474834e-26
7.347878181750553e-26
1.058279460845496e-25
1.522602373361001e-25
2.188368683374228e-25
3.141972834851267e-25
4.506428071719053e-25
6.456701770603344e-25
9.241392105909028e-25
1.32133373320569e-24
1.887280098766385e-24
2.692829948083026e-24
3.838224428027727e-24
5.465134082492996e-24
7.773567099819022e-24
1.104559489616387e-23
1.567859313632769e-23
2.223179320463072e-23
3.1491358890859e-23
4.456130418731297e-23
6.299035395528054e-23
8.89487686746642e-23
1.254745621319968e-22
1.768158891414128e-22
2.489068959090085e-22
3.500278325274436e-22
4.91720503968345e-22
6.900558370283649e-22
9.673872215097865e-22
1.354773815190716e-21
1.895324026642224e-21
2.648808420392389e-21
3.698009075336694e-21
5.15745981015819e-21
7.18545383275176e-21
1.000052959523514e-20
1.390408214757811e-20
1.931132788450744e-20
2.679368543499675e-20
3.713670334674579e-20
5.141913661403595e-20
7.112082104624739e-20
9.826961253327375e-20
1.356413999638723e-19
1.870319471479868e-19
2.576260738638882e-19
3.544984361708921e-19
4.87291995457412e-19
6.691362793937726e-19
9.178891351280161e-19
1.257813424387548e-18
1.721839000562951e-18
2.354610559072515e-18
3.216590453200495e-18
4.389576195578e-18
5.984108687749014e-18
8.149413173374481e-18
1.108671994802171e-17
1.506709982073707e-17
2.045530470007074e-17
2.774162604177882e-17
3.75843804994453e-17
5.086655525282973e-17
6.877119394017278e-17
9.288167576385612e-17
1.253148849515785e-16
1.688979196962543e-16
2.27402273604872e-16
3.05853882844414e-16
4.109431959674461e-16
5.515667323678782e-16
7.395416075115326e-16
9.905475394526094e-16
1.32536664037067e-15
1.771513928524324e-15
2.365379103997918e-15
3.155036368745817e-15
4.203928278759131e-15
5.595686843843251e-15
7.440435664503656e-15
9.883028809665618e-15
1.31137895003795e-14
1.73825187642189e-14
2.301670749067959e-14
3.04452508126038e-14
4.022921657798918e-14
5.310176601279297e-14
7.001990404587738e-14
9.223142540502882e-14
1.213615118773534e-13
1.595244932244694e-13
2.09468076564634e-13
2.7475916507258e-13
3.600228296908592e-13
4.712497211033229e-13
6.161907464309613e-13
8.048627953352594e-13
1.050197255547669e-12
1.368869210691126e-12
1.782356922643002e-12
2.318295512157564e-12
3.012200731900005e-12
3.909666427409642e-12
5.069158200837753e-12
6.565561028876177e-12
8.494689326954408e-12
1.097898941898601e-11
1.417477073217821e-11
1.828134518766511e-11
2.355256788211246e-11
3.031139922393677e-11
3.896825223614897e-11
5.004407305220226e-11
6.419936804391568e-11
8.227061393251134e-11
1.053159434660778e-10
1.346723704775954e-10
1.72027322942192e-10
2.195079951139434e-10
2.797929665732113e-10
3.562512229660086e-10
4.53115045484509e-10
5.756951582114311e-10
7.306479865576421e-10
9.263066425013733e-10
1.173091290773698e-09
1.484016465269633e-09
1.875318345057053e-09
2.367227303068375e-09
2.984922975457494e-09
3.759705879957664e-09
4.730440039679706e-09
5.945324232925486e-09
7.464062257156456e-09
9.360522135182237e-09
1.172598551590909e-08
1.467311694369755e-08
1.834081153617717e-08
2.290009071259647e-08
2.856126890549149e-08
3.558269057180041e-08
4.428130750966375e-08
5.504548639123641e-08
6.835051635789569e-08
8.47773762302495e-08
1.050353546361293e-07
1.299892886663656e-07
1.606924087127481e-07
1.984258091169977e-07
2.447456779464119e-07
3.015402114669996e-07
3.710973430770537e-07
4.561861430829595e-07
5.601535235655319e-07
6.870397442071408e-07
8.417159733653534e-07
1.030047542371904e-06
1.259087980542972e-06
1.537308321530872e-06
1.874869667517487e-06
2.283943786096643e-06
2.779092028504238e-06
3.377712118890486e-06
4.100562819076004e-06
4.972381248080637e-06
6.022606157785049e-06
7.286223990377039e-06
8.804758181213401e-06
1.062742649082793e-05
1.281248569284799e-05
1.542880272609182e-05
1.855766822700389e-05
2.22949129238259e-05
2.675334508239757e-05
3.20655781251844e-05
3.838729753624648e-05
4.590100797940977e-05
5.482035339809954e-05
6.539508467540145e-05
7.791671669110656e-05
9.272508032154292e-05
0.0001102156747947447
0.0001308481732849032
0.0001551560999359936
0.0001837576128309593
0.0002173680695705116
0.0002568139170762151
0.0003030485822819173
0.0003571703564375639
0.0004204422875773162
0.0004943148232996464
0.0005804509273730218
0.000680754310451448
0.0007974007166922092
0.0009328729938715696
0.001089999568648636
0.001271997578442097
0.00148252013605088
0.001725708949379623
0.002006250666454434
0.002329440554603934
0.002701251301914454
0.003128406824544072
0.003618465270847082
0.004179905168712139
0.004822222050279379
0.005556030198931694
0.006393171846866608
0.00734683545306325
0.00843167956918478
0.009663965553045273
0.01106169447302818
0.012644755654037
0.01443507801741362
0.01645678840577602
0.01873637363314629
0.02130284532904625
0.02418791316449642
0.02742614597082138
0.0310551468282938
0.03511571884155273
0.03965200856328011
0.04471167176961899
0.05034599825739861
0.05661003664135933
0.06356268376111984
0.07126675546169281
0.07978902757167816
0.08920025080442429
0.09957507997751236
0.1109919995069504
0.1235331818461418
0.1372842043638229
0.1523338556289673
0.1687736511230469
0.1866974085569382
0.2062007039785385
0.2273801267147064
0.2503325343132019
0.2751541137695312
0.3019392192363739
0.3307794034481049
0.3617618381977081
0.3949678838253021
0.430471658706665
0.4683379530906677
0.5086206197738647
0.5513604879379272
0.5965831279754639
0.6442968249320984
0.6944901943206787
0.7471300959587097
0.8021595478057861
0.8594951629638672
0.9190254211425781
0.9806088805198669
1.04407274723053
1.109211444854736
1.175785899162292
1.243523597717285
1.312118053436279
1.381230473518372
1.450491070747375
1.519500970840454
1.587835907936096
1.655050158500671
1.720680117607117
1.784251093864441
1.845282316207886
1.903294563293457
1.957816600799561
2.008394002914429
2.054595947265625
2.096023321151733
2.132317304611206
2.163166046142578
2.188312530517578
2.207559585571289
2.220777034759521
2.227905035018921
2.228956937789917
2.224022388458252
2.21326732635498
2.196931600570679
2.175329208374023
2.14884352684021
2.117922306060791
2.08307147026062
2.044848680496216
2.003855466842651
1.960727572441101
1.916125655174255
1.870726704597473
1.825212359428406
1.780259966850281
1.736532688140869
1.694668173789978
1.655270576477051
1.618900656700134
1.586067676544189
1.557220578193665
1.532742261886597
1.512942314147949
1.498051285743713
1.48821747303009
1.483503460884094
1.483883619308472
1.489244341850281
1.499384522438049
1.514018416404724
1.532778739929199
1.555223703384399
1.580843091011047
1.609067678451538
1.63927948474884
1.670823931694031
1.703022837638855
1.735187888145447
1.766636371612549
1.79670512676239
1.824766516685486
1.850242614746094
1.872619032859802
1.891457319259644
1.906405448913574
1.917206645011902
1.923706412315369
1.925855278968811
1.923709630966187
1.917430400848389
1.907278537750244
1.893606781959534
1.876850605010986
1.857516169548035
1.836165428161621
1.81340217590332
1.789855003356934
1.766160726547241
1.742946982383728
1.720816016197205
1.700329184532166
1.681991696357727
1.666240215301514
1.65343189239502
1.643835663795471
1.637625813484192
1.634878039360046
1.635568857192993
1.639577865600586
1.646690845489502
1.65660834312439
1.668954849243164
1.683291077613831
1.699127197265625
1.715938687324524
1.733182668685913
1.750314593315125
1.766805768013
1.782159686088562
1.795927286148071
1.807721018791199
1.817225575447083
1.824208498001099
1.828525304794312
1.83012330532074
1.829041838645935
1.825408697128296
1.819434404373169
1.811403393745422
1.80166232585907
1.790606498718262
1.778665781021118
1.766288280487061
1.753924608230591
1.742011308670044
1.730956673622131
1.721126437187195
1.712831735610962
1.706319093704224
1.701763272285461
1.699263453483582
1.698840022087097
1.700437307357788
1.703926086425781
1.70911169052124
1.715741872787476
1.723518133163452
1.732108592987061
1.741160869598389
1.750316977500916
1.759227156639099
1.767562985420227
1.775030136108398
1.781379222869873
1.78641402721405
1.789998173713684
1.792058944702148
1.792587876319885
1.791639685630798
1.789327383041382
1.785816073417664
1.781314134597778
1.776063799858093
1.770328521728516
1.764381647109985
1.758494853973389
1.752925992012024
1.747908115386963
1.743640899658203
1.740282654762268
1.737944483757019
1.736687660217285
1.736522078514099
1.737407445907593
1.739257097244263
1.741943597793579
1.745305180549622
1.749154686927795
1.753288745880127
1.757497787475586
1.761575937271118
1.765330076217651
1.768588662147522
1.771208763122559
1.773082613945007
1.774140119552612
1.774351835250854
1.773728847503662
1.772320628166199
1.770211935043335
1.76751697063446
1.764373183250427
1.760933756828308
1.757359862327576
1.753813147544861
1.750447392463684
1.74740207195282
1.744795680046082
1.742721319198608
1.741243124008179
1.740394592285156
1.740178108215332
1.740566372871399
1.741504669189453
1.742915749549866
1.744703412055969
1.746759414672852
1.748968362808228
1.751214385032654
1.753386974334717
1.755386114120483
1.757126331329346
1.758541107177734
1.759584784507751
1.760233640670776
1.760486006736755
1.760360598564148
1.759894847869873
1.759141325950623
1.758164167404175
1.75703489780426
1.755827903747559
1.754615783691406
1.753466367721558
1.752438068389893
1.751577973365784
1.750919342041016
1.750480771064758
1.750266313552856
1.750265955924988
1.750457167625427
1.750807166099548
1.751275539398193
1.751817464828491
1.752385973930359
1.752936244010925
1.753427267074585
1.753824710845947
1.754102945327759
1.75424599647522
1.754248142242432
1.754113793373108
1.753856778144836
1.753498792648315
1.753068208694458
1.752596735954285
1.752117991447449
1.751665830612183
1.751270771026611
1.750958323478699
1.7507483959198
1.750653386116028
1.750677585601807
1.75081741809845
1.751062035560608
1.751393675804138
1.751789093017578
1.752221584320068
1.752662420272827
1.753082990646362
1.753456592559814
1.753759860992432
1.753974199295044
1.754087209701538
1.754092454910278
1.753990650177002
1.753788948059082
1.75350034236908
1.753142714500427
1.752737402915955
1.752308011054993
1.751879096031189
1.751474022865295
1.751114249229431
1.750817537307739
1.75059700012207
1.750461220741272
1.750412583351135
1.750449061393738
1.750562310218811
1.750740170478821
1.750966906547546
1.751224040985107
1.751491785049438
1.751749992370605
1.75197958946228
1.752163171768188
1.752286314964294
1.75233793258667
1.752310633659363
1.752201318740845
1.752009630203247
1.751739025115967
1.751395583152771
1.75098717212677
1.750522613525391
1.750011444091797
1.749461770057678
1.748880386352539
1.748271226882935
1.747636318206787
1.746973276138306
1.74627685546875
1.745538115501404
1.744744181632996
1.743879556655884
1.742926001548767
1.741862654685974
1.740667104721069
1.73931610584259
1.737785458564758
1.736051440238953
1.734090566635132
1.731879830360413
1.729397892951965
1.726623773574829
1.723538160324097
1.720123171806335
1.716361522674561
1.712237238883972
1.707734942436218
1.702839970588684
1.697538375854492
1.691816449165344
1.685661554336548
1.679061055183411
1.672003865242004
1.664479970932007
1.656480550765991
1.647999167442322
1.639031529426575
1.629576444625854
1.619636416435242
1.609217524528503
1.598330736160278
1.586991786956787
1.575221419334412
1.563045859336853
1.55049729347229
1.537613272666931
1.524436712265015
1.511016368865967
1.497405767440796
1.483662724494934
1.469849228858948
1.456030607223511
1.442274808883667
1.428651094436646
1.415229797363281
1.402080893516541
1.389272689819336
1.376871466636658
1.36493968963623
1.353534936904907
1.342708945274353
1.332506775856018
1.322965502738953
1.314112782478333
1.30596661567688
1.298534274101257
1.29181182384491
1.285783648490906
1.280421614646912
1.275685906410217
1.271524786949158
1.267874717712402
1.26466166973114
1.261801242828369
1.25920045375824
1.25675892829895
1.254369854927063
1.251922965049744
1.249305009841919
1.246403098106384
1.243106007575989
1.239306330680847
1.234902501106262
1.229800820350647
1.223917484283447
1.217179536819458
1.209526181221008
1.200909614562988
1.191295862197876
1.180664300918579
1.169007897377014
1.1563321352005
1.142653703689575
1.127999305725098
1.112403154373169
1.095905661582947
1.078550100326538
1.060380816459656
1.041439771652222
1.021765470504761
1.001388430595398
0.9803306460380554
0.9586026072502136
0.9362022280693054
0.9131137132644653
0.8893072605133057
0.864738404750824
0.8393493294715881
0.8130697011947632
0.7858185172080994
0.7575063705444336
0.7280381917953491
0.6973164081573486
0.6652446389198303
0.631730854511261
0.596691370010376
0.5600543022155762
0.5217626094818115
0.4817773401737213
0.4400802552700043
0.3966753780841827
0.3515907227993011
0.3048788905143738
0.2566169202327728
0.2069058120250702
0.1558689922094345
0.1036504507064819
0.05041224509477615
-0.003668320365250111
-0.05840178579092026
-0.1135898754000664
-0.1690287441015244
-0.2245121002197266
-0.2798340916633606
-0.3347919583320618
-0.3891880512237549
-0.4428314566612244
-0.4955390989780426
-0.547136127948761
-0.5974562168121338
-0.6463406085968018
-0.6936376690864563
-0.7392013669013977
-0.782890260219574
-0.8245655298233032
-0.8640902042388916
-0.9013275504112244
-0.9361406564712524
-0.9683918356895447
-0.9979429244995117
-1.024656295776367
-1.048395752906799
-1.069029450416565
-1.086431860923767
-1.100487947463989
-1.111096024513245
-1.118172764778137
-1.121656656265259
-1.121513605117798
-1.117740154266357
-1.110367655754089
-1.099465847015381
-1.085145711898804
-1.067561149597168
-1.046911001205444
-1.02343761920929
-0.9974266290664673
-0.9692047834396362
-0.9391360878944397
-0.90761798620224
-0.8750755190849304
-0.8419554233551025
-0.8087188005447388
-0.7758336663246155
-0.7437670826911926
-0.7129771113395691
-0.6839045882225037
-0.6569657325744629
-0.6325442790985107
-0.6109850406646729
-0.5925880074501038
-0.577602744102478
-0.5662248730659485
-0.5585923194885254
-0.554783821105957
-0.5548174381256104
-0.5586508512496948
-0.5661821365356445
-0.5772518515586853
-0.5916458368301392
-0.6090987920761108
-0.6292988657951355
-0.651892364025116
-0.6764896512031555
-0.7026711106300354
-0.7299937605857849
-0.757998526096344
-0.786217212677002
-0.8141806721687317
-0.8414263129234314
-0.8675057888031006
-0.8919934630393982
-0.9144937992095947
-0.9346491098403931
-0.9521467685699463
-0.9667254686355591
-0.9781813025474548
-0.986372709274292
-0.9912238121032715
-0.9927276968955994
-0.9909470677375793
-0.9860137104988098
-0.978126585483551
-0.9675487279891968
-0.9546010494232178
-0.9396560788154602
-0.9231293797492981
-0.9054698944091797
-0.8871490955352783
-0.8686496615409851
-0.8504533767700195
-0.8330288529396057
-0.8168199062347412
-0.802233874797821
-0.7896315455436707
-0.7793179154396057
-0.7715346813201904
-0.7664543986320496
-0.7641766667366028
-0.7647268176078796
-0.7680558562278748
-0.7740429639816284
-0.7825002074241638
-0.7931786775588989
-0.8057761192321777
-0.8199461102485657
-0.8353082537651062
-0.8514592051506042
-0.867983877658844
-0.8844667077064514
-0.9005028605461121
-0.9157092571258545
-0.9297341704368591
-0.9422664046287537
-0.9530426859855652
-0.9618545770645142
-0.968552827835083
-0.9730508327484131
-0.9753260612487793
-0.9754199385643005
-0.9734354615211487
-0.9695336818695068
-0.96392822265625
-0.9568784832954407
-0.9486811757087708
-0.9396615028381348
-0.9301624298095703
-0.9205342531204224
-0.911123514175415
-0.9022623300552368
-0.8942580223083496
-0.887383759021759
-0.8818696141242981
-0.8778966069221497
-0.8755908608436584
-0.8750206828117371
-0.8761951923370361
-0.8790649771690369
-0.8835247755050659
-0.8894187808036804
-0.8965464234352112
-0.9046708345413208
-0.9135276675224304
-0.9228346943855286
-0.932302713394165
-0.9416455626487732
-0.9505900144577026
-0.9588854312896729
-0.9663122296333313
-0.9726886749267578
-0.9778765439987183
-0.9817847609519958
-0.984371542930603
-0.985644519329071
-0.9856589436531067
-0.9845144748687744
-0.9823501110076904
-0.9793379902839661
-0.9756758809089661
-0.9715791344642639
-0.9672719836235046
-0.9629788398742676
-0.9589155316352844
-0.9552817940711975
-0.9522536396980286
-0.9499770402908325
-0.9485637545585632
-0.9480875134468079
-0.9485825300216675
-0.9500430822372437
-0.9524251818656921
-0.9556495547294617
-0.9596053957939148
-0.9641563892364502
-0.9691466093063354
-0.9744075536727905
-0.9797654151916504
-0.9850479364395142
-0.9900920987129211
-0.9947499632835388
-0.9988946914672852
-1.002424716949463
-1.005267858505249
-1.007382869720459
-1.008760452270508
-1.009422540664673
-1.00942075252533
-1.008833050727844
-1.00775933265686
-1.006316661834717
-1.004634022712708
-1.002845406532288
-1.001085162162781
-0.999480664730072
-0.9981479048728943
-0.9971863627433777
-0.9966751933097839
-0.9966704845428467
-0.9972037076950073
-0.9982805848121643
-0.9998822212219238
-1.001966834068298
-1.004472136497498
-1.007319331169128
-1.010416984558105
-1.013666152954102
-1.016964316368103
-1.020211100578308
-1.023312449455261
-1.026185154914856
-1.028759360313416
-1.030982255935669
-1.032819271087646
-1.034255146980286
-1.035293817520142
-1.03595757484436
-1.036284923553467
-1.036328196525574
-1.036150693893433
-1.035822868347168
-1.035418629646301
-1.035012006759644
-1.034672975540161
-1.034464597702026
-1.034440279006958
-1.034640908241272
-1.035094141960144
-1.035813212394714
-1.036797046661377
-1.038030505180359
-1.039486408233643
-1.041126728057861
-1.04290497303009
-1.044769167900085
-1.046664357185364
-1.048535704612732
-1.05033016204834
-1.052000045776367
-1.053504347801208
-1.054810762405396
-1.055896401405334
-1.056747913360596
-1.057361960411072
-1.057744264602661
-1.057908415794373
-1.057874798774719
-1.057668209075928
-1.057316303253174
-1.056847095489502
-1.056287050247192
-1.055659413337708
-1.05498218536377
-1.054266810417175
-1.053517699241638
-1.052730917930603
-1.051894783973694
-1.050989508628845
-1.049988508224487
-1.048859000205994
-1.047563672065735
-1.046061396598816
-1.044309735298157
-1.042266011238098
-1.039888501167297
-1.037138342857361
-1.033980250358582
-1.030383944511414
-1.026324510574341
-1.021782159805298
-1.016743063926697
-1.0111985206604
-1.005145192146301
-0.9985837936401367
-0.9915188550949097
-0.9839576482772827
-0.9759097695350647
-0.9673863649368286
-0.9583993554115295
-0.948961615562439
-0.9390862584114075
-0.9287868142127991
-0.9180778861045837
-0.9069746732711792
-0.8954945802688599
-0.8836570382118225
-0.8714847564697266
-0.8590043783187866
-0.8462471961975098
-0.8332496881484985
-0.8200539350509644
-0.8067078590393066
-0.7932655811309814
-0.7797868847846985
-0.766336977481842
-0.7529855966567993
-0.7398059964179993
-0.726874053478241
-0.7142667770385742
-0.7020609378814697
-0.6903312206268311
-0.6791489124298096
-0.6685802340507507
-0.6586849093437195
-0.64951491355896
-0.6411130428314209
-0.6335119605064392
-0.6267336010932922
-0.6207882761955261
-0.6156749725341797
-0.6113805174827576
-0.6078803539276123
-0.6051386594772339
-0.6031091213226318
-0.601735532283783
-0.600952684879303
-0.6006878614425659
-0.6008617281913757
-0.6013896465301514
-0.6021833419799805
-0.6031519174575806
-0.6042037606239319
-0.6052478551864624
-0.6061955094337463
-0.6069617867469788
-0.6074668169021606
-0.6076378226280212
-0.6074098348617554
-0.6067274808883667
-0.6055459976196289
-0.6038320660591125
-0.6015648245811462
-0.5987362861633301
-0.5953516960144043
-0.5914295315742493
-0.5870014429092407
-0.5821113586425781
-0.5768148303031921
-0.5711776614189148
-0.5652743577957153
-0.5591863393783569
-0.5530000329017639
-0.5468043684959412
-0.5406885743141174
-0.5347398519515991
-0.529040515422821
-0.5236662626266479
-0.5186833739280701
-0.5141472220420837
-0.5101005434989929
-0.5065721869468689
-0.5035760402679443
-0.5011110901832581
-0.4991611242294312
-0.4976956844329834
-0.4966707527637482
-0.496030330657959
-0.4957084059715271
-0.4956310391426086
-0.4957188367843628
-0.4958896040916443
-0.4960609674453735
-0.4961532056331635
-0.4960916340351105
-0.4958091080188751
-0.4952481091022491
-0.4943625926971436
-0.4931192994117737
-0.4914986491203308
-0.4894952476024628
-0.487117737531662
-0.4843883812427521
-0.4813417792320251
-0.4780236482620239
-0.474488765001297
-0.4707989394664764
-0.4670206904411316
-0.4632225632667542
-0.4594726264476776
-0.4558358490467072
-0.4523718655109406
-0.4491327106952667
-0.4461610913276672
-0.4434888064861298
-0.4411356449127197
-0.4391091465950012
-0.4374043047428131
-0.4360041916370392
-0.4348806440830231
-0.4339958429336548
-0.4333039522171021
-0.4327532351016998
-0.4322881698608398
-0.4318518340587616
-0.4313884377479553
-0.4308453798294067
-0.4301755130290985
-0.4293391406536102
-0.4283052682876587
-0.4270528256893158
-0.4255713820457458
-0.4238612949848175
-0.4219334125518799
-0.41980841755867
-0.4175155162811279
-0.4150910377502441
-0.4125765562057495
-0.4100169837474823
-0.4074582457542419
-0.4049453437328339
-0.4025202095508575
-0.4002198874950409
-0.3980748355388641
-0.3961078822612762
-0.3943331241607666
-0.3927556276321411
-0.3913715183734894
-0.3901682198047638
-0.389125645160675
-0.3882170915603638
-0.3874108791351318
-0.3866720199584961
-0.3859640955924988
-0.3852511048316956
-0.3844991326332092
-0.3836781680583954
-0.3827632963657379
-0.3817359805107117
-0.3805845379829407
-0.3793047368526459
-0.3778995275497437
-0.3763788342475891
-0.3747586309909821
-0.373059868812561
-0.3713073432445526
-0.3695279955863953
-0.3677496016025543
-0.3659990727901459
-0.3643011152744293
-0.3626769483089447
-0.3611432611942291
-0.3597114980220795
-0.3583873510360718
-0.3571707904338837
-0.3560561537742615
-0.355032742023468
-0.3540856540203094
-0.3531966805458069
-0.3523456752300262
-0.351511538028717
-0.3506735265254974
-0.3498126566410065
-0.348912388086319
-0.3479596078395844
-0.3469455242156982
-0.3458655476570129
-0.3447196781635284
-0.343512237071991
-0.3422513902187347
-0.3409485518932343
-0.3396175801753998
-0.3382737338542938
-0.3369326889514923
-0.3356097042560577
-0.3343186378479004
-0.3330711126327515
-0.3318758904933929
-0.3307385444641113
-0.3296610713005066
-0.3286421298980713
-0.3276770710945129
-0.3267585933208466
-0.3258771002292633
-0.3250215649604797
-0.3241801559925079
-0.3233411312103271
-0.3224934339523315
-0.3216276466846466
-0.3207361996173859
-0.3198139369487762
-0.3188582956790924
-0.3178694248199463
-0.3168498575687408
-0.3158044815063477
-0.314739853143692
-0.3136639893054962
-0.3125854432582855
-0.3115129172801971
-0.3104546368122101
-0.3094177544116974
-0.3084079623222351
-0.3074292242527008
-0.3064834773540497
-0.3055707514286041
-0.3046891689300537
-0.3038350641727448
-0.3030034601688385
-0.3021884858608246
-0.301383763551712
-0.3005827963352203
-0.2997796237468719
-0.2989690005779266
-0.2981468141078949
-0.2973103523254395
-0.2964582741260529
-0.2955908179283142
-0.2947095632553101
-0.2938172519207001
-0.2929175794124603
-0.2920149266719818
-0.2911139130592346
-0.2902190089225769
-0.2893343567848206
-0.2884634435176849
-0.2876088321208954
-0.2867721319198608
-0.2859537601470947
-0.2851531207561493
-0.2843686938285828
-0.2835981249809265
-0.2828384041786194
-0.2820862829685211
-0.2813383936882019
-0.2805915772914886
-0.2798430323600769
-0.2790906131267548
-0.2783327698707581
-0.2775688171386719
-0.2767988741397858
-0.2760236263275146
-0.2752445936203003
-0.2744636833667755
-0.2736829817295074
-0.2729049026966095
-0.2721317112445831
-0.2713654339313507
-0.2706076800823212
-0.2698596119880676
-0.2691217362880707
-0.2683941125869751
-0.2676762938499451
-0.2669672667980194
-0.2662657201290131
-0.2655700445175171
-0.2648786306381226
-0.2641898691654205
-0.2635023295879364
-0.2628147304058075
-0.2621262669563293
-0.2614363729953766
-0.2607450187206268
-0.2600524425506592
-0.2593593001365662
-0.2586665153503418
-0.2579751014709473
-0.2572861015796661
-0.2566006183624268
-0.2559196352958679
-0.2552438974380493
-0.2545739412307739
-0.2539100646972656
-0.2532522678375244
-0.2526003122329712
-0.2519537210464478
-0.251311868429184
-0.2506739795207977
-0.250039279460907
-0.249407023191452
-0.2487764954566956
-0.2481471598148346
-0.2475187182426453
-0.2468909621238708
-0.2462638765573502
-0.2456376105546951
-0.2450125366449356
-0.244389072060585
-0.2437677085399628
-0.2431488782167435
-0.2425330728292465
-0.2419206649065018
-0.2413119971752167
-0.2407072186470032
-0.240106388926506
-0.2395094633102417
-0.2389162629842758
-0.2383265197277069
-0.2377399057149887
-0.2371560633182526
-0.2365746647119522
-0.2359953075647354
-0.2354177981615067
-0.2348418831825256
-0.2342675030231476
-0.2336945682764053
-0.2331231832504272
-0.2325534373521805
-0.2319855242967606
-0.231419637799263
-0.2308559864759445
-0.2302947640419006
-0.2297361791133881
-0.2291803658008575
-0.2286273986101151
-0.2280772924423218
-0.2275300323963165
-0.2269855290651321
-0.2264436632394791
-0.2259042710065842
-0.2253671884536743
-0.224832221865654
-0.2242992520332336
-0.2237681299448013
-0.2232387810945511
-0.2227111309766769
-0.2221851944923401
-0.2216609418392181
-0.2211384773254395
-0.2206178456544876
-0.2200991660356522
-0.2195825278759003
-0.2190680056810379
-0.2185556590557098
-0.2180455327033997
-0.2175376713275909
-0.2170320451259613
-0.2165286391973495
-0.2160274386405945
-0.2155283689498901
-0.2150313407182693
-0.2145363092422485
-0.2140431255102158
-0.2135517448186874
-0.2130620777606964
-0.2125741243362427
-0.2120878249406815
-0.211603194475174
-0.2111202329397202
-0.2106389999389648
-0.2101595401763916
-0.2096818685531616
-0.2092060446739197
-0.2087320983409882
-0.2082600146532059
-0.207789808511734
-0.2073214799165726
-0.2068549990653992
-0.2063903361558914
-0.2059274464845657
-0.2054662704467773
-0.2050067633390427
-0.2045488804578781
-0.2040925770998001
-0.2036378383636475
-0.2031846195459366
-0.2027329057455063
-0.2022826671600342
-0.2018338888883591
-0.2013865560293198
-0.2009406685829163
-0.2004962116479874
-0.2000532001256943
-0.1996116191148758
-0.1991714239120483
-0.1987325847148895
-0.198295071721077
-0.1978588551282883
-0.1974238604307175
-0.1969900280237198
-0.1965573281049728
-0.1961256414651871
-0.1956949234008789
-0.1952651292085648
-0.194836214184761
-0.194408118724823
-0.193980798125267
-0.1935542225837708
-0.1931283473968506
-0.1927031576633453
-0.1922786086797714
-0.19185471534729
-0.1914314329624176
-0.1910087466239929
-0.190586656332016
-0.1901651620864868
-0.1897442936897278
-0.1893240511417389
-0.1889044791460037
-0.1884856224060059
-0.1880675703287125
-0.1876503974199295
-0.1872341930866241
-0.1868191212415695
-0.1864053606987
-0.1859930157661438
-0.1855822652578354
-0.1851733177900314
-0.1847663819789886
-0.1843616515398026
-0.1839593946933746
-0.1835598200559616
-0.1831631362438202
-0.1827695965766907
-0.1823794543743134
-0.1819929033517838
-0.1816101372241974
-0.1812313199043274
-0.1808566004037857
-0.1804861128330231
-0.1801199167966843
-0.1797580420970917
-0.1794004887342453
-0.179047167301178
-0.1786979585886002
-0.1783526986837387
-0.1780111193656921
-0.177672952413559
-0.1773378551006317
-0.177005410194397
-0.1766751706600189
-0.1763466596603394
-0.1760193407535553
-0.1756926774978638
-0.1753661334514618
-0.1750391721725464
-0.1747112572193146
-0.174381896853447
-0.1740506291389465
-0.1737170368432999
-0.1733807921409607
-0.1730416566133499
-0.1726994663476944
-0.172354131937027
-0.1720057129859924
-0.1716543287038803
-0.1713002622127533
-0.1709438860416412
-0.1705856621265411
-0.170226126909256
-0.1698659211397171
-0.1695057451725006
-0.1691463589668274
-0.1687885224819183
-0.1684329807758331
-0.1680804938077927
-0.167731761932373
-0.1673873513936996
-0.1670478135347366
-0.1667135506868362
-0.1663848310709
-0.1660618036985397
-0.1657444685697556
-0.1654326766729355
-0.1651261150836945
-0.1648243218660355
-0.1645267307758331
-0.1642326563596725
-0.1639413237571716
-0.1636518836021423
-0.1633634716272354
-0.1630752235651016
-0.1627862900495529
-0.1624958962202072
-0.1622034162282944
-0.161908283829689
-0.1616100966930389
-0.1613085865974426
-0.1610036939382553
-0.1606955230236053
-0.1603843569755554
-0.160070613026619
-0.1597548872232437
-0.1594378501176834
-0.1591202616691589
-0.1588029712438583
-0.1584868580102921
-0.1581726968288422
-0.1578612625598907
-0.1575532406568527
-0.1572491675615311
-0.1569494605064392
-0.1566543877124786
-0.1563639491796494
-0.1560781002044678
-0.1557965129613876
-0.1555188000202179
-0.1552443355321884
-0.1549725383520126
-0.1547026336193085
-0.154433861374855
-0.1541654616594315
-0.1538967192173004
-0.1536269932985306
-0.1533557623624802
-0.1530826687812805
-0.1528074443340302
-0.1525300145149231
-0.1522504836320877
-0.1519690901041031
-0.1516862213611603
-0.1514023691415787
-0.1511180996894836
-0.1508340239524841
-0.1505507975816727
-0.1502690315246582
-0.1499892622232437
-0.1497119963169098
-0.1494375914335251
-0.1491662412881851
-0.1488980501890182
-0.1486329585313797
-0.1483708173036575
-0.1481113135814667
-0.1478540599346161
-0.1475985944271088
-0.1473443806171417
-0.1470909416675568
-0.1468377858400345
-0.1465844660997391
-0.1463306099176407
-0.1460759788751602
-0.1458203941583633
-0.1455638110637665
-0.1453062891960144
-0.1450480371713638
-0.1447892934083939
-0.144530400633812
-0.1442716866731644
-0.1440135687589645
-0.1437564194202423
-0.1435005813837051
-0.1432463675737381
-0.1429939717054367
-0.1427435129880905
-0.1424950510263443
-0.1422485411167145
-0.1420038491487503
-0.1417607814073563
-0.1415190696716309
-0.141278475522995
-0.1410386711359024
-0.1407993882894516
-0.1405603885650635
-0.1403214484453201
-0.1400824338197708
-0.1398432552814484
-0.1396038830280304
-0.1393643468618393
-0.1391247659921646
-0.1388852596282959
-0.1386460512876511
-0.138407289981842
-0.1381691992282867
-0.1379319876432419
-0.137695774435997
-0.1374606788158417
-0.1372268348932266
-0.136994257569313
-0.1367629021406174
-0.1365327388048172
-0.136303648352623
-0.1360755264759064
-0.1358482241630554
-0.1356215924024582
-0.1353955268859863
-0.1351698786020279
-0.1349445730447769
-0.1347195357084274
-0.134494736790657
-0.1342701762914658
-0.134045884013176
-0.13382188975811
-0.1335982978343964
-0.1333751976490021
-0.1331526935100555
-0.1329308599233627
-0.132709801197052
-0.1324895322322845
-0.1322700977325439
-0.1320515424013138
-0.1318338066339493
-0.1316168755292892
-0.1314007043838501
-0.1311852335929871
-0.1309704333543777
-0.1307562291622162
-0.1305425316095352
-0.1303293406963348
-0.1301166117191315
-0.1299043148756027
-0.1296924352645874
-0.1294809728860855
-0.1292699724435806
-0.1290594637393951
-0.1288494765758514
-0.1286399960517883
-0.1284310668706894
-0.1282227486371994
-0.1280150562524796
-0.1278079748153687
-0.1276015192270279
-0.1273956894874573
-0.127190500497818
-0.1269859373569489
-0.1267819702625275
-0.1265785396099091
-0.126375675201416
-0.126173347234726
-0.1259715110063553
-0.125770166516304
-0.1255693137645721
-0.1253689378499985
-0.1251690536737442
-0.1249696761369705
-0.1247707977890968
-0.1245724260807037
-0.1243745684623718
-0.1241772398352623
-0.1239804700016975
-0.1237842440605164
-0.1235885620117188
-0.1233934536576271
-0.1231988966464996
-0.1230049058794975
-0.122811459004879
-0.1226185634732246
-0.1224262192845345
-0.1222344264388084
-0.122043177485466
-0.1218524724245071
-0.1216623187065125
-0.1214727312326431
-0.1212837025523186
-0.1210952550172806
-0.1209074109792709
-0.1207201853394508
-0.1205336004495621
-0.1203476786613464
-0.1201624721288681
-0.1199779957532883
-0.1197942644357681
-0.1196113154292107
-0.1194291859865189
-0.1192479282617569
-0.1190675720572472
-0.1188881695270538
-0.1187097579240799
-0.1185323819518089
-0.1183560937643051
-0.1181809604167938
-0.1180070489645004
-0.1178344041109085
-0.117663100361824
-0.1174932047724724
-0.1173247918486595
-0.1171579360961914
-0.1169927194714546
-0.1168292164802551
-0.1166675016283989
-0.1165076345205307
-0.1163496971130371
-0.1161937415599823
-0.1160398125648499
-0.1158879697322845
-0.1157382503151894
-0.1155906766653061
-0.1154452711343765
-0.1153020188212395
-0.1151609048247337
-0.1150218620896339
-0.1148848533630371
-0.1147497892379761
-0.1146165728569031
-0.114485077559948
-0.1143551543354988
-0.1142266169190407
-0.1140992790460587
-0.1139729097485542
-0.1138472855091095
-0.1137221455574036
-0.1135971993207932
-0.1134721413254738
-0.113346666097641
-0.1132204309105873
-0.1130931079387665
-0.112964354455471
-0.1128338202834129
-0.1127011701464653
-0.1125660911202431
-0.1124282702803612
-0.1122874394059181
-0.112143337726593
-0.1119957640767097
-0.1118445545434952
-0.1116895899176598
-0.1115307956933975
-0.1113681495189667
-0.1112016960978508
-0.1110315099358559
-0.1108577772974968
-0.1106806918978691
-0.1105005070567131
-0.1103175580501556
-0.1101322025060654
-0.1099448427557945
-0.1097559258341789
-0.1095658987760544
-0.1093752309679985
-0.1091844215989113
-0.1089939326047897
-0.1088042482733727
-0.1086158007383347
-0.108428992331028
-0.1082441955804825
-0.1080617234110832
-0.1078817993402481
-0.1077046245336533
-0.1075303107500076
-0.107358917593956
-0.1071904450654984
-0.1070248037576675
-0.1068618670105934
-0.1067014560103416
-0.1065433323383331
-0.1063872501254082
-0.1062329262495041
-0.1060800775885582
-0.105928435921669
-0.1057777404785156
-0.1056277453899384
-0.1054782494902611
-0.1053290739655495
-0.1051801294088364
-0.1050313413143158
-0.1048827096819878
-0.1047342792153358
-0.1045861393213272
-0.1044384241104126
-0.1042912751436234
-0.104144886136055
-0.1039994433522224
-0.10385512560606
-0.1037120893597603
-0.1035704761743546
-0.1034303829073906
-0.1032918468117714
-0.1031548380851746
-0.1030192673206329
-0.1028849929571152
-0.1027517914772034
-0.1026193872094154
-0.1024874597787857
-0.1023556590080261
-0.1022236198186874
-0.1020909622311592
-0.1019573360681534
-0.1018224209547043
-0.1016859412193298
-0.1015476956963539
-0.101407565176487
-0.1012655198574066
-0.1011216267943382
-0.1009760499000549
-0.1008290573954582
-0.1006809771060944
-0.1005322486162186
-0.1003833413124084
-0.1002347767353058
-0.1000870540738106
-0.0999407097697258
-0.09979619830846786
-0.0996539443731308
-0.09951428323984146
-0.09937743842601776
-0.09924353659152985
-0.09911257773637772
-0.09898443520069122
-0.09885887801647186
-0.09873555600643158
-0.09861405193805695
-0.09849384427070618
-0.0983743891119957
-0.09825512021780014
-0.09813548624515533
-0.0980149582028389
-0.09789308160543442
-0.09776949882507324
-0.09764394164085388
-0.097516268491745
-0.09738646447658539
-0.09725461900234222
-0.09712095558643341
-0.09698579460382462
-0.09684954583644867
-0.09671268612146378
-0.09657570719718933
-0.09643910080194473
-0.09630337357521057
-0.09616895765066147
-0.09603622555732727
-0.09590543806552887
-0.09577679634094238
-0.09565037488937378
-0.09552613645792007
-0.09540395438671112
-0.09528359025716782
-0.09516475349664688
-0.09504707902669907
-0.09493017941713333
-0.09481365978717804
-0.09469714015722275
-0.09458028525114059
-0.0944628119468689
-0.09434450417757034
-0.09422522783279419
-0.09410490840673447
-0.09398357570171356
-0.09386131912469864
-0.09373832494020462
-0.09361479431390762
-0.09349095821380615
-0.09336709231138229
-0.09324344992637634
-0.09312030673027039
-0.09299787133932114
-0.09287631511688232
-0.0927557647228241
-0.09263629466295242
-0.0925179198384285
-0.09240061044692993
-0.09228428453207016
-0.09216883033514023
-0.09205412119626999
-0.09193998575210571
-0.09182627499103546
-0.09171284735202789
-0.09159956872463226
-0.09148633480072021
-0.09137306362390518
-0.09125968813896179
-0.09114618599414825
-0.09103257209062576
-0.09091885387897491
-0.09080508351325989
-0.09069130569696426
-0.09057758003473282
-0.09046398103237152
-0.09035056084394455
-0.09023738652467728
-0.09012451022863388
-0.09001198410987854
-0.08989984542131424
-0.08978812396526337
-0.08967685699462891
-0.08956605941057205
-0.089455746114254
-0.08934593945741653
-0.08923664689064026
-0.08912787586450577
-0.08901962637901306
-0.08891191333532333
-0.08880473673343658
-0.08869808912277222
-0.08859196305274963
-0.08848636597394943
-0.08838129043579102
-0.08827673643827438
-0.08817271143198013
-0.08806923031806946
-0.08796630054712296
-0.08786396682262421
-0.08776227384805679
-0.08766128867864609
-0.08756107091903687
-0.08746170997619629
-0.08736331760883331
-0.08726600557565689
-0.08716988563537598
-0.08707508444786072
-0.08698171377182007
-0.08688990771770477
-0.08679976314306259
-0.08671138435602188
-0.08662485331296921
-0.08654025197029114
-0.08645764738321304
-0.0863770991563797
-0.08629865199327469
-0.08622235804796219
-0.08614824712276459
-0.08607637137174606
-0.08600679039955139
-0.08593958616256714
-0.08587486296892166
-0.08581270277500153
-0.08575323224067688
-0.08569660037755966
-0.08564292639493942
-0.0855923518538475
-0.08554501086473465
-0.0855010524392128
-0.08546057343482971
-0.08542367815971375
-0.08539044111967087
-0.08536090701818466
-0.08533509820699692
-0.08531300723552704
-0.08529462665319443
-0.08527989685535431
-0.08526875823736191
-0.08526112884283066
-0.0852569192647934
-0.08525600284337997
-0.08525826781988144
-0.08526358008384705
-0.08527179807424545
-0.08528278768062592
-0.08529635518789291
-0.08531234413385391
-0.0853305459022522
-0.08535075187683105
-0.08537273108959198
-0.08539621531963348
-0.08542092144489288
-0.0854465588927269
-0.08547277748584747
-0.08549924194812775
-0.08552557975053787
-0.0855514258146286
-0.08557641506195068
-0.08560015261173248
-0.08562226593494415
-0.08564240485429764
-0.08566021919250488
-0.08567536622285843
-0.08568756282329559
-0.08569652587175369
-0.08570202440023422
-0.08570385724306107
-0.0857018306851387
-0.08569582551717758
-0.08568575978279114
-0.08567158132791519
-0.08565326035022736
-0.08563084155321121
-0.08560439944267273
-0.08557404577732086
-0.08553995937108994
-0.08550235629081726
-0.08546149730682373
-0.08541768044233322
-0.08537125587463379
-0.08532260358333588
-0.08527214825153351
-0.0852203369140625
-0.08516765385866165
-0.08511457592248917
-0.08506160974502563
-0.08500926941633224
-0.08495806157588959
-0.08490847796201706
-0.08486098796129227
-0.08481600880622864
-0.0847739577293396
-0.0847351998090744
-0.08470001816749573
-0.08466867357492447
-0.08464135974645615
-0.08461818099021912
-0.08459918200969696
-0.08458432555198669
-0.08457352221012115
-0.08456660062074661
-0.08456329256296158
-0.08456328511238098
-0.08456618338823318
-0.08457155525684357
-0.08457888662815094
-0.08458762615919113
-0.08459721505641937
-0.08460703492164612
-0.08461645990610123
-0.08462484925985336
-0.08463159948587418
-0.08463609218597412
-0.08463777601718903
-0.08463612943887711
-0.08463067561388016
-0.08462102711200714
-0.08460683375597
-0.08458786457777023
-0.0845639705657959
-0.08453509956598282
-0.08450128138065338
-0.08446265012025833
-0.08441942930221558
-0.08437193185091019
-0.0843205600976944
-0.08426579087972641
-0.08420815318822861
-0.08414822816848755
-0.08408665657043457
-0.0840240865945816
-0.08396116644144058
-0.08389855921268463
-0.0838368684053421
-0.08377668261528015
-0.08371850848197937
-0.08366280049085617
-0.0836099311709404
-0.08356018364429474
-0.08351370692253113
-0.08347058296203613
-0.08343077450990677
-0.0833941325545311
-0.08336041122674942
-0.08332927525043488
-0.08330029249191284
-0.08327297866344452
-0.08324676752090454
-0.08322105556726456
-0.08319523930549622
-0.08316868543624878
-0.0831407904624939
-0.08311097323894501
-0.08307868987321854
-0.08304347097873688
-0.08300492167472839
-0.08296272903680801
-0.08291667699813843
-0.08286666125059128
-0.08281267434358597
-0.08275479078292847
-0.0826931968331337
-0.08262816071510315
-0.08256000280380249
-0.08248914033174515
-0.08241601288318634
-0.08234110474586487
-0.08226490020751953
-0.08218787610530853
-0.08211053162813187
-0.08203327655792236
-0.08195653557777405
-0.08188065141439438
-0.08180589973926544
-0.08173249661922455
-0.08166059851646423
-0.08159028738737106
-0.08152160793542862
-0.08145453780889511
-0.08138900995254517
-0.08132494240999222
-0.08126223087310791
-0.08120071887969971
-0.08114032447338104
-0.08108092099428177
-0.08102242648601532
-0.08096476644277573
-0.08090789616107941
-0.08085181564092636
-0.08079656213521957
-0.08074219524860382
-0.08068878948688507
-0.08063644170761108
-0.08058524131774902
-0.08053528517484665
-0.08048668503761292
-0.08043947070837021
-0.08039367944002151
-0.08034931123256683
-0.08030631393194199
-0.080264613032341
-0.08022405207157135
-0.08018447458744049
-0.08014564216136932
-0.08010731637477875
-0.08006922900676727
-0.08003111928701401
-0.07999270409345627
-0.07995373755693436
-0.07991397380828857
-0.0798732191324234
-0.0798313245177269
-0.07978817075490952
-0.07974370568990707
-0.07969791442155838
-0.07965084910392761
-0.07960258424282074
-0.0795532688498497
-0.07950305193662643
-0.07945211231708527
-0.07940064370632172
-0.07934882491827011
-0.07929684966802597
-0.07924486696720123
-0.07919303327798843
-0.07914145290851593
-0.07909023016691208
-0.07903941720724106
-0.07898902893066406
-0.07893908023834229
-0.07888956367969513
-0.078840471804142
-0.0787917822599411
-0.07874348014593124
-0.07869555056095123
-0.07864799350500107
-0.07860083132982254
-0.07855410128831863
-0.07850786298513412
-0.07846216857433319
-0.07841707766056061
-0.07837264239788055
-0.07832891494035721
-0.07828592509031296
-0.0782436728477478
-0.07820213586091995
-0.07816123217344284
-0.07812086492776871
-0.0780809074640274
-0.07804118096828461
-0.07800149172544479
-0.07796163856983185
-0.07792140543460846
-0.07788057625293732
-0.0778389647603035
-0.07779641449451447
-0.07775281369686127
-0.07770809531211853
-0.07766225934028625
-0.07761533558368683
-0.0775674432516098
-0.07751873880624771
-0.07746943086385727
-0.07741975784301758
-0.07737000286579132
-0.07732042670249939
-0.07727131247520447
-0.07722289860248566
-0.07717539370059967
-0.07712896913290024
-0.0770837590098381
-0.07703982293605804
-0.07699713110923767
-0.07695563137531281
-0.0769151896238327
-0.07687564939260483
-0.07683677971363068
-0.07679835706949234
-0.07676012068986893
-0.07672183215618134
-0.07668326795101166
-0.07664422690868378
-0.07660454511642456
-0.07656411826610565
-0.07652286440134048
-0.07648077607154846
-0.07643787562847137
-0.07639423012733459
-0.07634995132684708
-0.07630518078804016
-0.07626006752252579
-0.07621476799249649
-0.076169453561306
-0.07612428069114685
-0.07607938349246979
-0.07603488862514496
-0.07599088549613953
-0.07594744116067886
-0.07590459287166595
-0.07586232572793961
-0.07582063972949982
-0.0757794976234436
-0.07573883235454559
-0.07569857686758041
-0.0756586417555809
-0.07561894506216049
-0.07557938247919083
-0.07553986459970474
-0.07550032436847687
-0.07546067982912064
-0.07542086392641068
-0.0753808319568634
-0.07534053176641464
-0.0752999559044838
-0.07525908201932907
-0.07521792501211166
-0.07517651468515396
-0.07513487339019775
-0.07509303838014603
-0.07505108416080475
-0.0750090628862381
-0.07496704161167145
-0.07492511719465256
-0.07488334178924561
-0.07484178990125656
-0.0748005285859108
-0.0747595801949501
-0.07471901178359985
-0.07467884570360184
-0.07463906705379486
-0.07459965348243713
-0.07456056773662567
-0.07452177256345749
-0.07448318600654602
-0.07444475591182709
-0.07440640777349472
-0.07436806708574295
-0.07432965934276581
-0.07429113984107971
-0.07425244897603989
-0.07421354204416275
-0.0741744264960289
-0.07413510233163834
-0.07409561425447464
-0.0740559920668602
-0.07401630282402039
-0.07397661358118057
-0.07393698394298553
-0.07389747351408005
-0.07385814934968948
-0.07381906360387802
-0.07378024607896805
-0.07374175637960434
-0.0737035796046257
-0.07366572320461273
-0.07362817972898483
-0.07359091937541962
-0.0735539123415947
-0.07351711392402649
-0.07348049432039261
-0.07344401627779007
-0.07340763509273529
-0.07337133586406708
-0.07333510369062424
-0.07329892367124557
-0.07326281815767288
-0.07322680950164795
-0.07319091260433197
-0.07315517961978912
-0.0731196328997612
-0.07308430969715118
-0.07304929196834564
-0.07301460206508636
-0.07298029214143753
-0.07294640690088272
-0.07291296869516373
-0.07288002967834473
-0.07284757494926453
-0.07281564176082611
-0.07278423011302948
-0.07275334745645523
-0.07272300869226456
-0.07269319891929626
-0.07266391813755035
-0.07263517379760742
-0.07260695099830627
-0.07257923483848572
-0.07255201786756516
-0.07252530753612518
-0.07249909639358521
-0.07247337698936462
-0.07244814187288284
-0.07242337614297867
-0.07239906489849091
-0.07237517088651657
-0.07235167175531387
-0.07232851535081863
-0.07230564951896667
-0.07228299975395203
-0.07226046919822693
-0.07223796844482422
-0.07221537828445435
-0.07219254970550537
-0.07216935604810715
-0.07214558869600296
-0.07212107628583908
-0.07209561765193939
-0.07206898927688599
-0.07204095274209976
-0.07201129198074341
-0.07197974622249603
-0.07194606214761734
-0.07190999388694763
-0.07187128812074661
-0.07182968407869339
-0.07178494334220886
-0.07173682749271393
-0.07168511301279068
-0.0716295912861824
-0.07157003879547119
-0.07150628417730331
-0.07143817842006683
-0.07136557251214981
-0.07128836959600449
-0.07120649516582489
-0.07111990451812744
-0.07102859765291214
-0.07093260437250137
-0.07083200663328171
-0.07072693854570389
-0.07061757147312164
-0.07050411403179169
-0.07038682699203491
-0.07026602327823639
-0.07014203816652298
-0.07001528143882751
-0.06988617777824402
-0.0697551816701889
-0.06962275505065918
-0.06948942691087723
-0.06935570389032364
-0.06922212243080139
-0.06908921152353287
-0.06895749270915985
-0.06882747262716293
-0.06869964301586151
-0.0685744434595108
-0.06845232099294662
-0.06833364814519882
-0.06821876764297485
-0.0681079775094986
-0.06800151616334915
-0.06789959222078323
-0.06780232489109039
-0.06770981103181839
-0.06762206554412842
-0.06753905862569809
-0.06746070832014084
-0.06738689541816711
-0.06731745600700378
-0.06725218147039413
-0.06719084829092026
-0.06713321059942245
-0.06707898527383804
-0.06702789664268494
-0.06697964668273926
-0.06693395972251892
-0.06689052283763885
-0.06684906035661697
-0.06680929660797119
-0.06677098572254181
-0.06673389673233032
-0.06669778376817703
-0.06666246056556702
-0.06662771850824356
-0.06659338623285294
-0.06655929237604141
-0.06652527302503586
-0.06649116426706314
-0.06645680963993073
-0.06642203032970428
-0.06638666242361069
-0.06635050475597382
-0.06631335616111755
-0.06627500802278519
-0.06623522192239761
-0.06619375199079514
-0.06615035980939865
-0.06610478460788727
-0.06605677306652069
-0.06600606441497803
-0.06595244258642197
-0.0658956915140152
-0.06583563238382339
-0.06577212363481522
-0.0657050684094429
-0.06563443690538406
-0.0655602440237999
-0.06548259407281876
-0.06540162861347198
-0.06531757116317749
-0.06523070484399796
-0.06514140218496323
-0.06505007296800613
-0.06495716422796249
-0.0648631826043129
-0.06476866453886032
-0.06467415392398834
-0.06458019465208054
-0.06448730826377869
-0.06439597904682159
-0.06430666148662567
-0.06421975046396255
-0.06413557380437851
-0.06405438482761383
-0.06397635489702225
-0.06390155106782913
-0.06382997334003448
-0.06376153230667114
-0.06369604170322418
-0.0636332780122757
-0.06357292085886002
-0.06351463496685028
-0.06345800310373306
-0.06340263783931732
-0.06334812194108963
-0.06329405307769775
-0.06324005872011185
-0.06318578124046326
-0.0631309375166893
-0.06307528167963028
-0.06301862746477127
-0.06296085566282272
-0.06290193647146225
-0.06284187734127045
-0.06278074532747269
-0.06271866708993912
-0.06265582889318466
-0.06259243190288544
-0.06252869218587875
-0.06246486678719521
-0.06240120902657509
-0.06233795359730721
-0.06227532774209976
-0.06221354380249977
-0.06215277686715126
-0.06209316477179527
-0.06203480809926987
-0.06197779253125191
-0.06192214414477348
-0.0618678592145443
-0.06181491538882256
-0.06176324561238289
-0.06171277537941933
-0.06166340038180351
-0.06161501631140709
-0.0615675188601017
-0.061520766466856
-0.06147462874650955
-0.0614289827644825
-0.0613836869597435
-0.06133861839771271
-0.06129363179206848
-0.06124860420823097
-0.06120339781045914
-0.06115787476301193
-0.06111190095543861
-0.06106535345315933
-0.06101809069514275
-0.0609700046479702
-0.06092099100351334
-0.06087095662951469
-0.0608198419213295
-0.06076759472489357
-0.06071421876549721
-0.06065972149372101
-0.06060416996479034
-0.06054766476154327
-0.06049033626914024
-0.06043235212564468
-0.06037392467260361
-0.06031528115272522
-0.06025667861104012
-0.06019837409257889
-0.06014064326882362
-0.06008373945951462
-0.06002791225910187
-0.05997336655855179
-0.0599202923476696
-0.05986882001161575
-0.05981902778148651
-0.05977094545960426
-0.05972453579306602
-0.05967971310019493
-0.05963633581995964
-0.05959421396255493
-0.0595531053841114
-0.05951275303959846
-0.05947288125753403
-0.05943319573998451
-0.05939341709017754
-0.05935327336192131
-0.05931252241134644
-0.0592709556221962
-0.05922840163111687
-0.05918474122881889
-0.05913990363478661
-0.05909387394785881
-0.0590466745197773
-0.05899839103221893
-0.05894915014505386
-0.05889909714460373
-0.05884841457009315
-0.05879729986190796
-0.05874596163630486
-0.05869462341070175
-0.05864349007606506
-0.05859275534749031
-0.05854260176420212
-0.05849316716194153
-0.05844457447528839
-0.05839690938591957
-0.05835022777318954
-0.0583045482635498
-0.05825985223054886
-0.05821610242128372
-0.05817323178052902
-0.0581311397254467
-0.0580897219479084
-0.05804884433746338
-0.05800838768482208
-0.05796818807721138
-0.05792810767889023
-0.05788800120353699
-0.05784772336483002
-0.05780715495347977
-0.05776618048548698
-0.05772471055388451
-0.05768267437815666
-0.05764003470540047
-0.05759675800800323
-0.05755286291241646
-0.05750837177038193
-0.05746334791183472
-0.05741786956787109
-0.05737204477190971
-0.05732598528265953
-0.05727982893586159
-0.05723371356725693
-0.05718777701258659
-0.05714215710759163
-0.05709697306156158
-0.05705233663320541
-0.05700832605361938
-0.05696501210331917
-0.05692242085933685
-0.05688056722283363
-0.05683942511677742
-0.05679893866181374
-0.05675904825329781
-0.05671965330839157
-0.05668064206838608
-0.05664190277457237
-0.05660331249237061
-0.05656475573778152
-0.05652613565325737
-0.05648733675479889
-0.05644828826189041
-0.05640893802046776
-0.05636925250291824
-0.05632921308279037
-0.05628883838653564
-0.05624815821647644
-0.05620722472667694
-0.05616611242294312
-0.05612490326166153
-0.05608368664979935
-0.05604255199432373
-0.05600161105394363
-0.05596095323562622
-0.05592065677046776
-0.05588079243898392
-0.05584141612052917
-0.05580257624387741
-0.05576429888606071
-0.05572659894824028
-0.05568947643041611
-0.05565290898084641
-0.05561687052249908
-0.05558133125305176
-0.05554625391960144
-0.05551158264279366
-0.05547727644443512
-0.05544327571988106
-0.05540955066680908
-0.0553760752081871
-0.05534282326698303
-0.05530979484319687
-0.05527698248624802
-0.05524440482258797
-0.05521208420395851
-0.05518006533384323
-0.05514839291572571
-0.05511711910367012
-0.05508630350232124
-0.05505601689219475
-0.05502631887793541
-0.0549972727894783
-0.0549689494073391
-0.05494140461087227
-0.054914690554142
-0.05488885566592216
-0.05486394464969635
-0.05483999103307724
-0.05481700599193573
-0.05479501187801361
-0.05477401241660118
-0.05475400015711784
-0.05473495647311211
-0.05471687391400337
-0.05469972267746925
-0.05468348041176796
-0.0546681173145771
-0.05465361103415489
-0.05463993549346924
-0.05462705716490746
-0.05461495369672775
-0.05460359528660774
-0.05459295213222504
-0.05458298698067665
-0.0545736625790596
-0.0545649416744709
-0.05455676838755608
-0.05454909801483154
-0.05454185605049133
-0.05453497543931007
-0.0545283816754818
-0.05452198162674904
-0.05451567098498344
-0.05450933799147606
-0.05450285971164703
-0.05449611693620682
-0.05448896810412407
-0.05448128655552864
-0.05447294190526009
-0.05446380004286766
-0.05445372685790062
-0.05444259941577911
-0.05443030968308449
-0.05441674962639809
-0.05440184101462364
-0.05438551306724548
-0.05436769500374794
-0.05434835702180862
-0.05432747676968575
-0.05430503934621811
-0.05428107082843781
-0.05425560846924782
-0.05422871932387352
-0.05420046299695969
-0.05417094007134438
-0.05414026603102684
-0.05410855636000633
-0.05407596379518509
-0.05404263734817505
-0.05400874465703964
-0.05397447198629379
-0.05393999069929123
-0.05390549078583717
-0.05387114360928535
-0.05383713915944099
-0.05380365252494812
-0.05377084389328957
-0.05373886600136757
-0.05370785295963287
-0.05367793142795563
-0.05364919081330299
-0.05362170562148094
-0.05359552800655365
-0.05357066541910172
-0.05354711413383484
-0.05352482199668884
-0.05350372567772865
-0.0534837432205677
-0.05346474424004555
-0.05344658717513084
-0.05342911928892136
-0.05341215804219246
-0.05339550971984863
-0.05337898060679436
-0.05336237698793411
-0.05334549769759178
-0.05332816019654274
-0.05331020057201385
-0.05329145491123199
-0.05327178165316582
-0.05325107276439667
-0.05322923511266708
-0.05320620536804199
-0.0531819574534893
-0.05315649509429932
-0.05312986299395561
-0.05310212075710297
-0.05307336524128914
-0.05304371938109398
-0.05301333591341972
-0.05298237502574921
-0.05295101553201675
-0.05291944742202759
-0.05288784578442574
-0.05285640433430672
-0.05282529443502426
-0.0527946799993515
-0.05276470258831978
-0.05273547396063805
-0.05270709469914436
-0.05267961695790291
-0.05265306308865547
-0.05262742191553116
-0.05260264873504639
-0.05257868021726608
-0.05255541205406189
-0.05253271386027336
-0.05251043662428856
-0.05248841643333435
-0.05246646702289581
-0.05244440957903862
-0.05242206156253815
-0.05239924043416977
-0.05237577855587006
-0.05235153436660767
-0.05232638493180275
-0.05230022594332695
-0.05227299407124519
-0.05224465951323509
-0.05221520736813545
-0.05218467488884926
-0.05215311422944069
-0.05212061107158661
-0.05208726599812508
-0.05205319821834564
-0.05201853439211845
-0.05198341235518456
-0.05194796994328499
-0.0519123338162899
-0.05187661945819855
-0.05184091627597809
-0.0518052950501442
-0.05176981166005135
-0.05173448100686073
-0.05169930309057236
-0.05166424438357353
-0.05162923410534859
-0.05159418284893036
-0.05155898258090019
-0.05152350664138794
-0.05148761719465256
-0.0514511838555336
-0.05141407251358032
-0.05137613788247108
-0.05133726820349693
-0.05129737034440041
-0.05125636234879494
-0.05121420696377754
-0.05117088556289673
-0.05112641304731369
-0.05108082294464111
-0.05103418603539467
-0.05098660290241241
-0.0509382039308548
-0.05088912695646286
-0.05083952471613884
-0.05078956857323647
-0.05073943361639977
-0.05068929120898247
-0.05063929781317711
-0.05058961361646652
-0.05054036155343056
-0.05049167573451996
-0.05044364556670189
-0.05039635673165321
-0.05034987255930901
-0.05030423775315285
-0.05025946348905563
-0.05021556839346886
-0.05017255619168282
-0.05013041943311691
-0.05008914321660995
-0.05004870891571045
-0.0500091016292572
-0.04997031018137932
-0.0499323382973671
-0.04989518597722054
-0.04985886812210083
-0.04982340335845947
-0.04978881403803825
-0.04975511878728867
-0.0497223436832428
-0.04969051480293274
-0.04965963587164879
-0.04962971433997154
-0.04960073530673981
-0.04957267269492149
-0.04954547807574272
-0.04951909556984901
-0.04949343577027321
-0.04946839436888695
-0.04944383725523949
-0.04941964522004128
-0.04939565807580948
-0.04937172681093216
-0.04934769123792648
-0.04932339116930962
-0.04929868131875992
-0.04927342385053635
-0.04924748837947845
-0.04922077432274818
-0.04919320344924927
-0.04916472360491753
-0.04913529381155968
-0.04910491406917572
-0.04907359927892685
-0.04904139414429665
-0.04900835826992989
-0.04897458106279373
-0.04894014447927475
-0.04890516027808189
-0.04886974021792412
-0.04883399605751038
-0.04879804700613022
-0.0487620048224926
-0.04872597381472588
-0.04869004338979721
-0.04865430295467377
-0.04861883074045181
-0.04858369752764702
-0.04854895174503326
-0.04851463809609413
-0.0484808012843132
-0.04844745993614197
-0.04841463267803192
-0.04838233813643456
-0.04835058003664017
-0.04831935465335846
-0.04828865453600883
-0.0482584573328495
-0.04822874814271927
-0.04819949343800545
-0.04817065596580505
-0.04814218357205391
-0.04811402782797813
-0.04808611795306206
-0.0480583943426609
-0.04803076758980751
-0.04800316318869591
-0.04797549545764923
-0.04794767126441002
-0.04791960120201111
-0.04789120331406593
-0.04786239936947823
-0.04783311858773232
-0.04780330508947372
-0.04777291789650917
-0.04774193838238716
-0.0477103553712368
-0.04767818748950958
-0.04764546453952789
-0.04761223867535591
-0.04757858067750931
-0.04754458367824554
-0.04751033708453178
-0.04747595638036728
-0.04744154959917068
-0.04740723595023155
-0.04737312346696854
-0.0473393090069294
-0.04730589687824249
-0.04727296903729439
-0.04724058508872986
-0.04720879346132278
-0.04717761650681496
-0.04714706912636757
-0.04711714386940002
-0.04708781465888023
-0.04705903306603432
-0.0470307394862175
-0.04700286313891411
-0.04697532579302788
-0.04694804549217224
-0.04692092910408974
-0.0468938983976841
-0.04686686024069786
-0.04683974012732506
-0.04681246727705002
-0.04678498581051826
-0.04675724729895592
-0.04672921821475029
-0.04670086875557899
-0.04667218402028084
-0.04664317145943642
-0.04661384224891663
-0.04658422619104385
-0.04655435681343079
-0.04652427136898041
-0.0464940220117569
-0.04646366834640503
-0.04643326625227928
-0.04640288650989532
-0.04637258499860764
-0.04634242132306099
-0.04631245508790016
-0.04628274217247963
-0.04625332355499268
-0.04622422903776169
-0.04619548842310905
-0.04616712778806686
-0.04613914340734482
-0.04611153528094292
-0.04608429223299026
-0.04605739563703537
-0.04603081941604614
-0.0460045225918293
-0.04597847908735275
-0.04595265537500381
-0.0459270067512989
-0.04590149968862534
-0.04587610810995102
-0.04585080593824387
-0.04582556709647179
-0.04580038413405418
-0.04577525705099106
-0.04575019702315331
-0.04572521522641182
-0.04570036008954048
-0.04567567259073257
-0.04565118998289108
-0.04562697932124138
-0.04560310393571854
-0.04557963460683823
-0.04555664211511612
-0.04553418979048729
-0.0455123595893383
-0.04549120739102364
-0.04547079280018806
-0.04545116424560547
-0.04543238133192062
-0.04541445523500443
-0.04539743065834045
-0.04538131505250931
-0.04536612331867218
-0.04535185173153877
-0.04533850029110909
-0.04532605782151222
-0.04531451314687729
-0.04530384764075279
-0.04529404640197754
-0.04528509080410004
-0.04527695849537849
-0.04526962712407112
-0.04526308923959732
-0.0452573262155056
-0.04525233432650566
-0.04524810239672661
-0.04524462297558784
-0.04524188861250877
-0.0452398881316185
-0.04523861408233643
-0.04523804411292076
-0.04523815214633942
-0.0452389121055603
-0.04524027928709984
-0.04524221271276474
-0.04524465277791023
-0.04524753242731094
-0.04525077342987061
-0.04525428265333176
-0.04525796696543694
-0.04526171460747719
-0.04526541009545326
-0.0452689416706562
-0.04527216777205467
-0.04527496919035912
-0.04527721926569939
-0.04527879506349564
-0.04527956247329712
-0.04527941346168518
-0.04527823999524117
-0.04527594149112701
-0.04527242854237556
-0.04526764154434204
-0.04526151344180107
-0.04525400698184967
-0.04524510353803635
-0.0452347919344902
-0.04522308707237244
-0.04521001502871513
-0.04519562050700188
-0.04517996311187744
-0.0451631061732769
-0.04514513909816742
-0.04512615129351616
-0.04510625451803207
-0.04508555680513382
-0.04506418853998184
-0.04504227638244629
-0.04501995071768761
-0.04499734938144684
-0.04497460648417473
-0.04495186731219292
-0.04492926225066185
-0.04490693286061287
-0.04488499835133553
-0.04486358910799026
-0.04484282061457634
-0.04482278972864151
-0.04480359330773354
-0.04478530213236809
-0.04476798325777054
-0.04475168138742447
-0.04473641142249107
-0.04472218826413155
-0.04470899701118469
-0.04469681531190872
-0.04468558728694916
-0.04467524960637093
-0.04466572776436806
-0.0446569062769413
-0.0446486733853817
-0.04464090242981911
-0.04463344067335129
-0.0446261540055275
-0.0446188859641552
-0.04461149871349335
-0.04460383579134941
-0.04459575563669205
-0.04458712786436081
-0.04457782953977585
-0.04456775635480881
-0.04455682635307312
-0.04454498365521431
-0.04453218728303909
-0.04451842606067657
-0.04450370371341705
-0.04448806494474411
-0.04447155445814133
-0.04445424675941467
-0.0444362498819828
-0.04441767185926437
-0.04439865052700043
-0.04437932744622231
-0.04435984790325165
-0.04434036463499069
-0.04432102292776108
-0.04430196806788445
-0.04428332671523094
-0.04426523298025131
-0.04424776881933212
-0.04423102736473083
-0.04421507194638252
-0.04419993236660957
-0.04418563470244408
-0.04417216777801514
-0.04415950551629066
-0.04414759948849678
-0.04413637891411781
-0.0441257655620575
-0.04411565139889717
-0.04410593211650848
-0.04409649595618248
-0.04408722743391991
-0.04407799988985062
-0.04406871274113655
-0.04405926913022995
-0.04404958337545395
-0.04403959587216377
-0.04402925819158554
-0.04401854798197746
-0.04400746524333954
-0.04399603605270386
-0.0439843013882637
-0.04397233948111534
-0.04396024346351624
-0.04394813999533653
-0.04393615201115608
-0.04392443597316742
-0.04391315206885338
-0.04390246421098709
-0.04389254376292229
-0.04388356581330299
-0.04387569054961205
-0.04386908188462257
-0.04386388882994652
-0.04386024549603462
-0.04385827481746674
-0.04385806992650032
-0.04385972023010254
-0.04386328160762787
-0.04386881738901138
-0.04387635365128517
-0.04388592019677162
-0.04389752820134163
-0.0439111739397049
-0.04392685741186142
-0.0439445748925209
-0.04396433383226395
-0.04398614168167114
-0.04401001334190369
-0.04403597116470337
-0.04406404867768288
-0.04409430548548698
-0.04412680491805077
-0.04416162520647049
-0.04419885203242302
-0.04423858970403671
-0.04428094252943993
-0.04432602226734161
-0.04437394067645073
-0.04442481696605682
-0.04447874799370766
-0.04453582689166069
-0.04459613189101219
-0.04465972632169724
-0.04472664371132851
-0.0447968952357769
-0.04487045854330063
-0.04494728893041611
-0.04502730444073677
-0.04511040076613426
-0.04519641771912575
-0.0452851913869381
-0.04537651687860489
-0.04547015577554703
-0.04556585103273392
-0.04566331952810287
-0.04576226696372032
-0.04586238414049149
-0.0459633469581604
-0.0460648275911808
-0.04616649076342583
-0.04626800492405891
-0.0463690347969532
-0.04646925255656242
-0.04656832665205002
-0.04666595160961151
-0.04676181450486183
-0.04685560241341591
-0.04694703221321106
-0.0470358207821846
-0.04712169617414474
-0.0472043976187706
-0.04728369042277336
-0.04735933244228363
-0.04743112251162529
-0.04749885573983192
-0.04756235703825951
-0.0476214736700058
-0.04767607524991035
-0.04772606492042542
-0.04777137562632561
-0.04781198129057884
-0.04784787818789482
-0.04787910357117653
-0.04790575429797173
-0.04792794957756996
-0.04794586449861526
-0.04795971140265465
-0.04796974360942841
-0.04797626286745071
-0.04797960072755814
-0.04798012971878052
-0.04797824844717979
-0.04797437414526939
-0.04796896874904633
-0.047962486743927
-0.04795539751648903
-0.04794817417860031
-0.04794129356741905
-0.04793520644307137
-0.04793034121394157
-0.04792711138725281
-0.04792589694261551
-0.04792704433202744
-0.04793085902929306
-0.04793759062886238
-0.04794744029641151
-0.0479605570435524
-0.04797704517841339
-0.04799693077802658
-0.04802020266652107
-0.04804679751396179
-0.04807658120989799
-0.04810939356684685
-0.04814500361680984
-0.04818315058946609
-0.04822353646159172
-0.04826581850647926
-0.04830963537096977
-0.04835459589958191
-0.04840029776096344
-0.04844631999731064
-0.04849225655198097
-0.04853768274188042
-0.04858219251036644
-0.04862538725137711
-0.04866690933704376
-0.04870640486478806
-0.04874356836080551
-0.04877813905477524
-0.04880989342927933
-0.04883865639567375
-0.04886431246995926
-0.04888679087162018
-0.04890608787536621
-0.04892227053642273
-0.04893543943762779
-0.04894576966762543
-0.04895348474383354
-0.04895884543657303
-0.04896217212080956
-0.04896382242441177
-0.04896417260169983
-0.04896362870931625
-0.04896260797977448
-0.04896152019500732
-0.04896078258752823
-0.04896078258752823
-0.04896189272403717
-0.04896445199847221
-0.04896875470876694
-0.04897505417466164
-0.04898354411125183
-0.04899434745311737
-0.04900754615664482
-0.04902315512299538
-0.04904111102223396
-0.04906131699681282
-0.04908360540866852
-0.04910775274038315
-0.04913349822163582
-0.04916053265333176
-0.049188531935215
-0.04921714216470718
-0.04924600571393967
-0.0492747463285923
-0.04930301383137703
-0.0493304580450058
-0.04935676604509354
-0.04938165470957756
-0.04940487444400787
-0.04942622408270836
-0.04944555088877678
-0.04946274682879448
-0.04947777464985847
-0.04949063435196877
-0.04950139299035072
-0.0495101623237133
-0.04951709881424904
-0.04952239990234375
-0.04952630028128624
-0.0495290495455265
-0.04953093454241753
-0.04953224211931229
-0.04953325912356377
-0.04953427985310555
-0.04953557252883911
-0.04953738301992416
-0.04953993856906891
-0.04954341426491737
-0.04954794049263
-0.04955361410975456
-0.04956046864390373
-0.04956850409507751
-0.04957765340805054
-0.04958780854940414
-0.0495988205075264
-0.04961047694087029
-0.0496225468814373
-0.04963475465774536
-0.04964680969715118
-0.04965841397643089
-0.04966924339532852
-0.0496789887547493
-0.04968733340501785
-0.0496939942240715
-0.04969869926571846
-0.04970120638608932
-0.04970131069421768
-0.0496988482773304
-0.04969368129968643
-0.04968571290373802
-0.04967489093542099
-0.04966119304299355
-0.04964462667703629
-0.04962523281574249
-0.04960305988788605
-0.04957817122340202
-0.04955064877867699
-0.04952056333422661
-0.04948797821998596
-0.04945294931530952
-0.04941551014780998
-0.04937566071748734
-0.04933338612318039
-0.04928863048553467
-0.04924130812287331
-0.04919131100177765
-0.04913849011063576
-0.04908266291022301
-0.04902363941073418
-0.04896121099591255
-0.04889514669775963
-0.0488252267241478
-0.04875123128294945
-0.04867295548319817
-0.04859020560979843
-0.04850283265113831
-0.04841072484850883
-0.04831380397081375
-0.04821205884218216
-0.04810551181435585
-0.04799425601959229
-0.0478784553706646
-0.0477583222091198
-0.04763412848114967
-0.04750620946288109
-0.04737495630979538
-0.04724081233143806
-0.04710425436496735
-0.0469658188521862
-0.04682606086134911
-0.04668554291129112
-0.04654486477375031
-0.04640462622046471
-0.04626543074846268
-0.04612787440419197
-0.04599254205822945
-0.04585998132824898
-0.04573072865605354
-0.04560529068112373
-0.04548412933945656
-0.04536767303943634
-0.04525631293654442
-0.04515040293335915
-0.0450502373278141
-0.04495606943964958
-0.0448681078851223
-0.04478651657700539
-0.04471141844987869
-0.04464288055896759
-0.04458091780543327
-0.04452550783753395
-0.04447658360004425
-0.04443401098251343
-0.04439761862158775
-0.04436717927455902
-0.04434241354465485
-0.04432298615574837
-0.04430851340293884
-0.04429856315255165
-0.04429264739155769
-0.04429024085402489
-0.04429076239466667
-0.0442935936152935
-0.04429808631539345
-0.04430356249213219
-0.0443093404173851
-0.04431470483541489
-0.04431895911693573
-0.04432141408324242
-0.04432141035795212
-0.04431831836700439
-0.04431155696511269
-0.0443006195127964
-0.04428505152463913
-0.04426448419690132
-0.04423864930868149
-0.0442073717713356
-0.04417057707905769
-0.04412830248475075
-0.04408068209886551
-0.04402796179056168
-0.04397048801183701
-0.04390870034694672
-0.04384313523769379
-0.04377440363168716
-0.04370318353176117
-0.0436301976442337
-0.04355620220303535
-0.0434819869697094
-0.04340833425521851
-0.04333601519465446
-0.04326575621962547
-0.04319825395941734
-0.04313413053750992
-0.04307393357157707
-0.04301811382174492
-0.04296703636646271
-0.04292095080018044
-0.04288000240921974
-0.04284421727061272
-0.0428135097026825
-0.04278768226504326
-0.04276644065976143
-0.04274939373135567
-0.04273604974150658
-0.04272585362195969
-0.04271819815039635
-0.04271241277456284
-0.04270781204104424
-0.04270369559526443
-0.04269937425851822
-0.04269416257739067
-0.04268743097782135
-0.0426785871386528
-0.04266712814569473
-0.04265261813998222
-0.04263471066951752
-0.04261314868927002
-0.0425877720117569
-0.04255854338407516
-0.042525514960289
-0.04248884320259094
-0.04244878143072128
-0.04240566864609718
-0.04235992208123207
-0.04231202974915504
-0.04226252436637878
-0.04221198707818985
-0.0421610102057457
-0.04211019352078438
-0.04206013306975365
-0.04201138019561768
-0.04196444898843765
-0.04191980510950089
-0.04187783598899841
-0.04183884337544441
-0.04180304333567619
-0.04177055880427361
-0.04174142330884933
-0.04171556606888771
-0.04169281199574471
-0.04167291149497032
-0.04165554046630859
-0.04164028912782669
-0.0416266992688179
-0.04161428287625313
-0.04160250723361969
-0.04159083589911461
-0.0415787510573864
-0.04156575351953506
-0.0415513850748539
-0.04153525084257126
-0.04151702299714088
-0.04149643704295158
-0.04147333651781082
-0.04144763574004173
-0.04141935333609581
-0.04138859361410141
-0.04135554656386375
-0.04132048413157463
-0.04128373041749001
-0.04124568030238152
-0.04120675846934319
-0.04116741940379143
-0.04112812131643295
-0.04108930751681328
-0.04105139896273613
-0.04101477935910225
-0.0409797728061676
-0.04094662889838219
-0.04091554507613182
-0.04088662192225456
-0.0408598855137825
-0.04083527624607086
-0.0408126637339592
-0.04079184681177139
-0.04077254235744476
-0.04075443744659424
-0.04073718190193176
-0.0407203882932663
-0.0407036766409874
-0.04068666324019432
-0.04066899418830872
-0.04065035656094551
-0.04063047096133232
-0.04060912877321243
-0.04058617725968361
-0.04056153446435928
-0.04053518921136856
-0.04050720483064651
-0.04047770798206329
-0.04044688120484352
-0.0404149554669857
-0.04038220271468163
-0.04034891352057457
-0.04031540080904961
-0.04028197377920151
-0.04024892672896385
-0.04021653532981873
-0.04018502682447433
-0.0401545912027359
-0.04012535512447357
-0.04009741172194481
-0.04007077589631081
-0.04004542529582977
-0.04002127423882484
-0.03999818488955498
-0.03997598588466644
-0.03995446860790253
-0.03993340954184532
-0.03991256654262543
-0.03989170119166374
-0.03987059742212296
-0.03984904661774635
-0.03982687741518021
-0.03980394452810287
-0.0397801510989666
-0.0397554449737072
-0.03972982987761497
-0.03970333561301231
-0.03967604413628578
-0.03964807465672493
-0.03961959108710289
-0.03959075734019279
-0.03956176340579987
-0.03953280672430992
-0.03950406983494759
-0.03947572782635689
-0.03944794461131096
-0.03942083567380905
-0.03939450532197952
-0.03936900570988655
-0.03934436291456223
-0.03932056576013565
-0.03929755464196205
-0.03927525132894516
-0.03925352916121483
-0.03923226892948151
-0.03921131789684296
-0.03919051215052605
-0.03916970640420914
-0.03914875164628029
-0.03912752866744995
-0.03910591453313828
-0.03908383101224899
-0.03906122222542763
-0.03903806954622269
-0.03901437297463417
-0.03899016603827477
-0.03896551951766014
-0.03894050791859627
-0.0389152355492115
-0.0388898104429245
-0.03886435180902481
-0.03883896768093109
-0.038813766092062
-0.03878884017467499
-0.03876427188515663
-0.03874011337757111
-0.0387164019048214
-0.0386931411921978
-0.03867032378911972
-0.03864789754152298
-0.0386258140206337
-0.03860399499535561
-0.03858237341046333
-0.03856084123253822
-0.03853932395577431
-0.03851772844791412
-0.038495983928442
-0.03847401961684227
-0.03845179826021194
-0.03842928633093834
-0.03840647265315056
-0.0383833609521389
-0.03835998103022575
-0.03833636268973351
-0.03831256553530693
-0.03828864917159081
-0.0382646769285202
-0.03824071958661079
-0.03821684792637825
-0.03819311037659645
-0.03816956654191017
-0.0381462499499321
-0.03812318295240402
-0.03810037672519684
-0.03807782381772995
-0.03805550560355186
-0.03803339228034019
-0.03801145032048225
-0.03798962756991386
-0.03796787932515144
-0.03794615715742111
-0.03792441263794899
-0.0379025973379612
-0.03788068145513535
-0.03785864263772964
-0.0378364771604538
-0.0378141775727272
-0.03779175505042076
-0.03776922449469566
-0.0377466194331646
-0.03772398084402084
-0.03770134225487709
-0.03767875581979752
-0.03765625134110451
-0.03763386979699135
-0.03761165216565132
-0.03758960589766502
-0.03756776079535484
-0.03754612058401108
-0.03752468153834343
-0.0375034399330616
-0.0374823659658432
-0.03746142983436584
-0.03744060173630714
-0.03741984814405441
-0.03739912435412407
-0.03737839311361313
-0.03735761716961861
-0.03733676299452782
-0.03731580823659897
-0.03729473426938057
-0.03727352991700172
-0.03725219890475273
-0.03723074123263359
-0.03720917552709579
-0.03718752413988113
-0.0371658019721508
-0.03714403510093689
-0.03712225332856178
-0.03710048273205757
-0.03707875311374664
-0.03705709055066109
-0.0370355062186718
-0.03701401874423027
-0.0369926355779171
-0.03697136789560318
-0.03695021197199821
-0.03692915663123131
-0.03690820559859276
-0.03688734769821167
-0.03686656057834625
-0.03684583678841591
-0.03682516887784004
-0.03680454194545746
-0.03678394481539726
-0.03676338121294975
-0.03674283623695374
-0.03672230616211891
-0.03670178726315498
-0.03668127954006195
-0.03666077926754951
-0.03664030134677887
-0.03661983460187912
-0.03659938648343086
-0.0365789532661438
-0.03655852377414703
-0.03653810918331146
-0.03651770204305649
-0.03649730235338211
-0.03647690266370773
-0.03645650297403336
-0.03643610328435898
-0.036415696144104
-0.03639528900384903
-0.03637487441301346
-0.03635445609688759
-0.03633403778076172
-0.03631362691521645
-0.03629323467612267
-0.03627286478877068
-0.03625252842903137
-0.03623224049806595
-0.0362120121717453
-0.03619185462594032
-0.03617176786065102
-0.03615176305174828
-0.0361318439245224
-0.03611200675368309
-0.03609226644039154
-0.03607261180877686
-0.03605304285883904
-0.03603354096412659
-0.03601409867405891
-0.03599470481276512
-0.03597535192966461
-0.03595602139830589
-0.03593670949339867
-0.03591740131378174
-0.03589810431003571
-0.03587880730628967
-0.03585951030254364
-0.03584021702408791
-0.03582093119621277
