0
0
0
0
0
0
0
0
0
0
0
0
0
0
0
0
0
0
0
0
0
0
0
0
0
0
0
0
0
0
0
0
0
0
0
0
0
0
0
0
0
0
0
0
0
0
0
0
0
0
0
0
0
0
0
0
0
0
0
0
0
0
0
0
0
0
0
0
0
0
0
0
0
0
0
0
0
0
0
0
0
0
0
0
0
0
0
0
0
0
0
0
0
0
0
0
0
0
0
0
0
0
0
0
0
0
0
0
0
0
0
0
0
0
0
0
0
0
0
0
0
0
0
0
0
0
0
0
0
0
0
0
0
0
0
0
0
0
0
0
0
0
0
0
0
0
0
0
0
0
0
0
0
0
0
0
0
0
0
0
0
0
0
0
0
0
0
0
0
0
0
0
0
0
0
0
0
0
0
0
0
0
0
0
0
0
0
0
0
0
0
0
0
0
0
0
0
0
0
0
0
0
0
0
0
0
0
0
0
0
0
0
0
0
0
0
0
0
0
0
0
0
0
0
0
0
0
0
0
0
0
0
0
0
0
0
0
0
0
0
0
0
0
0
0
0
0
0
0
0
0
0
0
0
0
0
0
0
0
0
0
0
0
0
0
0
0
0
0
0
0
0
0
0
0
0
0
0
0
0
0
0
0
0
0
0
0
0
0
0
0
0
0
0
0
0
0
0
0
0
0
0
0
0
0
0
0
0
0
0
0
0
0
0
0
0
0
0
0
0
0
0
0
0
0
0
0
0
0
0
0
0
0
0
0
0
0
0
0
0
0
0
0
0
0
0
0
0
0
0
0
0
0
0
0
0
0
0
0
0
0
0
0
0
0
0
0
0
0
0
0
0
0
0
0
0
0
0
0
0
0
0
0
0
0
0
0
0
0
0
0
0
0
0
0
0
0
0
0
0
0
0
0
0
0
0
0
0
0
0
0
0
0
0
0
0
0
0
0
0
0
0
0
0
0
0
0
0
0
0
0
0
0
0
0
0
0
0
0
0
0
0
0
0
0
0
0
0
0
0
0
0
0
0
0
0
0
0
0
0
0
0
0
0
0
0
0
0
0
0
0
0
0
0
0
0
0
0
0
0
0
0
0
0
0
0
0
0
0
0
0
0
0
0
0
0
0
0
0
0
0
0
0
0
0
0
0
0
0
0
0
0
0
0
0
0
0
0
0
0
0
0
0
0
0
0
0
0
0
0
0
0
0
0
0
0
0
0
0
0
0
0
0
0
0
0
0
0
0
0
0
0
0
0
0
0
0
0
0
0
0
0
0
0
0
0
0
0
0
0
0
0
0
0
0
0
0
0
0
0
0
0
0
0
0
0
0
0
0
0
0
0
0
0
0
0
0
0
0
0
0
0
0
0
0
0
0
0
0
0
0
0
0
0
0
0
0
0
0
0
0
0
0
0
0
0
0
0
0
0
0
0
0
0
0
0
0
0
0
0
0
0
0
0
0
0
0
0
0
0
0
0
0
0
0
0
0
0
0
0
0
0
0
0
0
0
0
0
0
0
0
0
0
0
0
0
0
0
0
0
0
0
0
0
0
0
0
0
0
0
0
0
0
0
0
0
0
0
0
0
0
0
0
0
0
0
0
0
0
0
0
0
0
0
0
0
0
0
0
0
0
0
0
0
0
0
0
0
0
0
0
0
0
0
0
0
0
0
0
0
0
0
0
0
0
0
0
0
0
0
0
0
0
0
0
0
0
0
0
0
0
0
0
0
0
0
0
0
0
0
0
0
0
0
0
0
0
0
0
0
0
0
0
0
0
0
0
0
0
0
0
0
0
0
0
0
0
0
0
0
0
0
0
0
0
0
0
0
0
0
0
0
0
0
0
0
0
0
0
0
0
0
0
0
0
0
0
0
0
0
0
0
0
0
0
0
0
0
0
0
0
0
0
0
0
0
0
0
0
0
0
0
0
0
0
0
0
0
0
0
0
0
0
0
0
0
0
0
0
0
0
0
0
0
0
0
0
0
0
0
0
0
0
0
0
0
0
0
0
0
0
0
0
0
0
0
0
0
0
0
0
0
0
0
0
0
0
0
0
0
0
0
0
0
0
0
0
0
0
0
0
0
0
0
0
0
0
0
0
0
0
0
0
0
0
0
0
0
0
0
0
0
0
0
0
0
0
0
0
0
0
0
0
0
0
0
0
0
0
0
0
0
0
0
0
0
0
0
0
0
0
0
0
0
0
0
0
0
0
0
0
0
0
0
0
0
0
0
0
0
0
0
0
0
0
0
0
0
0
0
0
0
0
0
0
0
0
0
0
0
0
0
0
0
0
0
0
0
0
0
0
0
0
0
0
0
0
0
0
0
0
0
0
0
0
0
0
0
0
0
0
0
0
0
0
0
0
0
0
0
0
0
0
0
0
0
0
0
0
0
0
0
0
0
0
0
0
0
0
0
0
0
0
0
0
0
0
0
0
0
0
0
0
0
0
0
0
0
0
0
0
0
0
0
0
0
0
0
0
0
0
0
0
0
0
0
0
0
0
0
0
0
0
0
0
0
0
0
0
0
0
0
0
0
0
0
0
0
0
0
0
0
0
0
0
0
0
0
0
0
0
0
0
0
0
0
0
0
0
0
0
0
0
0
0
0
0
0
0
0
0
0
0
0
0
0
0
0
0
0
0
0
0
0
0
0
0
0
0
0
0
0
0
0
0
0
0
0
0
0
0
0
0
0
0
0
0
0
0
0
0
0
0
0
0
0
0
0
0
0
2.802596928649634e-45
1.401298464324817e-44
3.503246160812043e-44
6.305843089461677e-44
1.121038771459854e-43
1.961817850054744e-43
3.475220191525546e-43
5.997557427310217e-43
1.036960863600365e-42
1.804872422050364e-42
3.133303366230291e-42
5.400604281507845e-42
9.299016609259486e-42
1.599021677641049e-41
2.747105509462371e-41
4.713827904142252e-41
8.076944218521813e-41
1.381764363732129e-40
2.359940756754068e-40
4.023772488370139e-40
6.849378737803987e-40
1.163996977182195e-39
1.974858333563751e-39
3.345106826516058e-39
5.65682610051578e-39
9.550485223876432e-39
1.609789395170767e-38
2.708970573054236e-38
4.55126719293163e-38
7.634039176018983e-38
1.278413781521457e-37
2.137394718233032e-37
3.567758354785489e-37
5.945722388179948e-37
9.892670313749698e-37
1.643324277899676e-36
2.725429462509831e-36
4.512837176698071e-36
7.460511947868105e-36
1.231382276938861e-35
2.029193822768831e-35
3.338578730763922e-35
5.484137454207506e-35
8.994244515793846e-35
1.472759079017863e-34
2.407744874980137e-34
3.930085364401849e-34
6.404825611361682e-34
1.042143516600122e-33
1.693025942580954e-33
2.746101189301739e-33
4.447207002505666e-33
7.190795756303515e-33
1.160877666316988e-32
1.871185262291122e-32
3.011402880708439e-32
4.838867246925458e-32
7.76322682807062e-32
1.243556179031508e-31
1.988905878738189e-31
3.176065600399167e-31
5.063981703172901e-31
8.061633357091833e-31
1.281395577283348e-30
2.033637388447996e-30
3.222513378880948e-30
5.098563618499516e-30
8.054408298613939e-30
1.270436678549502e-29
2.000814313596765e-29
3.146268972111473e-29
4.939932367375823e-29
7.744315973364196e-29
1.21222400153294e-28
1.894616129050822e-28
2.956643113493321e-28
4.606983797677166e-28
7.167626584914062e-28
1.113462819541372e-27
1.727104062869492e-27
2.674880958928678e-27
4.136513104926883e-27
6.387177949097139e-27
9.847568695143595e-27
1.515985894963097e-26
2.330280014732105e-26
3.576585951451226e-26
5.481222506224526e-26
8.387550632513182e-26
1.281570361113313e-25
1.955240071320723e-25
2.978575829033806e-25
4.530736820513439e-25
6.881470334514452e-25
1.043629944056992e-24
1.580393978150847e-24
2.389672279928402e-24
3.607995767269427e-24
5.439375801785267e-24
8.188193969324996e-24
1.230789146251418e-23
1.847295303278674e-23
2.768513657760383e-23
4.14300312645649e-23
6.190739939370589e-23
9.236964190204977e-23
1.376181985545477e-22
2.047306473513084e-22
3.041240290744074e-22
4.511075211868665e-22
6.681459006507862e-22
9.881547863224094e-22
1.459289781953282e-21
2.151897034962847e-21
3.168584200785955e-21
4.658791877617324e-21
6.839841778514479e-21
1.002730068183731e-20
1.467870124831707e-20
2.145641723918485e-20
3.131794010183273e-20
4.564529638496791e-20
6.643028045806838e-20
9.653921531529817e-20
1.400907657047038e-19
2.029941677506963e-19
2.937151109595701e-19
4.243635324237986e-19
6.122364896102046e-19
8.820030416257453e-19
1.268793523236154e-18
1.82256157842866e-18
2.614232154465399e-18
3.744354638271325e-18
5.355264892980582e-18
7.648150821154084e-18
1.090695788448229e-17
1.553183801301019e-17
2.208585635842507e-17
3.136014748372674e-17
4.446462729792252e-17
6.295410914812017e-17
8.90034030659543e-17
1.256499526566666e-16
1.771297696894758e-16
2.493414327903832e-16
3.504863252362889e-16
4.919507535951077e-16
6.895190180202459e-16
9.650393540042829e-16
1.348708644935512e-15
1.882199535390306e-15
2.622935776994822e-15
3.649927650156877e-15
5.071722427067108e-15
7.037225535237506e-15
9.750395308586856e-15
1.34901821430191e-14
1.863752343645234e-14
2.571185452049374e-14
3.54204004722556e-14
4.872461483763912e-14
6.692959581737837e-14
9.180424974906953e-14
1.25742488253297e-13
1.719792656808966e-13
2.348792547176431e-13
3.20322815581392e-13
4.362199620619456e-13
5.931950351929782e-13
8.054966199252944e-13
1.092204777140837e-12
1.47883040448743e-12
1.99943078586784e-12
2.69940515253142e-12
3.639177501013613e-12
4.899047747336516e-12
6.58556629368201e-12
8.83990016603553e-12
1.184879538235206e-11
1.585890967159553e-11
2.119554358415154e-11
2.828704631641088e-11
3.769658890595551e-11
5.016348100794765e-11
6.665675650330272e-11
8.844457111134574e-11
1.171839986158218e-10
1.550369554959019e-10
2.048196057202745e-10
2.701947277028438e-10
3.559186556589822e-10
4.681583454235749e-10
6.148970776997942e-10
8.064535150786867e-10
1.056143728028758e-09
1.381124659083355e-09
1.803468041572387e-09
2.351522532251238e-09
3.061642717128166e-09
3.98037469651058e-09
5.167218208868007e-09
6.698113619307833e-09
8.669827522567175e-09
1.120546677668699e-08
1.446140185379363e-08
1.863592835604777e-08
2.398010678916762e-08
3.081130017790201e-08
3.953001481704632e-08
5.064087105211001e-08
6.477864644693909e-08
8.274052021306488e-08
1.055259843951717e-07
1.34386183958668e-07
1.708846042447476e-07
2.169718698041834e-07
2.750775820459239e-07
3.482229260498571e-07
4.401582600621623e-07
5.555314714911219e-07
7.000932669143367e-07
8.809462883618835e-07
1.106848458221066e-06
1.388580471939349e-06
1.739390086186177e-06
2.175528379666503e-06
2.716897142818198e-06
3.387826836842578e-06
4.218008143652696e-06
5.243613031780114e-06
6.508629667223431e-06
8.06645675766049e-06
9.981804396375082e-06
1.23329509733594e-05
1.521441208751639e-05
1.874011104519013e-05
2.30471068789484e-05
2.830000084941275e-05
3.469610237516463e-05
4.247149627190083e-05
5.19081404490862e-05
6.334214413072914e-05
7.717341941315681e-05
9.387687896378338e-05
0.0001140154636232182
0.0001382551272399724
0.0001673821971053258
0.0002023233100771904
0.0002441682736389339
0.0002941963030025363
0.0003539060126058757
0.0004250493366271257
0.0005096701788716018
0.0006101483013480902
0.0007292488007806242
0.0008701775223016739
0.00103664374910295
0.001232929644174874
0.001463968539610505
0.001735431258566678
0.002053821692243218
0.002426582155749202
0.002862211083993316
0.003370387246832252
0.003962110728025436
0.004649851936846972
0.005447715055197477
0.006371610332280397
0.007439443375915289
0.008671311661601067
0.01008971408009529
0.01171976886689663
0.01358944643288851
0.01572979986667633
0.01817520894110203
0.02096362225711346
0.02413680218160152
0.02774055488407612
0.03182496875524521
0.03644461929798126
0.04165878146886826
0.04753155261278152
0.05413201823830605
0.061534333974123
0.06981772929430008
0.07906649261713028
0.08936985582113266
0.1008217856287956
0.1135206818580627
0.1275689452886581
0.1430724263191223
0.160139799118042
0.1788815706968307
0.1994091719388962
0.2218336910009384
0.2462645322084427
0.2728077471256256
0.3015642464160919
0.3326277732849121
0.3660827577114105
0.4020017683506012
0.4404430985450745
0.4814477860927582
0.5250369310379028
0.5712087154388428
0.6199352741241455
0.6711600422859192
0.7247945666313171
0.7807161808013916
0.8387653231620789
0.8987438678741455
0.9604134559631348
1.023494839668274
1.087667107582092
1.152569055557251
1.217800259590149
1.282924294471741
1.347471356391907
1.410944104194641
1.472822785377502
1.532572150230408
1.589649677276611
1.643514752388
1.693637609481812
1.739509463310242
1.780653715133667
1.816636085510254
1.847074389457703
1.871649861335754
1.890114307403564
1.902299523353577
1.908123731613159
1.90759539604187
1.900817632675171
1.887988567352295
1.869400978088379
1.845439076423645
1.816573739051819
1.783355593681335
1.746406197547913
1.706407308578491
1.664090394973755
1.620221853256226
1.575590372085571
1.530992031097412
1.487215518951416
1.445026993751526
1.405155897140503
1.368280649185181
1.335014581680298
1.305894374847412
1.281368494033813
1.26178765296936
1.24739682674408
1.238329529762268
1.234603524208069
1.236119627952576
1.242662668228149
1.253905177116394
1.269413471221924
1.288656711578369
1.311018466949463
1.335811138153076
1.362291574478149
1.389680624008179
1.417182445526123
1.444005370140076
1.469383716583252
1.49259877204895
1.512999534606934
1.530021190643311
1.543201565742493
1.552195310592651
1.556783676147461
1.556880354881287
1.552534818649292
1.543929100036621
1.531372427940369
1.515289783477783
1.496208190917969
1.47473931312561
1.451558470726013
1.427383542060852
1.402950763702393
1.378991365432739
1.356207609176636
1.335250377655029
1.316698789596558
1.301042437553406
1.288665890693665
1.279837131500244
1.274701118469238
1.2732754945755
1.275452375411987
1.281003594398499
1.28959047794342
1.300776958465576
1.31404709815979
1.328824043273926
1.344492793083191
1.360422611236572
1.375990867614746
1.390606284141541
1.403731226921082
1.414900302886963
1.423737764358521
1.429969549179077
1.43343186378479
1.434075117111206
1.431963443756104
1.427268505096436
1.420260190963745
1.411292314529419
1.400786519050598
1.389212369918823
1.377065777778625
1.364848494529724
1.353046536445618
1.342109322547913
1.332432270050049
1.324341535568237
1.318082332611084
1.313810706138611
1.311590313911438
1.311391592025757
1.313097596168518
1.316511273384094
1.321367621421814
1.327347636222839
1.334095358848572
1.341235756874084
1.348392367362976
1.355205297470093
1.361346960067749
1.366537570953369
1.370555639266968
1.373246788978577
1.374528646469116
1.374391913414001
1.372897148132324
1.370169639587402
1.366389989852905
1.361782908439636
1.356603741645813
1.351123809814453
1.345616459846497
1.340342998504639
1.335538744926453
1.331403613090515
1.328091740608215
1.325706362724304
1.324296832084656
1.323858022689819
1.324333310127258
1.325620770454407
1.327579736709595
1.330041289329529
1.332818150520325
1.335716724395752
1.338547229766846
1.341134428977966
1.343326807022095
1.345003724098206
1.346080660820007
1.34651243686676
1.346292972564697
1.345454692840576
1.344063758850098
1.342214822769165
1.340023398399353
1.337618708610535
1.335134387016296
1.332700848579407
1.330437779426575
1.328446984291077
1.326807618141174
1.325572609901428
1.324765920639038
1.324383974075317
1.32439661026001
1.324750065803528
1.325372338294983
1.326177954673767
1.327073812484741
1.327965617179871
1.328764081001282
1.329389452934265
1.329775929450989
1.329875588417053
1.329658627510071
1.329115629196167
1.328255295753479
1.327103734016418
1.325700283050537
1.324094653129578
1.32234263420105
1.320501327514648
1.318625330924988
1.316762804985046
1.314952850341797
1.313222289085388
1.311585187911987
1.310042262077332
1.308581471443176
1.307179570198059
1.305804491043091
1.304418325424194
1.302979707717896
1.301447868347168
1.299784898757935
1.297958850860596
1.29594612121582
1.293732523918152
1.291315078735352
1.288701176643372
1.285908460617065
1.282963633537292
1.279900908470154
1.276759386062622
1.273581504821777
1.270410418510437
1.267287492752075
1.264251112937927
1.261334419250488
1.258564829826355
1.25596284866333
1.253541707992554
1.25130820274353
1.249262690544128
1.247400879859924
1.245713949203491
1.24419105052948
1.24281907081604
1.241584658622742
1.240474581718445
1.239476442337036
1.238579034805298
1.237772822380066
1.237049460411072
1.236401081085205
1.235820531845093
1.235300183296204
1.234831809997559
1.234405517578125
1.234010100364685
1.233632445335388
1.233258128166199
1.232871294021606
1.232455372810364
1.231993317604065
1.231469392776489
1.230868816375732
1.230179786682129
1.229393482208252
1.22850501537323
1.227514028549194
1.22642457485199
1.225245594978333
1.223989963531494
1.222674608230591
1.221318960189819
1.219945073127747
1.218575716018677
1.217233180999756
1.215938806533813
1.214711427688599
1.213566541671753
1.212516188621521
1.211567282676697
1.210722923278809
1.209981083869934
1.209335207939148
1.208774924278259
1.208286643028259
1.207854509353638
1.207460880279541
1.207087755203247
1.206717133522034
1.206332564353943
1.205919504165649
1.205465793609619
1.204962491989136
1.204403400421143
1.203786134719849
1.20311164855957
1.202383637428284
1.201608538627625
1.20079517364502
1.19995379447937
1.199095845222473
1.198233127593994
1.19737720489502
1.196538805961609
1.195727348327637
1.194950699806213
1.194214224815369
1.193521738052368
1.192874431610107
1.192271709442139
1.191710710525513
1.191186666488647
1.190693616867065
1.190224289894104
1.189770579338074
1.189324855804443
1.188879132270813
1.18842625617981
1.187960147857666
1.1874760389328
1.186970591545105
1.186442255973816
1.185890793800354
1.185317635536194
1.184725999832153
1.184119701385498
1.183503985404968
1.182883977890015
1.182265758514404
1.181654810905457
1.181055784225464
1.18047308921814
1.179909825325012
1.179368019104004
1.178848028182983
1.178349375724792
1.177870631217957
1.177408456802368
1.176959633827209
1.176519870758057
1.176085114479065
1.175650715827942
1.175213098526001
1.174768805503845
1.174315333366394
1.173851013183594
1.173375248908997
1.172888398170471
1.172391533851624
1.171886205673218
1.171374559402466
1.170859336853027
1.170342564582825
1.169826626777649
1.169313311576843
1.168803691864014
1.168298125267029
1.167796015739441
1.167296171188354
1.166796565055847
1.166294097900391
1.165785312652588
1.165266036987305
1.164731621742249
1.164177298545837
1.1635981798172
1.162989377975464
1.16234564781189
1.161662101745605
1.160933494567871
1.160154581069946
1.159319996833801
1.1584233045578
1.157458066940308
1.156416535377502
1.155290007591248
1.154068946838379
1.1527419090271
1.151295781135559
1.149716138839722
1.14798641204834
1.146088361740112
1.144001841545105
1.141704916954041
1.139173269271851
1.136381149291992
1.13330078125
1.129901766777039
1.126152157783508
1.122018098831177
1.117463827133179
1.112450957298279
1.106939554214478
1.100887417793274
1.094250202178955
1.086981058120728
1.079031467437744
1.070350885391235
1.060887098312378
1.050585985183716
1.039391756057739
1.027247786521912
1.014096856117249
0.9998810887336731
0.9845427870750427
0.9680249094963074
0.9502715468406677
0.9312286972999573
0.9108444452285767
0.8890703320503235
0.8658614754676819
0.841177225112915
0.8149821758270264
0.7872466444969177
0.7579475045204163
0.7270689606666565
0.6946029663085938
0.6605502963066101
0.6249210238456726
0.5877349972724915
0.5490227937698364
0.5088261365890503
0.4671982228755951
0.4242043793201447
0.3799223005771637
0.3344424366950989
0.2878680527210236
0.2403155267238617
0.1919141560792923
0.1428060233592987
0.09314587712287903
0.04310063272714615
-0.007151119410991669
-0.05741969868540764
-0.1075051724910736
-0.1571982353925705
-0.2062812596559525
-0.254529595375061
-0.301712691783905
-0.3475959002971649
-0.3919418156147003
-0.4345122277736664
-0.4750701189041138
-0.5133817791938782
-0.5492188334465027
-0.5823609828948975
-0.6125982999801636
-0.6397339701652527
-0.663587212562561
-0.6839960217475891
-0.7008199691772461
-0.7139435410499573
-0.7232788801193237
-0.7287684679031372
-0.7303882241249084
-0.728149950504303
-0.7221033573150635
-0.7123382091522217
-0.6989860534667969
-0.6822208166122437
-0.6622592806816101
-0.6393607258796692
-0.6138257384300232
-0.5859943628311157
-0.5562431216239929
-0.5249811410903931
-0.4926455318927765
-0.4596953988075256
-0.4266054630279541
-0.3938587307929993
-0.3619382679462433
-0.3313186466693878
-0.3024569451808929
-0.2757837474346161
-0.2516940236091614
-0.230538472533226
-0.2126154750585556
-0.1981638818979263
-0.1873568147420883
-0.1802969574928284
-0.177013173699379
-0.1774589419364929
-0.1815122812986374
-0.1889778077602386
-0.1995905041694641
-0.2130210548639297
-0.2288830429315567
-0.2467415332794189
-0.2661229074001312
-0.2865259349346161
-0.3074331879615784
-0.3283236026763916
-0.3486844599246979
-0.3680239021778107
-0.3858824074268341
-0.4018440544605255
-0.4155462980270386
-0.4266887903213501
-0.4350405931472778
-0.440445601940155
-0.4428260922431946
-0.4421844184398651
-0.4386023879051208
-0.4322388172149658
-0.423324853181839
-0.412157267332077
-0.3990901410579681
-0.3845247328281403
-0.3688979744911194
-0.3526700139045715
-0.3363107442855835
-0.3202864825725555
-0.3050462305545807
-0.2910086512565613
-0.2785500288009644
-0.2679931819438934
-0.2595984637737274
-0.253556489944458
-0.2499829828739166
-0.2489163279533386
-0.2503173053264618
-0.2540712952613831
-0.2599930167198181
-0.267833411693573
-0.2772886753082275
-0.2880104780197144
-0.299618124961853
-0.3117112517356873
-0.3238830268383026
-0.3357335031032562
-0.346882551908493
-0.3569821119308472
-0.3657270073890686
-0.3728644549846649
-0.3782016932964325
-0.3816114664077759
-0.3830355107784271
-0.3824851810932159
-0.3800402879714966
-0.3758450150489807
-0.3701021075248718
-0.3630645871162415
-0.3550262749195099
-0.3463103175163269
-0.3372568786144257
-0.328210711479187
-0.3195077776908875
-0.3114632666110992
-0.3043595850467682
-0.2984365224838257
-0.2938825190067291
-0.2908283174037933
-0.2893430292606354
-0.2894325852394104
-0.2910407483577728
-0.2940525710582733
-0.2983004748821259
-0.303572028875351
-0.3096195757389069
-0.3161712288856506
-0.3229424953460693
-0.3296483159065247
-0.3360148668289185
-0.3417906165122986
-0.3467560112476349
-0.3507319390773773
-0.3535860180854797
-0.355236828327179
-0.3556556701660156
-0.354866236448288
-0.3529419898986816
-0.350001186132431
-0.3462002575397491
-0.3417257070541382
-0.3367846608161926
-0.3315949141979218
-0.3263747990131378
-0.321333110332489
-0.3166599869728088
-0.3125187754631042
-0.3090393543243408
-0.3063131272792816
-0.304390162229538
-0.3032782375812531
-0.3029438555240631
-0.3033151924610138
-0.3042868077754974
-0.3057258427143097
-0.3074792921543121
-0.3093819618225098
-0.3112648725509644
-0.3129635751247406
-0.3143258094787598
-0.3152185380458832
-0.3155340254306793
-0.3151939809322357
-0.3141526877880096
-0.3123981654644012
-0.3099516928195953
-0.3068658709526062
-0.3032210767269135
-0.2991208732128143
-0.2946861088275909
-0.2900488078594208
-0.2853453755378723
-0.2807100415229797
-0.2762685120105743
-0.2721324861049652
-0.2683949172496796
-0.2651265263557434
-0.2623735070228577
-0.2601567506790161
-0.2584721446037292
-0.2572925090789795
-0.2565702199935913
-0.256241112947464
-0.2562289535999298
-0.2564500570297241
-0.2568185925483704
-0.2572512626647949
-0.2576715648174286
-0.2580136954784393
-0.2582254409790039
-0.2582700252532959
-0.2581272423267365
-0.257793128490448
-0.2572790086269379
-0.2566095888614655
-0.2558202743530273
-0.2549540400505066
-0.2540578842163086
-0.2531791925430298
-0.2523625791072845
-0.2516466379165649
-0.2510614693164825
-0.2506267726421356
-0.2503506541252136
-0.25022953748703
-0.2502483427524567
-0.2503818571567535
-0.2505964040756226
-0.2508523762226105
-0.2511066496372223
-0.2513156533241272
-0.2514379620552063
-0.2514370083808899
-0.2512834072113037
-0.250956654548645
-0.2504463195800781
-0.2497527003288269
-0.2488866150379181
-0.2478687763214111
-0.2467284053564072
-0.2455015480518341
-0.2442288100719452
-0.2429531216621399
-0.2417172193527222
-0.240561306476593
-0.2395208925008774
-0.2386249452829361
-0.2378945052623749
-0.2373417466878891
-0.2369696348905563
-0.2367721349000931
-0.2367347329854965
-0.2368356734514236
-0.2370473444461823
-0.2373380810022354
-0.2376739978790283
-0.2380209416151047
-0.2383462637662888
-0.2386206388473511
-0.2388191968202591
-0.2389228492975235
-0.2389187663793564
-0.2388007938861847
-0.2385692894458771
-0.2382306903600693
-0.2377967685461044
-0.2372835725545883
-0.2367102652788162
-0.2360979318618774
-0.2354682087898254
-0.2348421812057495
-0.2342392206192017
-0.2336762249469757
-0.2331668436527252
-0.232721135020256
-0.2323454320430756
-0.2320423722267151
-0.2318111211061478
-0.2316479682922363
-0.2315468937158585
-0.2315001040697098
-0.2314988672733307
-0.2315342873334885
-0.2315976768732071
-0.2316813468933105
-0.2317789942026138
-0.2318859994411469
-0.2319996058940887
-0.2321189939975739
-0.2322452664375305
-0.2323812693357468
-0.232531413435936
-0.2327014058828354
-0.2328978776931763
-0.2331281900405884
-0.2334001213312149
-0.233721524477005
-0.2341002076864243
-0.2345436960458755
-0.2350590378046036
-0.2356526851654053
-0.2363304495811462
-0.2370973378419876
-0.2379574924707413
-0.2389140874147415
-0.2399692833423615
-0.2411241084337234
-0.2423783391714096
-0.2437303960323334
-0.2451772689819336
-0.2467143535614014
-0.2483354210853577
-0.2500326037406921
-0.2517962753772736
-0.2536152303218842
-0.255476713180542
-0.2573666274547577
-0.2592697143554688
-0.2611697912216187
-0.2630501687526703
-0.2648941278457642
-0.2666849493980408
-0.2684066593647003
-0.270044207572937
-0.2715840339660645
-0.27301424741745
-0.274325042963028
-0.2755089998245239
-0.2765610814094543
-0.2774788737297058
-0.2782627046108246
-0.2789154052734375
-0.2794424295425415
-0.2798515558242798
-0.2801527082920074
-0.2803576290607452
-0.2804795801639557
-0.2805329263210297
-0.2805326879024506
-0.2804941833019257
-0.2804324924945831
-0.280362069606781
-0.2802962362766266
-0.2802466750144958
-0.280223160982132
-0.2802331149578094
-0.2802813351154327
-0.2803697884082794
-0.2804973721504211
-0.2806600332260132
-0.2808506190776825
-0.2810591757297516
-0.2812731564044952
-0.2814778983592987
-0.2816569209098816
-0.2817926704883575
-0.2818669676780701
-0.2818618714809418
-0.2817602753639221
-0.28154656291008
-0.281207263469696
-0.2807316184043884
-0.280112087726593
-0.2793444991111755
-0.2784284949302673
-0.2773673832416534
-0.2761681079864502
-0.2748408913612366
-0.2733989655971527
-0.2718577980995178
-0.2702348232269287
-0.2685485184192657
-0.2668177485466003
-0.2650612592697144
-0.2632968723773956
-0.2615411877632141
-0.2598090171813965
-0.2581131756305695
-0.2564643621444702
-0.2548712491989136
-0.2533405125141144
-0.251877099275589
-0.2504847049713135
-0.2491659671068192
-0.2479230910539627
-0.2467579543590546
-0.2456725984811783
-0.2446694374084473
-0.2437513172626495
-0.2429214715957642
-0.2421835064888
-0.2415409535169601
-0.2409971207380295
-0.2405544966459274
-0.2402143478393555
-0.2399763762950897
-0.2398381382226944
-0.2397948354482651
-0.2398389875888824
-0.2399604916572571
-0.2401466518640518
-0.2403824776411057
-0.2406510263681412
-0.2409340590238571
-0.2412126064300537
-0.2414678037166595
-0.2416815608739853
-0.2418374270200729
-0.2419212907552719
-0.2419219464063644
-0.2418316304683685
-0.2416462451219559
-0.2413655668497086
-0.2409931570291519
-0.240536168217659
-0.2400049120187759
-0.2394123524427414
-0.2387734353542328
-0.2381044924259186
-0.2374223470687866
-0.2367437332868576
-0.2360845357179642
-0.2354592233896255
-0.234880268573761
-0.2343578636646271
-0.2338995784521103
-0.2335102707147598
-0.233192041516304
-0.2329443097114563
-0.2327639907598495
-0.2326457500457764
-0.2325824648141861
-0.2325653433799744
-0.2325845807790756
-0.2326295971870422
-0.2326895296573639
-0.2327535301446915
-0.2328112125396729
-0.23285311460495
-0.232870802283287
-0.2328572124242783
-0.2328069657087326
-0.2327164113521576
-0.23258376121521
-0.2324091792106628
-0.2321946918964386
-0.2319440841674805
-0.231662780046463
-0.2313574850559235
-0.2310359627008438
-0.2307065576314926
-0.2303778529167175
-0.2300582975149155
-0.2297556847333908
-0.2294768393039703
-0.2292273342609406
-0.2290110737085342
-0.2288302630186081
-0.2286852598190308
-0.2285746186971664
-0.2284951359033585
-0.2284421920776367
-0.2284099906682968
-0.2283919006586075
-0.2283809185028076
-0.2283700108528137
-0.2283525913953781
-0.228322833776474
-0.2282760143280029
-0.2282087057828903
-0.2281190007925034
-0.2280064672231674
-0.2278721928596497
-0.2277185469865799
-0.2275490462779999
-0.2273680567741394
-0.2271804809570312
-0.2269913852214813
-0.226805791258812
-0.2266282439231873
-0.2264626324176788
-0.2263119220733643
-0.2261780798435211
-0.2260619252920151
-0.2259632647037506
-0.2258808761835098
-0.225812628865242
-0.2257557213306427
-0.2257068753242493
-0.2256625890731812
-0.2256193161010742
-0.2255737781524658
-0.2255231589078903
-0.2254651486873627
-0.2253981977701187
-0.225321501493454
-0.2252350747585297
-0.2251396179199219
-0.2250364422798157
-0.2249274104833603
-0.22481469810009
-0.2247006893157959
-0.2245878130197525
-0.2244782447814941
-0.2243739068508148
-0.2242762893438339
-0.2241864055395126
-0.2241046875715256
-0.2240310311317444
-0.2239648103713989
-0.223905012011528
-0.2238502353429794
-0.2237989008426666
-0.2237493097782135
-0.2236998677253723
-0.2236491143703461
-0.2235958278179169
-0.2235391139984131
-0.2234784960746765
-0.2234138399362564
-0.223345473408699
-0.2232739478349686
-0.2232001572847366
-0.2231251299381256
-0.2230499535799026
-0.2229757606983185
-0.2229035347700119
-0.2228341549634933
-0.2227682173252106
-0.2227060794830322
-0.2226477563381195
-0.2225930839776993
-0.2225416749715805
-0.2224929183721542
-0.2224461287260056
-0.2224005311727524
-0.2223553955554962
-0.2223100662231445
-0.2222639620304108
-0.2222166955471039
-0.222168043255806
-0.2221179455518723
-0.2220665961503983
-0.2220142632722855
-0.2219613045454025
-0.22190822660923
-0.2218554764986038
-0.2218035310506821
-0.2217527776956558
-0.2217034995555878
-0.2216559052467346
-0.22161003947258
-0.2215658724308014
-0.2215231955051422
-0.2214817851781845
-0.2214412689208984
-0.2214012742042542
-0.2213613986968994
-0.2213212847709656
-0.2212805896997452
-0.2212390452623367
-0.2211964130401611
-0.2211525440216064
-0.2211073338985443
-0.2210606932640076
-0.2210125625133514
-0.2209628373384476
-0.2209114134311676
-0.2208581566810608
-0.2208027839660645
-0.2207449376583099
-0.220684140920639
-0.2206197082996368
-0.2205509543418884
-0.2204769849777222
-0.2203967720270157
-0.2203092277050018
-0.2202131152153015
-0.2201070934534073
-0.2199896574020386
-0.2198592573404312
-0.2197142541408539
-0.2195529043674469
-0.219373345375061
-0.2191736549139023
-0.2189517766237259
-0.2187056243419647
-0.2184329628944397
-0.2181315273046494
-0.2177989929914474
-0.2174329906702042
-0.2170311808586121
-0.2165912538766861
-0.2161110043525696
-0.2155884057283401
-0.215021625161171
-0.2144091725349426
-0.2137499153614044
-0.2130431681871414
-0.2122887969017029
-0.2114873081445694
-0.2106398940086365
-0.2097485661506653
-0.2088162302970886
-0.2078466713428497
-0.2068446576595306
-0.2058160006999969
-0.2047675102949142
-0.2037070691585541
-0.2026436179876328
-0.2015870660543442
-0.2005482465028763
-0.1995387524366379
-0.1985709220170975
-0.1976576298475266
-0.1968120783567429
-0.1960475891828537
-0.1953773945569992
-0.1948142945766449
-0.1943703442811966
-0.1940566748380661
-0.193883016705513
-0.1938574910163879
-0.1939862370491028
-0.1942731142044067
-0.1947194933891296
-0.1953239887952805
-0.1960823535919189
-0.1969873160123825
-0.1980285346508026
-0.199192687869072
-0.2004635334014893
-0.2018221765756607
-0.2032473236322403
-0.204715758562088
-0.2062027007341385
-0.207682341337204
-0.2091284990310669
-0.2105152308940887
-0.2118174135684967
-0.2130116373300552
-0.2140766680240631
-0.2149941176176071
-0.215749129652977
-0.2163307517766953
-0.216732382774353
-0.2169520705938339
-0.2169926762580872
-0.2168617993593216
-0.2165716737508774
-0.2161388993263245
-0.2155839055776596
-0.214930385351181
-0.2142046391963959
-0.2134346663951874
-0.2126492559909821
-0.2118771076202393
-0.2111457884311676
-0.2104808390140533
-0.2099049538373947
-0.2094371020793915
-0.209091991186142
-0.2088794559240341
-0.20880426466465
-0.2088659405708313
-0.2090589255094528
-0.2093728333711624
-0.2097929567098618
-0.2103009074926376
-0.21087546646595
-0.2114934772253036
-0.2121308743953705
-0.2127636671066284
-0.2133689224720001
-0.2139257788658142
-0.2144161760807037
-0.2148256599903107
-0.2151438295841217
-0.2153646647930145
-0.2154867202043533
-0.2155129611492157
-0.2154504656791687
-0.2153100073337555
-0.2151053249835968
-0.2148524671792984
-0.2145688384771347
-0.2142723202705383
-0.2139804512262344
-0.2137095034122467
-0.2134737521409988
-0.2132849544286728
-0.2131517380475998
-0.213079422712326
-0.2130699157714844
-0.213121697306633
-0.2132302075624466
-0.2133881002664566
-0.2135859727859497
-0.213812842965126
-0.2140568792819977
-0.2143060863018036
-0.2145489901304245
-0.2147751748561859
-0.2149759232997894
-0.2151444107294083
-0.2152761518955231
-0.2153690159320831
-0.2154231667518616
-0.215440958738327
-0.2154266089200974
-0.2153858095407486
-0.2153253704309464
-0.2152526378631592
-0.2151751071214676
-0.2150999307632446
-0.2150335013866425
-0.2149812132120132
-0.2149470746517181
-0.2149336785078049
-0.2149421572685242
-0.2149721682071686
-0.2150221019983292
-0.2150892615318298
-0.2151700705289841
-0.2152604758739471
-0.2153560966253281
-0.2154526859521866
-0.215546190738678
-0.2156331837177277
-0.2157108783721924
-0.2157773673534393
-0.2158315479755402
-0.2158732414245605
-0.2159029841423035
-0.2159220278263092
-0.2159321755170822
-0.2159356027841568
-0.2159347087144852
-0.2159319072961807
-0.2159295380115509
-0.2159296423196793
-0.2159339338541031
-0.2159436792135239
-0.2159596681594849
-0.2159821838140488
-0.2160111218690872
-0.2160459011793137
-0.2160856276750565
-0.2161291688680649
-0.2161752432584763
-0.2162224650382996
-0.2162695378065109
-0.2163152098655701
-0.2163584530353546
-0.2163984775543213
-0.2164347320795059
-0.2164669334888458
-0.216495081782341
-0.2165194898843765
-0.2165406346321106
-0.2165591865777969
-0.2165759056806564
-0.2165916562080383
-0.2166073173284531
-0.2166236340999603
-0.2166413366794586
-0.2166609615087509
-0.2166828364133835
-0.2167071551084518
-0.2167338579893112
-0.2167627513408661
-0.2167934477329254
-0.2168254554271698
-0.2168582081794739
-0.2168910950422287
-0.2169235199689865
-0.2169549614191055
-0.2169850170612335
-0.2170133739709854
-0.2170399129390717
-0.2170646041631699
-0.217087596654892
-0.2171091735363007
-0.2171296924352646
-0.2171495407819748
-0.2171691954135895
-0.2171890884637833
-0.2172095626592636
-0.2172309309244156
-0.2172533720731735
-0.2172769457101822
-0.2173016369342804
-0.2173272967338562
-0.2173537313938141
-0.2173805981874466
-0.217407613992691
-0.2174344509840012
-0.2174608111381531
-0.2174865156412125
-0.217511385679245
-0.2175353318452835
-0.2175583988428116
-0.2175806313753128
-0.2176022082567215
-0.2176233232021332
-0.2176442295312881
-0.2176651060581207
-0.21768619120121
-0.2177076190710068
-0.2177294939756393
-0.2177518904209137
-0.2177747786045074
-0.217798113822937
-0.2178217619657516
-0.2178456038236618
-0.217869445681572
-0.217893198132515
-0.2179166823625565
-0.2179397940635681
-0.2179625034332275
-0.2179847657680511
-0.2180065959692001
-0.2180280387401581
-0.2180491536855698
-0.2180700600147247
-0.218090832233429
-0.2181115597486496
-0.2181323021650314
-0.2181530594825745
-0.2181738466024399
-0.2181946337223053
-0.2182153612375259
-0.2182359546422958
-0.2182562947273254
-0.2182762771844864
-0.2182957381010056
-0.218314528465271
-0.2183325290679932
-0.2183495461940765
-0.2183654308319092
-0.2183800339698792
-0.2183931618928909
-0.2184045761823654
-0.2184140533208847
-0.2184213250875473
-0.2184260189533234
-0.2184277027845383
-0.2184259295463562
-0.218420147895813
-0.2184097021818161
-0.2183938473463058
-0.218371719121933
-0.2183423936367035
-0.218304768204689
-0.2182576507329941
-0.2181997001171112
-0.2181294709444046
-0.2180453836917877
-0.2179456651210785
-0.2178284227848053
-0.2176915407180786
-0.2175328284502029
-0.2173499017953873
-0.2171401679515839
-0.2169009447097778
-0.2166293114423752
-0.2163222283124924
-0.2159765809774399
-0.2155890762805939
-0.2151564061641693
-0.2146751880645752
-0.2141420990228653
-0.2135538011789322
-0.2129071056842804
-0.212198942899704
-0.2114265114068985
-0.2105873227119446
-0.2096792161464691
-0.2087004780769348
-0.2076499462127686
-0.2065269947052002
-0.2053316682577133
-0.204064816236496
-0.2027280479669571
-0.2013238519430161
-0.199855625629425
-0.1983277797698975
-0.1967456489801407
-0.1951155960559845
-0.1934449374675751
-0.1917419284582138
-0.1900157034397125
-0.1882761567831039
-0.1865338981151581
-0.1848000138998032
-0.1830860823392868
-0.181403785943985
-0.1797648370265961
-0.1781807094812393
-0.1766624599695206
-0.1752204149961472
-0.1738639920949936
-0.1726014018058777
-0.1714394837617874
-0.1703835129737854
-0.1694369465112686
-0.1686013638973236
-0.1678763628005981
-0.1672594100236893
-0.1667459458112717
-0.1663294285535812
-0.1660013943910599
-0.1657517403364182
-0.1655688136816025
-0.1654398143291473
-0.1653510630130768
-0.1652883440256119
-0.1652373820543289
-0.1651842147111893
-0.1651156395673752
-0.1650195866823196
-0.1648855358362198
-0.164704829454422
-0.1644710600376129
-0.1641801744699478
-0.1638307869434357
-0.1634241193532944
-0.1629640907049179
-0.1624571681022644
-0.161912202835083
-0.1613401472568512
-0.1607536673545837
-0.1601667851209641
-0.1595943719148636
-0.1590516269207001
-0.1585536301136017
-0.1581147611141205
-0.1577482521533966
-0.1574658006429672
-0.1572771072387695
-0.1571896374225616
-0.1572084724903107
-0.1573361754417419
-0.1575728058815002
-0.1579160988330841
-0.1583616137504578
-0.1589031219482422
-0.1595328748226166
-0.1602421402931213
-0.1610216647386551
-0.1618620157241821
-0.1627541333436966
-0.1636897176504135
-0.1646615415811539
-0.1656636744737625
-0.1666916757822037
-0.1677426695823669
-0.1688152253627777
-0.1699092835187912
-0.1710258275270462
-0.1721665859222412
-0.1733336597681046
-0.174529030919075
-0.1757542639970779
-0.1770099103450775
-0.1782953143119812
-0.1796082109212875
-0.1809445321559906
-0.1822982877492905
-0.1836615949869156
-0.18502476811409
-0.1863765567541122
-0.1877044439315796
-0.1889950782060623
-0.1902348101139069
-0.1914100646972656
-0.1925080120563507
-0.1935170143842697
-0.1944270879030228
-0.1952302753925323
-0.1959210783243179
-0.1964965462684631
-0.1969564408063889
-0.1973032355308533
-0.1975419521331787
-0.1976799666881561
-0.1977268010377884
-0.1976936608552933
-0.1975930482149124
-0.1974382996559143
-0.197243258357048
-0.1970217525959015
-0.1967872977256775
-0.1965526640415192
-0.1963297128677368
-0.1961291581392288
-0.1959604024887085
-0.1958314627408981
-0.1957489550113678
-0.1957180202007294
-0.1957424879074097
-0.1958247572183609
-0.1959660053253174
-0.1961661726236343
-0.1964239925146103
-0.1967370808124542
-0.1971020102500916
-0.1975142955780029
-0.197968453168869
-0.1984580308198929
-0.1989757716655731
-0.1995136290788651
-0.2000629901885986
-0.2006147652864456
-0.2011597007513046
-0.2016885280609131
-0.2021922767162323
-0.2026626467704773
-0.2030922025442123
-0.2034747004508972
-0.2038053721189499
-0.2040810734033585
-0.2043005377054214
-0.204464316368103
-0.2045749127864838
-0.2046366780996323
-0.2046556174755096
-0.2046391814947128
-0.2045959532260895
-0.2045352756977081
-0.2044668942689896
-0.204400509595871
-0.2043454349040985
-0.2043100893497467
-0.2043018192052841
-0.2043265253305435
-0.2043884545564651
-0.2044901102781296
-0.2046321630477905
-0.204813539981842
-0.2050314545631409
-0.205281674861908
-0.2055587619543076
-0.2058562934398651
-0.2061672508716583
-0.2064842879772186
-0.206800103187561
-0.2071077227592468
-0.2074007838964462
-0.2076738476753235
-0.2079225182533264
-0.2081436067819595
-0.20833520591259
-0.2084967494010925
-0.2086289823055267
-0.2087338119745255
-0.208814263343811
-0.2088742405176163
-0.2089183330535889
-0.2089516520500183
-0.2089794427156448
-0.2090069949626923
-0.2090393006801605
-0.2090808898210526
-0.2091355472803116
-0.2092063128948212
-0.2092952281236649
-0.209403321146965
-0.2095305919647217
-0.209676057100296
-0.2098377496004105
-0.2100129723548889
-0.2101983726024628
-0.210390105843544
-0.2105841636657715
-0.2107765078544617
-0.2109632790088654
-0.2111410796642303
-0.211307018995285
-0.2114589214324951
-0.2115954011678696
-0.2117159217596054
-0.2118208110332489
-0.2119111567735672
-0.2119887173175812
-0.2120558768510818
-0.2121153920888901
-0.212170273065567
-0.2122235745191574
-0.2122782170772552
-0.2123368978500366
-0.2124017775058746
-0.212474599480629
-0.2125564217567444
-0.2126477360725403
-0.2127482891082764
-0.2128573358058929
-0.2129735797643661
-0.2130953818559647
-0.2132207751274109
-0.2133476734161377
-0.2134739756584167
-0.213597759604454
-0.2137172967195511
-0.2138312309980392
-0.2139386385679245
-0.2140389978885651
-0.2141322493553162
-0.2142188251018524
-0.2142995148897171
-0.2143754065036774
-0.2144478261470795
-0.2145182490348816
-0.2145881503820419
-0.2146590352058411
-0.2147321254014969
-0.2148085236549377
-0.2148889750242233
-0.2149739116430283
-0.2150635123252869
-0.2151575088500977
-0.2152554392814636
-0.2153565734624863
-0.2154599875211716
-0.2155646532773972
-0.2156695276498795
-0.2157735675573349
-0.2158758491277695
-0.2159755975008011
-0.216072291135788
-0.2161655426025391
-0.2162553071975708
-0.2163416892290115
-0.2164250016212463
-0.2165057063102722
-0.2165843993425369
-0.216661736369133
-0.2167383283376694
-0.2168148010969162
-0.2168916314840317
-0.2169691622257233
-0.2170475721359253
-0.2171269357204437
-0.2172070145606995
-0.2172874510288239
-0.2173677384853363
-0.2174472361803055
-0.2175251841545105
-0.2176007628440857
-0.2176731079816818
-0.2177414149045944
-0.2178048193454742
-0.217862606048584
-0.2179140150547028
-0.2179583162069321
-0.2179948687553406
-0.2180230170488358
-0.2180420458316803
-0.2180512696504593
-0.2180498987436295
-0.2180369943380356
-0.2180114984512329
-0.2179722487926483
-0.217917799949646
-0.2178466022014618
-0.2177568525075912
-0.2176465839147568
-0.2175135910511017
-0.2173556089401245
-0.2171701490879059
-0.2169546037912369
-0.2167062759399414
-0.2164224535226822
-0.216100350022316
-0.2157371789216995
-0.215330183506012
-0.2148767113685608
-0.2143741697072983
-0.2138200849294662
-0.2132120728492737
-0.2125480324029922
-0.2118259370326996
-0.2110441327095032
-0.2102011293172836
-0.2092958837747574
-0.2083276808261871
-0.2072962373495102
-0.2062017470598221
-0.2050449550151825
-0.2038271874189377
-0.202550396323204
-0.2012172639369965
-0.1998311728239059
-0.1983962506055832
-0.1969173848628998
-0.1954002231359482
-0.1938511878252029
-0.1922773718833923
-0.1906865239143372
-0.1890870332717896
-0.1874877214431763
-0.1858978122472763
-0.1843268424272537
-0.1827844381332397
-0.181280180811882
-0.1798235327005386
-0.1784235686063766
-0.1770887970924377
-0.1758271157741547
-0.1746454834938049
-0.1735498756170273
-0.1725450456142426
-0.1716344356536865
-0.1708200871944427
-0.1701025068759918
-0.1694806516170502
-0.1689518690109253
-0.1685119271278381
-0.1681550145149231
-0.1678739190101624
-0.1676600575447083
-0.1675036549568176
-0.1673939675092697
-0.1673194766044617
-0.1672681868076324
-0.1672278791666031
-0.1671863794326782
-0.1671318858861923
-0.1670532524585724
-0.166940301656723
-0.1667840629816055
-0.1665770411491394
-0.1663133502006531
-0.165989026427269
-0.1656019985675812
-0.1651522219181061
-0.1646416038274765
-0.1640740036964417
-0.1634551137685776
-0.1627921611070633
-0.16209377348423
-0.1613697111606598
-0.1606304049491882
-0.1598867177963257
-0.159149557352066
-0.1584295332431793
-0.1577364653348923
-0.1570791900157928
-0.1564652323722839
-0.1559004783630371
-0.1553890854120255
-0.1549332290887833
-0.154533177614212
-0.1541872769594193
-0.1538920104503632
-0.1536421626806259
-0.1534310877323151
-0.1532509624958038
-0.1530932039022446
-0.1529486924409866
-0.1528082489967346
-0.1526630520820618
-0.1525048613548279
-0.1523264646530151
-0.1521219164133072
-0.1518866866827011
-0.1516179591417313
-0.1513145864009857
-0.1509771347045898
-0.1506078541278839
-0.1502104252576828
-0.1497898548841476
-0.1493520885705948
-0.1489037722349167
-0.1484519094228745
-0.1480034738779068
-0.1475650519132614
-0.1471426486968994
-0.1467412859201431
-0.1463648527860641
-0.1460158675909042
-0.1456954926252365
-0.1454034149646759
-0.1451380401849747
-0.1448964923620224
-0.1446748524904251
-0.1444684118032455
-0.1442719846963882
-0.1440801024436951
-0.143887385725975
-0.1436888426542282
-0.14348004758358
-0.1432574242353439
-0.1430183947086334
-0.1427614986896515
-0.1424863487482071
-0.1421937197446823
-0.1418853998184204
-0.1415639668703079
-0.1412327438592911
-0.1408955454826355
-0.1405563205480576
-0.1402190327644348
-0.1398873329162598
-0.1395645141601562
-0.1392531543970108
-0.1389551162719727
-0.1386714279651642
-0.1384022384881973
-0.1381469368934631
-0.1379041373729706
-0.1376718580722809
-0.137447714805603
-0.1372290551662445
-0.1370131075382233
-0.1367972642183304
-0.1365791112184525
-0.1363567113876343
-0.1361286342144012
-0.1358940303325653
-0.135652631521225
-0.1354047954082489
-0.1351513862609863
-0.1348937451839447
-0.134633481502533
-0.1343723684549332
-0.1341122388839722
-0.133854866027832
-0.1336017698049545
-0.1333541870117188
-0.1331129372119904
-0.1328784227371216
-0.1326505988836288
-0.1324290037155151
-0.1322128176689148
-0.1320009231567383
-0.1317920535802841
-0.1315848231315613
-0.1313778758049011
-0.1311699748039246
-0.1309600919485092
-0.130747452378273
-0.1305315494537354
-0.1303122639656067
-0.1300897598266602
-0.1298644989728928
-0.1296372264623642
-0.1294087618589401
-0.1291800886392593
-0.1289521604776382
-0.1287258863449097
-0.1285020709037781
-0.128281369805336
-0.1280642151832581
-0.1278508007526398
-0.1276411116123199
-0.1274349391460419
-0.1272318810224533
-0.1270314455032349
-0.1268330514431
-0.1266360878944397
-0.1264399588108063
-0.1262441873550415
-0.1260482966899872
-0.1258520483970642
-0.1256552338600159
-0.1254578530788422
-0.1252600103616714
-0.1250618994235992
-0.1248637810349464
-0.1246659606695175
-0.1244687587022781
-0.124272421002388
-0.124077208340168
-0.1238832622766495
-0.1236906722187996
-0.1234994605183601
-0.1233095526695251
-0.1231208145618439
-0.122933067381382
-0.122746117413044
-0.1225597485899925
-0.1223737895488739
-0.1221881061792374
-0.1220025941729546
-0.1218172237277031
-0.1216320246458054
-0.1214470788836479
-0.1212625354528427
-0.1210785359144211
-0.1208952739834785
-0.1207129210233688
-0.1205316260457039
-0.1203515231609344
-0.1201727092266083
-0.1199952214956284
-0.1198190525174141
-0.1196441650390625
-0.1194704696536064
-0.1192978322505951
-0.1191261261701584
-0.1189551800489426
-0.1187848821282387
-0.1186151280999184
-0.1184458062052727
-0.1182768791913986
-0.1181083172559738
-0.1179401278495789
-0.1177723631262779
-0.117605097591877
-0.1174384355545044
-0.1172724664211273
-0.1171073168516159
-0.1169430837035179
-0.1167798638343811
-0.1166177541017532
-0.1164568141102791
-0.1162971034646034
-0.1161386519670486
-0.1159814894199371
-0.1158256232738495
-0.1156710609793663
-0.1155178099870682
-0.1153658702969551
-0.1152152419090271
-0.1150659471750259
-0.1149179935455322
-0.1147714033722878
-0.1146261692047119
-0.1144823133945465
-0.1143398508429527
-0.1141987890005112
-0.1140591353178024
-0.1139208674430847
-0.113783985376358
-0.1136484667658806
-0.1135142669081688
-0.1133813485503197
-0.1132496520876884
-0.1131191328167915
-0.1129897236824036
-0.112861379981041
-0.1127340346574783
-0.1126076132059097
-0.1124820709228516
-0.1123573258519173
-0.1122333109378815
-0.1121099293231964
-0.1119870990514755
-0.1118647158145905
-0.1117426827549934
-0.1116208806633949
-0.1114991754293442
-0.1113774701952934
-0.1112555935978889
-0.11113341152668
-0.1110107898712158
-0.1108875945210457
-0.1107636839151382
-0.1106389611959457
-0.1105132922530174
-0.1103865951299667
-0.1102588027715683
-0.1101298630237579
-0.1099997088313103
-0.1098683401942253
-0.1097357645630836
-0.1096020117402077
-0.1094671338796616
-0.1093311905860901
-0.109194278717041
-0.1090565249323845
-0.1089180558919907
-0.1087790206074715
-0.1086395531892776
-0.1084998324513435
-0.1083600372076035
-0.1082203462719917
-0.1080809161067009
-0.1079419404268265
-0.1078035905957222
-0.1076660305261612
-0.107529416680336
-0.1073939055204391
-0.1072596162557602
-0.1071266680955887
-0.1069951504468918
-0.1068651154637337
-0.1067366078495979
-0.1066096425056458
-0.1064842045307159
-0.1063602492213249
-0.1062377169728279
-0.1061165258288383
-0.1059965863823891
-0.1058777496218681
-0.1057598814368248
-0.1056428253650665
-0.1055264174938202
-0.1054104939103127
-0.1052948534488678
-0.1051793321967125
-0.1050637513399124
-0.104947954416275
-0.104831762611866
-0.1047150418162346
-0.1045976653695107
-0.1044795215129852
-0.1043605357408524
-0.1042406484484673
-0.1041198223829269
-0.103998064994812
-0.1038753837347031
-0.1037518531084061
-0.1036275178194046
-0.1035024672746658
-0.1033768206834793
-0.103250689804554
-0.1031241938471794
-0.1029974743723869
-0.1028706729412079
-0.1027439013123512
-0.1026172935962677
-0.1024909391999245
-0.1023649573326111
-0.1022394299507141
-0.1021144092082977
-0.1019899398088455
-0.1018660441040993
-0.1017427295446396
-0.1016199737787247
-0.1014977544546127
-0.1013760268688202
-0.1012547239661217
-0.1011337712407112
-0.1010131016373634
-0.1008926331996918
-0.1007722839713097
-0.1006520092487335
-0.100531741976738
-0.1004114598035812
-0.1002911627292633
-0.1001708284020424
-0.1000504717230797
-0.09993014484643936
-0.09980989992618561
-0.09968980401754379
-0.09956994652748108
-0.09945042431354523
-0.09933136403560638
-0.09921286255121231
-0.09909503161907196
-0.09897797554731369
-0.09886179119348526
-0.09874657541513443
-0.09863238781690598
-0.09851928800344467
-0.0984073132276535
-0.09829648584127426
-0.09818679839372635
-0.09807822108268738
-0.09797072410583496
-0.09786422550678253
-0.09775865823030472
-0.09765394777059555
-0.09754998236894608
-0.09744665026664734
-0.09734384715557098
-0.09724147617816925
-0.09713941067457199
-0.09703757613897324
-0.09693589061498642
-0.09683427214622498
-0.09673266112804413
-0.09663102030754089
-0.09652930498123169
-0.09642750769853592
-0.09632562100887299
-0.09622364491224289
-0.09612160921096802
-0.09601952880620956
-0.09591743350028992
-0.09581535309553146
-0.09571332484483719
-0.09561137109994888
-0.09550952166318893
-0.09540781378746033
-0.09530624002218246
-0.09520481526851654
-0.09510353207588196
-0.09500238299369812
-0.09490136802196503
-0.09480046480894089
-0.09469963610172272
-0.09459886699914932
-0.09449812769889832
-0.0943974107503891
-0.09429670870304108
-0.09419600665569305
-0.09409530460834503
-0.0939946249127388
-0.09389396011829376
-0.0937933549284935
-0.0936928391456604
-0.09359245002269745
-0.09349223226308823
-0.09339223057031631
-0.09329249709844589
-0.09319307655096054
-0.09309402108192444
-0.09299536794424057
-0.09289715439081192
-0.09279941022396088
-0.09270215779542923
-0.09260538220405579
-0.09250908344984055
-0.09241324663162231
-0.0923178493976593
-0.09222284704446793
-0.0921282023191452
-0.09203384816646576
-0.09193974733352661
-0.09184583276510239
-0.09175203740596771
-0.09165830910205841
-0.0915645956993103
-0.091470867395401
-0.09137707203626633
-0.09128319472074509
-0.09118923544883728
-0.09109518676996231
-0.09100105613470078
-0.09090685099363327
-0.09081260859966278
-0.09071837365627289
-0.09062420576810837
-0.09053013473749161
-0.09043624252080917
-0.09034257382154465
-0.09024921804666519
-0.09015621989965439
-0.09006363898515701
-0.08997153490781784
-0.08987997472286224
-0.08978897333145142
-0.08969859033823013
-0.08960885554552078
-0.08951977640390396
-0.08943136781454086
-0.08934362232685089
-0.08925655484199524
-0.08917014300823212
-0.08908434957265854
-0.08899911493062973
-0.08891439437866211
-0.0888301208615303
-0.08874621242284775
-0.08866258710622787
-0.08857916295528412
-0.08849580585956573
-0.08841241151094437
-0.08832885324954987
-0.08824499696493149
-0.08816072344779968
-0.0880759060382843
-0.08799043297767639
-0.0879041776061058
-0.08781703561544418
-0.08772891014814377
-0.08763971924781799
-0.08754938840866089
-0.08745787292718887
-0.08736515045166016
-0.08727120608091354
-0.08717606216669083
-0.08707974851131439
-0.08698233962059021
-0.08688391745090485
-0.08678459376096725
-0.08668452501296997
-0.08658386766910553
-0.08648280054330826
-0.08638153970241547
-0.08628027141094208
-0.08617923408746719
-0.08607863634824753
-0.08597870171070099
-0.08587966859340668
-0.08578173071146011
-0.08568510413169861
-0.08558996766805649
-0.08549647033214569
-0.08540477603673935
-0.08531498163938522
-0.08522720634937286
-0.08514147996902466
-0.08505783975124359
-0.08497626334428787
-0.08489669859409332
-0.08481906354427338
-0.08474322408437729
-0.08466903120279312
-0.08459630608558655
-0.08452483266592026
-0.08445437997579575
-0.08438469469547272
-0.08431552350521088
-0.08424657583236694
-0.08417758345603943
-0.08410829305648804
-0.08403844386339188
-0.08396780490875244
-0.08389618247747421
-0.08382339775562286
-0.08374930918216705
-0.08367381989955902
-0.08359687775373459
-0.08351843804121017
-0.08343854546546936
-0.08335726708173752
-0.08327469974756241
-0.08319098502397537
-0.08310630917549133
-0.0830208957195282
-0.08293496072292328
-0.08284875750541687
-0.08276251703500748
-0.08267651498317719
-0.08259099721908569
-0.08250619471073151
-0.08242231607437134
-0.08233953267335892
-0.08225798606872559
-0.08217780292034149
-0.08209902793169022
-0.08202168345451355
-0.0819457620382309
-0.08187119662761688
-0.08179789036512375
-0.08172571659088135
-0.08165450394153595
-0.08158409595489502
-0.08151428401470184
-0.08144485950469971
-0.0813756138086319
-0.0813063383102417
-0.08123687654733658
-0.08116704225540161
-0.08109670132398605
-0.08102574199438095
-0.08095408231019974
-0.08088167011737823
-0.08080849051475525
-0.08073456585407257
-0.08065997809171677
-0.08058478683233261
-0.08050908893346786
-0.08043301105499268
-0.08035667985677719
-0.08028022944927216
-0.08020377159118652
-0.08012744784355164
-0.08005136251449585
-0.07997559756040573
-0.07990023493766785
-0.07982529699802399
-0.07975079864263535
-0.07967673242092133
-0.07960306107997894
-0.07952971756458282
-0.07945664972066879
-0.07938375324010849
-0.07931091636419296
-0.07923804968595505
-0.07916504889726639
-0.07909180223941803
-0.07901822030544281
-0.07894419878721237
-0.07886967062950134
-0.07879456877708435
-0.07871886342763901
-0.07864252477884293
-0.07856551557779312
-0.07848784327507019
-0.07840952277183533
-0.07833056896924973
-0.07825099676847458
-0.07817081362009048
-0.07809005677700043
-0.0780087411403656
-0.0779268890619278
-0.07784450799226761
-0.07776161283254623
-0.07767819613218307
-0.07759425789117813
-0.07750978320837021
-0.07742474973201752
-0.07733914256095886
-0.07725297659635544
-0.07716622948646545
-0.07707889378070831
-0.07699098438024521
-0.07690251618623734
-0.07681354135274887
-0.07672411948442459
-0.07663431018590927
-0.07654418051242828
-0.07645383477210999
-0.07636339217424393
-0.07627294212579727
-0.07618261128664017
-0.07609253376722336
-0.07600283622741699
-0.07591362297534943
-0.07582501322031021
-0.07573713362216949
-0.07565008848905563
-0.07556395977735519
-0.07547882944345474
-0.07539478689432144
-0.07531191408634186
-0.07523027807474136
-0.07514992356300354
-0.07507092505693436
-0.0749933272600174
-0.07491718232631683
-0.07484253495931625
-0.07476943731307983
-0.07469794154167175
-0.0746280774474144
-0.07455990463495255
-0.07449343800544739
-0.0744287297129631
-0.07436579465866089
-0.07430464029312134
-0.07424526661634445
-0.07418764382600784
-0.07413174211978912
-0.07407753169536591
-0.07402493804693222
-0.0739738866686821
-0.07392428070306778
-0.07387600839138031
-0.07382894307374954
-0.07378297299146652
-0.0737379714846611
-0.07369381934404373
-0.07365036755800247
-0.07360753417015076
-0.07356519997119904
-0.07352325320243835
-0.07348161935806274
-0.07344021648168564
-0.07339899241924286
-0.07335790991783142
-0.07331694662570953
-0.073276087641716
-0.07323533296585083
-0.0731947049498558
-0.07315421104431152
-0.07311389595270157
-0.07307379692792892
-0.07303394377231598
-0.07299437373876572
-0.07295510917901993
-0.07291619479656219
-0.0728776603937149
-0.07283951342105865
-0.07280175387859344
-0.07276439666748047
-0.07272743433713913
-0.07269084453582764
-0.07265462726354599
-0.0726187601685524
-0.07258321344852448
-0.07254797965288162
-0.07251303642988205
-0.07247837632894516
-0.07244396954774857
-0.07240979373455048
-0.07237585633993149
-0.0723421648144722
-0.07230870425701141
-0.07227548956871033
-0.07224255055189133
-0.0722099095582962
-0.07217760384082794
-0.07214568555355072
-0.07211421430110931
-0.0720832571387291
-0.07205288112163544
-0.0720231756567955
-0.07199421525001526
-0.07196611166000366
-0.07193896174430847
-0.07191284000873566
-0.07188784331083298
-0.0718640461564064
-0.07184150815010071
-0.07182028889656067
-0.07180041819810867
-0.07178190350532532
-0.07176472246646881
-0.07174881547689438
-0.07173411548137665
-0.07172051817178726
-0.07170785218477249
-0.0716959610581398
-0.07168461382389069
-0.07167355716228485
-0.071662537753582
-0.07165124267339706
-0.07163937389850616
-0.07162660360336304
-0.07161260396242142
-0.07159703969955444
-0.07157962769269943
-0.07156006246805191
-0.07153810560703278
-0.07151352614164352
-0.07148616760969162
-0.07145591080188751
-0.07142268866300583
-0.07138650864362717
-0.0713474377989769
-0.07130560278892517
-0.07126118242740631
-0.07121444493532181
-0.07116570323705673
-0.07111530005931854
-0.07106363028287888
-0.07101114094257355
-0.07095827162265778
-0.07090549170970917
-0.07085323333740234
-0.07080195099115372
-0.07075203210115433
-0.07070386409759521
-0.07065774500370026
-0.07061394304037094
-0.0705726370215416
-0.07053392380475998
-0.07049784809350967
-0.0704643577337265
-0.07043332606554031
-0.0704045444726944
-0.07037772238254547
-0.07035253196954727
-0.07032858580350876
-0.07030545175075531
-0.07028267532587051
-0.07025981694459915
-0.07023642957210541
-0.07021208107471466
-0.07018636167049408
-0.07015891373157501
-0.07012944668531418
-0.07009773701429367
-0.07006362825632095
-0.07002704590559006
-0.06998799741268158
-0.06994655728340149
-0.06990288943052292
-0.06985720992088318
-0.06980978697538376
-0.06976091861724854
-0.06971096247434616
-0.06966027617454529
-0.06960920989513397
-0.06955810636281967
-0.06950729340314865
-0.0694570317864418
-0.06940754503011703
-0.06935899704694748
-0.06931146234273911
-0.0692649632692337
-0.0692194402217865
-0.06917477399110794
-0.06913077831268311
-0.06908721476793289
-0.06904377788305283
-0.06900015473365784
-0.06895600259304047
-0.06891097128391266
-0.06886471807956696
-0.06881691515445709
-0.06876729428768158
-0.06871562451124191
-0.06866173446178436
-0.06860552728176117
-0.06854696571826935
-0.06848607957363129
-0.06842297315597534
-0.06835781037807465
-0.06829079985618591
-0.06822221726179123
-0.06815236806869507
-0.0680815652012825
-0.06801013648509979
-0.0679384171962738
-0.06786670535802841
-0.0677952915430069
-0.06772442907094955
-0.06765430420637131
-0.06758509576320648
-0.06751688569784164
-0.06744975596666336
-0.06738369911909103
-0.06731870025396347
-0.0672546923160553
-0.06719160079956055
-0.06712930649518967
-0.0670677125453949
-0.06700669974088669
-0.06694618612527847
-0.06688608229160309
-0.06682632863521576
-0.06676690280437469
-0.0667077898979187
-0.06664901226758957
-0.06659059971570969
-0.06653263419866562
-0.06647516787052155
-0.06641829013824463
-0.06636205315589905
-0.06630653142929077
-0.06625175476074219
-0.0661977231502533
-0.0661444216966629
-0.06609176099300385
-0.06603965908288956
-0.0659879595041275
-0.06593649834394455
-0.06588505208492279
-0.06583341211080551
-0.06578132510185242
-0.06572855263948441
-0.06567484885454178
-0.06561999022960663
-0.06556379050016403
-0.06550610810518265
-0.06544683128595352
-0.06538591533899307
-0.06532333791255951
-0.06525914371013641
-0.06519342213869095
-0.06512632966041565
-0.06505805253982544
-0.06498882174491882
-0.0649188905954361
-0.06484852731227875
-0.06477802246809006
-0.0647076815366745
-0.06463777273893356
-0.06456857174634933
-0.06450033187866211
-0.0644332692027092
-0.06436756998300552
-0.06430342048406601
-0.06424093991518021
-0.06418023258447647
-0.06412135809659958
-0.06406434625387192
-0.06400921195745468
-0.06395591795444489
-0.06390442699193954
-0.06385467946529388
-0.06380658596754074
-0.06376004964113235
-0.06371494382619858
-0.06367111951112747
-0.06362844258546829
-0.0635867565870285
-0.06354590505361557
-0.06350569427013397
-0.06346596777439117
-0.06342653185129166
-0.06338721513748169
-0.06334781646728516
-0.06330817192792892
-0.06326811015605927
-0.06322747468948364
-0.06318613886833191
-0.0631440132856369
-0.06310100108385086
-0.0630570575594902
-0.06301216036081314
-0.06296630203723907
-0.06291953474283218
-0.06287191808223724
-0.06282351911067963
-0.06277446448802948
-0.06272486597299576
-0.06267485767602921
-0.06262456625699997
-0.06257413327693939
-0.06252369284629822
-0.0624733567237854
-0.0624232329428196
-0.06237341463565826
-0.06232395023107529
-0.06227489560842514
-0.06222627311944962
-0.0621781013906002
-0.06213035807013512
-0.06208302825689316
-0.06203608587384224
-0.06198949739336967
-0.06194321811199188
-0.06189720705151558
-0.06185143068432808
-0.06180586293339729
-0.06176048517227173
-0.06171528622508049
-0.06167025491595268
-0.0616254024207592
-0.06158074364066124
-0.06153628975152969
-0.06149206310510635
-0.06144809722900391
-0.06140441820025444
-0.06136105209589005
-0.06131801009178162
-0.06127531826496124
-0.06123297289013863
-0.06119097024202347
-0.06114929169416428
-0.06110790371894836
-0.06106676533818245
-0.06102583184838295
-0.06098503991961479
-0.0609443299472332
-0.0609036311507225
-0.06086287647485733
-0.06082198396325111
-0.06078090146183968
-0.06073956191539764
-0.06069791689515114
-0.06065593287348747
-0.06061359122395515
-0.06057086586952209
-0.06052777171134949
-0.06048432737588882
-0.06044057011604309
-0.06039654836058617
-0.06035233661532402
-0.06030801683664322
-0.06026365980505943
-0.06021936982870102
-0.06017523631453514
-0.06013135239481926
-0.06008780375123024
-0.06004467979073524
-0.06000204756855965
-0.05995994806289673
-0.05991842597723007
-0.05987750738859177
-0.05983718112111092
-0.05979742482304573
-0.05975820124149323
-0.05971945077180862
-0.05968111008405685
-0.05964311212301254
-0.05960536375641823
-0.05956780165433884
-0.05953032523393631
-0.05949285998940468
-0.05945534259080887
-0.05941770970821381
-0.05937991663813591
-0.05934193730354309
-0.05930376052856445
-0.0592653751373291
-0.05922680720686913
-0.05918808281421661
-0.05914925411343575
-0.0591103695333004
-0.05907149985432625
-0.05903272330760956
-0.0589941032230854
-0.05895571783185005
-0.05891764163970947
-0.05887993425130844
-0.05884265154600143
-0.05880583822727203
-0.05876952037215233
-0.05873372405767441
-0.05869843438267708
-0.05866364389657974
-0.05862931907176971
-0.05859543010592461
-0.05856192484498024
-0.05852874740958214
-0.05849583446979523
-0.05846312269568443
-0.05843054503202438
-0.05839802324771881
-0.05836549773812294
-0.0583328977227211
-0.05830016359686852
-0.05826722830533981
-0.05823404341936111
-0.05820054560899734
-0.05816668644547462
-0.05813242867588997
-0.0580977238714695
-0.05806253850460052
-0.05802683904767036
-0.05799058824777603
-0.05795374885201454
-0.0579163022339344
-0.05787820741534233
-0.05783943831920624
-0.05779996886849403
-0.05775976553559303
-0.05771879851818085
-0.05767705291509628
-0.05763450264930725
-0.05759114027023315
-0.0575469546020031
-0.05750194564461708
-0.05745610967278481
-0.05740946903824806
-0.05736203864216805
-0.05731385573744774
-0.05726496875286102
-0.05721542984247208
-0.05716528743505478
-0.057114627212286
-0.05706352740526199
-0.05701207369565964
-0.05696035921573639
-0.0569084957242012
-0.05685660243034363
-0.05680479109287262
-0.05675318837165833
-0.0567019134759903
-0.05665110051631927
-0.05660086870193481
-0.05655133724212646
-0.05650261417031288
-0.05645480379462242
-0.05640798807144165
-0.05636224150657654
-0.05631761997938156
-0.0562741793692112
-0.05623193085193634
-0.05619088560342789
-0.05615102872252464
-0.05611232295632362
-0.05607471242547035
-0.05603813752532005
-0.05600249394774437
-0.05596768110990524
-0.05593357607722282
-0.05590004473924637
-0.05586695671081543
-0.05583415552973747
-0.05580149963498116
-0.05576883256435394
-0.05573602020740509
-0.05570291727781296
-0.05566940829157829
-0.05563537776470184
-0.05560074374079704
-0.05556543916463852
-0.05552941933274269
-0.05549265444278717
-0.05545514822006226
-0.05541692674160004
-0.05537803843617439
-0.0553385391831398
-0.05529851838946342
-0.05525806918740273
-0.05521730333566666
-0.05517633259296417
-0.05513528361916542
-0.05509426444768906
-0.05505339801311493
-0.05501279234886169
-0.05497254431247711
-0.05493273958563805
-0.05489343777298927
-0.05485469847917557
-0.05481655895709991
-0.05477901920676231
-0.05474208295345306
-0.05470572039484978
-0.05466987937688828
-0.05463451147079468
-0.05459953099489212
-0.05456484854221344
-0.05453037470579147
-0.05449602007865906
-0.05446168780326843
-0.05442728474736214
-0.05439272522926331
-0.05435794219374657
-0.05432288348674774
-0.05428749322891235
-0.05425175651907921
-0.05421566590666771
-0.05417923629283905
-0.05414249375462532
-0.05410547181963921
-0.05406823009252548
-0.05403084307909012
-0.05399338901042938
-0.05395594984292984
-0.05391861125826836
-0.0538814552128315
-0.05384456366300583
-0.05380799621343613
-0.05377181619405746
-0.05373605340719223
-0.05370074138045311
-0.0536658875644207
-0.05363146215677261
-0.05359745025634766
-0.05356379225850105
-0.05353042855858803
-0.05349727720022202
-0.05346425995230675
-0.05343128368258476
-0.0533982552587986
-0.05336508899927139
-0.05333170294761658
-0.05329803377389908
-0.05326402932405472
-0.05322965607047081
-0.05319490283727646
-0.05315976962447166
-0.05312428623437881
-0.05308849737048149
-0.05305247381329536
-0.05301628261804581
-0.05298002064228058
-0.05294377729296684
-0.05290764942765236
-0.05287172272801399
-0.05283607915043831
-0.05280079320073128
-0.05276591703295708
-0.05273149535059929
-0.05269754305481911
-0.05266404896974564
-0.05263099446892738
-0.05259832739830017
-0.05256599932909012
-0.05253392830491066
-0.05250203609466553
-0.05247022584080696
-0.0524384044110775
-0.05240647122263908
-0.05237434431910515
-0.05234195291996002
-0.05230923369526863
-0.05227614566683769
-0.05224265903234482
-0.05220876634120941
-0.05217447876930237
-0.05213984102010727
-0.05210490152239799
-0.05206973850727081
-0.0520344115793705
-0.05199901759624481
-0.05196364223957062
-0.05192836374044418
-0.05189324542880058
-0.05185835435986519
-0.05182372406125069
-0.05178937688469887
-0.05175532028079033
-0.05172153562307358
-0.05168798565864563
-0.05165461823344231
-0.05162135884165764
-0.05158812925219536
-0.051554836332798
-0.05152139067649841
-0.05148770660161972
-0.05145369842648506
-0.05141929537057877
-0.05138444527983665
-0.05134909600019455
-0.05131321772933006
-0.05127681046724319
-0.05123986676335335
-0.05120241641998291
-0.05116448923945427
-0.05112612247467041
-0.05108736082911491
-0.05104825273156166
-0.05100883916020393
-0.05096917599439621
-0.05092929303646088
-0.05088921636343002
-0.05084896460175514
-0.05080853775143623
-0.050767932087183
-0.05072711408138275
-0.05068605020642281
-0.05064470320940018
-0.05060302093625069
-0.05056095868349075
-0.0505184680223465
-0.05047550424933434
-0.05043202266097069
-0.05038799345493317
-0.05034339427947998
-0.05029822513461113
-0.05025248974561691
-0.05020621046423912
-0.05015942454338074
-0.05011217296123505
-0.05006451532244682
-0.05001651868224144
-0.04996825382113457
-0.04991978779435158
-0.04987119510769844
-0.04982254654169083
-0.04977390170097351
-0.04972532764077187
-0.04967688024044037
-0.0496286042034626
-0.04958054795861244
-0.04953275248408318
-0.04948524013161659
-0.04943804442882538
-0.04939119517803192
-0.04934471845626831
-0.04929863288998604
-0.04925297200679779
-0.04920776560902596
-0.04916304349899292
-0.04911883920431137
-0.04907518625259399
-0.04903212934732437
-0.04898969829082489
-0.04894793778657913
-0.04890687763690948
-0.04886655136942863
-0.04882699251174927
-0.04878821969032288
-0.04875024408102036
-0.048713069409132
-0.04867668822407722
-0.04864109307527542
-0.0486062578856945
-0.04857214167714119
-0.04853871464729309
-0.04850591719150543
-0.04847370460629463
-0.04844200983643532
-0.04841076955199242
-0.04837992042303085
-0.04834938794374466
-0.04831911623477936
-0.04828903451561928
-0.04825907573103905
-0.04822918027639389
-0.04819928854703903
-0.04816934838891029
-0.0481393039226532
-0.04810912162065506
-0.048078753054142
-0.04804816842079163
-0.04801733046770096
-0.0479862280189991
-0.04795483499765396
-0.04792315140366554
-0.04789115488529205
-0.04785884916782379
-0.04782623425126076
-0.04779333248734474
-0.04776015132665634
-0.04772672057151794
-0.04769306257367134
-0.04765921086072922
-0.04762520641088486
-0.04759107902646065
-0.04755688086152077
-0.0475226603448391
-0.04748846590518951
-0.0474543385207653
-0.04742032662034035
-0.04738646745681763
-0.04735280573368073
-0.04731938242912292
-0.04728623479604721
-0.04725339636206627
-0.04722088202834129
-0.04718871042132378
-0.04715689644217491
-0.0471254475414753
-0.04709436371922493
-0.04706364125013351
-0.04703326150774956
-0.04700321704149246
-0.04697347804903984
-0.0469440184533596
-0.04691480472683907
-0.04688580706715584
-0.04685698077082634
-0.04682829231023788
-0.04679970070719719
-0.04677116870880127
-0.04674265906214714
-0.04671412706375122
-0.04668554663658142
-0.04665688797831535
-0.04662811383605003
-0.04659920558333397
-0.04657014459371567
-0.04654092714190483
-0.04651154577732086
-0.04648199304938316
-0.04645228385925293
-0.04642243310809135
-0.04639245942234993
-0.04636238142848015
-0.0463322326540947
-0.04630203545093536
-0.04627183824777603
-0.04624166712164879
-0.04621156677603722
-0.0461815632879734
-0.04615171253681183
-0.04612204805016518
-0.04609260708093643
-0.04606342688202858
-0.0460345521569252
-0.04600600898265839
-0.04597783461213112
-0.04595004767179489
-0.04592268168926239
-0.04589575901627541
-0.04586929827928543
-0.04584332183003426
-0.04581784084439278
-0.04579287022352219
-0.04576840624213219
-0.04574445262551308
-0.04572100937366486
-0.04569806531071663
-0.04567562416195869
-0.04565366730093956
-0.04563218727707863
-0.0456111803650856
-0.04559062793850899
-0.04557052627205849
-0.04555086046457291
-0.04553163796663284
-0.0455128513276577
-0.04549450054764748
-0.04547658562660217
-0.04545911774039268
-0.04544210061430931
-0.04542555287480354
-0.04540948569774628
-0.04539391398429871
-0.04537886381149292
-0.04536435380578041
-0.04535040259361267
-0.04533703252673149
-0.04532426968216896
-0.04531213268637657
-0.04530063644051552
-0.0452897846698761
-0.04527958482503891
-0.04527003318071365
-0.04526112228631973
-0.04525283724069595
-0.04524514079093933
-0.04523799940943718
-0.04523135721683502
-0.04522515088319778
-0.04521932080388069
-0.04521378129720688
-0.04520844295620918
-0.04520322382450104
-0.04519801959395409
-0.04519273340702057
-0.04518726468086243
-0.04518150165677071
-0.04517535865306854
-0.04516873881220818
-0.04516155645251274
-0.04515372961759567
-0.0451451875269413
-0.04513585567474365
-0.04512568935751915
-0.04511464014649391
-0.04510267078876495
-0.04508976265788078
-0.04507589712738991
-0.04506107419729233
-0.04504530876874924
-0.04502861201763153
-0.045011006295681
-0.04499252885580063
-0.0449732169508934
-0.0449531152844429
-0.0449322797358036
-0.04491075128316879
-0.04488859325647354
-0.04486587271094322
-0.04484264925122261
-0.04481898993253708
-0.0447949580848217
-0.04477062821388245
-0.04474607482552528
-0.04472136124968529
-0.04469656199216843
-0.04467175528407097
-0.04464701190590858
-0.04462240263819695
-0.04459800943732262
-0.04457389563322067
-0.04455013573169708
-0.04452678933739662
-0.04450391978025436
-0.04448158293962479
-0.04445981606841087
-0.04443866387009621
-0.04441814869642258
-0.04439829289913177
-0.0443791039288044
-0.04436057806015015
-0.04434269294142723
-0.04432543367147446
-0.04430876299738884
-0.0442926213145256
-0.04427695646882057
-0.04426169395446777
-0.04424675181508064
-0.04423204809427261
-0.04421749711036682
-0.04420299828052521
-0.04418846592307091
-0.04417379572987556
-0.04415891319513321
-0.04414371401071548
-0.04412813484668732
-0.04411209374666214
-0.04409553483128548
-0.04407841712236404
-0.04406069964170456
-0.04404236748814583
-0.04402340948581696
-0.04400382936000824
-0.04398364946246147
-0.04396290332078934
-0.04394163563847542
-0.04391989856958389
-0.04389777034521103
-0.0438753180205822
-0.04385263100266457
-0.04382979497313499
-0.04380689561367035
-0.04378402233123779
-0.04376126453280449
-0.04373870044946671
-0.04371640086174011
-0.04369442909955978
-0.0436728373169899
-0.04365168139338493
-0.04363097995519638
-0.04361075907945633
-0.04359102621674538
-0.04357177019119263
-0.04355297610163689
-0.04353462159633636
-0.04351665079593658
-0.04349902272224426
-0.04348167404532433
-0.0434645488858223
-0.0434475876390934
-0.04343071579933167
-0.04341386631131172
-0.0433969609439373
-0.04337993636727333
-0.04336274042725563
-0.04334530606865883
-0.04332758486270905
-0.04330954700708389
-0.04329117015004158
-0.04327243193984032
-0.04325332492589951
-0.04323386773467064
-0.04321406781673431
-0.04319395124912262
-0.04317355155944824
-0.04315290972590446
-0.04313207790255547
-0.04311111569404602
-0.0430900827050209
-0.0430690310895443
-0.04304802417755127
-0.0430271103978157
-0.04300634190440178
-0.04298575967550278
-0.04296540096402168
-0.04294529557228088
-0.04292546212673187
-0.04290591552853584
-0.04288665577769279
-0.04286768287420273
-0.04284897819161415
-0.04283052682876587
-0.04281230270862579
-0.04279426857829094
-0.04277638718485832
-0.04275862500071526
-0.04274093732237816
-0.04272328317165375
-0.04270562157034874
-0.04268791154026985
-0.0426701232790947
-0.04265221953392029
-0.04263417422771454
-0.04261597245931625
-0.04259759932756424
-0.0425790436565876
-0.04256031289696693
-0.04254141449928284
-0.0425223670899868
-0.04250318929553032
-0.04248390719294548
-0.04246455803513527
-0.04244517534971237
-0.04242579266428947
-0.04240644723176956
-0.04238716885447502
-0.04236799478530884
-0.0423489473760128
-0.042330052703619
-0.04231131076812744
-0.04229273647069931
-0.04227431863546371
-0.04225606098771095
-0.04223794490098953
-0.04221994429826736
-0.04220203682780266
-0.04218418896198273
-0.04216636344790459
-0.04214852303266525
-0.04213062301278114
-0.04211262986063957
-0.04209450632333755
-0.042076226323843
-0.04205775260925293
-0.04203906282782555
-0.04202013090252876
-0.04200094938278198
-0.04198149964213371
-0.04196177423000336
-0.04194178059697151
-0.04192151501774788
-0.04190099984407425
-0.04188024252653122
-0.04185924679040909
-0.04183804243803024
-0.04181664437055588
-0.04179507121443748
-0.04177334159612656
-0.04175146669149399
-0.04172945767641068
-0.04170732572674751
-0.0416850745677948
-0.04166271165013313
-0.04164024069905281
-0.04161764681339264
-0.04159492626786232
-0.04157206788659096
-0.04154905304312706
-0.04152586311101913
-0.04150248691439629
-0.04147889092564583
-0.04145506769418716
-0.04143098741769791
-0.04140663892030716
-0.04138200730085373
-0.04135706648230553
-0.04133180901408195
-0.04130621626973152
-0.04128028452396393
-0.04125400260090828
-0.04122736677527428
-0.04120037332177162
-0.04117302224040031
-0.04114530980587006
-0.04111724346876144
-0.04108883067965508
-0.04106007143855095
-0.04103097319602966
-0.04100154340267181
-0.040971789509058
-0.04094171524047852
-0.04091133922338486
-0.04088066890835762
-0.0408497229218483
-0.04081851243972778
-0.04078706353902817
-0.04075539112091064
-0.0407235249876976
-0.04069149494171143
-0.04065932705998421
-0.04062705859541893
-0.04059473052620888
-0.04056239128112793
-0.04053008556365967
-0.04049786552786827
-0.04046578705310822
-0.04043390229344368
-0.04040227457880974
-0.04037095233798027
-0.04033998772501945
-0.04030944779515266
-0.04027937725186348
-0.04024982452392578
-0.04022081941366196
-0.04019241034984589
-0.04016462340950966
-0.04013748094439507
-0.0401109866797924
-0.04008514806628227
-0.04005996882915497
-0.0400354340672493
-0.04001151770353317
-0.0399882048368454
-0.03996545821428299
-0.03994324430823326
-0.03992152214050293
-0.03990025073289871
-0.03987938165664673
-0.0398588627576828
-0.03983864933252335
-0.03981868922710419
-0.03979893028736115
-0.03977931663393974
-0.039759811013937
-0.03974035009741783
-0.03972089290618896
-0.03970139101147652
-0.03968178480863571
-0.03966204077005386
-0.03964211791753769
-0.03962197527289391
-0.03960157185792923
-0.03958088532090187
-0.03955988958477974
-0.03953855484724045
-0.0395168699324131
-0.0394948236644268
-0.03947241604328156
-0.03944963589310646
-0.03942649438977242
-0.03940300270915031
-0.03937917947769165
-0.03935504704713821
-0.0393306277692318
-0.03930595517158508
-0.03928105905652046
-0.03925598040223122
-0.03923075273633003
-0.03920542821288109
-0.03918005153536797
-0.03915467113256454
-0.03912933170795441
-0.03910408541560173
-0.0390789806842804
-0.03905405104160309
-0.03902935236692429
-0.03900492191314697
-0.03898079320788383
-0.03895700350403786
-0.03893357142806053
-0.03891052678227425
-0.03888788819313049
-0.03886566683650017
-0.03884385898709297
-0.03882246091961861
-0.03880146890878677
-0.03878087550401688
-0.03876065835356712
-0.03874079510569572
-0.03872126713395119
-0.03870203346014023
-0.03868306800723076
-0.03866433352231979
-0.03864580020308495
-0.03862742334604263
-0.03860916197299957
-0.03859098255634308
-0.03857284784317017
-0.03855472058057785
-0.03853656724095345
-0.03851835429668427
-0.03850005939602852
-0.03848166763782501
-0.03846316784620285
-0.03844455257058144
-0.03842582553625107
-0.03840700164437294
-0.03838809207081795
-0.03836912661790848
-0.03835014626383781
-0.03833119198679924
-0.03831231594085693
-0.03829357773065567
-0.03827502578496933
-0.03825672715902328
-0.03823874890804291
-0.03822115436196327
-0.03820400685071945
-0.03818736225366592
-0.03817129135131836
-0.03815583884716034
-0.03814104944467545
-0.03812696784734726
-0.03811362385749817
-0.03810103610157967
-0.03808922320604324
-0.0380781888961792
-0.03806792944669724
-0.03805843740701675
-0.03804969787597656
-0.03804167732596397
-0.0380343459546566
-0.03802766278386116
-0.03802159056067467
-0.03801606968045235
-0.03801105543971062
-0.038006491959095
-0.03800233453512192
-0.03799853101372719
-0.03799503296613693
-0.03799179941415787
-0.03798878937959671
-0.03798595815896988
-0.03798328712582588
-0.03798073157668114
-0.03797826915979385
-0.03797588124871254
-0.03797353804111481
-0.03797121345996857
-0.03796889632940292
-0.03796656429767609
-0.03796419501304626
-0.03796175867319107
-0.03795924037694931
-0.0379566103219986
-0.03795383870601654
-0.03795089945197105
-0.03794775903224945
-0.03794438019394875
-0.03794072195887566
-0.0379367470741272
-0.03793241083621979
-0.03792767226696014
-0.03792248666286469
-0.03791680932044983
-0.03791059553623199
-0.0379037968814373
-0.03789637610316277
-0.0378882922232151
-0.03787951916456223
-0.03787002712488174
-0.03785979002714157
-0.03784878924489021
-0.03783702477812767
-0.03782448545098305
-0.03781118243932724
-0.03779713436961174
-0.03778236731886864
-0.03776691854000092
-0.03775083646178246
-0.03773418441414833
-0.03771701455116272
-0.03769940510392189
-0.03768143057823181
-0.03766316920518875
-0.03764472156763077
-0.03762616217136383
-0.0376075841486454
-0.03758908063173294
-0.03757074475288391
-0.03755265101790428
-0.03753487765789032
-0.03751750290393829
-0.03750059008598328
-0.03748419135808945
-0.03746835887432098
-0.03745312616229057
-0.0374385230243206
-0.03742456063628197
-0.03741124644875526
-0.0373985692858696
-0.03738651424646378
-0.03737505152821541
-0.03736414015293121
-0.03735373169183731
-0.03734377026557922
-0.03733419999480247
-0.0373249426484108
-0.03731593117117882
-0.03730709478259087
-0.03729835152626038
-0.03728963062167168
-0.0372808538377285
-0.03727195784449577
-0.03726287186145782
-0.03725353255867958
-0.03724387660622597
-0.0372338555753231
-0.03722343221306801
-0.0372125618159771
-0.03720122575759888
-0.03718939423561096
-0.03717705979943275
-0.03716422244906425
-0.03715088963508606
-0.03713707253336906
-0.03712279349565506
-0.03710807487368584
-0.03709295764565468
-0.03707747161388397
-0.0370616689324379
-0.03704559803009033
-0.03702929615974426
-0.03701283037662506
-0.03699624165892601
-0.03697958588600159
-0.03696291521191597
-0.03694627061486244
-0.03692970052361488
-0.03691324964165688
-0.03689694404602051
-0.03688081726431847
-0.03686488792300224
-0.03684916719794273
-0.03683366626501083
-0.03681838884949684
-0.03680332750082016
-0.03678848221898079
-0.03677383810281754
-0.03675936907529831
-0.03674504160881042
-0.03673082962632179
-0.03671669587492943
-0.03670260310173035
-0.03668851777911186
-0.03667440637946129
-0.03666022047400475
-0.03664593026041985
-0.03663149103522301
-0.03661688417196274
-0.03660207241773605
-0.03658704459667206
-0.03657177463173866
-0.03655626252293587
-0.03654049709439278
-0.03652448207139969
-0.0365082211792469
-0.03649174049496651
-0.03647506237030029
-0.03645821288228035
-0.03644122555851936
-0.03642413020133972
-0.0364069752395153
-0.0363897942006588
-0.03637263178825378
-0.03635552898049355
-0.03633851557970047
-0.03632162511348724
-0.03630489483475685
-0.03628834709525108
-0.03627200797200203
-0.03625588119029999
-0.03623998165130615
-0.03622431308031082
-0.0362088643014431
-0.03619362413883209
-0.0361785776913166
-0.03616369888186455
-0.03614896535873413
-0.03613435477018356
-0.03611982613801956
-0.03610535338521004
-0.0360909067094326
-0.03607646375894547
-0.03606199845671654
-0.03604749962687492
-0.03603294491767883
-0.03601833432912827
-0.03600366786122322
-0.03598895668983459
-0.03597421571612358
-0.03595946729183197
-0.03594474866986275
-0.0359300896525383
-0.03591553494334221
-0.03590113297104836
-0.03588692843914032
-0.03587296977639198
-0.03585930913686752
-0.03584600239992142
-0.03583308309316635
-0.03582059592008591
-0.03580857440829277
-0.03579704836010933
-0.03578602895140648
-0.03577552735805511
-0.03576554730534554
-0.03575608879327774
-0.03574712947010994
-0.03573865070939064
-0.03573063015937805
-0.03572303056716919
-0.03571581095457077
-0.03570891916751862
-0.03570231050252914
-0.03569593653082848
-0.03568973764777184
-0.03568366914987564
-0.03567766770720482
-0.03567169606685638
-0.03566568717360497
-0.03565960377454758
-0.03565339371562004
-0.03564701601862907
-0.03564043715596199
-0.0356336236000061
-0.03562654182314873
-0.03561917319893837
-0.03561148047447205
-0.03560343384742737
-0.03559501096606255
-0.03558619692921638
-0.0355769619345665
-0.03556728735566139
-0.03555714339017868
-0.03554650768637657
-0.03553534671664238
-0.03552364185452461
-0.03551135957241058
-0.0354984812438488
-0.03548498079180717
-0.03547083213925362
-0.03545601293444633
-0.03544050455093384
-0.03542429581284523
-0.03540736809372902
-0.0353897251188755
-0.03537136316299438
-0.03535228595137596
-0.03533250465989113
-0.03531204164028168
-0.03529092669487
-0.03526918962597847
-0.03524686396121979
-0.03522399067878723
-0.03520062193274498
-0.03517680615186691
-0.03515259921550751
-0.03512806445360184
-0.03510326519608498
-0.0350782535970211
-0.03505308926105499
-0.03502783551812172
-0.03500255197286606
-0.03497728332877159
-0.03495208919048309
-0.03492701426148415
-0.03490209951996803
-0.03487736731767654
-0.03485284373164177
-0.0348285473883152
-0.03480448946356773
-0.03478068485856056
-0.03475712984800339
-0.03473382070660591
-0.03471074625849724
-0.03468788787722588
-0.03466521576046944
-0.03464271128177643
-0.03462034091353416
-0.03459807857871056
-0.03457589447498322
-0.03455375507473946
-0.03453162685036659
-0.03450946882367134
-0.03448725864291191
-0.03446496650576591
-0.03444257006049156
-0.03442004323005676
-0.03439737483859062
-0.03437455743551254
-0.03435158729553223
-0.03432846441864967
-0.03430519625544548
-0.03428180515766144
-0.03425830602645874
-0.03423472121357918
-0.03421108797192574
-0.03418745473027229
-0.03416385129094124
-0.03414032608270645
-0.03411692753434181
-0.0340937040746212
-0.0340707004070282
-0.03404796496033669
-0.03402554616332054
-0.03400348126888275
-0.0339818075299263
-0.03396055102348328
-0.03393974527716637
-0.03391940146684647
-0.03389952704310417
-0.03388011828064919
-0.03386116027832031
-0.03384263068437576
-0.03382449224591255
-0.03380670771002769
-0.03378921374678612
-0.03377194330096245
-0.03375482186675072
-0.03373776376247406
-0.03372068330645561
-0.03370349481701851
-0.03368609026074409
-0.03366837650537491
-0.03365024924278259
-0.03363160789012909
-0.03361235186457634
-0.03359239175915718
-0.03357164189219475
-0.03355002403259277
-0.03352746367454529
-0.03350390493869781
-0.03347931429743767
-0.03345366939902306
-0.03342696279287338
-0.03339920192956924
-0.03337041288614273
-0.03334064781665802
-0.03330996632575989
-0.03327843546867371
-0.03324614092707634
-0.03321318700909615
-0.03317968547344208
-0.03314576670527458
-0.03311155363917351
-0.0330771766602993
-0.0330427847802639
-0.03300850093364716
-0.03297446668148041
-0.0329408161342144
-0.03290768340229988
-0.0328751765191555
-0.03284341096878052
-0.03281248360872269
-0.03278248384594917
-0.03275348246097565
-0.03272554278373718
-0.03269870206713676
-0.03267299383878708
-0.03264844045042992
-0.03262504935264587
-0.03260280191898346
-0.03258168324828148
-0.03256166353821754
-0.03254270553588867
-0.03252475708723068
-0.03250777721405029
-0.03249170258641243
-0.03247648105025291
-0.03246205300092697
-0.03244835883378983
-0.0324353352189064
-0.03242293372750282
-0.03241109848022461
-0.03239977732300758
-0.03238891810178757
-0.03237847983837128
-0.03236842155456543
-0.03235870599746704
-0.03234931081533432
-0.03234019875526428
-0.03233136236667633
-0.03232277184724808
-0.03231440484523773
-0.032306257635355
-0.03229830414056778
-0.03229054063558578
-0.03228296712040901
-0.03227555751800537
-0.03226831182837486
-0.03226122260093689
-0.03225427120923996
-0.03224745392799377
-0.03224075958132744
-0.03223418444395065
-0.03222772106528282
-0.03222136199474335
-0.03221508860588074
-0.0322088934481144
-0.03220276534557343
-0.03219671547412872
-0.03219073638319969
-0.03218482434749603
-0.03217898309230804
-0.03217322379350662
-0.03216753527522087
-0.03216194361448288
-0.03215645626187325
-0.03215108439326286
-0.03214583918452263
-0.03214073926210403
-0.03213580325245857
-0.03213104233145714
-0.03212647140026093
-0.03212210163474083
-0.03211793303489685
-0.03211397677659988
-0.03211022540926933
-0.0321066677570343
-0.03210330009460449
-0.03210009261965752
-0.03209701925516129
-0.03209403902292252
-0.03209111094474792
-0.03208817914128304
-0.03208519145846367
-0.03208208084106445
-0.03207877278327942
-0.0320751965045929
-0.03207127749919891
-0.0320669449865818
-0.032062117010355
-0.03205672279000282
-0.03205068781971931
-0.0320439450442791
-0.032036442309618
-0.03202812001109123
-0.03201894089579582
-0.03200887516140938
-0.03199790418148041
-0.03198601678013802
-0.0319732129573822
-0.03195951133966446
-0.03194495290517807
-0.03192957490682602
-0.03191343322396278
-0.03189660236239433
-0.03187916427850723
-0.03186120465397835
-0.03184282407164574
-0.03182413056492805
-0.03180523216724396
-0.0317862406373024
-0.03176727145910263
-0.03174844011664391
-0.03172985091805458
-0.03171161562204361
-0.03169382736086845
-0.03167658299207687
-0.03165996447205544
-0.03164404258131981
-0.03162886574864388
-0.03161448612809181
-0.03160093352198601
-0.03158822283148766
-0.03157635405659676
-0.03156530857086182
-0.03155505657196045
-0.03154556080698967
-0.031536765396595
-0.03152859583497047
-0.03152098506689072
-0.03151383996009827
-0.03150706738233566
-0.03150057047605515
-0.03149425238370895
-0.03148799762129784
-0.03148171678185463
-0.03147530183196068
-0.03146866708993912
-0.03146171942353249
-0.03145437687635422
-0.03144656494259834
-0.03143822401762009
-0.03142930567264557
-0.0314197763800621
-0.0314096100628376
-0.03139880299568176
-0.03138735517859459
-0.03137528151273727
-0.03136261180043221
-0.03134938701987267
-0.03133565932512283
-0.03132149577140808
-0.03130696341395378
-0.0312921367585659
-0.03127709776163101
-0.03126192465424538
-0.03124669566750526
-0.03123149462044239
-0.03121640160679817
-0.03120148554444313
-0.03118680790066719
-0.03117243200540543
-0.03115840069949627
-0.03114474937319756
-0.03113150596618652
-0.03111868351697922
-0.03110628947615623
-0.03109431453049183
-0.03108274564146996
-0.03107155114412308
-0.03106069937348366
-0.03105015121400356
-0.03103985637426376
-0.03102976828813553
-0.03101982921361923
-0.03100998885929585
-0.03100019134581089
-0.03099038265645504
-0.03098051436245441
-0.03097055107355118
-0.03096044436097145
-0.03095017187297344
-0.03093971125781536
-0.03092904202640057
-0.03091815859079361
-0.03090706095099449
-0.03089574724435806
-0.03088423050940037
-0.03087252750992775
-0.0308606531471014
-0.03084863163530827
-0.03083648346364498
-0.03082423657178879
-0.03081191517412663
-0.03079954721033573
-0.0307871550321579
-0.03077477216720581
-0.03076241537928581
-0.03075010515749454
-0.0307378564029932
-0.03072568960487843
-0.03071360662579536
-0.03070162236690521
-0.03068974055349827
-0.03067796677350998
-0.03066630288958549
-0.03065474331378937
-0.03064329549670219
-0.03063195012509823
-0.03062070533633232
-0.03060955554246902
-0.03059849888086319
-0.03058752417564392
-0.03057662583887577
-0.03056579455733299
-0.03055502288043499
-0.03054430149495602
-0.03053362667560577
-0.03052299097180367
-0.03051238507032394
-0.03050180338323116
-0.03049123659729958
-0.03048067539930344
-0.03047010488808155
-0.03045952692627907
-0.03044892475008965
-0.03043829277157784
-0.03042761795222759
-0.03041689097881317
-0.03040610626339912
-0.03039525076746941
-0.03038432076573372
-0.03037331253290176
-0.03036221861839294
-0.03035104088485241
-0.03033977746963501
-0.03032843954861164
-0.03031703643500805
-0.03030557930469513
-0.03029408678412437
-0.03028257191181183
-0.03027105890214443
-0.03025956638157368
-0.03024812415242195
-0.03023675084114075
-0.03022546879947186
-0.03021429665386677
-0.03020324930548668
-0.03019233979284763
-0.03018157184123993
-0.03017095662653446
-0.03016049228608608
-0.03015017881989479
-0.03014000691473484
-0.03012995980679989
-0.03012002818286419
-0.0301101915538311
-0.03010043129324913
-0.03009072132408619
-0.03008103929460049
-0.03007136844098568
-0.03006168641149998
-0.03005197271704674
-0.03004221431910992
-0.03003239631652832
-0.03002250753343105
-0.03001254424452782
-0.03000250272452831
-0.02999238483607769
-0.02998219430446625
-0.02997193671762943
-0.02996162511408329
-0.02995127439498901
-0.02994090132415295
-0.02993051521480083
-0.02992013469338417
-0.02990977093577385
-0.02989944256842136
-0.02988915517926216
-0.02987891435623169
-0.02986872009932995
-0.02985856868326664
-0.02984844893217087
-0.02983834408223629
-0.02982823736965656
-0.02981810458004475
-0.02980791218578815
-0.02979763224720955
-0.02978722751140594
-0.02977666445076466
-0.02976590767502785
-0.02975491993129253
-0.02974367327988148
-0.02973213791847229
-0.02972028590738773
-0.02970809675753117
-0.02969555743038654
-0.02968264557421207
-0.02966935373842716
-0.02965567633509636
-0.02964160963892937
-0.02962715551257133
-0.02961232140660286
-0.02959711104631424
-0.02958153933286667
-0.02956561557948589
-0.02954935654997826
-0.0295327790081501
-0.02951590158045292
-0.0294987391680479
-0.02948130667209625
-0.02946362271904945
-0.02944570034742355
-0.02942755445837975
-0.02940919809043407
-0.02939064800739288
-0.02937191724777222
-0.02935301698744297
-0.02933396399021149
-0.02931477129459381
-0.02929545566439629
-0.02927603013813496
-0.02925651334226131
-0.0292369294911623
-0.02921729721128941
-0.02919764630496502
-0.02917799539864063
-0.02915837615728378
-0.02913882024586201
-0.02911935560405254
-0.02910001389682293
-0.0290808379650116
-0.02906185016036034
-0.02904308959841728
-0.02902458980679512
-0.02900638245046139
-0.02898849546909332
