0
0
0
0
0
0
0
0
0
0
0
0
0
0
0
0
0
0
0
0
0
0
0
0
0
0
0
0
0
0
0
0
0
0
0
0
0
0
0
0
0
0
0
0
0
0
0
0
0
0
0
0
0
0
0
0
0
0
0
0
0
0
0
0
0
0
0
0
0
0
0
0
0
0
0
0
0
0
0
0
0
0
0
0
0
0
0
0
0
0
0
0
0
0
0
0
0
0
0
0
0
0
0
0
0
0
0
0
0
0
0
0
0
0
0
0
0
0
0
0
0
0
0
0
0
0
0
0
0
0
0
0
0
0
0
0
0
0
0
0
0
0
0
0
0
0
0
0
0
0
0
0
0
0
0
0
0
0
0
0
0
0
0
0
0
0
0
0
0
0
0
0
0
0
0
0
0
0
0
0
0
0
0
0
0
0
0
0
0
0
0
0
0
0
0
0
0
0
0
0
0
0
0
0
0
0
0
0
0
0
0
0
0
0
0
0
0
0
0
0
0
0
0
0
0
0
0
0
0
0
0
0
0
0
0
0
0
0
0
0
0
0
0
0
0
0
0
0
0
0
0
0
0
0
0
0
0
0
0
0
0
0
0
0
0
0
0
0
0
0
0
0
0
0
0
0
0
0
0
0
0
0
0
0
0
0
0
0
0
0
0
0
0
0
0
0
0
0
0
0
0
0
0
0
0
0
0
0
0
0
0
0
0
0
0
0
0
0
0
0
0
0
0
0
0
0
0
0
0
0
0
0
0
0
0
0
0
0
0
0
0
0
0
0
0
0
0
0
0
0
0
0
0
0
0
0
0
0
0
0
0
0
0
0
0
0
0
0
0
0
0
0
0
0
0
0
0
0
0
0
0
0
0
0
0
0
0
0
0
0
0
0
0
0
0
0
0
0
0
0
0
0
0
0
0
0
0
0
0
0
0
0
0
0
0
0
0
0
0
0
0
0
0
0
0
0
0
0
0
0
0
0
0
0
0
0
0
0
0
0
0
0
0
0
0
0
0
0
0
0
0
0
0
0
0
0
0
0
0
0
0
0
0
0
0
0
0
0
0
0
0
0
0
0
0
0
0
0
0
0
0
0
0
0
0
0
0
0
0
0
0
0
0
0
0
0
0
0
0
0
0
0
0
0
0
0
0
0
0
0
0
0
0
0
0
0
0
0
0
0
0
0
0
0
0
0
0
0
0
0
0
0
0
0
0
0
0
0
0
0
0
0
0
0
0
0
0
0
0
0
0
0
0
0
0
0
0
0
0
0
0
0
0
0
0
0
0
0
0
0
0
0
0
0
0
0
0
0
0
0
0
0
0
0
0
0
0
0
0
0
0
0
0
0
0
0
0
0
0
0
0
0
0
0
0
0
0
0
0
0
0
0
0
0
0
0
0
0
0
0
0
0
0
0
0
0
0
0
0
0
0
0
0
0
0
0
0
0
0
0
0
0
0
0
0
0
0
0
0
0
0
0
0
0
0
0
0
0
0
0
0
0
0
0
0
0
0
0
0
0
0
0
0
0
0
0
0
0
0
0
0
0
0
0
0
0
0
0
0
0
0
0
0
0
0
0
0
0
0
0
0
0
0
0
0
0
0
0
0
0
0
0
0
0
0
0
0
0
0
0
0
0
0
0
0
0
0
0
0
0
0
0
0
0
0
0
0
0
0
0
0
0
0
0
0
0
0
0
0
0
0
0
0
0
0
0
0
0
0
0
0
0
0
0
0
0
0
0
0
0
0
0
0
0
0
0
0
0
0
0
0
0
0
0
0
0
0
0
0
0
0
0
0
0
0
0
0
0
0
0
0
0
0
0
0
0
0
0
0
0
0
0
0
0
0
0
0
0
0
0
0
0
0
0
0
0
0
0
0
0
0
0
0
0
0
0
0
0
0
0
0
0
0
0
0
0
0
0
0
0
0
0
0
0
0
0
0
0
0
0
0
0
0
0
0
0
0
0
0
0
0
0
0
0
0
0
0
0
0
0
0
0
0
0
0
0
0
0
0
0
0
0
0
0
0
0
0
0
0
0
0
0
0
0
0
0
0
0
0
0
0
0
0
0
0
0
0
0
0
0
0
0
0
0
0
0
0
0
0
0
0
0
0
0
0
0
0
0
0
0
0
0
0
0
0
0
0
0
0
0
0
0
0
0
0
0
0
0
0
0
0
0
0
0
0
0
0
0
0
0
0
0
0
0
0
0
0
0
0
0
0
0
0
0
0
0
0
0
0
0
0
0
0
0
0
0
0
0
0
0
0
0
0
0
0
0
0
0
0
0
0
0
0
0
0
0
0
0
0
0
0
0
0
0
0
0
0
0
0
0
0
0
0
0
0
0
0
0
0
0
0
0
0
0
0
0
0
0
0
0
0
0
0
0
0
0
0
0
0
0
0
0
0
0
0
0
0
0
0
0
0
0
0
0
0
0
0
0
0
0
0
0
0
0
0
0
0
0
0
0
0
0
0
0
0
0
0
0
0
0
0
0
0
0
0
0
0
0
0
0
0
0
0
0
0
0
0
0
0
0
0
0
0
0
0
0
0
0
0
0
0
0
0
0
0
0
0
0
0
0
0
0
0
0
0
0
0
0
0
0
0
0
0
0
0
0
0
0
0
0
0
0
0
0
0
0
0
0
0
0
0
0
0
0
0
0
0
0
0
0
0
0
0
0
0
0
0
0
0
0
0
0
0
0
0
0
0
0
0
0
0
0
0
0
0
0
0
0
0
0
0
0
0
0
0
0
0
0
0
0
0
0
0
0
0
0
0
0
0
0
0
0
0
0
0
0
0
0
0
0
0
0
0
0
0
0
0
0
0
0
0
0
0
0
0
0
0
0
0
0
0
0
0
0
0
0
0
0
0
0
0
0
0
0
0
0
0
0
0
0
0
0
0
0
0
0
0
0
0
0
0
0
0
0
0
0
0
0
0
0
0
0
0
0
0
0
0
0
0
0
0
0
0
0
0
0
0
0
0
0
0
0
0
0
0
0
0
0
0
0
0
0
0
0
0
0
0
0
0
0
0
0
0
0
0
0
0
0
0
0
0
0
0
0
0
0
0
0
0
0
0
0
0
0
0
0
0
0
0
0
0
0
0
0
0
0
0
0
0
0
0
0
0
0
0
0
0
0
0
0
0
0
0
0
0
0
0
0
0
0
0
0
0
0
0
0
0
0
0
0
0
0
0
0
0
0
0
0
0
0
0
0
0
0
0
0
0
0
0
0
0
0
0
0
0
0
0
0
0
0
0
0
0
0
0
0
0
0
0
0
0
0
0
0
0
0
0
0
0
0
0
0
0
0
0
0
0
0
0
0
0
0
0
0
0
0
0
0
0
0
0
0
0
0
0
0
0
0
0
0
0
0
0
0
0
0
0
0
0
0
0
0
0
0
0
0
0
0
0
0
0
0
0
0
0
0
0
0
0
0
0
0
0
0
0
0
0
0
0
0
0
0
0
0
0
0
0
0
0
0
0
0
0
0
0
0
0
0
0
0
0
0
0
0
0
0
0
0
0
0
0
0
0
0
0
0
0
0
0
0
0
0
0
0
0
0
0
0
0
0
0
0
0
0
0
0
0
0
0
0
0
0
0
0
0
0
0
0
0
0
0
0
0
0
0
0
0
0
0
0
0
0
0
0
0
0
0
0
0
0
0
0
0
0
0
0
0
0
0
0
0
0
0
0
0
0
0
0
0
0
0
0
0
0
0
0
0
0
0
0
0
0
0
0
0
0
0
0
0
0
0
0
0
0
0
0
0
0
0
0
0
0
0
0
0
0
0
0
0
0
0
0
0
0
0
0
0
0
0
0
0
0
0
0
0
0
0
0
0
0
0
0
0
0
0
0
0
0
0
0
0
0
0
0
0
0
0
0
0
0
0
0
0
0
0
0
0
0
0
0
0
0
0
0
0
0
0
0
0
0
0
0
0
0
0
0
0
0
0
0
0
0
0
0
0
0
0
0
0
0
0
0
0
0
0
0
0
0
0
0
0
0
0
0
0
0
0
0
0
0
0
0
0
0
0
0
0
0
0
0
0
0
0
0
0
0
0
0
0
0
0
0
0
0
0
0
0
0
0
0
0
0
0
0
0
0
0
0
0
0
0
0
0
0
0
0
0
0
0
0
0
0
0
0
0
0
0
0
0
0
0
0
0
0
0
0
0
0
0
0
0
0
0
0
0
0
0
0
0
0
0
0
0
0
0
0
0
0
0
0
0
0
0
0
0
0
0
0
0
0
0
0
0
0
0
0
0
0
0
0
0
0
0
0
0
0
0
0
0
0
0
0
0
0
0
0
0
0
0
0
0
0
0
0
0
0
0
0
0
0
0
0
0
0
0
0
0
0
0
0
0
0
0
0
0
0
0
0
0
0
0
0
0
0
0
0
0
0
0
0
0
0
0
0
0
0
0
0
0
0
0
0
0
0
0
0
0
0
0
0
0
0
0
0
0
0
0
0
0
0
0
0
0
0
0
0
0
0
0
0
0
0
0
0
0
0
0
0
0
0
0
0
0
0
0
0
0
0
0
0
0
0
0
0
0
0
0
0
0
0
0
0
0
0
0
0
0
0
0
0
0
0
0
0
0
0
0
0
0
0
0
0
0
0
0
0
0
0
0
0
0
0
0
0
0
0
0
0
0
0
0
0
0
0
0
0
0
0
0
0
0
0
0
0
0
0
0
0
0
0
0
0
0
0
0
0
0
0
0
0
0
0
0
0
0
0
0
0
0
0
0
0
0
0
0
0
0
0
0
0
0
0
0
0
0
0
0
0
0
0
0
0
0
0
0
0
0
0
0
0
0
0
0
0
0
0
0
0
0
0
0
0
0
0
0
0
0
0
0
0
0
0
0
0
0
0
0
0
0
0
0
0
0
0
0
0
0
0
0
0
0
0
0
0
0
0
0
0
0
0
0
0
0
0
0
0
0
0
0
0
0
0
0
0
0
0
0
0
0
0
0
0
0
0
0
0
0
0
0
0
0
0
0
0
0
0
0
0
0
0
0
0
0
0
0
0
0
0
0
0
0
0
0
0
0
0
0
0
0
0
0
0
0
0
0
0
0
0
0
0
0
0
0
0
0
0
0
0
0
0
0
0
0
0
0
0
0
0
0
0
0
0
0
0
0
0
0
0
0
0
0
0
0
0
0
0
0
0
0
0
0
0
0
0
0
0
0
0
0
0
0
0
0
0
0
0
0
0
0
0
0
0
0
0
0
0
0
0
0
0
0
0
0
0
0
0
0
0
0
0
0
0
0
0
0
0
0
0
0
0
0
0
0
2.802596928649634e-45
1.401298464324817e-44
2.802596928649634e-44
4.90454462513686e-44
8.407790785948902e-44
1.401298464324817e-43
2.270103512206204e-43
3.60133705331478e-43
5.703284749802005e-43
8.88423226381934e-43
1.357858211930748e-42
2.06551393641478e-42
3.130500769301641e-42
4.713968033988685e-42
7.079359841768976e-42
1.062744755343941e-41
1.593136224090885e-41
2.385570505666569e-41
3.569667708021039e-41
5.336424811841768e-41
7.968763977075937e-41
1.188749513256029e-40
1.771829804261585e-40
2.638645008323631e-40
3.926087972422056e-40
5.836968623298593e-40
8.670646351886952e-40
1.286938496651269e-39
1.908554495425758e-39
2.828086547715703e-39
4.187205928264343e-39
6.194372599221566e-39
9.156171046403143e-39
1.352300942480928e-38
1.995613245378558e-38
2.942544326022061e-38
4.335241900632545e-38
6.38186857582577e-38
9.386992368927341e-38
1.379587754853463e-37
2.025893287322829e-37
2.972544388533159e-37
4.357975445878979e-37
6.383898777040884e-37
9.343986406953335e-37
1.366543213184103e-36
1.996915331911609e-36
2.915689651675149e-36
4.253714714710534e-36
6.20070256706539e-36
9.031482948528135e-36
1.314385924732745e-35
1.911316362773763e-35
2.777079001112509e-35
4.031716034580051e-35
5.84840983738039e-35
8.476799134607197e-35
1.227643711287454e-34
1.776475595201649e-34
2.568577527345329e-34
3.710844647713953e-34
5.356728215874645e-34
7.726330595058002e-34
1.113509156170986e-33
1.60347182381852e-33
2.307150660211573e-33
3.316941266199205e-33
4.764823739387925e-33
6.839167192406167e-33
9.80860110443361e-33
1.405588994598501e-32
2.012598702062982e-32
2.87941102815842e-32
4.116213580721431e-32
5.879493016647676e-32
8.391308741141529e-32
1.196650780598952e-31
1.705112977936964e-31
2.427654913402945e-31
3.453574190851461e-31
4.909065183468993e-31
6.972314967326068e-31
9.894719936464682e-31
1.403066671717752e-30
1.987931723059776e-30
2.814317417224573e-30
3.981008914031519e-30
5.626803320211017e-30
7.946554717095484e-30
1.121358867497993e-29
1.581098657765608e-29
2.22752214773477e-29
3.135694713937125e-29
4.410565846183579e-29
6.198742748518856e-29
8.704858486799639e-29
1.221430187408354e-28
1.712475878644017e-28
2.398993949955885e-28
3.358015821329613e-28
4.696618503218893e-28
6.56351869481066e-28
9.165099048945451e-28
1.278752675530496e-27
1.782727038186334e-27
2.483317181452235e-27
3.456436041498651e-27
4.806997111302122e-27
6.679873848697312e-27
9.27495197445036e-27
1.286779354500419e-26
1.783797084863436e-26
2.470790162721962e-26
3.419599241675543e-26
4.728937629912152e-26
6.534328395386453e-26
9.021676471175092e-26
1.244579194153303e-25
1.715563174196784e-25
2.362869645989773e-25
3.251784245010295e-25
4.471492380455209e-25
6.143729588104025e-25
8.434522492297952e-25
1.157011640065438e-24
1.585855656628144e-24
2.171892041469716e-24
2.972086708531264e-24
4.063809459067443e-24
5.552055115765226e-24
7.579189406189849e-24
1.033808606065468e-23
1.408983673954344e-23
1.918757897138283e-23
2.61085475714217e-23
3.549715039136061e-23
4.822279892345268e-23
6.545751328091563e-23
8.877989564296173e-23
1.203144525569906e-22
1.629179144180718e-22
2.204284871160016e-22
2.979987071610962e-22
4.025396902806882e-22
5.433137742182269e-22
7.32723695182861e-22
9.873638554461731e-22
1.329417780969447e-21
1.788516753427015e-21
2.404206306888735e-21
3.229219003456471e-21
4.333813294460553e-21
5.811520971688603e-21
7.786748706798888e-21
1.042483366759007e-20
1.394532647151925e-20
1.863951667103373e-20
2.489355463273441e-20
3.321890777823043e-20
4.429246511135731e-20
5.900927482898864e-20
7.855186916495141e-20
1.044812671821039e-19
1.388563925109245e-19
1.84390565581649e-19
2.446565280939103e-19
3.243545787821761e-19
4.296632786084259e-19
5.686973727793814e-19
7.521057518565032e-19
9.938505783448326e-19
1.312222883539449e-18
1.731164324596145e-18
2.28198616924189e-18
3.005602735127513e-18
3.955430451079544e-18
5.201151218694603e-18
6.833584299352184e-18
8.970997081902974e-18
1.176727204365175e-17
1.542246157497353e-17
2.019640874887022e-17
2.64263360759256e-17
3.454951438899235e-17
4.513244329366108e-17
5.890843494657232e-17
7.682591478574464e-17
1.001104203718468e-16
1.303442621899091e-16
1.695685977369123e-16
2.20414251790024e-16
2.862689723264573e-16
3.714916570672318e-16
4.816857730655696e-16
6.240483475160536e-16
8.078154806151038e-16
1.044829328240046e-15
1.350260197536645e-15
1.743525312969082e-15
2.249456080660826e-15
2.899779178442471e-15
3.734996863115521e-15
4.806768403583595e-15
6.18092562402377e-15
7.941287093248071e-15
1.019447943623924e-14
1.307602199532732e-14
1.675800814847188e-14
2.145878181365139e-14
2.745511947671066e-14
3.509755555847552e-14
4.482965241430284e-14
5.721217634846107e-14
7.29534637452893e-14
9.294742574347467e-14
1.183211650402152e-13
1.504945392480708e-13
1.912546591367401e-13
2.428487641016608e-13
3.081002521252568e-13
3.905531497164216e-13
4.946519539458794e-13
6.259656421675475e-13
7.914656343505078e-13
9.998710843658887e-13
1.262077248265214e-12
1.59168641808427e-12
2.005664731519197e-12
2.525154564614329e-12
3.176479045075009e-12
3.992381945872037e-12
5.013553374538793e-12
6.29051801967484e-12
7.885947971020268e-12
9.877514604850202e-12
1.236138968963019e-11
1.545653882661924e-11
1.930999631027941e-11
2.41033061565421e-11
3.00604159619855e-11
3.745733237470183e-11
4.663390507086973e-11
5.800818159151788e-11
7.209394886631415e-11
8.952202174006274e-11
1.110662187220335e-10
1.376748437476039e-10
1.705089680559269e-10
2.109887542456335e-10
2.608496751932421e-10
3.222104805189474e-10
3.976554086015938e-10
4.90333273983623e-10
6.040773437021585e-10
7.435493332152987e-10
9.144134338612275e-10
1.123544701719936e-09
1.37928002352794e-09
1.691719098140254e-09
2.073085259013396e-09
2.538157239939665e-09
3.104786427954309e-09
3.794514036314922e-09
4.633307515433671e-09
5.652440293602012e-09
6.889537829124492e-09
8.389822170329353e-09
1.020759032854812e-08
1.240797331547583e-08
1.506901625702994e-08
1.82841457530003e-08
2.216508754315782e-08
2.684531352770136e-08
3.248410962441994e-08
3.927139502479804e-08
4.743332482348706e-08
5.723899931808774e-08
6.900823024125202e-08
8.312073163097011e-08
1.000268596840215e-07
1.202601680461157e-07
1.444522013116512e-07
1.733495764710824e-07
2.078341339029066e-07
2.489462076482596e-07
2.979118391976954e-07
3.561744961189106e-07
4.25431522899089e-07
5.076769866718678e-07
6.052507046661049e-07
7.208952297332871e-07
8.578218171351182e-07
1.019786054712313e-06
1.21117602702725e-06
1.437111677660141e-06
1.703561792965047e-06
2.017475708271377e-06
2.386935875620111e-06
2.821331236191327e-06
3.331557309138589e-06
3.930242201022338e-06
4.632004220184172e-06
5.453748144645942e-06
6.414999461412663e-06
7.538281806773739e-06
8.849548066791613e-06
1.037866968545131e-05
1.215998236148153e-05
1.423290450475179e-05
1.664264163991902e-05
1.944096766237635e-05
2.268710341013502e-05
2.644871165102813e-05
3.080298847635277e-05
3.583792567951605e-05
4.165364225627854e-05
4.836396328755654e-05
5.609810614259914e-05
6.500256131403148e-05
7.524320972152054e-05
8.700758189661428e-05
0.0001005074882414192
0.0001159817693405785
0.0001336994173470885
0.0001539629156468436
0.000177112000528723
0.0002035276556853205
0.0002336365723749623
0.0002679159224499017
0.0003068985242862254
0.0003511785180307925
0.0004014173173345625
0.0004583502886816859
0.0005227936781011522
0.0005956521490588784
0.0006779268151149154
0.0007707236218266189
0.0008752623689360917
0.0009928866056725383
0.001125073176808655
0.001273443456739187
0.001439773244783282
0.00162600539624691
0.001834260998293757
0.002066851826384664
0.002326292684301734
0.002615313744172454
0.002936874283477664
0.003294175025075674
0.003690670011565089
0.004130080807954073
0.004616407211869955
0.005153939127922058
0.005747268442064524
0.006401296705007553
0.007121244911104441
0.007912660948932171
0.008781425654888153
0.009733754210174084
0.01077619660645723
0.01191564090549946
0.01315930299460888
0.01451472379267216
0.01598975248634815
0.01759253442287445
0.01933149062097073
0.02121529169380665
0.0232528280466795
0.02545317634940147
0.02782555297017097
0.030379269272089
0.0331236831843853
0.03606813028454781
0.0392218641936779
0.04259396716952324
0.04619329050183296
0.05002835020422935
0.05410723388195038
0.0584375225007534
0.06302615255117416
0.067879319190979
0.07300236076116562
0.07839961349964142
0.08407434821128845
0.0900285616517067
0.09626293182373047
0.1027766466140747
0.1095672845840454
0.1166307106614113
0.123960942029953
0.1315500885248184
0.1393882036209106
0.1474632173776627
0.1557609438896179
0.1642649471759796
0.1729565411806107
0.1818148195743561
0.1908166259527206
0.19993656873703
0.2091472446918488
0.2184192091226578
0.2277211546897888
0.2370200604200363
0.2462814450263977
0.2554695606231689
0.2645477056503296
0.2734784483909607
0.2822240591049194
0.2907467782497406
0.2990092039108276
0.3069748282432556
0.3146082758903503
0.3218759000301361
0.3287460803985596
0.3351896703243256
0.3411806225776672
0.3466961681842804
0.3517173528671265
0.3562292158603668
0.3602215349674225
0.3636886775493622
0.3666300177574158
0.3690502047538757
0.3709591329097748
0.3723720610141754
0.3733095824718475
0.3737975060939789
0.3738667666912079
0.3735530376434326
0.3728965520858765
0.3719414472579956
0.3707356154918671
0.3693297505378723
0.3677771091461182
0.3661324679851532
0.364451676607132
0.3627906441688538
0.3612046837806702
0.3597475588321686
0.3584708571434021
0.357422947883606
0.3566482663154602
0.3561865091323853
0.3560718894004822
0.3563326895236969
0.3569904565811157
0.3580597341060638
0.359547346830368
0.3614525496959686
0.3637667298316956
0.3664733171463013
0.3695480823516846
0.3729594349861145
0.376668781042099
0.3806312084197998
0.3847961127758026
0.3891081511974335
0.3935079872608185
0.397933691740036
0.4023217260837555
0.4066081643104553
0.4107299447059631
0.414626270532608
0.4182397425174713
0.4215176403522491
0.4244132339954376
0.4268866777420044
0.4289059340953827
0.4304478168487549
0.4314984679222107
0.4320538341999054
0.4321199953556061
0.4317131042480469
0.430859237909317
0.4295941591262817
0.4279624223709106
0.4260166883468628
0.4238167703151703
0.4214282929897308
0.4189214110374451
0.4163693785667419
0.4138469099998474
0.4114284813404083
0.4091868996620178
0.4071915447711945
0.405506819486618
0.4041907489299774
0.4032934904098511
0.4028564095497131
0.4029108583927155
0.4034776389598846
0.4045663177967072
0.4061752557754517
0.4082913994789124
0.4108906984329224
0.4139387309551239
0.4173916280269623
0.4211971461772919
0.425295889377594
0.4296228587627411
0.4341091215610504
0.4386837482452393
0.4432753920555115
0.4478143751621246
0.4522342681884766
0.4564738571643829
0.4604785442352295
0.4642018377780914
0.467606395483017
0.4706650972366333
0.473361611366272
0.475690633058548
0.4776580333709717
0.4792802631855011
0.4805839359760284
0.4816047251224518
0.4823862016201019
0.482978492975235
0.4834363162517548
0.4838174879550934
0.4841809570789337
0.4845848679542542
0.4850846827030182
0.485731303691864
0.4865696132183075
0.4876368939876556
0.4889616072177887
0.4905624985694885
0.4924480020999908
0.4946158230304718
0.4970531761646271
0.4997370839118958
0.5026352405548096
0.505706787109375
0.5089039206504822
0.5121732950210571
0.515457808971405
0.5186983942985535
0.5218361616134644
0.5248141288757324
0.5275793075561523
0.5300840139389038
0.532288134098053
0.5341598391532898
0.535676896572113
0.5368276238441467
0.537610650062561
0.5380355715751648
0.5381225347518921
0.5379010438919067
0.5374095439910889
0.5366939902305603
0.5358062386512756
0.5348024368286133
0.5337410569190979
0.5326813459396362
0.5316810011863708
0.5307945609092712
0.5300716161727905
0.52955561876297
0.5292820334434509
0.5292778611183167
0.5295606255531311
0.5301381945610046
0.531008780002594
0.5321612358093262
0.5335754156112671
0.5352235436439514
0.5370709300041199
0.5390774011611938
0.5411993265151978
0.5433905720710754
0.5456044673919678
0.5477954149246216
0.5499204397201538
0.5519405007362366
0.5538216829299927
0.5555362105369568
0.5570632219314575
0.5583891272544861
0.5595077872276306
0.5604205727577209
0.5611355304718018
0.5616672039031982
0.5620355606079102
0.5622649788856506
0.5623831152915955
0.5624198913574219
0.5624058246612549
0.5623712539672852
0.5623450875282288
0.5623534321784973
0.5624192357063293
0.562561571598053
0.5627946257591248
0.5631280541419983
0.5635665059089661
0.5641101002693176
0.5647546648979187
0.5654920339584351
0.5663111209869385
0.5671982169151306
0.5681379437446594
0.5691143870353699
0.5701114535331726
0.5711140036582947
0.5721082091331482
0.5730822086334229
0.5740267634391785
0.5749354362487793
0.5758044719696045
0.5766329765319824
0.5774227976799011
0.5781781673431396
0.5789054036140442
0.5796124339103699
0.5803080797195435
0.5810021162033081
0.5817042589187622
0.5824235677719116
0.5831683278083801
0.5839458703994751
0.584761917591095
0.5856207609176636
0.5865250825881958
0.5874760746955872
0.5884734392166138
0.5895159244537354
0.5906012654304504
0.5917268991470337
0.5928899645805359
0.594088077545166
0.5953190922737122
0.5965818762779236
0.597876250743866
0.5992032289505005
0.6005651354789734
0.6019654870033264
0.6034087538719177
0.6049002408981323
0.606445848941803
0.6080518364906311
0.6097243428230286
0.6114689707756042
0.6132903695106506
0.6151923537254333
0.6171768307685852
0.6192443370819092
0.6213933229446411
0.6236206293106079
0.6259207129478455
0.6282863020896912
0.6307085752487183
0.6331772804260254
0.6356809139251709
0.6382071971893311
0.640743613243103
0.643277108669281
0.6457953453063965
0.6482864618301392
0.6507395505905151
0.6531447172164917
0.655493438243866
0.6577787399291992
0.6599947810173035
0.6621372699737549
0.6642029285430908
0.6661897897720337
0.6680966019630432
0.6699230074882507
0.671669065952301
0.6733350157737732
0.6749212741851807
0.6764281988143921
0.6778559684753418
0.6792047023773193
0.6804744601249695
0.6816648244857788
0.6827757954597473
0.6838074326515198
0.6847602128982544
0.6856352686882019
0.6864345073699951
0.6871610879898071
0.6878191828727722
0.6884142756462097
0.6889533400535583
0.6894447207450867
0.6898981928825378
0.6903247237205505
0.6907361149787903
0.6911452412605286
0.6915651559829712
0.6920090913772583
0.6924898028373718
0.6930193901062012
0.6936087608337402
0.6942670345306396
0.6950019598007202
0.6958187818527222
0.6967206001281738
0.6977079510688782
0.6987787485122681
0.6999284625053406
0.7011504173278809
0.7024355530738831
0.703773021697998
0.7051504850387573
0.706554651260376
0.7079713344573975
0.7093861699104309
0.7107850909233093
0.7121546268463135
0.7134823203086853
0.7147570848464966
0.7159696221351624
0.7171124219894409
0.7181799411773682
0.7191691398620605
0.7200788259506226
0.7209097743034363
0.7216651439666748
0.7223497629165649
0.7229699492454529
0.7235335111618042
0.7240490317344666
0.7245258092880249
0.7249737977981567
0.7254027724266052
0.7258226275444031
0.7262425422668457
0.7266709804534912
0.7271154522895813
0.7275822162628174
0.7280762791633606
0.7286012172698975
0.7291591167449951
0.7297502160072327
0.7303735613822937
0.7310265302658081
0.7317049503326416
0.7324034571647644
0.7331153750419617
0.7338329553604126
0.73454749584198
0.7352495789527893
0.7359294295310974
0.7365769147872925
0.737181544303894
0.7377333045005798
0.7382224798202515
0.7386398315429688
0.7389769554138184
0.739226222038269
0.7393808960914612
0.7394354939460754
0.7393853664398193
0.7392270565032959
0.7389580607414246
0.7385770082473755
0.7380829453468323
0.7374758124351501
0.7367556691169739
0.7359228730201721
0.734977662563324
0.7339200377464294
0.7327492833137512
0.7314639091491699
0.730061411857605
0.7285381555557251
0.7268893122673035
0.7251086235046387
0.7231884002685547
0.7211199402809143
0.71889328956604
0.7164974808692932
0.7139207124710083
0.7111508846282959
0.7081755399703979
0.7049823403358459
0.7015596628189087
0.6978965401649475
0.6939831376075745
0.6898109912872314
0.6853733658790588
0.6806654930114746
0.6756846904754639
0.6704304814338684
0.6649047136306763
0.6591114401817322
0.6530569195747375
0.6467496156692505
0.6402000188827515
0.6334203481674194
0.6264245510101318
0.6192280054092407
0.6118475794792175
0.6043010354042053
0.5966072082519531
0.5887855291366577
0.5808563828468323
0.5728405714035034
0.5647597908973694
0.5566362142562866
0.5484926104545593
0.540352463722229
0.5322399735450745
0.5241800546646118
0.5161985754966736
0.5083221197128296
0.5005782246589661
0.4929953515529633
0.4856025576591492
0.4784294366836548
0.4715062081813812
0.4648630917072296
0.4585302770137787
0.4525375068187714
0.4469136595726013
0.4416863024234772
0.4368813633918762
0.4325225353240967
0.4286310374736786
0.4252249300479889
0.4223188161849976
0.4199234545230865
0.4180454313755035
0.4166869223117828
0.4158454239368439
0.4155135750770569
0.4156792759895325
0.4163255393505096
0.4174306094646454
0.4189681112766266
0.4209073185920715
0.4232134222984314
0.4258478879928589
0.4287689626216888
0.4319319725036621
0.4352899193763733
0.4387940466403961
0.4423942267894745
0.4460397362709045
0.4496797323226929
0.4532637894153595
0.4567425847053528
0.4600684642791748
0.4631961584091187
0.4660831689834595
0.4686904847621918
0.4709831178188324
0.4729306101799011
0.4745074808597565
0.4756936132907867
0.4764747023582458
0.4768426120281219
0.4767954647541046
0.4763380289077759
0.4754815399646759
0.4742437303066254
0.4726488590240479
0.4707271754741669
0.4685147106647491
0.466052770614624
0.4633871614933014
0.4605676531791687
0.4576470553874969
0.4546801149845123
0.4517228305339813
0.4488311111927032
0.4460599422454834
0.4434619545936584
0.4410867094993591
0.4389792084693909
0.4371792376041412
0.4357201755046844
0.4346283078193665
0.4339222013950348
0.4336120188236237
0.4336992502212524
0.4341766834259033
0.4350281059741974
0.4362285733222961
0.4377451241016388
0.439536988735199
0.4415566027164459
0.4437506198883057
0.4460607171058655
0.4484250247478485
0.450779527425766
0.453059196472168
0.4551996886730194
0.4571385681629181
0.4588169455528259
0.4601808786392212
0.4611824452877045
0.4617809653282166
0.4619440734386444
0.4616484344005585
0.4608803689479828
0.4596362411975861
0.4579226672649384
0.4557563662528992
0.4531636834144592
0.4501802623271942
0.4468500912189484
0.4432245790958405
0.439361184835434
0.4353222846984863
0.4311734735965729
0.4269822239875793
0.4228160679340363
0.4187412261962891
0.4148206114768982
0.4111127853393555
0.4076702892780304
0.404538631439209
0.4017551243305206
0.399348109960556
0.3973364531993866
0.395729273557663
0.3945257067680359
0.3937154114246368
0.3932790160179138
0.3931886553764343
0.3934091329574585
0.3938990831375122
0.3946122527122498
0.3954989314079285
0.3965075016021729
0.3975858390331268
0.3986829817295074
0.3997505009174347
0.4007439613342285
0.4016239643096924
0.4023571014404297
0.402916818857193
0.4032840430736542
0.4034473598003387
0.4034030437469482
0.4031549990177155
0.4027142822742462
0.4020983576774597
0.4013302624225616
0.4004376828670502
0.3994518518447876
0.3984062969684601
0.397335559129715
0.3962740898132324
0.3952549397945404
0.3943087756633759
0.3934628963470459
0.3927402496337891
0.3921588361263275
0.3917314112186432
0.3914647996425629
0.3913601934909821
0.3914130032062531
0.3916132152080536
0.3919458985328674
0.392391711473465
0.3929277360439301
0.3935282230377197
0.3941654860973358
0.3948110342025757
0.39543616771698
0.3960131108760834
0.3965160548686981
0.3969215750694275
0.3972097635269165
0.3973643779754639
0.3973737061023712
0.3972307741641998
0.396933376789093
0.3964843451976776
0.3958911299705505
0.395165741443634
0.3943244218826294
0.3933868408203125
0.3923757076263428
0.3913159668445587
0.3902339339256287
0.3891565501689911
0.3881105780601501
0.3871215283870697
0.3862131237983704
0.3854063153266907
0.384718656539917
0.3841637074947357
0.3837505877017975
0.3834834396839142
0.3833613693714142
0.3833785057067871
0.3835239410400391
0.3837820291519165
0.3841330409049988
0.3845534026622772
0.3850167095661163
0.3854943811893463
0.3859567046165466
0.38637375831604
0.386716365814209
0.3869570195674896
0.3870708644390106
0.3870366513729095
0.3868372440338135
0.3864603042602539
0.3858987390995026
0.3851507306098938
0.3842198550701141
0.3831149935722351
0.3818497657775879
0.3804419934749603
0.3789131939411163
0.3772873878479004
0.3755902647972107
0.3738484084606171
0.3720878660678864
0.3703334331512451
0.3686077892780304
0.3669303953647614
0.3653171360492706
0.3637795746326447
0.3623248934745789
0.3609557151794434
0.3596701622009277
0.3584623038768768
0.3573226034641266
0.3562385737895966
0.3551956117153168
0.3541778028011322
0.3531690239906311
0.3521537184715271
0.3511179089546204
0.3500499427318573
0.3489412069320679
0.3477866053581238
0.3465850949287415
0.3453397154808044
0.3440577387809753
0.3427503407001495
0.3414322435855865
0.3401213884353638
0.3388381898403168
0.3376047015190125
0.3364439308643341
0.3353789448738098
0.3344320356845856
0.3336240351200104
0.332973450422287
0.3324960470199585
0.3322041630744934
0.3321064114570618
0.3322075605392456
0.3325082957744598
0.3330053389072418
0.3336917161941528
0.3345568478107452
0.3355870842933655
0.3367660045623779
0.3380750417709351
0.3394938707351685
0.3410009741783142
0.3425741195678711
0.3441908657550812
0.3458289802074432
0.3474667966365814
0.3490835726261139
0.3506596684455872
0.3521769344806671
0.3536187410354614
0.3549701273441315
0.3562179505825043
0.3573508262634277
0.3583592772483826
0.3592356741428375
0.3599742949008942
0.3605711460113525
0.3610241413116455
0.3613330125808716
0.3614993989467621
0.3615265190601349
0.3614195585250854
0.3611853420734406
0.3608325123786926
0.3603712916374207
0.3598134517669678
0.3591722548007965
0.3584622740745544
0.3576991856098175
0.3568997383117676
0.3560812175273895
0.355261504650116
0.3544584512710571
0.3536897599697113
0.3529725968837738
0.352323055267334
0.3517560064792633
0.3512845635414124
0.3509198725223541
0.3506705462932587
0.3505426645278931
0.3505394160747528
0.3506608903408051
0.3509039878845215
0.3512624800205231
0.3517271280288696
0.3522857129573822
0.3529234528541565
0.3536234200000763
0.3543668389320374
0.3551337122917175
0.3559033572673798
0.356655091047287
0.3573688864707947
0.3580257892608643
0.3586087822914124
0.3591033518314362
0.3594978153705597
0.3597837686538696
0.3599565327167511
0.3600151538848877
0.3599624931812286
0.3598049879074097
0.3595526516437531
0.3592185974121094
0.3588184714317322
0.3583699464797974
0.3578920662403107
0.357404500246048
0.3569267690181732
0.3564775586128235
0.3560740947723389
0.3557314574718475
0.355461984872818
0.3552748560905457
0.3551757633686066
0.3551668524742126
0.3552466630935669
0.3554100394248962
0.3556486964225769
0.3559514880180359
0.3563048839569092
0.3566935956478119
0.357101172208786
0.3575107753276825
0.3579058945178986
0.3582709133625031
0.3585917949676514
0.3588566780090332
0.359056144952774
0.3591837286949158
0.3592360615730286
0.359212726354599
0.35911625623703
0.3589520156383514
0.3587275743484497
0.3584524691104889
0.3581374883651733
0.3577940762042999
0.3574337959289551
0.3570675849914551
0.3567053377628326
0.3563551008701324
0.3560229241847992
0.3557124733924866
0.3554246425628662
0.3551578223705292
0.3549078106880188
0.3546680808067322
0.3544301390647888
0.3541838824748993
0.3539182841777802
0.3536217510700226
0.3532828688621521
0.3528908491134644
0.3524362444877625
0.3519110679626465
0.3513093292713165
0.3506273925304413
0.3498637080192566
0.3490190207958221
0.3480962514877319
0.3471000194549561
0.346036434173584
0.3449126482009888
0.343736320734024
0.342515230178833
0.3412567675113678
0.3399674296379089
0.3386527299880981
0.3373168110847473
0.3359624743461609
0.3345910012722015
0.333202451467514
0.3317959308624268
0.3303698003292084
0.3289221525192261
0.327451229095459
0.3259559273719788
0.3244361877441406
0.3228933215141296
0.3213303685188293
0.3197521567344666
0.3181653320789337
0.3165784776210785
0.3150016069412231
0.3134461343288422
0.3119241893291473
0.3104483783245087
0.3090310096740723
0.3076837062835693
0.3064168095588684
0.3052389025688171
0.304156631231308
0.30317422747612
0.3022935390472412
0.3015139400959015
0.3008324205875397
0.3002439737319946
0.2997417747974396
0.2993177473545074
0.2989630103111267
0.2986682951450348
0.2984243631362915
0.2982224822044373
0.2980546653270721
0.2979139685630798
0.2977944314479828
0.2976912260055542
0.2976004779338837
0.2975189387798309
0.2974438965320587
0.2973728477954865
0.2973030507564545
0.2972312569618225
0.2971536219120026
0.2970653772354126
0.2969608306884766
0.2968333959579468
0.296675980091095
0.2964809238910675
0.2962406873703003
0.2959479689598083
0.295596569776535
0.2951815128326416
0.2946995496749878
0.2941496074199677
0.2935329377651215
0.2928533256053925
0.2921170294284821
0.2913326323032379
0.2905106246471405
0.2896631360054016
0.2888033986091614
0.287945032119751
0.287101536989212
0.2862856388092041
0.2855085730552673
0.284779816865921
0.2841065526008606
0.2834933400154114
0.2829421758651733
0.282452255487442
0.28202024102211
0.2816405892372131
0.2813057005405426
0.2810063362121582
0.2807320952415466
0.2804718613624573
0.2802141308784485
0.2799473404884338
0.2796601951122284
0.279341846704483
0.2789817750453949
0.2785702049732208
0.2780977189540863
0.2775554060935974
0.2769346237182617
0.2762268781661987
0.2754239141941071
0.2745172679424286
0.2734986245632172
0.2723594605922699
0.2710912823677063
0.2696856558322906
0.2681343555450439
0.2664293646812439
0.2645632028579712
0.2625287175178528
0.2603194117546082
0.2579292953014374
0.2553528547286987
0.2525850832462311
0.2496211528778076
0.2464563399553299
0.2430858314037323
0.2395044267177582
0.2357065379619598
0.2316858917474747
0.2274355441331863
0.222947970032692
0.218215137720108
0.2132287621498108
0.20798060297966
0.202462911605835
0.1966689378023148
0.1905934661626816
0.1842333227396011
0.177588015794754
0.1706602573394775
0.1634563207626343
0.1559865474700928
0.148265540599823
0.1403122693300247
0.1321502178907394
0.1238072216510773
0.115315280854702
0.1067101880908012
0.0980311706662178
0.08932038396596909
0.08062229305505753
0.07198308408260345
0.06344998627901077
0.05507057160139084
0.04689207673072815
0.03896067291498184
0.0313207134604454
0.02401404827833176
0.01707928255200386
0.01055108569562435
0.00445950822904706
-0.001170674106106162
-0.006320551969110966
-0.01097763050347567
-0.01513629499822855
-0.01879817433655262
-0.02197240479290485
-0.02467574365437031
-0.02693255804479122
-0.02877464331686497
-0.03024084679782391
-0.03137655928730965
-0.03223299980163574
-0.03286636248230934
-0.03333676606416702
-0.03370711207389832
-0.03404183313250542
-0.03440553694963455
-0.03486159071326256
-0.03547073155641556
-0.03628965094685555
-0.03736966103315353
-0.03875540569424629
-0.04048376902937889
-0.04258285835385323
-0.04507121816277504
-0.04795724153518677
-0.05123881995677948
-0.05490326881408691
-0.05892748758196831
-0.063278429210186
-0.06791382282972336
-0.07278317958116531
-0.07782908529043198
-0.08298870176076889
-0.08819548040628433
-0.0933811217546463
-0.09847753494977951
-0.1034189611673355
-0.1081441268324852
-0.1125982329249382
-0.1167348772287369
-0.1205178126692772
-0.1239223703742027
-0.1269365698099136
-0.1295617818832397
-0.1318131238222122
-0.1337191313505173
-0.1353210955858231
-0.1366719007492065
-0.1378343850374222
-0.1388792246580124
-0.139882504940033
-0.1409229636192322
-0.1420791447162628
-0.1434263437986374
-0.1450336575508118
-0.1469611972570419
-0.1492576152086258
-0.1519580036401749
-0.1550821959972382
-0.1586338132619858
-0.1625998616218567
-0.1669511497020721
-0.1716431081295013
-0.1766175627708435
-0.1818050146102905
-0.1871273219585419
-0.1925010681152344
-0.1978408992290497
-0.2030632495880127
-0.2080898582935333
-0.2128512114286423
-0.217289537191391
-0.2213613390922546
-0.2250393629074097
-0.2283137440681458
-0.2311923503875732
-0.2337003201246262
-0.2358787953853607
-0.2377827614545822
-0.2394782602787018
-0.2410389930009842
-0.242542564868927
-0.2440663129091263
-0.245683342218399
-0.2474586069583893
-0.249445378780365
-0.2516823709011078
-0.2541915476322174
-0.2569769322872162
-0.2600242793560028
-0.263301819562912
-0.2667620480060577
-0.2703442275524139
-0.2739778459072113
-0.2775868773460388
-0.2810938656330109
-0.2844248116016388
-0.2875132858753204
-0.2903047502040863
-0.2927598655223846
-0.2948571145534515
-0.2965945601463318
-0.2979901731014252
-0.2990812659263611
-0.2999226450920105
-0.3005837798118591
-0.301144927740097
-0.3016926944255829
-0.3023149967193604
-0.3030960857868195
-0.3041114509105682
-0.3054234683513641
-0.3070773780345917
-0.3090987801551819
-0.3114918172359467
-0.3142390549182892
-0.3173022568225861
-0.3206248879432678
-0.3241352438926697
-0.3277510702610016
-0.3313845098018646
-0.3349475264549255
-0.3383572101593018
-0.3415408730506897
-0.3444405794143677
-0.347016453742981
-0.3492489159107208
-0.3511397540569305
-0.3527115881443024
-0.3540059924125671
-0.3550804853439331
-0.3560043275356293
-0.356853723526001
-0.3577063977718353
-0.3586363792419434
-0.3597087562084198
-0.3609754741191864
-0.3624718189239502
-0.3642143309116364
-0.3662001192569733
-0.3684074580669403
-0.3707976937294006
-0.3733187913894653
-0.3759094178676605
-0.3785038888454437
-0.3810374438762665
-0.3834511041641235
-0.3856965899467468
-0.3877398371696472
-0.3895636796951294
-0.3911690413951874
-0.3925748467445374
-0.3938162326812744
-0.3949417173862457
-0.396009087562561
-0.3970808088779449
-0.3982186317443848
-0.3994786143302917
-0.4009063839912415
-0.4025332927703857
-0.4043736755847931
-0.4064236283302307
-0.4086610972881317
-0.411047637462616
-0.4135313630104065
-0.4160511195659637
-0.4185414910316467
-0.4209381341934204
-0.4231830239295959
-0.4252293407917023
-0.4270453453063965
-0.428617000579834
-0.4299493730068207
-0.4310662150382996
-0.4320080876350403
-0.4328291118144989
-0.4335926175117493
-0.43436598777771
-0.4352149665355682
-0.4361983835697174
-0.4373635053634644
-0.4387419819831848
-0.4403474926948547
-0.4421747624874115
-0.4442000687122345
-0.4463834762573242
-0.4486724734306335
-0.4510063827037811
-0.4533217549324036
-0.4555575549602509
-0.4576606750488281
-0.4595897197723389
-0.4613187313079834
-0.4628390967845917
-0.4641597270965576
-0.4653059840202332
-0.4663169384002686
-0.467241644859314
-0.4681345224380493
-0.4690503776073456
-0.4700394570827484
-0.4711428880691528
-0.4723893404006958
-0.4737928807735443
-0.4753517508506775
-0.4770494401454926
-0.4788564443588257
-0.4807336032390594
-0.4826361238956451
-0.4845180809497833
-0.4863369464874268
-0.4880576133728027
-0.4896556735038757
-0.4911195933818817
-0.4924513101577759
-0.4936659336090088
-0.4947896599769592
-0.4958568811416626
-0.4969063699245453
-0.4979773759841919
-0.4991053342819214
-0.500318169593811
-0.5016337633132935
-0.5030579566955566
-0.5045844316482544
-0.5061951875686646
-0.5078628063201904
-0.5095536112785339
-0.5112310647964478
-0.5128598213195801
-0.5144094824790955
-0.5158576369285583
-0.5171924233436584
-0.5184135437011719
-0.5195324420928955
-0.5205705761909485
-0.5215574502944946
-0.5225272178649902
-0.5235151648521423
-0.524553656578064
-0.5256692171096802
-0.526878833770752
-0.5281891822814941
-0.5295951366424561
-0.531080961227417
-0.5326215624809265
-0.5341852903366089
-0.5357374548912048
-0.5372437238693237
-0.5386738181114197
-0.540004551410675
-0.5412219166755676
-0.5423224568367004
-0.5433133840560913
-0.5442115068435669
-0.5450409650802612
-0.5458303093910217
-0.5466095209121704
-0.5474060773849487
-0.5482422709465027
-0.549132227897644
-0.5500804781913757
-0.5510814189910889
-0.5521198511123657
-0.5531719923019409
-0.5542085766792297
-0.5551970601081848
-0.5561052560806274
-0.5569037795066833
-0.5575689673423767
-0.5580845475196838
-0.5584422945976257
-0.5586418509483337
-0.5586898922920227
-0.5585977435112
-0.5583794713020325
-0.5580487847328186
-0.5576164722442627
-0.5570880174636841
-0.5564618706703186
-0.5557288527488708
-0.5548718571662903
-0.5538672804832458
-0.5526864528656006
-0.5512977242469788
-0.5496692657470703
-0.5477713942527771
-0.5455785989761353
-0.5430713891983032
-0.5402373075485229
-0.5370710492134094
-0.5335735678672791
-0.5297513008117676
-0.5256142020225525
-0.5211740732192993
-0.5164425373077393
-0.5114297270774841
-0.5061430931091309
-0.5005871653556824
-0.4947641789913177
-0.4886746406555176
-0.4823190569877625
-0.4757001101970673
-0.4688242971897125
-0.4617038369178772
-0.45435830950737
-0.4468154609203339
-0.4391113221645355
-0.4312897920608521
-0.4234013259410858
-0.4155014157295227
-0.4076484739780426
-0.3999013900756836
-0.3923177719116211
-0.3849519193172455
-0.3778535127639771
-0.3710667490959167
-0.3646301925182343
-0.3585768938064575
-0.3529349267482758
-0.3477283120155334
-0.3429776430130005
-0.3387006521224976
-0.3349125385284424
-0.3316257297992706
-0.3288493156433105
-0.3265878856182098
-0.3248403370380402
-0.3235983550548553
-0.3228449821472168
-0.3225536644458771
-0.3226875066757202
-0.3231991827487946
-0.3240316808223724
-0.3251193761825562
-0.3263899981975555
-0.3277667760848999
-0.3291711807250977
-0.3305254876613617
-0.3317553102970123
-0.3327918350696564
-0.3335736691951752
-0.3340482413768768
-0.3341725766658783
-0.3339138031005859
-0.3332490921020508
-0.3321654796600342
-0.3306595385074615
-0.3287369608879089
-0.3264121413230896
-0.3237081468105316
-0.3206563293933868
-0.3172962367534637
-0.3136754333972931
-0.3098490834236145
-0.3058792948722839
-0.3018338978290558
-0.2977851927280426
-0.2938078939914703
-0.2899768352508545
-0.2863642871379852
-0.2830373048782349
-0.2800549566745758
-0.2774657011032104
-0.2753052115440369
-0.2735949456691742
-0.2723409235477448
-0.2715335786342621
-0.2711482048034668
-0.2711460888385773
-0.271476149559021
-0.2720770835876465
-0.2728798985481262
-0.2738104164600372
-0.2747920751571655
-0.275748610496521
-0.2766063213348389
-0.2772965431213379
-0.2777575850486755
-0.2779366970062256
-0.2777916193008423
-0.2772918045520782
-0.27641960978508
-0.2751711010932922
-0.273556262254715
-0.2715991139411926
-0.2693371176719666
-0.2668199837207794
-0.2641083002090454
-0.2612711787223816
-0.2583836317062378
-0.2555234432220459
-0.2527678310871124
-0.2501900494098663
-0.2478558421134949
-0.2458203881978989
-0.2441256046295166
-0.2427981495857239
-0.2418481111526489
-0.2412686198949814
-0.2410363405942917
-0.2411125600337982
-0.2414453774690628
-0.2419722229242325
-0.242623046040535
-0.2433235794305801
-0.2439990341663361
-0.2445774376392365
-0.2449929863214493
-0.2451888769865036
-0.2451198250055313
-0.2447539567947388
-0.2440741211175919
-0.2430785149335861
-0.2417806535959244
-0.2402086704969406
-0.2384039014577866
-0.2364190220832825
-0.2343153655529022
-0.2321600168943405
-0.2300224602222443
-0.2279711216688156
-0.2260697931051254
-0.2243743389844894
-0.2229297161102295
-0.2217674851417542
-0.2209040969610214
-0.2203400284051895
-0.2200596928596497
-0.2200323492288589
-0.2202139049768448
-0.2205495089292526
-0.2209766656160355
-0.2214289754629135
-0.221839964389801
-0.2221469283103943
-0.2222944051027298
-0.2222374230623245
-0.2219439595937729
-0.2213965207338333
-0.2205929756164551
-0.219546377658844
-0.2182839810848236
-0.2168453633785248
-0.2152799069881439
-0.2136437147855759
-0.2119962275028229
-0.2103966176509857
-0.2089004218578339
-0.2075560837984085
-0.2064023166894913
-0.2054658830165863
-0.2047601342201233
-0.2042843401432037
-0.2040239423513412
-0.2039515674114227
-0.204028844833374
-0.20420902967453
-0.2044398188591003
-0.2046669274568558
-0.2048374563455582
-0.204903244972229
-0.2048240005970001
-0.2045698165893555
-0.2041229754686356
-0.2034790068864822
-0.2026468217372894
-0.2016478925943375
-0.200514629483223
-0.1992881298065186
-0.198015108704567
-0.1967447400093079
-0.1955251842737198
-0.1944003254175186
-0.1934067457914352
-0.1925714910030365
-0.1919101923704147
-0.1914262771606445
-0.1911109834909439
-0.1909441500902176
-0.1908960044384003
-0.1909292638301849
-0.191002145409584
-0.1910711824893951
-0.1910945475101471
-0.1910348385572433
-0.1908617466688156
-0.1905540078878403
-0.1901007741689682
-0.1895022094249725
-0.188769206404686
-0.1879223883152008
-0.186990424990654
-0.1860077679157257
-0.1850119531154633
-0.184040829539299
-0.1831297427415848
-0.1823088675737381
-0.1816011220216751
-0.1810205280780792
-0.1805713027715683
-0.1802477836608887
-0.1800350248813629
-0.1799101978540421
-0.1798444241285324
-0.179805189371109
-0.1797589510679245
-0.1796737760305405
-0.1795218288898468
-0.17928147315979
-0.1789388954639435
-0.1784889847040176
-0.1779355704784393
-0.1772909164428711
-0.1765745133161545
-0.1758113652467728
-0.1750298291444778
-0.1742592751979828
-0.1735276132822037
-0.1728591769933701
-0.172272652387619
-0.1717798411846161
-0.1713848561048508
-0.1710839569568634
-0.1708660870790482
-0.1707140207290649
-0.1706060320138931
-0.1705177128314972
-0.1704242527484894
-0.1703024804592133
-0.1701328307390213
-0.1699009239673615
-0.1695986092090607
-0.1692246347665787
-0.1687844842672348
-0.1682897955179214
-0.1677571982145309
-0.1672067642211914
-0.1666601896286011
-0.1661389470100403
-0.1656623184680939
-0.165245920419693
-0.1649003475904465
-0.1646304875612259
-0.1644351333379745
-0.1643074154853821
-0.164235457777977
-0.1642036885023117
-0.164194330573082
-0.164188951253891
-0.1641703099012375
-0.1641237437725067
-0.1640384495258331
-0.1639082878828049
-0.1637322604656219
-0.1635143011808395
-0.1632627546787262
-0.1629894375801086
-0.1627083718776703
-0.1624343246221542
-0.1621813476085663
-0.1619614511728287
-0.1617833971977234
-0.1616519838571548
-0.1615675985813141
-0.1615262180566788
-0.161519855260849
-0.1615374237298965
-0.1615656614303589
-0.1615905165672302
-0.1615983694791794
-0.1615771800279617
-0.1615176349878311
-0.1614137142896652
-0.1612631976604462
-0.1610676050186157
-0.1608319282531738
-0.1605639457702637
-0.1602733582258224
-0.159970760345459
-0.1596664935350418
-0.1593697220087051
-0.1590876132249832
-0.1588246524333954
-0.1585824936628342
-0.1583598107099533
-0.1581527292728424
-0.1579554378986359
-0.1577607691287994
-0.1575613021850586
-0.157350093126297
-0.1571215093135834
-0.1568718999624252
-0.1566000431776047
-0.1563072353601456
-0.1559973210096359
-0.1556761562824249
-0.1553511619567871
-0.1550305336713791
-0.1547224968671799
-0.1544345021247864
-0.1541725695133209
-0.1539406925439835
-0.1537405699491501
-0.1535715162754059
-0.1534305959939957
-0.1533129662275314
-0.1532123535871506
-0.1531217098236084
-0.1530338823795319
-0.1529423147439957
-0.1528414338827133
-0.1527271717786789
-0.1525971591472626
-0.152450755238533
-0.1522888690233231
-0.1521136909723282
-0.1519283503293991
-0.1517363041639328
-0.1515409797430038
-0.1513452678918839
-0.1511512100696564
-0.1509598046541214
-0.150770902633667
-0.1505834013223648
-0.1503953635692596
-0.1502044051885605
-0.1500080078840256
-0.1498039960861206
-0.1495908349752426
-0.1493678539991379
-0.1491355150938034
-0.1488953977823257
-0.1486501693725586
-0.1484033018350601
-0.1481588184833527
-0.1479208618402481
-0.1476934105157852
-0.1474797427654266
-0.1472823023796082
-0.1471023261547089
-0.1469398587942123
-0.1467936635017395
-0.1466614007949829
-0.1465398222208023
-0.1464250832796097
-0.1463131159543991
-0.1461998969316483
-0.1460818350315094
-0.1459559798240662
-0.145820215344429
-0.1456733793020248
-0.1455151736736298
-0.1453461647033691
-0.1451675891876221
-0.1449811309576035
-0.1447887271642685
-0.1445923447608948
-0.1443937569856644
-0.1441945284605026
-0.1439958512783051
-0.1437985599040985
-0.1436031609773636
-0.143409937620163
-0.143219068646431
-0.1430306881666183
-0.142845019698143
-0.142662450671196
-0.1424835175275803
-0.1423089355230331
-0.1421394795179367
-0.1419758945703506
-0.1418188810348511
-0.1416688859462738
-0.141525998711586
-0.1413898766040802
-0.1412597596645355
-0.1411343812942505
-0.1410121023654938
-0.1408910006284714
-0.1407690346240997
-0.1406441777944565
-0.1405145525932312
-0.1403786689043045
-0.1402355581521988
-0.1400848031044006
-0.1399266123771667
-0.1397617906332016
-0.1395916342735291
-0.13941790163517
-0.1392426490783691
-0.1390679925680161
-0.1388959437608719
-0.1387283504009247
-0.138566717505455
-0.1384121030569077
-0.138265073299408
-0.1381257176399231
-0.1379936188459396
-0.1378680020570755
-0.13774773478508
-0.1376315355300903
-0.1375180035829544
-0.1374057233333588
-0.137293353676796
-0.1371797174215317
-0.1370637863874435
-0.1369448155164719
-0.1368222087621689
-0.1366956532001495
-0.1365649998188019
-0.1364303529262543
-0.1362919360399246
-0.1361501812934875
-0.1360055804252625
-0.1358588188886642
-0.135710671544075
-0.1355619579553604
-0.1354136019945145
-0.1352664977312088
-0.1351215690374374
-0.134979635477066
-0.1348413974046707
-0.1347073763608932
-0.1345779150724411
-0.134453073143959
-0.1343326717615128
-0.1342162191867828
-0.1341030150651932
-0.1339921802282333
-0.1338826566934586
-0.1337733119726181
-0.133663073182106
-0.1335509717464447
-0.1334361732006073
-0.1333181113004684
-0.1331965178251266
-0.1330714076757431
-0.1329430937767029
-0.1328121721744537
-0.1326794624328613
-0.1325459182262421
-0.1324126124382019
-0.132280558347702
-0.1321507096290588
-0.1320238709449768
-0.1319005638360977
-0.131781131029129
-0.1316655874252319
-0.1315536797046661
-0.1314449310302734
-0.1313386708498001
-0.1312340945005417
-0.1311302483081818
-0.1310262531042099
-0.1309212297201157
-0.1308144181966782
-0.1307051777839661
-0.1305931508541107
-0.130478098988533
-0.130360022187233
-0.1302391439676285
-0.1301158964633942
-0.1299907863140106
-0.1298644989728928
-0.1297377347946167
-0.1296111941337585
-0.1294855773448944
-0.1293614506721497
-0.1292393058538437
-0.1291194260120392
-0.1290019452571869
-0.1288868188858032
-0.1287738382816315
-0.1286626160144806
-0.1285526752471924
-0.1284433901309967
-0.1283341348171234
-0.1282242983579636
-0.1281132847070694
-0.1280006319284439
-0.1278860121965408
-0.1277692466974258
-0.1276503056287766
-0.1275293678045273
-0.1274067759513855
-0.127282977104187
-0.1271585077047348
-0.1270339488983154
-0.1269098818302155
-0.1267868280410767
-0.1266651749610901
-0.126545250415802
-0.1264271587133408
-0.1263108402490616
-0.1261960715055466
-0.1260824650526047
-0.1259694993495941
-0.1258566081523895
-0.1257431507110596
-0.1256285160779953
-0.1255121529102325
-0.1253935992717743
-0.1252725124359131
-0.1251486539840698
-0.1250219792127609
-0.1248925477266312
-0.1247605234384537
-0.1246261298656464
-0.1244896501302719
-0.1243513450026512
-0.124211423099041
-0.1240699887275696
-0.1239270344376564
-0.1237823739647865
-0.1236357018351555
-0.1234865188598633
-0.1233342066407204
-0.1231780126690865
-0.1230171397328377
-0.122850738465786
-0.1226779967546463
-0.1224981546401978
-0.122310534119606
-0.1221145913004875
-0.1219099164009094
-0.1216962561011314
-0.1214735135436058
-0.1212416961789131
-0.1210009530186653
-0.1207515075802803
-0.1204936355352402
-0.1202276721596718
-0.119953915476799
-0.1196726933121681
-0.119384303689003
-0.1190890371799469
-0.1187871769070625
-0.1184790134429932
-0.1181648895144463
-0.1178452000021935
-0.1175204589962959
-0.117191307246685
-0.1168585792183876
-0.1165232509374619
-0.1161865219473839
-0.1158497184514999
-0.115514375269413
-0.115182101726532
-0.1148545891046524
-0.1145336031913757
-0.1142208725214005
-0.1139180511236191
-0.1136266738176346
-0.1133481413125992
-0.1130836009979248
-0.1128340139985085
-0.1126000806689262
-0.112382285296917
-0.1121808066964149
-0.111995629966259
-0.1118264943361282
-0.1116729378700256
-0.1115342974662781
-0.1114097237586975
-0.1112982109189034
-0.1111986041069031
-0.1111095547676086
-0.1110295951366425
-0.1109570860862732
-0.1108902469277382
-0.1108271777629852
-0.1107658296823502
-0.1107041090726852
-0.1106398403644562
-0.1105708628892899
-0.1104950532317162
-0.1104103922843933
-0.1103150323033333
-0.1102073565125465
-0.1100860834121704
-0.1099502593278885
-0.109799325466156
-0.1096331849694252
-0.1094521805644035
-0.1092571020126343
-0.1090491414070129
-0.1088299155235291
-0.1086014062166214
-0.1083658486604691
-0.1081256791949272
-0.1078834906220436
-0.1076419278979301
-0.1074036061763763
-0.107171043753624
-0.1069465652108192
-0.1067322939634323
-0.1065300479531288
-0.1063413023948669
-0.1061671823263168
-0.106008380651474
-0.1058651804924011
-0.1057373955845833
-0.1056244298815727
-0.1055252552032471
-0.1054383963346481
-0.1053620353341103
-0.105293981730938
-0.1052317768335342
-0.1051727384328842
-0.1051140576601028
-0.1050528883934021
-0.1049864366650581
-0.1049120798707008
-0.104827456176281
-0.1047305911779404
-0.1046199351549149
-0.1044944599270821
-0.1043537110090256
-0.1041978523135185
-0.1040276437997818
-0.1038444638252258
-0.1036501973867416
-0.1034471914172173
-0.1032381430268288
-0.1030260026454926
-0.1028138548135757
-0.1026047691702843
-0.1024016663432121
-0.10220717638731
-0.1020235568284988
-0.1018525660037994
-0.1016954034566879
-0.1015526652336121
-0.1014243066310883
-0.1013096496462822
-0.1012074053287506
-0.1011157482862473
-0.1010323911905289
-0.1009547114372253
-0.1008798182010651
-0.1008047088980675
-0.1007264107465744
-0.1006420999765396
-0.1005492508411407
-0.1004457324743271
-0.1003299206495285
-0.1002007871866226
-0.1000579446554184
-0.09990168362855911
-0.09973295032978058
-0.09955332428216934
-0.09936497360467911
-0.0991704985499382
-0.09897284954786301
-0.09877518564462662
-0.09858066588640213
-0.09839233011007309
-0.09821293503046036
-0.09804482012987137
-0.09788975864648819
-0.09774884581565857
-0.09762248396873474
-0.09751033037900925
-0.09741129726171494
-0.09732366353273392
-0.09724514186382294
-0.09717300534248352
-0.09710422903299332
-0.09703569114208221
-0.09696434438228607
-0.09688737988471985
-0.09680239111185074
-0.09670751541852951
-0.09660153836011887
-0.09648396074771881
-0.09635502099990845
-0.09621568024158478
-0.09606754034757614
-0.09591276198625565
-0.09575393050909042
-0.09559385478496552
-0.09543545544147491
-0.09528154879808426
-0.0951346755027771
-0.09499694406986237
-0.09486988931894302
-0.09475437551736832
-0.09465055912733078
-0.09455787390470505
-0.09447501599788666
-0.09440009295940399
-0.09433069080114365
-0.09426407516002655
-0.09419727325439453
-0.09412737935781479
-0.09405164420604706
-0.09396770596504211
-0.09387371689081192
-0.09376850724220276
-0.09365159273147583
-0.09352327883243561
-0.09338460117578506
-0.0932372659444809
-0.09308355301618576
-0.09292613714933395
-0.09276793897151947
-0.09261191636323929
-0.09246083348989487
-0.092317134141922
-0.09218274801969528
-0.0920589417219162
-0.0919463038444519
-0.09184465557336807
-0.09175311028957367
-0.09167008101940155
-0.09159348160028458
-0.09152084589004517
-0.09144952893257141
-0.0913769006729126
-0.09130051732063293
-0.09121831506490707
-0.09112875908613205
-0.09103095531463623
-0.0909247100353241
-0.09081052988767624
-0.09068957716226578
-0.0905635878443718
-0.0904347151517868
-0.09030534327030182
-0.09017794579267502
-0.09005484730005264
-0.08993806689977646
-0.08982913196086884
-0.08972899615764618
-0.08963791280984879
-0.08955548703670502
-0.08948065340518951
-0.08941178023815155
-0.08934678137302399
-0.08928332477807999
-0.08921895176172256
-0.08915131539106369
-0.0890783816576004
-0.08899851888418198
-0.08891069144010544
-0.08881452679634094
-0.08871028572320938
-0.08859891444444656
-0.08848193287849426
-0.08836127072572708
-0.0882391482591629
-0.08811789751052856
-0.08799974620342255
-0.08788664638996124
-0.08778013288974762
-0.08768117427825928
-0.08759012073278427
-0.08750668913125992
-0.08742998540401459
-0.08735857903957367
-0.08729064464569092
-0.08722413331270218
-0.08715692907571793
-0.08708703517913818
-0.08701276034116745
-0.08693283796310425
-0.08684653788805008
-0.08675369620323181
-0.08665478229522705
-0.08655077219009399
-0.08644308149814606
-0.08633342385292053
-0.08622367680072784
-0.08611566573381424
-0.08601102977991104
-0.08591106534004211
-0.08581661432981491
-0.08572801202535629
-0.08564503490924835
-0.08556695282459259
-0.08549259603023529
-0.08542048186063766
-0.08534896373748779
-0.08527638763189316
-0.08520124107599258
-0.08512233942747116
-0.08503888547420502
-0.08495059609413147
-0.08485773205757141
-0.08476100116968155
-0.08466161042451859
-0.0845610573887825
-0.08446106314659119
-0.08436335623264313
-0.08426956087350845
-0.08418107032775879
-0.08409888297319412
-0.08402353525161743
-0.08395508676767349
-0.08389314264059067
-0.0838368758559227
-0.08378513902425766
-0.0837365984916687
-0.08368990570306778
-0.08364377170801163
-0.08359718322753906
-0.08354944735765457
-0.08350030332803726
-0.08344992995262146
-0.08339894562959671
-0.083348348736763
-0.083299420773983
-0.08325361460447311
-0.08321237564086914
-0.08317708224058151
-0.08314885199069977
-0.08312845230102539
-0.08311629295349121
-0.08311233669519424
-0.08311616629362106
-0.08312701433897018
-0.08314387500286102
-0.08316561579704285
-0.08319107443094254
-0.08321921527385712
-0.08324918895959854
-0.08328050374984741
-0.08331295847892761
-0.08334670215845108
-0.08338218182325363
-0.08342009037733078
-0.08346126973628998
-0.08350656926631927
-0.08355676382780075
-0.08361244201660156
-0.08367389440536499
-0.08374107629060745
-0.08381358534097672
-0.0838906541466713
-0.08397122472524643
-0.08405402302742004
-0.08413764089345932
-0.08422064781188965
-0.08430172502994537
-0.08437974005937576
-0.08445381373167038
-0.08452337235212326
-0.08458814769983292
-0.08464813232421875
-0.08470356464385986
-0.08475479483604431
-0.08480226248502731
-0.08484633266925812
-0.08488727360963821
-0.08492515236139297
-0.08495981246232986
-0.08499087393283844
-0.08501772582530975
-0.0850396454334259
-0.08505578339099884
-0.0850653350353241
-0.08506758511066437
-0.08506198972463608
-0.08504831045866013
-0.08502656221389771
-0.08499711006879807
-0.08496059477329254
-0.08491794019937515
-0.08487025648355484
-0.0848187729716301
-0.084764763712883
-0.08470943570137024
-0.08465388417243958
-0.08459901064634323
-0.08454550802707672
-0.08449385315179825
-0.08444434404373169
-0.08439712226390839
-0.08435222506523132
-0.0843096449971199
-0.08426941186189651
-0.08423164486885071
-0.08419653028249741
-0.08416438102722168
-0.08413561433553696
-0.08411072194576263
-0.08409018069505692
-0.08407444506883621
-0.084063820540905
-0.08405847102403641
-0.08405833691358566
-0.08406310528516769
-0.08407221734523773
-0.0840848833322525
-0.08410011976957321
-0.08411680161952972
-0.08413374423980713
-0.08414977043867111
-0.08416379243135452
-0.08417484164237976
-0.08418215066194534
-0.0841851606965065
-0.08418351411819458
-0.08417704701423645
-0.08416575938463211
-0.08414978533983231
-0.08412932604551315
-0.08410461992025375
-0.08407590538263321
-0.08404339849948883
-0.08400730788707733
-0.08396778255701065
-0.08392500132322311
-0.08387918025255203
-0.0838305652141571
-0.08377949148416519
-0.08372644335031509
-0.08367198705673218
-0.08361686766147614
-0.08356189727783203
-0.08350798487663269
-0.08345602452754974
-0.08340691775083542
-0.0833614394068718
-0.0833202451467514
-0.08328379690647125
-0.08325236290693283
-0.08322596549987793
-0.08320442587137222
-0.08318737149238586
-0.08317425847053528
-0.08316442370414734
-0.08315713703632355
-0.08315163105726242
-0.08314718306064606
-0.08314309269189835
-0.08313873410224915
-0.08313357084989548
-0.08312712609767914
-0.0831189751625061
-0.08310878276824951
-0.0830962210893631
-0.08308101445436478
-0.08306287974119186
-0.08304159343242645
-0.08301695436239243
-0.08298883587121964
-0.08295717090368271
-0.08292200416326523
-0.08288350701332092
-0.08284196257591248
-0.0827978104352951
-0.08275159448385239
-0.08270397037267685
-0.08265568315982819
-0.08260750025510788
-0.08256019651889801
-0.08251448720693588
-0.08247099071741104
-0.08243022114038467
-0.08239252865314484
-0.08235813677310944
-0.08232707530260086
-0.08229925483465195
-0.08227443695068359
-0.08225230127573013
-0.08223244547843933
-0.08221443742513657
-0.08219782263040543
-0.0821821540594101
-0.08216702193021774
-0.08215200155973434
-0.08213674277067184
-0.08212091028690338
-0.08210419863462448
-0.08208632469177246
-0.08206705749034882
-0.08204619586467743
-0.08202359080314636
-0.08199913054704666
-0.08197279274463654
-0.08194461464881897
-0.08191473037004471
-0.08188335597515106
-0.0818508043885231
-0.08181745558977127
-0.08178375661373138
-0.08175019174814224
-0.08171724528074265
-0.08168540894985199
-0.08165508508682251
-0.08162665367126465
-0.08160035312175751
-0.08157634735107422
-0.08155468106269836
-0.08153531700372696
-0.08151809871196747
-0.08150279521942139
-0.08148912340402603
-0.08147679269313812
-0.08146544545888901
-0.08145478367805481
-0.08144448697566986
-0.08143429458141327
-0.08142397552728653
-0.08141331374645233
-0.08140217512845993
-0.08139044046401978
-0.0813780277967453
-0.08136491477489471
-0.08135106414556503
-0.08133652061223984
-0.0813213512301445
-0.08130566775798798
-0.08128960430622101
-0.08127333968877792
-0.08125706762075424
-0.08124099671840668
-0.08122533559799194
-0.08121027797460556
-0.08119600266218185
-0.08118263632059097
-0.08117027580738068
-0.08115893602371216
-0.08114854991436005
-0.08113899081945419
-0.08113007247447968
-0.08112156391143799
-0.08111318200826645
-0.08110462874174118
-0.08109557628631592
-0.08108574151992798
-0.08107486367225647
-0.08106271177530289
-0.08104912936687469
-0.08103399723768234
-0.08101724088191986
-0.08099886029958725
-0.08097890019416809
-0.08095743507146835
-0.08093458414077759
-0.08091049641370773
-0.08088533580303192
-0.08085928112268448
-0.08083252608776093
-0.08080523461103439
-0.0807776153087616
-0.08074983954429626
-0.08072207868099213
-0.08069445937871933
-0.08066709339618683
-0.08064009249210358
-0.08061350136995316
-0.08058734238147736
-0.08056160807609558
-0.08053625375032425
-0.08051121979951859
-0.08048640936613083
-0.08046171814203262
-0.08043704926967621
-0.08041231334209442
-0.08038743585348129
-0.08036237210035324
-0.08033712208271027
-0.08031169325113297
-0.08028614521026611
-0.08026055991649628
-0.08023505657911301
-0.08020975440740585
-0.08018478751182556
-0.08016029000282288
-0.08013638854026794
-0.08011317998170853
-0.08009073138237
-0.08006909489631653
-0.08004826307296753
-0.08002825081348419
-0.08000899851322174
-0.0799904391169548
-0.07997246831655502
-0.07995496690273285
-0.07993780076503754
-0.07992081344127655
-0.07990384846925735
-0.07988675683736801
-0.07986938208341599
-0.07985158264636993
-0.07983322441577911
-0.07981418818235397
-0.07979439198970795
-0.07977375388145447
-0.07975225150585175
-0.07972989976406097
-0.07970671355724335
-0.07968275249004364
-0.07965809851884842
-0.07963286340236664
-0.07960716634988785
-0.07958111166954041
-0.07955484092235565
-0.07952845841646194
-0.07950206845998764
-0.0794757679104805
-0.0794496163725853
-0.0794236809015274
-0.0793980211019516
-0.07937263697385788
-0.07934756577014923
-0.07932280749082565
-0.07929834723472595
-0.07927418500185013
-0.07925030589103699
-0.07922670245170593
-0.07920336723327637
-0.0791802778840065
-0.07915743440389633
-0.07913481444120407
-0.07911241054534912
-0.07909020781517029
-0.07906818389892578
-0.079046331346035
-0.07902460545301437
-0.07900299876928329
-0.07898146659135818
-0.07895997166633606
-0.07893846184015274
-0.07891689985990524
-0.07889522612094879
-0.07887337356805801
-0.07885126769542694
-0.0788288339972496
-0.07880602031946182
-0.07878274470567703
-0.07875894755125046
-0.07873457670211792
-0.07870958000421524
-0.07868392020463943
-0.07865757495164871
-0.07863052189350128
-0.07860277593135834
-0.07857434451580048
-0.07854524254798889
-0.07851550728082657
-0.0784851536154747
-0.07845422625541687
-0.07842271775007248
-0.07839065045118332
-0.07835802435874939
-0.0783248171210289
-0.07829100638628006
-0.07825654000043869
-0.07822137326002121
-0.07818542420864105
-0.07814859598875046
-0.07811076939105988
-0.07807183265686035
-0.07803165167570114
-0.07799006998538971
-0.07794693857431412
-0.07790210098028183
-0.07785540819168091
-0.07780668139457703
-0.07775575667619705
-0.07770247757434845
-0.07764667272567749
-0.07758820056915283
-0.07752691954374313
-0.07746270298957825
-0.07739542424678802
-0.07732495665550232
-0.07725120335817337
-0.07717406749725342
-0.0770934522151947
-0.07700927555561066
-0.07692146301269531
-0.07682995498180389
-0.07673469930887222
-0.07663564383983612
-0.07653277367353439
-0.07642606645822525
-0.07631551474332809
-0.07620114088058472
-0.07608296722173691
-0.07596104592084885
-0.07583542913198471
-0.07570619881153107
-0.07557346671819687
-0.07543736696243286
-0.07529802620410919
-0.07515560835599899
-0.07501030713319778
-0.07486231625080109
-0.074711874127388
-0.07455921918153763
-0.07440463453531265
-0.07424841076135635
-0.074090875685215
-0.07393234968185425
-0.07377320528030396
-0.07361381500959396
-0.07345456629991531
-0.07329588383436203
-0.07313818484544754
-0.07298190146684647
-0.07282747328281403
-0.07267535477876663
-0.0725259855389595
-0.07237981259822845
-0.07223726063966751
-0.0720987543463707
-0.07196468114852905
-0.07183541357517242
-0.07171130180358887
-0.07159262895584106
-0.07147966325283051
-0.07137260586023331
-0.0712716281414032
-0.07117682695388794
-0.07108825445175171
-0.07100590318441391
-0.07092969119548798
-0.07085949182510376
-0.07079510390758514
-0.07073625922203064
-0.07068265229463577
-0.07063392549753189
-0.07058964669704437
-0.07054935395717621
-0.0705125480890274
-0.07047867774963379
-0.07044718414545059
-0.07041747123003006
-0.07038893550634384
-0.07036097347736359
-0.07033296674489975
-0.07030431181192398
-0.07027442753314972
-0.0702427551150322
-0.07020878791809082
-0.0701720267534256
-0.07013203948736191
-0.07008844614028931
-0.07004094123840332
-0.06998926401138306
-0.06993324309587479
-0.06987278163433075
-0.06980787217617035
-0.06973852962255478
-0.06966489553451538
-0.06958717852830887
-0.06950565427541733
-0.06942067295312881
-0.06933264434337616
-0.06924204528331757
-0.06914938241243362
-0.0690552294254303
-0.06896015256643295
-0.06886477768421173
-0.06876970827579498
-0.06867556273937225
-0.06858291476964951
-0.06849236041307449
-0.0684044361114502
-0.06831962615251541
-0.06823834031820297
-0.06816095113754272
-0.06808774918317795
-0.06801893562078476
-0.06795462965965271
-0.06789486855268478
-0.06783958524465561
-0.06778865307569504
-0.06774182617664337
-0.06769882142543793
-0.06765925139188766
-0.06762268394231796
-0.06758861243724823
-0.06755649298429489
-0.06752575933933258
-0.06749580800533295
-0.06746604293584824
-0.06743587553501129
-0.06740474700927734
-0.06737211346626282
-0.0673375129699707
-0.06730049103498459
-0.06726071238517761
-0.0672178789973259
-0.06717178970575333
-0.06712234020233154
-0.06706950068473816
-0.06701332330703735
-0.06695396453142166
-0.06689165532588959
-0.06682669371366501
-0.06675945967435837
-0.06669037044048309
-0.06661989539861679
-0.06654854118824005
-0.06647679954767227
-0.06640520691871643
-0.06633424758911133
-0.06626441329717636
-0.06619614362716675
-0.06612981110811234
-0.06606576591730118
-0.06600423902273178
-0.06594539433717728
-0.06588934361934662
-0.06583612412214279
-0.06578565388917923
-0.0657377764582634
-0.06569227576255798
-0.06564886868000031
-0.0656072199344635
-0.06556694954633713
-0.06552765518426895
-0.06548890471458435
-0.0654502734541893
-0.06541133671998978
-0.06537169963121414
-0.06533100455999374
-0.06528892368078232
-0.06524520367383957
-0.06519965082406998
-0.06515214592218399
-0.06510264426469803
-0.06505117565393448
-0.06499782204627991
-0.06494275480508804
-0.0648861899971962
-0.06482838839292526
-0.0647696927189827
-0.06471044570207596
-0.0646509975194931
-0.06459171324968338
-0.06453295052051544
-0.06447505950927734
-0.06441833078861237
-0.06436304748058319
-0.06430940330028534
-0.06425753980875015
-0.06420755386352539
-0.06415946036577225
-0.06411319971084595
-0.06406867504119873
-0.06402571499347687
-0.06398410350084305
-0.06394357234239578
-0.06390382349491119
-0.06386455148458481
-0.06382542103528976
-0.06378612667322159
-0.06374634802341461
-0.06370581686496735
-0.06366430222988129
-0.06362161785364151
-0.06357760727405548
-0.06353221833705902
-0.06348539888858795
-0.06343719363212585
-0.06338769942522049
-0.06333707273006439
-0.06328552961349487
-0.06323328614234924
-0.06318061798810959
-0.06312780827283859
-0.06307515501976013
-0.0630229189991951
-0.06297137588262558
-0.06292077153921127
-0.0628712996840477
-0.06282312422990799
-0.0627763420343399
-0.06273102015256882
-0.06268715113401413
-0.06264466792345047
-0.06260347366333008
-0.06256340444087982
-0.06252427399158478
-0.06248585507273674
-0.06244790554046631
-0.06241016834974289
-0.06237239390611649
-0.062334343791008
-0.06229579821228981
-0.06225656345486641
-0.06221648678183556
-0.0621754564344883
-0.06213342025876045
-0.06209035962820053
-0.06204631552100182
-0.06200136616826057
-0.06195563822984695
-0.06190929561853409
-0.0618625283241272
-0.061815544962883
-0.0617685541510582
-0.06172177568078041
-0.06167540699243546
-0.06162964180111885
-0.06158462539315224
-0.06154049187898636
-0.06149730831384659
-0.06145511195063591
-0.06141391023993492
-0.06137365847826004
-0.06133426353335381
-0.06129560619592667
-0.06125753372907639
-0.06121988594532013
-0.06118247285485268
-0.0611451044678688
-0.06110760942101479
-0.06106980517506599
-0.06103155389428139
-0.06099274381995201
-0.0609532855451107
-0.06091311946511269
-0.06087223440408707
-0.06083066761493683
-0.06078847870230675
-0.06074575707316399
-0.0607026219367981
-0.06065920740365982
-0.0606156624853611
-0.06057215109467506
-0.06052882969379425
-0.0604858361184597
-0.06044330820441246
-0.06040134653449059
-0.06036002561450005
-0.06031939387321472
-0.06027945503592491
-0.06024019420146942
-0.06020156294107437
-0.06016349047422409
-0.06012586504220963
-0.06008857861161232
-0.06005150824785233
-0.06001452729105949
-0.05997749790549278
-0.05994029715657234
-0.05990283191204071
-0.05986502021551132
-0.0598268024623394
-0.05978814512491226
-0.05974903330206871
-0.05970949307084084
-0.05966957286000252
-0.05962933972477913
-0.05958887934684753
-0.05954829230904579
-0.05950768291950226
-0.05946714803576469
-0.05942678824067116
-0.05938668921589851
-0.05934693664312363
-0.05930757895112038
-0.05926866084337234
-0.05923020094633102
-0.05919219553470612
-0.05915461480617523
-0.05911741033196449
-0.05908051505684853
-0.05904386565089226
-0.05900736898183823
-0.05897095054388046
-0.0589345246553421
-0.05889802426099777
-0.0588613860309124
-0.0588245652616024
-0.05878752470016479
-0.05875026062130928
-0.05871278420090675
-0.05867511034011841
-0.05863728001713753
-0.05859934166073799
-0.05856135115027428
-0.05852337181568146
-0.05848546698689461
-0.0584477074444294
-0.05841013789176941
-0.05837280303239822
-0.05833572894334793
-0.05829893425107002
-0.0582624226808548
-0.05822617560625076
-0.05819015949964523
-0.05815434455871582
-0.05811867117881775
-0.05808309093117714
-0.05804755538702011
-0.05801199376583099
-0.05797635391354561
-0.05794059485197067
-0.0579046793282032
-0.0578685998916626
-0.05783234164118767
-0.05779591575264931
-0.05775934457778931
-0.05772265791893005
-0.05768589675426483
-0.05764910206198692
-0.0576123334467411
-0.05757563933730125
-0.05753906071186066
-0.05750264972448349
-0.05746642872691154
-0.0574304386973381
-0.05739467591047287
-0.05735915526747704
-0.05732386186718941
-0.05728878453373909
-0.0572538822889328
-0.05721912160515785
-0.05718446522951126
-0.05714987218379974
-0.05711529776453972
-0.0570807084441185
-0.0570460744202137
-0.05701136216521263
-0.0569765493273735
-0.05694164335727692
