0
0
0
0
0
0
0
0
0
0
0
0
0
0
0
0
0
0
0
0
0
0
0
0
0
0
0
0
0
0
0
0
0
0
0
0
0
0
0
0
0
0
0
0
0
0
0
0
0
0
0
0
0
0
0
0
0
0
0
0
0
0
0
0
0
0
0
0
0
0
0
0
0
0
0
0
0
0
0
0
0
0
0
0
0
0
0
0
0
0
0
0
0
0
0
0
0
0
0
0
0
0
0
0
0
0
0
0
0
0
0
0
0
0
0
0
0
0
0
0
0
0
0
0
0
0
0
0
0
0
0
0
0
0
0
0
0
0
0
0
0
0
0
0
0
0
0
0
0
0
0
0
0
0
0
0
0
0
0
0
0
0
0
0
0
0
0
0
0
0
0
0
0
0
0
0
0
0
0
0
0
0
0
0
0
0
0
0
0
0
0
0
0
0
0
0
0
0
0
0
0
0
0
0
0
0
0
0
0
0
0
0
0
0
0
0
0
0
0
0
0
0
0
0
0
0
0
0
0
0
0
0
0
0
0
0
0
0
0
0
0
0
0
0
0
0
0
0
0
0
0
0
0
0
0
0
0
0
0
0
0
0
0
0
0
0
0
0
0
0
0
0
0
0
0
0
0
0
0
0
0
0
0
0
0
0
0
0
0
0
0
0
0
0
0
0
0
0
0
0
0
0
0
0
0
0
0
0
0
0
0
0
0
0
0
0
0
0
0
0
0
0
0
0
0
0
0
0
0
0
0
0
0
0
0
0
0
0
0
0
0
0
0
0
0
0
0
0
0
0
0
0
0
0
0
0
0
0
0
0
0
0
0
0
0
0
0
0
0
0
0
0
0
0
0
0
0
0
0
0
0
0
0
0
0
0
0
0
0
0
0
0
0
0
0
0
0
0
0
0
0
0
0
0
0
0
0
0
0
0
0
0
0
0
0
0
0
0
0
0
0
0
0
0
0
0
0
0
0
0
0
0
0
0
0
0
0
0
0
0
0
0
0
0
0
0
0
0
0
0
0
0
0
0
0
0
0
0
0
0
0
0
0
0
0
0
0
0
0
0
0
0
0
0
0
0
0
0
0
0
0
0
0
0
0
0
0
0
0
0
0
0
0
0
0
0
0
0
0
0
0
0
0
0
0
0
0
0
0
0
0
0
0
0
0
0
0
0
0
0
0
0
0
0
0
0
0
0
0
0
0
0
0
0
0
0
0
0
0
0
0
0
0
0
0
0
0
0
0
0
0
0
0
0
0
0
0
0
0
0
0
0
0
0
0
0
0
0
0
0
0
0
0
0
0
0
0
0
0
0
0
0
0
0
0
0
0
0
0
0
0
0
0
0
0
0
0
0
0
0
0
0
0
0
0
0
0
0
0
0
0
0
0
0
0
0
0
0
0
0
0
0
0
0
0
0
0
0
0
0
0
0
0
0
0
0
0
0
0
0
0
0
0
0
0
0
0
0
0
0
0
0
0
0
0
0
0
0
0
0
0
0
0
0
0
0
0
0
0
0
0
0
0
0
0
0
0
0
0
0
0
0
0
0
0
0
0
0
0
0
0
0
0
0
0
0
0
0
0
0
0
0
0
0
0
0
0
0
0
0
0
0
0
0
0
0
0
0
0
0
0
0
0
0
0
0
0
0
0
0
0
0
0
0
0
0
0
0
0
0
0
0
0
0
0
0
0
0
0
0
0
0
0
0
0
0
0
0
0
0
0
0
0
0
0
0
0
0
0
0
0
0
0
0
0
0
0
0
0
0
0
0
0
0
0
0
0
0
0
0
0
0
0
0
0
0
0
0
0
0
0
0
0
0
0
0
0
0
0
0
0
0
0
0
0
0
0
0
0
0
0
0
0
0
0
0
0
0
0
0
0
0
0
0
0
0
0
0
0
0
0
0
0
0
0
0
0
0
0
0
0
0
0
0
0
0
0
0
0
0
0
0
0
0
0
0
0
0
0
0
0
0
0
0
0
0
0
0
0
0
0
0
0
0
0
0
0
0
0
0
0
0
0
0
0
0
0
0
0
0
0
0
0
0
0
0
0
0
0
0
0
0
0
0
0
0
0
0
0
0
0
0
0
0
0
0
0
0
0
0
0
0
0
0
0
0
0
0
0
0
0
0
0
0
0
0
0
0
0
0
0
0
0
0
0
0
0
0
0
0
0
0
0
0
0
0
0
0
0
0
0
0
0
0
0
0
0
0
0
0
0
0
0
0
0
0
0
0
0
0
0
0
0
0
0
0
0
0
0
0
0
0
0
0
0
0
0
0
0
0
0
0
0
0
0
0
0
0
0
0
0
0
0
0
0
0
0
0
0
0
0
0
0
0
0
0
0
0
0
0
0
0
0
0
0
0
0
0
0
0
0
0
0
0
0
0
0
0
0
0
0
0
0
0
0
0
0
0
0
0
0
0
0
0
0
0
0
0
0
0
0
0
0
0
0
0
0
0
0
0
0
0
0
0
0
0
0
0
0
0
0
0
0
0
0
0
0
0
0
0
0
0
0
0
0
0
0
0
0
0
0
0
0
0
0
0
0
0
0
0
0
0
0
0
0
0
0
0
0
0
0
0
0
0
0
0
0
0
0
0
0
0
0
0
0
0
0
0
0
0
0
0
0
0
0
0
0
0
0
0
0
0
0
0
0
0
0
0
0
0
0
0
0
0
0
0
0
0
0
0
0
0
0
0
0
0
0
0
0
0
0
0
0
0
0
0
0
0
0
0
0
0
0
0
0
0
0
0
0
0
0
0
0
0
0
0
0
0
0
0
0
0
0
0
0
0
0
0
0
0
0
0
0
0
0
0
0
0
0
0
0
0
0
0
0
0
0
0
0
0
0
0
0
0
0
0
0
0
0
0
0
0
0
0
0
0
0
0
0
0
0
0
0
0
0
0
0
0
0
0
0
0
0
0
0
0
0
0
0
0
0
0
0
0
0
0
0
0
0
0
0
0
0
0
0
0
0
0
0
0
0
0
0
0
0
0
0
0
0
0
0
0
0
0
0
0
0
0
0
0
0
0
0
0
0
0
0
0
0
0
0
0
0
0
0
0
0
0
0
0
0
0
0
0
0
0
0
0
0
0
0
0
0
0
0
0
0
0
0
0
0
0
0
0
0
0
0
0
0
0
0
0
0
0
0
0
0
2.802596928649634e-45
1.401298464324817e-44
3.503246160812043e-44
7.006492321624085e-44
1.233142648605839e-43
2.101947696487226e-43
3.531272130098539e-43
5.983544442666969e-43
1.008934894313868e-42
1.688564649511405e-42
2.823616405614506e-42
4.701356347809761e-42
7.81644283400383e-42
1.298443157043375e-41
2.154636518745839e-41
3.572049915410391e-41
5.914320298529323e-41
9.776579125901384e-41
1.613819389424319e-40
2.660028822889227e-40
4.378413103721464e-40
7.196536419355817e-40
1.181199317130247e-39
1.936025550520381e-39
3.168764625168495e-39
5.179176703369095e-39
8.453254513325457e-39
1.377782714275597e-38
2.242499473887316e-38
3.644847370632065e-38
5.915920581375582e-38
9.588753563898371e-38
1.552027508133697e-37
2.508620878000351e-37
4.04920504656274e-37
6.526859022163547e-37
1.050604712596947e-36
1.688790561244629e-36
2.71090492545439e-36
4.345658189322992e-36
6.956653628338032e-36
1.112114298388294e-35
1.775429388010261e-35
2.830499135255761e-35
4.506393051234072e-35
7.164767211928315e-35
1.137582476915235e-34
1.803732600050081e-34
2.856080716271161e-34
4.516256642698921e-34
7.131767848299493e-34
1.124674699464867e-33
1.771203296408344e-33
2.785622595073331e-33
4.375112831943781e-33
6.862303125282258e-33
1.074892091264261e-32
1.681414629788723e-32
2.626638600429349e-32
4.097718058732006e-32
6.384112758051721e-32
9.932909632033067e-32
1.543371420482747e-31
2.394875313034785e-31
3.711202350644908e-31
5.743360073823863e-31
8.876419273002716e-31
1.370031424838175e-30
2.111760743003645e-30
3.250729381040798e-30
4.997346972125352e-30
7.672226309059905e-30
1.176323854867866e-29
1.801177681776276e-29
2.754298293151814e-29
4.206206623490864e-29
6.414989773793301e-29
9.770743349661988e-29
1.486230026951422e-28
2.257728192241297e-28
3.425193220754812e-28
5.189514531648626e-28
7.852302865345988e-28
1.186578920246587e-27
1.790712328921752e-27
2.698889601615409e-27
4.062328209399031e-27
6.10654915615652e-27
9.167444253838731e-27
1.374461629301724e-26
2.058018231841881e-26
3.07750385529942e-26
4.596011794043292e-26
6.854839499689839e-26
1.021051080946095e-25
1.518910011286501e-25
2.256583458000952e-25
3.348158149205981e-25
4.961306963344382e-25
7.342133055689249e-25
1.08513724109178e-24
1.601709394240371e-24
2.361130109086148e-24
3.476109267969147e-24
5.110986417577148e-24
7.50505856920442e-24
1.100631277852749e-23
1.612012489586714e-23
2.357946424244857e-23
3.444601216781533e-23
5.025550099414635e-23
7.322649946545804e-23
1.065597475958122e-22
1.54866926237131e-22
2.247837818628396e-22
3.258460019863773e-22
4.717384679124795e-22
6.820744326901518e-22
9.849274490740671e-22
1.420426732473299e-21
2.045859589016938e-21
2.942899400929833e-21
4.227834009651464e-21
6.066015931058256e-21
8.692254599190165e-21
1.243955644967227e-20
1.777956064229543e-20
2.537938268652867e-20
3.618138728742947e-20
5.151499262986407e-20
7.3253182805484e-20
1.040312938535721e-19
1.475523871943296e-19
2.09013082854453e-19
2.956962085266346e-19
4.177949945770916e-19
5.895573685631085e-19
8.308726298195815e-19
1.169468053425047e-18
1.643947538181896e-18
2.30798693743627e-18
3.236119980667719e-18
4.531707745100843e-18
6.337897144460394e-18
8.852676339902777e-18
1.234952447682782e-17
1.720568926770922e-17
2.394088829141404e-17
3.327014722278108e-17
4.617592501895183e-17
6.400630935706722e-17
8.86087055648685e-17
1.225113779497342e-16
1.691698040374331e-16
2.333004816539589e-16
3.213326688016575e-16
4.420184789918219e-16
6.072566075510067e-16
8.332021697750585e-16
1.141759861196447e-15
1.562591134501683e-15
2.135806917270638e-15
2.915577825216421e-15
3.97496426168798e-15
5.412371973398476e-15
7.360167434290049e-15
9.996166153397427e-15
1.355890700822752e-14
1.836797552977939e-14
2.485095564389288e-14
3.357917446162283e-14
4.531498535242061e-14
6.107428066970746e-14
8.220900631246419e-14
1.105159190615927e-13
1.483796809378934e-13
1.989610055484411e-13
2.664435512500507e-13
3.563575758265547e-13
4.760033513184769e-13
6.350049067301022e-13
8.460321744389876e-13
1.125742619782766e-12
1.49600655214438e-12
1.985499438472704e-12
2.631768501043519e-12
3.483909124732398e-12
4.606031268200583e-12
6.08173580940452e-12
8.019891174770866e-12
1.056207465238712e-11
1.389215218555728e-11
1.824857279175696e-11
2.394015714834996e-11
3.136630538635998e-11
4.104286355222087e-11
5.363513452816271e-11
7.000000579182597e-11
9.123957839252128e-11
1.18769369339411e-10
1.54404961039134e-10
2.004716948000862e-10
2.59943733205148e-10
3.366198431109524e-10
4.353449545302368e-10
5.622897147894435e-10
7.253023182052232e-10
9.343503748482362e-10
1.20207510612147e-09
1.544485650484262e-09
1.981828257058282e-09
2.539670251877624e-09
3.25025339975582e-09
4.154177002391179e-09
5.302490002634386e-09
6.759291348856777e-09
8.604946977186501e-09
1.094007195945323e-08
1.38904541202578e-08
1.76131109697053e-08
2.230376949796664e-08
2.820604905195978e-08
3.562272965496049e-08
4.492956406920712e-08
5.659218160758428e-08
7.11867187419557e-08
8.942499363229217e-08
1.121851411767238e-07
1.40548834792753e-07
1.758464662771075e-07
2.197119215452403e-07
2.741486468949006e-07
3.416095637476246e-07
4.250934466654144e-07
5.282604433887172e-07
6.55571398056054e-07
8.12454402421281e-07
1.005504145723535e-06
1.242720827576704e-06
1.533792897134845e-06
1.890437033580383e-06
2.326798721696832e-06
2.859928144971491e-06
3.510346232360462e-06
4.302708020986756e-06
5.266591415420407e-06
6.437418505811365e-06
7.857544005673844e-06
9.577526725479402e-06
1.165762387245195e-05
1.416952272847993e-05
1.719837564451154e-05
2.08451492653694e-05
2.52293702942552e-05
3.049229053431191e-05
3.680053850985132e-05
4.435034861671738e-05
5.337243419489823e-05
6.413753726519644e-05
7.69628313719295e-05
9.221922664437443e-05
0.000110339664388448
0.0001318285940214992
0.0001572727342136204
0.000187353216460906
0.0002228592347819358
0.0002647035871632397
0.000313939934130758
0.000371782312868163
0.0004396266886033118
0.0005190751980990171
0.0006119626923464239
0.0007203870336525142
0.0008467408479191363
0.0009937483118847013
0.001164503861218691
0.001362515962682664
0.001591752981767058
0.001856694580055773
0.002162385731935501
0.002514495747163892
0.002919381018728018
0.003384151728823781
0.003916741348803043
0.004525982774794102
0.005221682600677013
0.006014705169945955
0.006917053833603859
0.007941952906548977
0.009103937074542046
0.01041893009096384
0.01190433744341135
0.01357911806553602
0.0154638634994626
0.01758087240159512
0.01995420269668102
0.02260973118245602
0.02557518891990185
0.02888017892837524
0.03255617991089821
0.03663653880357742
0.04115640744566917
0.04615268483757973
0.05166390538215637
0.05773006752133369
0.06439250707626343
0.07169361412525177
0.07967659831047058
0.08838511258363724
0.09786293655633926
0.1081534698605537
0.1192992776632309
0.1313415318727493
0.1443193852901459
0.1582692861557007
0.1732242405414581
0.1892130076885223
0.2062593549489975
0.2243810594081879
0.2435890585184097
0.2638864815235138
0.2852678596973419
0.3077179193496704
0.3312109708786011
0.3557098209857941
0.3811651468276978
0.4075146317481995
0.4346825182437897
0.4625791013240814
0.4911006689071655
0.5201291441917419
0.5495323538780212
0.5791646242141724
0.6088671088218689
0.6384689807891846
0.6677888035774231
0.6966359615325928
0.7248125076293945
0.7521155476570129
0.7783394455909729
0.8032788038253784
0.8267313241958618
0.8485008478164673
0.8684008121490479
0.8862574696540833
0.901913583278656
0.9152311086654663
0.926094651222229
0.9344146251678467
0.9401295185089111
0.9432085156440735
0.9436528086662292
0.9414975643157959
0.9368122220039368
0.9297008514404297
0.9203017354011536
0.9087860584259033
0.8953561782836914
0.8802437782287598
0.8637060523033142
0.8460224270820618
0.8274908065795898
0.808422327041626
0.7891370058059692
0.7699578404426575
0.7512058019638062
0.7331941723823547
0.7162225246429443
0.7005713582038879
0.6864970326423645
0.6742262840270996
0.6639519929885864
0.6558287739753723
0.6499698162078857
0.6464436650276184
0.6452727317810059
0.6464321613311768
0.6498497128486633
0.6554065346717834
0.6629396677017212
0.6722444295883179
0.6830788254737854
0.695168673992157
0.7082130908966064
0.7218916416168213
0.7358714938163757
0.7498153448104858
0.763389527797699
0.7762723565101624
0.7881622314453125
0.7987852692604065
0.8079025149345398
0.8153163194656372
0.8208755254745483
0.8244795203208923
0.8260806798934937
0.8256859183311462
0.8233561515808105
0.8192039728164673
0.8133907318115234
0.806121289730072
0.7976381182670593
0.788213849067688
0.7781429290771484
0.7677330374717712
0.757295548915863
0.7471363544464111
0.737546980381012
0.7287955284118652
0.7211188673973083
0.7147161364555359
0.7097423076629639
0.7063048481941223
0.7044602036476135
0.7042130827903748
0.7055171728134155
0.7082769274711609
0.7123518586158752
0.7175617814064026
0.7236932516098022
0.7305076718330383
0.737749457359314
0.7451554536819458
0.7524638175964355
0.7594236731529236
0.7658034563064575
0.7713987231254578
0.7760390043258667
0.7795934677124023
0.7819747924804688
0.7831413149833679
0.7830973863601685
0.7818926572799683
0.7796183228492737
0.7764032483100891
0.7724076509475708
0.7678166031837463
0.762831449508667
0.7576620578765869
0.7525179386138916
0.7476001977920532
0.7430936098098755
0.739159882068634
0.7359316349029541
0.7335078120231628
0.7319509387016296
0.7312853336334229
0.7314974665641785
0.7325377464294434
0.7343238592147827
0.7367450594902039
0.7396677732467651
0.7429425120353699
0.746410608291626
0.7499113082885742
0.7532893419265747
0.7564012408256531
0.7591214179992676
0.7613474726676941
0.7630032896995544
0.7640424370765686
0.7644484043121338
0.7642349600791931
0.7634438276290894
0.7621419429779053
0.7604173421859741
0.7583743929862976
0.7561278939247131
0.7537972331047058
0.7515009641647339
0.7493507266044617
0.7474465370178223
0.7458721995353699
0.7446919083595276
0.7439483404159546
0.743661105632782
0.7438271641731262
0.7444220781326294
0.745401918888092
0.7467066049575806
0.7482641935348511
0.7499949336051941
0.7518156766891479
0.7536447644233704
0.7554063200950623
0.7570341229438782
0.7584748864173889
0.7596904635429382
0.7606596350669861
0.7613785266876221
0.7618601322174072
0.7621330618858337
0.7622394561767578
0.7622323036193848
0.7621720433235168
0.7621230483055115
0.7621501088142395
0.7623150944709778
0.7626733779907227
0.7632715106010437
0.7641448974609375
0.7653164863586426
0.7667959332466125
0.7685797810554504
0.7706524729728699
0.7729871869087219
0.7755482792854309
0.7782933712005615
0.7811756730079651
0.7841467261314392
0.7871591448783875
0.7901685237884521
0.7931358814239502
0.7960286140441895
0.7988215088844299
0.8014974594116211
0.8040471076965332
0.8064687252044678
0.8087663054466248
0.81094890832901
0.8130289912223816
0.8150205612182617
0.8169373273849487
0.8187915086746216
0.8205923438072205
0.822345495223999
0.8240517973899841
0.8257076740264893
0.8273050785064697
0.8288320302963257
0.8302736878395081
0.8316135406494141
0.8328347206115723
0.8339213728904724
0.8348602056503296
0.835641622543335
0.8362607359886169
0.8367183208465576
0.8370211124420166
0.8371819853782654
0.8372195363044739
0.8371574878692627
0.8370236754417419
0.8368490934371948
0.8366662859916687
0.8365078568458557
0.8364052772521973
0.8363870978355408
0.8364781141281128
0.8366979956626892
0.8370606899261475
0.8375736474990845
0.8382381796836853
0.8390490412712097
0.8399953842163086
0.8410612344741821
0.8422263264656067
0.843467116355896
0.8447580337524414
0.8460727334022522
0.8473852276802063
0.8486706018447876
0.8499062061309814
0.8510724902153015
0.8521536588668823
0.853137731552124
0.8540166616439819
0.8547869324684143
0.8554487228393555
0.8560060262680054
0.8564661741256714
0.8568390011787415
0.8571367263793945
0.8573732376098633
0.8575634360313416
0.8577225804328918
0.8578659892082214
0.8580084443092346
0.8581637144088745
0.8583443164825439
0.8585610389709473
0.858822762966156
0.8591363430023193
0.8595062494277954
0.8599348068237305
0.8604221940040588
0.8609660267829895
0.8615617752075195
0.862203061580658
0.8628816604614258
0.8635880351066589
0.8643114566802979
0.8650407195091248
0.8657644391059875
0.8664712309837341
0.867150604724884
0.8677932024002075
0.8683913350105286
0.868939220905304
0.8694334626197815
0.8698729276657104
0.8702587485313416
0.8705947399139404
0.8708868026733398
0.8711426258087158
0.8713714480400085
0.8715835213661194
0.8717896938323975
0.872000515460968
0.8722260594367981
0.8724750280380249
0.8727544546127319
0.873069703578949
0.8734234571456909
0.8738162517547607
0.8742462396621704
0.8747094869613647
0.8752000331878662
0.8757103681564331
0.8762319087982178
0.8767556548118591
0.8772727847099304
0.8777749538421631
0.8782546520233154
0.8787059187889099
0.8791245818138123
0.8795085549354553
0.8798577785491943
0.8801741003990173
0.8804610371589661
0.880723774433136
0.8809686303138733
0.8812025785446167
0.8814327716827393
0.8816660642623901
0.881908655166626
0.8821658492088318
0.8824415802955627
0.8827382326126099
0.883056640625
0.8833959698677063
0.8837538957595825
0.8841269016265869
0.8845103979110718
0.884899377822876
0.8852885365486145
0.8856724500656128
0.8860464096069336
0.8864064812660217
0.8867495059967041
0.8870735168457031
0.887377917766571
0.8876632452011108
0.8879309892654419
0.8881836533546448
0.8884244561195374
0.8886568546295166
0.888884425163269
0.8891106843948364
0.8893386721611023
0.8895707130432129
0.8898085355758667
0.8900527358055115
0.8903031349182129
0.8905585408210754
0.890816867351532
0.8910752534866333
0.8913304805755615
0.8915788531303406
0.8918166160583496
0.8920401334762573
0.8922458291053772
0.8924306631088257
0.8925918936729431
0.8927273750305176
0.8928351998329163
0.8929136991500854
0.8929618000984192
0.8929784297943115
0.8929623365402222
0.8929122090339661
0.8928261399269104
0.8927018046379089
0.892535924911499
0.8923245668411255
0.8920627236366272
0.8917443752288818
0.8913624882698059
0.8909091949462891
0.890375554561615
0.8897517323493958
0.8890269994735718
0.8881897926330566
0.8872278332710266
0.8861281275749207
0.8848769664764404
0.8834598064422607
0.88186115026474
0.880064845085144
0.8780534267425537
0.8758082389831543
0.8733091354370117
0.8705349564552307
0.8674625754356384
0.8640673756599426
0.8603231906890869
0.8562019467353821
0.8516739010810852
0.8467076420783997
0.8412703275680542
0.8353278636932373
0.8288448452949524
0.8217853903770447
0.8141130805015564
0.805791437625885
0.7967842817306519
0.7870563268661499
0.7765734791755676
0.7653037905693054
0.7532176375389099
0.7402884960174561
0.7264935970306396
0.7118145823478699
0.6962383985519409
0.6797577738761902
0.6623717546463013
0.6440867185592651
0.6249170899391174
0.6048858165740967
0.5840249061584473
0.5623760223388672
0.5399908423423767
0.5169314742088318
0.4932703077793121
0.4690904319286346
0.4444850981235504
0.4195575416088104
0.3944205343723297
0.3691955506801605
0.3440116941928864
0.3190050423145294
0.2943170368671417
0.27009317278862
0.2464815676212311
0.223631277680397
0.2016904056072235
0.1808045506477356
0.1611147373914719
0.1427558660507202
0.1258547455072403
0.110528476536274
0.09688279777765274
0.08501061052083969
0.07499067485332489
0.06688618659973145
0.06074404716491699
0.05659374967217445
0.05444683134555817
0.05429638549685478
0.05611669272184372
0.05986320227384567
0.06547260284423828
0.07286310940980911
0.08193489164113998
0.09257068485021591
0.104636587202549
0.1179830133914948
0.1324458867311478
0.1478479206562042
0.1640001237392426
0.1807035356760025
0.1977510154247284
0.2149293571710587
0.2320217341184616
0.2488099783658981
0.2650774717330933
0.2806119918823242
0.2952087819576263
0.3086737394332886
0.3208267390727997
0.3315049707889557
0.3405662178993225
0.347892165184021
0.3533910810947418
0.3570007085800171
0.3586905300617218
0.3584634363651276
0.356356680393219
0.3524427711963654
0.3468286395072937
0.3396548926830292
0.3310936987400055
0.3213457465171814
0.3106369376182556
0.2992136478424072
0.2873376309871674
0.2752804756164551
0.263317346572876
0.2517204284667969
0.2407524883747101
0.2306603640317917
0.2216689139604568
0.213975265622139
0.2077437341213226
0.2031016647815704
0.2001361697912216
0.1988920867443085
0.1993708163499832
0.2015305608510971
0.2052878588438034
0.2105201482772827
0.2170693129301071
0.2247463762760162
0.233337014913559
0.2426077574491501
0.252312570810318
0.2621996998786926
0.2720186412334442
0.2815268933773041
0.290496438741684
0.2987195253372192
0.3060138523578644
0.3122271001338959
0.3172401785850525
0.320969820022583
0.3233697414398193
0.3244313597679138
0.3241828680038452
0.3226879239082336
0.3200426399707794
0.316372811794281
0.3118295669555664
0.3065848648548126
0.3008262813091278
0.294751763343811
0.2885637283325195
0.282463401556015
0.2766450345516205
0.2712904810905457
0.2665637731552124
0.262606680393219
0.2595342993736267
0.2574319541454315
0.2563525438308716
0.2563148736953735
0.2573034465312958
0.2592689394950867
0.2621298730373383
0.2657755613327026
0.2700698673725128
0.274856299161911
0.2799631655216217
0.285210132598877
0.2904145419597626
0.2953981757164001
0.2999937236309052
0.3040505945682526
0.3074407279491425
0.3100626468658447
0.3118450343608856
0.3127487897872925
0.3127676248550415
0.3119276762008667
0.3102854192256927
0.3079244494438171
0.3049514889717102
0.3014912605285645
0.2976806461811066
0.2936627864837646
0.2895808815956116
0.2855724692344666
0.2817639112472534
0.2782654762268066
0.2751675844192505
0.2725377976894379
0.2704189717769623
0.2688284516334534
0.2677584290504456
0.2671772837638855
0.2670319974422455
0.2672509849071503
0.2677481770515442
0.268426924943924
0.2691846489906311
0.2699173092842102
0.2705241143703461
0.2709114849567413
0.2709969878196716
0.2707125246524811
0.2700069844722748
0.2688481211662292
0.2672236263751984
0.2651411890983582
0.262628048658371
0.2597295939922333
0.2565071880817413
0.2530353963375092
0.249398872256279
0.2456886619329453
0.2419984191656113
0.2384203970432281
0.2350417077541351
0.2319409102201462
0.2291848361492157
0.2268261313438416
0.224901482462883
0.2234304845333099
0.2224153876304626
0.2218415588140488
0.2216788530349731
0.2218834906816483
0.2224005311727524
0.2231669276952744
0.2241146415472031
0.2251739948987961
0.2262768596410751
0.2273596823215485
0.2283660918474197
0.2292490452528
0.2299722582101822
0.2305111140012741
0.2308529019355774
0.2309963703155518
0.2309507578611374
0.2307343333959579
0.2303724437952042
0.2298955172300339
0.2293368875980377
0.2287305146455765
0.2281089723110199
0.2275016456842422
0.2269332855939865
0.2264228761196136
0.225983053445816
0.2256199568510056
0.2253333926200867
0.2251175194978714
0.2249617725610733
0.2248521000146866
0.2247724235057831
0.2247059345245361
0.2246367931365967
0.2245512753725052
0.2244390696287155
0.2242943346500397
0.2241162359714508
0.223909318447113
0.2236835509538651
0.2234538942575455
0.2232397794723511
0.2230641394853592
0.2229522466659546
0.2229304909706116
0.2230249047279358
0.2232598811388016
0.2236567884683609
0.2242327928543091
0.2249999940395355
0.2259647250175476
0.2271271347999573
0.2284811437129974
0.2300147116184235
0.2317102998495102
0.2335458248853683
0.2354955673217773
0.2375314086675644
0.2396240532398224
0.2417442798614502
0.2438641935586929
0.245958223938942
0.2480039596557617
0.2499828785657883
0.2518806755542755
0.2536873519420624
0.2553971409797668
0.2570080161094666
0.2585212886333466
0.2599407732486725
0.2612720131874084
0.2625214755535126
0.2636957764625549
0.2648008465766907
0.2658414244651794
0.2668208479881287
0.2677405476570129
0.2686001658439636
0.2693977952003479
0.2701301872730255
0.2707934081554413
0.2713834047317505
0.2718967199325562
0.2723310589790344
0.272686094045639
0.2729639708995819
0.2731695771217346
0.2733109593391418
0.273399293422699
0.2734487354755402
0.2734759449958801
0.2734997272491455
0.2735400497913361
0.2736172080039978
0.2737508118152618
0.2739590108394623
0.2742571830749512
0.274657279253006
0.2751668393611908
0.2757885754108429
0.2765199244022369
0.2773529291152954
0.2782745659351349
0.2792669236660004
0.2803081572055817
0.2813733518123627
0.2824357450008392
0.2834677696228027
0.2844425439834595
0.28533536195755
0.2861246466636658
0.2867932021617889
0.287329226732254
0.2877268493175507
0.2879864573478699
0.2881146669387817
0.2881241738796234
0.2880327105522156
0.287862241268158
0.2876378893852234
0.2873860597610474
0.2871333062648773
0.286904513835907
0.286721408367157
0.2866012454032898
0.2865554988384247
0.2865892648696899
0.2867006361484528
0.2868805527687073
0.2871134579181671
0.2873775959014893
0.287646472454071
0.2878902852535248
0.2880773544311523
0.2881761193275452
0.2881568968296051
0.2879936993122101
0.2876655757427216
0.287158191204071
0.2864643335342407
0.2855846285820007
0.2845272719860077
0.2833075523376465
0.2819470167160034
0.2804718315601349
0.2789112031459808
0.2772956192493439
0.2756548225879669
0.2740158438682556
0.2724015414714813
0.2708292603492737
0.2693098783493042
0.2678474485874176
0.2664394378662109
0.2650775015354156
0.2637484073638916
0.2624359130859375
0.2611223161220551
0.25979083776474
0.2584273517131805
0.2570221126079559
0.2555714547634125
0.2540785372257233
0.2525540590286255
0.2510157823562622
0.2494879513978958
0.2479997724294662
0.2465836703777313
0.2452730089426041
0.2440997511148453
0.2430920600891113
0.2422721683979034
0.2416544705629349
0.2412443310022354
0.24103744328022
0.2410198599100113
0.241168811917305
0.2414540797472
0.2418401092290878
0.2422881871461868
0.242759183049202
0.2432159185409546
0.2436256110668182
0.2439617514610291
0.2442054897546768
0.2443462908267975
0.2443817257881165
0.2443169355392456
0.2441632151603699
0.2439360916614532
0.243653267621994
0.2433325052261353
0.2429894953966141
0.2426362037658691
0.2422798126935959
0.2419220060110092
0.241559311747551
0.2411836981773376
0.240784227848053
0.240348681807518
0.2398657351732254
0.2393268346786499
0.2387281805276871
0.2380718737840652
0.2373668700456619
0.236628845334053
0.2358795404434204
0.2351452559232712
0.2344548404216766
0.2338372617959976
0.233318954706192
0.2329213470220566
0.2326586544513702
0.2325364649295807
0.2325506508350372
0.2326875627040863
0.2329248636960983
0.2332332879304886
0.2335789203643799
0.2339259684085846
0.2342397123575211
0.234489306807518
0.234650120139122
0.2347056567668915
0.2346483916044235
0.2344800233840942
0.2342106997966766
0.233857586979866
0.2334427088499069
0.2329905778169632
0.2325256317853928
0.2320700585842133
0.2316417545080185
0.2312531769275665
0.2309107184410095
0.2306149005889893
0.2303612679243088
0.2301418632268906
0.2299468517303467
0.2297664433717728
0.2295925468206406
0.2294200360774994
0.2292474955320358
0.2290775030851364
0.2289160043001175
0.2287712246179581
0.2286522090435028
0.2285672128200531
0.2285219728946686
0.228518471121788
0.2285537868738174
0.2286200523376465
0.2287048250436783
0.2287919968366623
0.2288634181022644
0.2289009392261505
0.2288884222507477
0.2288136780261993
0.2286700308322906
0.2284572571516037
0.2281819432973862
0.2278569042682648
0.2275000214576721
0.2271323651075363
0.2267760634422302
0.2264519929885864
0.2261775732040405
0.2259651869535446
0.225820854306221
0.2257438749074936
0.2257272452116013
0.2257585227489471
0.2258216440677643
0.2258986979722977
0.2259720116853714
0.226026177406311
0.2260494828224182
0.226034864783287
0.22598035633564
0.2258886843919754
0.2257664650678635
0.2256228923797607
0.2254682779312134
0.2253123968839645
0.2251632809638977
0.2250263094902039
0.2249037325382233
0.2247947603464127
0.2246961146593094
0.2246029824018478
0.2245101034641266
0.2244128584861755
0.2243082821369171
0.2241957038640976
0.2240768820047379
0.2239557355642319
0.2238377928733826
0.2237291187047958
0.2236352413892746
0.2235600799322128
0.2235050797462463
0.2234686464071274
0.2234460264444351
0.2234297841787338
0.223410427570343
0.2233776301145554
0.223321408033371
0.2232333123683929
0.2231074571609497
0.222941055893898
0.2227346748113632
0.2224918305873871
0.222218319773674
0.2219209671020508
0.2216064929962158
0.2212799787521362
0.2209438532590866
0.220597043633461
0.2202345132827759
0.2198473662137985
0.2194233685731888
0.2189476788043976
0.2184039354324341
0.2177753448486328
0.217045783996582
0.2162003070116043
0.2152257561683655
0.2141105532646179
0.2128444015979767
0.2114177644252777
0.2098208069801331
0.2080426961183548
0.2060708850622177
0.2038906067609787
0.2014846503734589
0.1988335251808167
0.1959159225225449
0.1927095502614975
0.1891918331384659
0.1853409111499786
0.1811363995075226
0.1765600144863129
0.1715959012508392
0.1662308722734451
0.1604543179273605
0.154258131980896
0.1476363986730576
0.1405853927135468
0.133103534579277
0.1251916736364365
0.1168535575270653
0.1080964729189873
0.09893201291561127
0.08937682211399078
0.07945334166288376
0.06919024139642715
0.05862274020910263
0.04779250174760818
0.03674720600247383
0.02553987130522728
0.01422793604433537
0.002872159704566002
-0.008464515209197998
-0.01971807517111301
-0.0308244451880455
-0.0417204275727272
-0.05234446376562119
-0.06263735145330429
-0.0725429356098175
-0.08200875669717789
-0.09098690748214722
-0.09943491965532303
-0.1073168218135834
-0.1146042421460152
-0.1212776675820351
-0.1273275166749954
-0.1327552050352097
-0.1375738531351089
-0.1418087333440781
-0.1454972326755524
-0.1486883759498596
-0.1514419615268707
-0.1538272202014923
-0.1559209525585175
-0.1578056812286377
-0.159567192196846
-0.1612924188375473
-0.1630667895078659
-0.1649719923734665
-0.1670836359262466
-0.1694690436124802
-0.1721852272748947
-0.1752771288156509
-0.1787760704755783
-0.1826984882354736
-0.1870450079441071
-0.1918002068996429
-0.1969325244426727
-0.2023950517177582
-0.2081268131732941
-0.2140547037124634
-0.2200959473848343
-0.2261612564325333
-0.2321581691503525
-0.2379948943853378
-0.243584081530571
-0.2488466501235962
-0.2537152767181396
-0.2581373453140259
-0.2620775997638702
-0.2655197381973267
-0.268467515707016
-0.2709447145462036
-0.2729943990707397
-0.2746774554252625
-0.2760698795318604
-0.2772599160671234
-0.2783443033695221
-0.2794238030910492
-0.2805989980697632
-0.2819654643535614
-0.2836094200611115
-0.2856031358242035
-0.2880014479160309
-0.2908386290073395
-0.2941262722015381
-0.2978523075580597
-0.3019810318946838
-0.3064547777175903
-0.3111963868141174
-0.3161129355430603
-0.3211005628108978
-0.3260498046875
-0.3308516144752502
-0.3354032933712006
-0.3396140933036804
-0.3434106707572937
-0.346741110086441
-0.349578320980072
-0.3519215881824493
-0.3537970781326294
-0.3552564382553101
-0.3563741743564606
-0.357243537902832
-0.3579712510108948
-0.3586714267730713
-0.3594588935375214
-0.3604423701763153
-0.3617179393768311
-0.3633631467819214
-0.3654320240020752
-0.3679518103599548
-0.3709208965301514
-0.374308705329895
-0.3780575394630432
-0.3820860385894775
-0.3862942159175873
-0.3905697464942932
-0.3947953581809998
-0.3988564312458038
-0.4026485681533813
-0.4060845077037811
-0.4091002345085144
-0.4116590917110443
-0.4137543439865112
-0.4154099225997925
-0.4166785776615143
-0.4176383316516876
-0.4183871448040009
-0.4190359115600586
-0.4197008013725281
-0.4204950034618378
-0.4215206503868103
-0.4228616952896118
-0.4245778024196625
-0.4267002046108246
-0.4292294979095459
-0.4321357309818268
-0.4353607892990112
-0.4388228058815002
-0.4424224495887756
-0.4460503756999969
-0.4495956599712372
-0.4529542028903961
-0.4560366272926331
-0.4587749242782593
-0.4611276686191559
-0.4630829989910126
-0.4646594822406769
-0.4659042060375214
-0.4668889343738556
-0.4677041172981262
-0.4684514999389648
-0.4692359268665314
-0.4701566100120544
-0.4712993800640106
-0.4727296233177185
-0.4744872450828552
-0.4765836596488953
-0.4790010750293732
-0.4816947281360626
-0.4845966100692749
-0.4876218140125275
-0.4906759262084961
-0.4936633110046387
-0.4964951872825623
-0.4990972876548767
-0.5014160871505737
-0.5034229755401611
-0.5051165223121643
-0.5065221190452576
-0.5076890587806702
-0.5086860656738281
-0.5095944404602051
-0.5105010271072388
-0.5114899277687073
-0.5126349925994873
-0.5139934420585632
-0.5156006813049316
-0.5174677968025208
-0.5195809006690979
-0.5219027996063232
-0.5243774056434631
-0.5269349217414856
-0.5294988751411438
-0.5319937467575073
-0.5343519449234009
-0.5365199446678162
-0.5384634137153625
-0.5401697754859924
-0.5416491031646729
-0.5429327487945557
-0.5440692901611328
-0.5451197028160095
-0.5461509823799133
-0.5472291707992554
-0.5484130382537842
-0.5497481822967529
-0.551263153553009
-0.5529665946960449
-0.5548471808433533
-0.5568753480911255
-0.5590065717697144
-0.5611868500709534
-0.563357949256897
-0.5654640197753906
-0.5674571990966797
-0.5693024396896362
-0.5709806084632874
-0.5724900960922241
-0.573846697807312
-0.5750811100006104
-0.576235294342041
-0.5773578882217407
-0.5784982442855835
-0.5797017216682434
-0.58100426197052
-0.5824292898178101
-0.5839852690696716
-0.5856654047966003
-0.58744877576828
-0.589303195476532
-0.5911893248558044
-0.5930649042129517
-0.5948899388313293
-0.5966309905052185
-0.598264753818512
-0.5997803807258606
-0.6011801362037659
-0.6024788618087769
-0.6037017703056335
-0.6048811078071594
-0.6060523986816406
-0.6072498559951782
-0.6085028648376465
-0.6098323464393616
-0.6112488508224487
-0.6127514839172363
-0.6143286824226379
-0.6159597635269165
-0.6176177263259888
-0.619272768497467
-0.6208959221839905
-0.6224623918533325
-0.6239544749259949
-0.6253632307052612
-0.6266894936561584
-0.6279428601264954
-0.6291406750679016
-0.6303051710128784
-0.6314606070518494
-0.632629930973053
-0.6338320970535278
-0.6350793838500977
-0.6363763213157654
-0.6377189159393311
-0.6390956044197083
-0.6404884457588196
-0.6418755054473877
-0.6432333588600159
-0.6445399522781372
-0.645776629447937
-0.6469303369522095
-0.6479940414428711
-0.6489671468734741
-0.6498545408248901
-0.6506649255752563
-0.651408851146698
-0.6520960927009583
-0.6527337431907654
-0.6533238887786865
-0.6538623571395874
-0.6543385982513428
-0.6547355055809021
-0.655030369758606
-0.6551966071128845
-0.6552055478096008
-0.6550286412239075
-0.654638946056366
-0.65401291847229
-0.653130829334259
-0.6519773006439209
-0.6505406498908997
-0.6488120555877686
-0.6467841267585754
-0.6444495320320129
-0.6417994499206543
-0.6388225555419922
-0.6355047821998596
-0.6318289637565613
-0.6277759075164795
-0.6233252286911011
-0.6184570789337158
-0.6131545305252075
-0.6074044704437256
-0.6011999845504761
-0.5945417284965515
-0.5874384045600891
-0.5799074172973633
-0.571974515914917
-0.5636729001998901
-0.5550427436828613
-0.5461299419403076
-0.5369848608970642
-0.5276615619659424
-0.5182170867919922
-0.5087109208106995
-0.499205082654953
-0.4897638559341431
-0.4804540276527405
-0.4713446199893951
-0.4625066220760345
-0.4540124833583832
-0.4459347426891327
-0.4383445382118225
-0.431309700012207
-0.4248922765254974
-0.419146329164505
-0.4141151905059814
-0.4098295569419861
-0.4063054621219635
-0.4035430550575256
-0.4015258252620697
-0.4002204835414886
-0.3995777070522308
-0.3995331227779388
-0.400008887052536
-0.4009158909320831
-0.4021558463573456
-0.4036236107349396
-0.4052099585533142
-0.4068039953708649
-0.4082956612110138
-0.4095785319805145
-0.4105523526668549
-0.4111256897449493
-0.4112184941768646
-0.4107647240161896
-0.4097149074077606
-0.408037930727005
-0.4057231545448303
-0.4027814567089081
-0.3992457091808319
-0.3951705992221832
-0.390631377696991
-0.385721743106842
-0.3805509209632874
-0.375239759683609
-0.3699162304401398
-0.3647104501724243
-0.3597494959831238
-0.3551521003246307
-0.3510236442089081
-0.3474516272544861
-0.3445019125938416
-0.3422156572341919
-0.3406075239181519
-0.3396646976470947
-0.3393472731113434
-0.3395897448062897
-0.3403035998344421
-0.3413808643817902
-0.3426985740661621
-0.3441239297389984
-0.3455202579498291
-0.3467528522014618
-0.3476952314376831
-0.3482351005077362
-0.3482796549797058
-0.3477604985237122
-0.3466370403766632
-0.34489905834198
-0.3425676822662354
-0.3396947383880615
-0.3363605737686157
-0.3326700627803802
-0.3287476897239685
-0.3247308731079102
-0.3207629024982452
-0.3169850707054138
-0.313528835773468
-0.3105084300041199
-0.3080143928527832
-0.3061080574989319
-0.3048181235790253
-0.3041385412216187
-0.3040289282798767
-0.3044166564941406
-0.3052010238170624
-0.3062591254711151
-0.3074529469013214
-0.3086377084255219
-0.309670627117157
-0.3104194402694702
-0.3107706308364868
-0.3106362819671631
-0.3099597990512848
-0.3087194859981537
-0.3069298565387726
-0.3046411275863647
-0.3019358217716217
-0.2989238500595093
-0.2957351207733154
-0.2925112843513489
-0.2893962562084198
-0.2865265905857086
-0.2840222418308258
-0.2819784283638
-0.2804588079452515
-0.2794910967350006
-0.2790651023387909
-0.2791332900524139
-0.2796140611171722
-0.2803975641727448
-0.2813535034656525
-0.2823405861854553
-0.2832167446613312
-0.2838494777679443
-0.2841257154941559
-0.2839599251747131
-0.2833007276058197
-0.2821345925331116
-0.2804865837097168
-0.2784188091754913
-0.276025265455246
-0.2734247148036957
-0.2707515954971313
-0.2681452035903931
-0.2657390534877777
-0.2636503875255585
-0.2619707882404327
-0.2607590556144714
-0.2600364983081818
-0.2597854435443878
-0.2599507570266724
-0.2604443430900574
-0.2611527442932129
-0.2619462013244629
-0.2626897394657135
-0.2632542848587036
-0.2635274529457092
-0.2634228765964508
-0.2628874480724335
-0.2619056701660156
-0.2605007588863373
-0.258732408285141
-0.256691575050354
-0.2544924020767212
-0.2522618770599365
-0.2501290440559387
-0.2482131570577621
-0.2466135323047638
-0.2454005479812622
-0.2446096241474152
-0.2442382425069809
-0.2442463785409927
-0.2445604652166367
-0.2450803220272064
-0.2456885725259781
-0.2462614923715591
-0.2466807067394257
-0.2468439787626266
-0.2466747164726257
-0.2461289912462234
-0.2451993077993393
-0.2439150810241699
-0.2423394471406937
-0.2405629456043243
-0.2386946231126785
-0.2368512153625488
-0.2351458370685577
-0.2336769551038742
-0.2325188964605331
-0.2317147552967072
-0.2312724888324738
-0.2311644554138184
-0.231330543756485
-0.2316845506429672
-0.2321230620145798
-0.232536107301712
-0.2328183799982071
-0.2328798323869705
-0.2326547801494598
-0.2321082502603531
-0.2312392443418503
-0.2300804853439331
-0.2286945432424545
-0.2271669954061508
-0.2255971878767014
-0.2240875661373138
-0.2227329462766647
-0.2216104716062546
-0.2207716256380081
-0.2202371656894684
-0.2199951708316803
-0.2200028896331787
-0.2201917171478271
-0.2204749286174774
-0.2207574546337128
-0.2209463119506836
-0.2209608256816864
-0.2207412570714951
-0.2202551513910294
-0.2195004671812057
-0.218505397439003
-0.2173247635364532
-0.2160334289073944
-0.2147175967693329
-0.2134649306535721
-0.2123545855283737
-0.2114483416080475
-0.210783839225769
-0.2103706002235413
-0.2101894915103912
-0.2101953029632568
-0.2103224247694016
-0.210492804646492
-0.2106252610683441
-0.2106450200080872
-0.2104923129081726
-0.2101292014122009
-0.2095436155796051
-0.2087503671646118
-0.2077889442443848
-0.2067182809114456
-0.2056094259023666
-0.2045367509126663
-0.2035690397024155
-0.2027611434459686
-0.2021477222442627
-0.2017393410205841
-0.2015216499567032
-0.2014575898647308
-0.2014923691749573
-0.2015606164932251
-0.2015945464372635
-0.2015324980020523
-0.2013263553380966
-0.2009473741054535
-0.2003893256187439
-0.1996687948703766
-0.1988227218389511
-0.1979032307863235
-0.1969708204269409
-0.1960864514112473
-0.195303812623024
-0.1946626603603363
-0.1941839456558228
-0.1938676238059998
-0.1936930269002914
-0.1936220526695251
-0.1936044245958328
-0.1935844868421555
-0.1935086101293564
-0.1933321207761765
-0.1930249333381653
-0.1925751715898514
-0.19199039041996
-0.1912960708141327
-0.1905318200588226
-0.1897458881139755
-0.1889884918928146
-0.1883050799369812
-0.1877303868532181
-0.1872840821743011
-0.1869683861732483
-0.1867682039737701
-0.186653733253479
-0.1865846812725067
-0.1865161508321762
-0.1864048093557358
-0.1862147301435471
-0.1859222799539566
-0.185518890619278
-0.1850119382143021
-0.1844233572483063
-0.1837861388921738
-0.1831396073102951
-0.182523638010025
-0.1819731444120407
-0.1815133094787598
-0.1811563074588776
-0.1808998286724091
-0.180727943778038
-0.1806135177612305
-0.1805224418640137
-0.1804185956716537
-0.1802689731121063
-0.1800483465194702
-0.1797425746917725
-0.1793503016233444
-0.1788827925920486
-0.1783618479967117
-0.1778163909912109
-0.1772780418395996
-0.1767763793468475
-0.1763346791267395
-0.1759667098522186
-0.1756748855113983
-0.1754502803087234
-0.1752741634845734
-0.1751211136579514
-0.1749628931283951
-0.1747726798057556
-0.1745290458202362
-0.1742189526557922
-0.1738394349813461
-0.1733978092670441
-0.1729102432727814
-0.1723991632461548
-0.1718896776437759
-0.1714058518409729
-0.1709670424461365
-0.1705852448940277
-0.1702635586261749
-0.1699960678815842
-0.1697690337896347
-0.1695633083581924
-0.1693575531244278
-0.1691315025091171
-0.1688691973686218
-0.168561264872551
-0.1682062745094299
-0.1678105890750885
-0.1673873215913773
-0.1669539213180542
-0.1665294021368027
-0.166131317615509
-0.1657730042934418
-0.1654616147279739
-0.1651971489191055
-0.1649726629257202
-0.1647754609584808
-0.1645893305540085
-0.1643971055746078
-0.1641832888126373
-0.1639364957809448
-0.1636510044336319
-0.1633273810148239
-0.1629722416400909
-0.1625967919826508
-0.1622149646282196
-0.1618410348892212
-0.1614872515201569
-0.1611620634794235
-0.1608687341213226
-0.160605177283287
-0.1603644192218781
-0.1601359993219376
-0.159907802939415
-0.1596681177616119
-0.1594076305627823
-0.1591209173202515
-0.158807173371315
-0.1584702283143997
-0.1581177413463593
-0.1577598750591278
-0.1574075073003769
-0.1570703238248825
-0.1567553132772446
-0.1564656943082809
-0.1562003642320633
-0.1559543460607529
-0.1557196080684662
-0.155486524105072
-0.1552454829216003
-0.1549884825944901
-0.1547103077173233
-0.1544093638658524
-0.1540876775979996
-0.1537505090236664
-0.1534053236246109
-0.1530603915452957
-0.1527234315872192
-0.1524003744125366
-0.1520944535732269
-0.1518058329820633
-0.1515318155288696
-0.151267409324646
-0.1510064303874969
-0.1507426649332047
-0.1504709869623184
-0.1501882672309875
-0.1498939245939255
-0.1495899558067322
-0.1492803990840912
-0.1489706933498383
-0.148666575551033
-0.1483731120824814
-0.1480937451124191
-0.1478297561407089
-0.1475801169872284
-0.1473416388034821
-0.1471096277236938
-0.1468787491321564
-0.1466438621282578
-0.1464010179042816
-0.1461480110883713
-0.14588463306427
-0.1456127166748047
-0.1453356593847275
-0.1450577229261398
-0.1447833031415939
-0.1445161551237106
-0.1442586928606033
-0.1440116614103317
-0.1437740921974182
-0.1435435265302658
-0.1433164924383163
-0.1430892199277878
-0.1428582519292831
-0.1426210254430771
-0.1423762291669846
-0.1421240270137787
-0.1418658196926117
-0.1416039615869522
-0.1413411647081375
-0.1410800367593765
-0.1408224552869797
-0.140569344162941
-0.1403205394744873
-0.1400748193264008
-0.1398302167654037
-0.1395845115184784
-0.1393356323242188
-0.1390821039676666
-0.1388234198093414
-0.1385600566864014
-0.138293519616127
-0.1380259692668915
-0.1377599984407425
-0.1374979764223099
-0.1372418254613876
-0.1369926780462265
-0.1367506980895996
-0.1365150809288025
-0.1362842917442322
-0.1360563486814499
-0.135829284787178
-0.1356013268232346
-0.1353713870048523
-0.135139063000679
-0.1349047124385834
-0.1346693783998489
-0.1344344615936279
-0.1342014521360397
-0.1339716017246246
-0.1337458044290543
-0.1335242688655853
-0.1333066821098328
-0.1330921798944473
-0.1328795850276947
-0.132667675614357
-0.1324553787708282
-0.1322419792413712
-0.1320272237062454
-0.1318113803863525
-0.131595104932785
-0.1313792765140533
-0.1311648488044739
-0.1309526413679123
-0.1307431012392044
-0.130536288022995
-0.1303319036960602
-0.1301293522119522
-0.1299278289079666
-0.1297265589237213
-0.1295249313116074
-0.1293225884437561
-0.1291195303201675
-0.1289160698652267
-0.1287127882242203
-0.1285103559494019
-0.128309428691864
-0.1281104534864426
-0.1279135942459106
-0.1277187019586563
-0.127525269985199
-0.1273325830698013
-0.1271397918462753
-0.1269461363554001
-0.1267509758472443
-0.1265539228916168
-0.1263549327850342
-0.1261542588472366
-0.1259524077177048
-0.1257500648498535
-0.1255479156970978
-0.1253465712070465
-0.1251465231180191
-0.1249480098485947
-0.124751053750515
-0.1245555877685547
-0.1243613883852959
-0.1241682395339012
-0.123975969851017
-0.1237844824790955
-0.123593844473362
-0.1234042197465897
-0.1232158243656158
-0.1230288967490196
-0.1228436008095741
-0.1226600036025047
-0.1224780157208443
-0.1222974434494972
-0.1221179589629173
-0.1219391897320747
-0.1217607483267784
-0.1215823069214821
-0.1214036345481873
-0.1212246343493462
-0.1210453435778618
-0.1208658739924431
-0.1206863969564438
-0.12050711363554
-0.1203281506896019
-0.1201495975255966
-0.1199714541435242
-0.1197936609387398
-0.1196160688996315
-0.1194385811686516
-0.1192610710859299
-0.1190835237503052
-0.1189059838652611
-0.1187285780906677
-0.1185515001416206
-0.1183749958872795
-0.1181992888450623
-0.1180245876312256
-0.1178510189056396
-0.1176786050200462
-0.1175072863698006
-0.1173369213938713
-0.1171673536300659
-0.1169984042644501
-0.1168298944830894
-0.1166617050766945
-0.116493746638298
-0.1163260266184807
-0.1161585822701454
-0.115991473197937
-0.1158247739076614
-0.1156585663557053
-0.1154928654432297
-0.1153276711702347
-0.1151629462838173
-0.1149986237287521
-0.1148346364498138
-0.1146708950400352
-0.1145073622465134
-0.1143440008163452
-0.1141808032989502
-0.1140177696943283
-0.1138549223542213
-0.1136922761797905
-0.1135298535227776
-0.1133676320314407
-0.1132055968046188
-0.1130436882376671
-0.1128818690776825
-0.1127200871706009
-0.1125583499670029
-0.1123966351151466
-0.1122349873185158
-0.1120734885334969
-0.1119121983647346
-0.1117512211203575
-0.1115906462073326
-0.1114305481314659
-0.1112709790468216
-0.1111119389533997
-0.1109534278512001
-0.1107954308390617
-0.1106378957629204
-0.1104808002710342
-0.1103241145610809
-0.1101678088307381
-0.1100119054317474
-0.1098564192652702
-0.1097013726830482
-0.1095468103885651
-0.1093927696347237
-0.1092392802238464
-0.109086386859417
-0.1089341193437576
-0.1087825149297714
-0.1086316257715225
-0.1084815114736557
-0.1083322465419769
-0.108183927834034
-0.1080366596579552
-0.1078905612230301
-0.1077457591891289
-0.1076023727655411
-0.1074605062603951
-0.1073202416300774
-0.107181653380394
-0.1070447713136673
-0.1069095954298973
-0.1067761182785034
-0.1066443100571632
-0.106514111161232
-0.1063854545354843
-0.1062582582235336
-0.1061324030160904
-0.1060077771544456
-0.1058842614293098
-0.1057617142796516
-0.1056399717926979
-0.1055188700556755
-0.1053982451558113
-0.1052779257297516
-0.1051577478647232
-0.1050375401973724
-0.1049171313643456
-0.1047963798046112
-0.1046751663088799
-0.1045533567667007
-0.1044308394193649
-0.1043075248599052
-0.1041833162307739
-0.1040581464767456
-0.1039319783449173
-0.1038047522306442
-0.1036764681339264
-0.1035471335053444
-0.1034168004989624
-0.1032855212688446
-0.1031534075737
-0.1030205488204956
-0.1028871014714241
-0.1027532070875168
-0.1026190370321274
-0.1024847775697708
-0.1023506075143814
-0.1022167131304741
-0.102083258330822
-0.1019504517316818
-0.1018184497952461
-0.1016874015331268
-0.1015574410557747
-0.1014286875724792
-0.1013012379407883
-0.1011751443147659
-0.1010504364967346
-0.1009271144866943
-0.1008051261305809
-0.1006844043731689
-0.1005648598074913
-0.1004463508725166
-0.1003287360072136
-0.1002118438482285
-0.1000954955816269
-0.09997951984405518
-0.09986373037099838
-0.09974796324968338
-0.09963209182024002
-0.09951595962047577
-0.09939946234226227
-0.09928251802921295
-0.09916508197784424
-0.09904714673757553
-0.09892873466014862
-0.09880989044904709
-0.0986907109618187
-0.09857132285833359
-0.09845184534788132
-0.09833246469497681
-0.09821332991123199
-0.098094642162323
-0.09797658771276474
-0.09785933047533035
-0.09774301946163177
-0.09762778133153915
-0.09751372784376144
-0.09740091860294342
-0.09728939831256866
-0.09717914462089539
-0.09707010537385941
-0.09696217626333237
-0.09685523062944412
-0.09674911946058273
-0.09664367139339447
-0.09653868526220322
-0.09643395245075226
-0.09632927179336548
-0.09622445702552795
-0.09611934423446655
-0.09601376950740814
-0.09590763598680496
-0.09580086916685104
-0.0956934466958046
-0.09558536112308502
-0.0954766646027565
-0.09536744654178619
-0.09525781869888306
-0.09514791518449783
-0.09503789991140366
-0.09492792934179306
-0.09481815248727798
-0.09470868855714798
-0.0945996567606926
-0.09449111670255661
-0.0943831130862236
-0.09427563846111298
-0.09416861832141876
-0.09406192600727081
-0.09395541995763779
-0.09384889155626297
-0.09374212473630905
-0.09363485127687454
-0.09352681785821915
-0.09341776371002197
-0.09330744296312332
-0.09319561719894409
-0.09308211505413055
-0.09296680241823196
-0.09284956753253937
-0.09273038804531097
-0.09260927140712738
-0.09248630702495575
-0.09236164391040802
-0.09223545342683792
-0.09210798889398575
-0.0919795036315918
-0.09185029566287994
-0.09172065556049347
-0.09159088134765625
-0.09146124869585037
-0.09133200347423553
-0.09120339155197144
-0.09107556194067001
-0.09094866365194321
-0.09082280099391937
-0.0906980112195015
-0.09057432413101196
-0.09045173972845078
-0.09033022820949554
-0.09020975977182388
-0.090090312063694
-0.08997186273336411
-0.08985443413257599
-0.08973806351423264
-0.08962282538414001
-0.08950884640216827
-0.08939627557992935
-0.08928532153367996
-0.08917620033025742
-0.0890691727399826
-0.08896449953317642
-0.08886246383190155
-0.08876330405473709
-0.08866725116968155
-0.08857452869415283
-0.08848530054092407
-0.08839967101812363
-0.08831770718097687
-0.08823944628238678
-0.08816482871770859
-0.08809378743171692
-0.08802623301744461
-0.08796201646327972
-0.08790100365877151
-0.08784303069114685
-0.08778798580169678
-0.08773577958345413
-0.08768633008003235
-0.08763965219259262
-0.08759579807519913
-0.08755487203598022
-0.08751703053712845
-0.0874825045466423
-0.08745157718658447
-0.08742458373308182
-0.08740188181400299
-0.08738385885953903
-0.08737091720104218
-0.08736344426870346
-0.08736182004213333
-0.08736640214920044
-0.08737748861312866
-0.08739535510540009
-0.08742021024227142
-0.08745221048593521
-0.087491475045681
-0.08753801137208939
-0.08759181946516037
-0.08765279501676559
-0.08772080391645432
-0.08779564499855042
-0.08787703514099121
-0.08796466886997223
-0.08805815130472183
-0.0881570503115654
-0.08826083689928055
-0.08836893737316132
-0.08848071098327637
-0.0885954424738884
-0.08871236443519592
-0.08883062750101089
-0.08894930779933929
-0.08906746655702591
-0.08918408304452896
-0.08929813653230667
-0.08940858393907547
-0.08951436728239059
-0.08961445093154907
-0.08970784395933151
-0.0897936150431633
-0.08987089246511459
-0.08993890881538391
-0.08999701589345932
-0.09004470705986023
-0.09008161723613739
-0.09010754525661469
-0.09012242406606674
-0.0901263952255249
-0.09011971205472946
-0.09010280668735504
-0.0900762677192688
-0.09004081785678864
-0.08999732136726379
-0.08994674682617188
-0.08989014476537704
-0.08982865512371063
-0.08976346999406815
-0.08969580382108688
-0.08962690830230713
-0.08955799788236618
-0.08949026465415955
-0.08942484855651855
-0.08936282247304916
-0.08930515497922897
-0.08925271034240723
-0.08920622617006302
-0.08916628360748291
-0.08913331478834152
-0.08910760283470154
-0.08908921480178833
-0.08907808363437653
-0.08907394111156464
-0.08907635509967804
-0.08908473700284958
-0.08909835666418076
-0.08911634981632233
-0.08913774788379669
-0.08916148543357849
-0.08918643742799759
-0.08921147882938385
-0.08923546969890594
-0.08925731480121613
-0.08927597850561142
-0.08929053694009781
-0.08930015563964844
-0.08930417150259018
-0.08930206298828125
-0.089293472468853
-0.08927825838327408
-0.08925645798444748
-0.08922827988862991
-0.08919413387775421
-0.08915457874536514
-0.08911032974720001
-0.08906223624944687
-0.08901122957468033
-0.08895833045244217
-0.08890459686517715
-0.08885109424591064
-0.08879886567592621
-0.08874890208244324
-0.08870207518339157
-0.08865916728973389
-0.08862081915140152
-0.08858751505613327
-0.08855952322483063
-0.08853697031736374
-0.08851978182792664
-0.08850768208503723
-0.08850022405385971
-0.08849679678678513
-0.08849665522575378
-0.08849893510341644
-0.08850269019603729
-0.08850692957639694
-0.088510662317276
-0.08851291239261627
-0.08851275593042374
-0.08850938081741333
-0.08850213140249252
-0.08849047124385834
-0.08847407251596451
-0.08845276385545731
-0.08842659741640091
-0.08839581906795502
-0.08836086094379425
-0.08832232654094696
-0.08828093856573105
-0.08823758363723755
-0.08819319307804108
-0.08814873546361923
-0.08810520172119141
-0.08806353062391281
-0.08802457898855209
-0.08798912912607193
-0.08795779943466187
-0.08793105185031891
-0.08790915459394455
-0.08789222687482834
-0.08788019418716431
-0.08787280321121216
-0.08786964416503906
-0.08787015825510025
-0.08787369728088379
-0.08787951618432999
-0.08788684755563736
-0.08789490163326263
-0.08790296316146851
-0.08791035413742065
-0.08791649341583252
-0.08792091906070709
-0.08792334794998169
-0.08792363107204437
-0.08792178332805634
-0.08791796863079071
-0.08791249990463257
-0.08790581673383713
-0.08789847046136856
-0.08789107948541641
-0.08788428455591202
-0.08787874132394791
-0.08787506818771362
-0.08787381649017334
-0.08787544816732407
-0.08788029849529266
-0.08788856118917465
-0.0879003033041954
-0.08791541308164597
-0.08793363720178604
-0.08795458823442459
-0.08797775954008102
-0.08800256252288818
-0.08802832663059235
-0.08805436640977859
-0.08807998150587082
-0.08810451626777649
-0.08812736719846725
-0.08814802020788193
-0.08816608041524887
-0.0881812646985054
-0.08819340914487839
-0.08820251375436783
-0.08820867538452148
-0.08821211755275726
-0.08821316063404083
-0.08821217715740204
-0.0882096141576767
-0.08820593357086182
-0.08820157498121262
-0.08819696307182312
-0.08819247037172318
-0.08818840235471725
-0.08818497508764267
-0.08818232268095016
-0.08818050473928452
-0.08817947655916214
-0.08817912638187408
-0.08817929029464722
-0.08817977458238602
-0.08818037807941437
-0.08818084001541138
-0.08818097412586212
-0.08818060159683228
-0.08817959576845169
-0.08817785978317261
-0.08817537873983383
-0.08817219734191895
-0.08816841244697571
-0.08816415816545486
-0.08815958350896835
-0.08815488219261169
-0.08815021812915802
-0.08814576268196106
-0.08814162015914917
-0.08813787251710892
-0.08813454210758209
-0.08813156187534332
-0.08812883496284485
-0.08812619745731354
-0.08812339603900909
-0.08812019228935242
-0.08811628818511963
-0.08811136335134506
-0.08810512721538544
-0.08809732645750046
-0.08808774501085281
-0.08807621896266937
-0.08806267380714417
-0.08804712444543839
-0.0880296528339386
-0.08801044523715973
-0.08798975497484207
-0.08796790242195129
-0.08794527500867844
-0.08792228996753693
-0.08789937198162079
-0.08787695318460464
-0.08785542845726013
-0.08783514797687531
-0.08781643211841583
-0.08779948949813843
-0.08778448402881622
-0.08777149021625519
-0.08776049315929413
-0.08775138854980469
-0.08774400502443314
-0.08773812651634216
-0.08773347735404968
-0.08772973716259003
-0.08772657066583633
-0.08772366493940353
-0.08772069215774536
-0.08771735429763794
-0.08771338313817978
-0.08770857006311417
-0.08770272880792618
-0.08769574761390686
-0.08768752962350845
-0.08767803758382797
-0.08766728639602661
-0.08765532821416855
-0.08764222264289856
-0.0876280888915062
-0.08761304616928101
-0.08759727329015732
-0.08758094161748886
-0.08756420761346817
-0.08754727244377136
-0.08753034472465515
-0.08751361817121506
-0.08749731630086899
-0.08748165518045425
-0.08746683597564697
-0.08745308965444565
-0.08744062483310699
-0.08742962777614594
-0.0874202623963356
-0.08741268515586853
-0.08740705996751785
-0.08740346133708954
-0.08740197867155075
-0.08740267157554626
-0.08740553259849548
-0.08741055428981781
-0.08741771429777145
-0.08742695301771164
-0.0874381959438324
-0.08745135366916656
-0.08746635913848877
-0.08748313784599304
-0.0875016450881958
-0.08752186596393585
-0.08754380792379379
-0.0875675305724144
-0.08759312331676483
-0.08762070536613464
-0.08765044808387756
-0.08768254518508911
-0.0877172127366066
-0.08775470405817032
-0.08779525011777878
-0.08783911913633347
-0.08788652718067169
-0.08793769776821136
-0.08799279481172562
-0.08805198222398758
-0.08811534941196442
-0.08818294852972031
-0.08825479447841644
-0.08833082765340805
-0.08841096609830856
-0.08849506825208664
-0.08858296275138855
-0.08867443352937698
-0.08876924961805344
-0.08886716514825821
-0.08896788954734802
-0.08907113969326019
-0.08917661011219025
-0.08928398042917252
-0.08939294517040253
-0.08950315415859222
-0.08961427211761475
-0.08972594141960144
-0.08983781188726425
-0.08994948863983154
-0.09006056189537048
-0.09017062187194824
-0.09027921408414841
-0.09038588404655457
-0.09049014002084732
-0.09059150516986847
-0.09068946540355682
-0.09078351408243179
-0.09087313711643219
-0.09095784276723862
-0.09103713929653168
-0.09111057221889496
-0.09117770940065384
-0.09123814105987549
-0.09129150956869125
-0.09133747965097427
-0.09137579053640366
-0.09140623360872269
-0.09142862260341644
-0.09144285321235657
-0.09144885838031769
-0.09144663065671921
-0.09143619239330292
-0.09141763299703598
-0.09139107167720795
-0.09135667234659195
-0.09131463617086411
-0.09126519411802292
-0.09120860695838928
-0.09114516526460648
-0.09107521176338196
-0.09099907428026199
-0.09091712534427643
-0.09082971513271332
-0.0907372385263443
-0.0906401053071022
-0.09053874015808105
-0.09043356031179428
-0.09032499045133591
-0.09021346271038055
-0.09009937942028046
-0.08998314291238785
-0.08986515551805496
-0.08974581211805344
-0.08962547779083252
-0.08950448781251907
-0.08938317745923996
-0.08926182985305786
-0.08914072066545486
-0.08902006596326828
-0.08890006691217422
-0.08878090977668762
-0.08866272121667862
-0.08854562044143677
-0.08842971920967102
-0.08831510692834854
-0.08820187300443649
-0.08809009939432144
-0.08797987550497055
-0.08787129074335098
-0.08776447921991348
-0.08765958994626999
-0.08755678683519363
-0.08745629340410233
-0.08735835552215576
-0.08726325631141663
-0.08717130124568939
-0.08708283305168152
-0.08699820935726166
-0.08691781759262085
-0.08684203028678894
-0.08677121251821518
-0.08670574426651001
-0.08664593100547791
-0.08659205585718155
-0.08654434233903885
-0.08650292456150055
-0.08646788448095322
-0.08643920719623566
-0.08641677349805832
-0.08640038222074509
-0.0863896980881691
-0.08638429641723633
-0.0863836482167244
-0.08638714998960495
-0.08639409393072128
-0.08640371263027191
-0.08641517907381058
-0.08642760664224625
-0.0864400714635849
-0.08645164966583252
-0.08646144717931747
-0.08646855503320694
-0.08647213131189346
-0.08647138625383377
-0.08646562695503235
-0.08645424991846085
-0.08643678575754166
-0.08641286939382553
-0.08638229966163635
-0.08634503930807114
-0.08630117028951645
-0.08625093847513199
-0.08619474619626999
-0.08613315969705582
-0.08606687188148499
-0.08599667996168137
-0.08592350035905838
-0.08584834635257721
-0.08577225357294083
-0.08569631725549698
-0.08562162518501282
-0.08554922789335251
-0.08548013865947723
-0.08541528880596161
-0.0853554904460907
-0.08530142158269882
-0.08525361120700836
-0.08521242439746857
-0.08517803251743317
-0.08515042066574097
-0.08512941002845764
-0.08511459827423096
-0.08510543406009674
-0.08510119467973709
-0.08510102331638336
-0.08510395884513855
-0.08510895073413849
-0.08511488884687424
-0.08512066304683685
-0.08512517809867859
-0.08512734621763229
-0.08512621372938156
-0.08512089401483536
-0.08511065691709518
-0.08509492874145508
-0.0850733146071434
-0.08504557609558105
-0.08501169085502625
-0.08497180044651031
-0.08492622524499893
-0.0848754420876503
-0.08482009172439575
-0.08476089686155319
-0.08469869196414948
-0.08463434129953384
-0.08456876873970032
-0.08450286090373993
-0.08443742990493774
-0.08437325805425644
-0.08431097120046616
-0.08425107598304749
-0.08419393748044968
-0.08413971960544586
-0.08408842980861664
-0.08403986692428589
-0.08399366587400436
-0.08394929021596909
-0.08390603214502335
-0.08386307209730148
-0.08381947875022888
-0.08377423882484436
-0.08372630923986435
-0.08367463201284409
-0.0836181715130806
-0.08355598151683807
-0.08348718285560608
-0.08341102302074432
-0.08332688361406326
-0.08323431015014648
-0.0831330195069313
-0.08302288502454758
-0.08290395885705948
-0.08277647197246552
-0.08264078199863434
-0.08249737322330475
-0.0823468491435051
-0.0821899026632309
-0.08202727884054184
-0.08185972273349762
-0.08168799430131912
-0.08151280879974365
-0.08133484423160553
-0.0811547264456749
-0.08097296953201294
-0.08079002797603607
-0.08060623705387115
-0.08042187243700027
-0.08023712038993835
-0.08005209267139435
-0.07986684143543243
-0.0796814039349556
-0.07949583232402802
-0.07931017130613327
-0.07912449538707733
-0.07893896847963333
-0.07875381410121918
-0.07856934517621994
-0.07838596403598785
-0.0782041996717453
-0.07802467048168182
-0.07784808427095413
-0.0776752233505249
-0.07750694453716278
-0.0773441419005394
-0.07718768715858459
-0.07703845947980881
-0.07689728587865829
-0.07676491141319275
-0.07664196193218231
-0.07652893662452698
-0.07642617076635361
-0.07633379846811295
-0.07625178247690201
-0.0761798694729805
-0.0761176198720932
-0.07606440782546997
-0.07601942121982574
-0.07598167657852173
-0.07595005631446838
-0.07592333853244781
-0.07590021938085556
-0.07587936520576477
-0.07585942000150681
-0.07583904266357422
-0.07581695914268494
-0.07579197734594345
-0.0757630467414856
-0.07572919130325317
-0.07568962126970291
-0.07564370334148407
-0.07559098303318024
-0.07553116977214813
-0.0754641592502594
-0.07538998872041702
-0.07530887424945831
-0.07522115111351013
-0.07512728869915009
-0.07502785325050354
-0.07492351531982422
-0.07481501251459122
-0.07470311969518661
-0.07458867132663727
-0.07447251677513123
-0.07435550540685654
-0.07423847913742065
-0.07412225753068924
-0.07400763779878616
-0.07389536499977112
-0.07378614693880081
-0.07368060946464539
-0.0735793262720108
-0.07348277419805527
-0.07339134812355042
-0.07330533117055893
-0.07322493940591812
-0.07315024733543396
-0.07308124005794525
-0.07301776111125946
-0.0729595273733139
-0.07290616631507874
-0.07285718619823456
-0.07281199842691422
-0.0727699026465416
-0.07273013144731522
-0.07269183546304703
-0.07265415787696838
-0.07261620461940765
-0.072577103972435
-0.07253601402044296
-0.07249214500188828
-0.07244481146335602
-0.07239343225955963
-0.07233754545450211
-0.07227683812379837
-0.07221119105815887
-0.07214061915874481
-0.07206530123949051
-0.07198559492826462
-0.07190199941396713
-0.07181516289710999
-0.07172580063343048
-0.07163476198911667
-0.07154293358325958
-0.07145123183727264
-0.07136056572198868
-0.07127178460359573
-0.07118568569421768
-0.07110294699668884
-0.07102413475513458
-0.07094965130090714
-0.07087976485490799
-0.07081455737352371
-0.07075394690036774
-0.07069770991802216
-0.07064545899629593
-0.07059666514396667
-0.07055068761110306
-0.07050683349370956
-0.07046432793140411
-0.07042238116264343
-0.07038021087646484
-0.07033707946538925
-0.07029230892658234
-0.07024531066417694
-0.07019560784101486
-0.07014284282922745
-0.07008680701255798
-0.0700274333357811
-0.06996478140354156
-0.06989904493093491
-0.06983054429292679
-0.06975971162319183
-0.06968706846237183
-0.06961316615343094
-0.06953862309455872
-0.06946404278278351
-0.06939004361629486
-0.06931719183921814
-0.06924600154161453
-0.06917690485715866
-0.06911024451255798
-0.069046251475811
-0.06898505240678787
-0.06892666220664978
-0.06887096166610718
-0.06881775707006454
-0.06876673549413681
-0.06871753931045532
-0.06866973638534546
-0.06862284988164902
-0.0685763955116272
-0.06852987408638
-0.06848283857107162
-0.06843485683202744
-0.06838555634021759
-0.06833465397357941
-0.06828195601701736
-0.06822733581066132
-0.06817077845335007
-0.06811235845088959
-0.06805222481489182
-0.06799063086509705
-0.06792789697647095
-0.06786436587572098
-0.06780041009187698
-0.06773645430803299
-0.06767287850379944
-0.06761007010936737
-0.06754834949970245
-0.06748798489570618
-0.06742920726537704
-0.06737213581800461
-0.06731681525707245
-0.06726323068141937
-0.06721127033233643
-0.06716074049472809
-0.06711141020059586
-0.06706298142671585
-0.067015141248703
-0.06696756929159164
-0.06691993027925491
-0.06687191873788834
-0.06682325899600983
-0.06677372753620148
-0.06672314554452896
-0.06667141616344452
-0.06661849468946457
-0.06656444817781448
-0.06650935858488083
-0.06645338982343674
-0.06639675050973892
-0.06633969396352768
-0.0662824809551239
-0.06622537970542908
-0.06616866588592529
-0.06611256301403046
-0.06605726480484009
-0.06600294262170792
-0.0659497007727623
-0.06589759886264801
-0.06584661453962326
-0.06579668074846268
-0.06574768573045731
-0.06569948047399521
-0.06565187126398087
-0.06560464948415756
-0.06555759906768799
-0.06551051139831543
-0.06546320766210556
-0.06541551649570465
-0.06536732614040375
-0.06531856209039688
-0.06526917219161987
-0.06521918624639511
-0.06516866385936737
-0.06511768698692322
-0.0650663897395134
-0.06501491367816925
-0.06496342271566391
-0.0649120956659317
-0.06486108899116516
-0.06481052935123444
-0.06476055085659027
-0.06471124291419983
-0.06466266512870789
-0.06461482495069504
-0.06456770002841949
-0.06452125310897827
-0.06447538733482361
-0.06442999839782715
-0.06438495963811874
-0.06434015929698944
-0.06429547071456909
-0.06425078213214874
-0.06420598924160004
-0.06416099518537521
-0.06411575525999069
-0.06407022476196289
-0.064024418592453
-0.06397835910320282
-0.06393209844827652
-0.06388568878173828
-0.06383921951055527
-0.06379276514053345
-0.06374642997980118
-0.06370028108358383
-0.06365440785884857
-0.06360885500907898
-0.06356367468833923
-0.06351887434720993
-0.06347445398569107
-0.06343040615320206
-0.06338667124509811
-0.06334319710731506
-0.06329991668462753
-0.06325674802064896
-0.06321363151073456
-0.06317047774791718
-0.06312722712755203
-0.06308380514383316
-0.06304017454385757
-0.06299630552530289
-0.0629521906375885
-0.06290782988071442
-0.06286324560642242
-0.06281848251819611
-0.06277357041835785
-0.06272856146097183
-0.06268351525068283
-0.06263848394155502
-0.06259351223707199
-0.06254864484071732
-0.06250391155481339
-0.06245933473110199
-0.06241491436958313
-0.0623706541955471
-0.06232652813196182
-0.06228252127766609
-0.06223860010504723
-0.06219472736120224
-0.06215086951851845
-0.06210699304938316
-0.062063068151474
-0.06201908737421036
-0.06197503209114075
-0.06193089857697487
-0.06188670918345451
-0.06184248253703117
-0.06179824471473694
-0.06175403669476509
-0.06170989945530891
-0.06166586652398109
-0.06162197142839432
-0.06157825887203217
-0.06153475120663643
-0.0614914745092392
-0.06144844368100166
-0.06140566989779472
-0.06136315315961838
-0.06132088974118233
-0.06127887219190598
-0.06123707816004753
-0.0611954890191555
-0.0611540861427784
-0.06111283600330353
-0.0610717199742794
-0.06103071197867393
-0.06098980084061623
-0.06094897910952568
-0.0609082318842411
-0.0608675591647625
-0.06082697212696075
-0.06078647449612617
-0.06074606999754906
-0.0607057549059391
-0.0606655441224575
-0.06062542647123337
-0.0605853907763958
-0.06054544448852539
-0.06050556525588036
-0.0604657419025898
-0.06042595952749252
-0.06038619205355644
-0.06034642085433006
-0.0603066198527813
-0.06026677414774895
-0.06022685393691063
-0.06018685922026634
-0.060146763920784
-0.060106560587883
-0.06006625667214394
-0.06002585217356682
-0.05998534709215164
-0.0599447563290596
-0.05990410596132278
-0.05986340716481209
-0.0598226860165596
-0.05978195741772652
-0.05974124744534492
-0.05970057845115662
-0.05965995788574219
-0.05961941182613373
-0.05957895144820213
-0.0595385953783989
-0.05949834734201431
-0.05945821851491928
-0.0594182163476944
-0.05937833711504936
-0.05933858454227448
-0.05929894745349884
-0.05925943702459335
-0.05922004953026772
-0.05918076634407043
-0.05914159864187241
-0.05910253897309303
-0.05906357243657112
-0.05902468785643578
-0.0589858740568161
-0.0589471347630024
-0.05890845134854317
-0.05886980518698692
-0.05883118882775307
-0.0587925873696804
-0.05875397846102715
-0.0587153472006321
-0.05867669358849525
-0.05863799527287483
-0.05859925597906113
-0.05856046080589294
-0.05852160230278969
-0.05848268419504166
-0.05844371393322945
-0.05840468779206276
-0.05836561694741249
-0.05832649022340775
-0.05828733369708061
-0.05824814364314079
-0.05820893496274948
-0.05816971510648727
-0.05813050270080566
-0.05809129402041435
-0.05805210396647453
-0.05801292881369591
-0.05797377973794937
-0.05793465301394463
-0.05789554491639137
-0.05785645544528961
-0.05781738087534904
-0.05777831375598907
-0.0577392615377903
-0.05770019814372063
-0.05766113102436066
-0.05762204527854919
-0.05758295208215714
-0.05754384025931358
-0.05750470981001854
-0.0574655570089817
-0.05742638185620308
-0.05738719180226326
-0.05734798312187195
-0.05730876699090004
-0.05726955085992813
-0.05723033100366592
-0.05719112232327461
-0.0571519248187542
-0.05711274221539497
-0.05707357078790665
-0.05703442543745041
-0.05699530616402626
-0.0569562166929245
-0.05691715702414513
-0.05687813460826874
-0.05683916062116623
-0.056800227612257
-0.05676134675741196
-0.05672251805663109
-0.0566837452352047
-0.05664503201842308
-0.05660637840628624
-0.05656778439879417
-0.05652925372123718
-0.05649079009890556
-0.05645239353179932
-0.05641408264636993
-0.05637586489319801
-0.05633775144815445
-0.05629973486065865
-0.0562618263065815
-0.05622402206063271
-0.05618632584810257
-0.05614874884486198
-0.05611128732562065
-0.05607392266392708
-0.05603666603565216
-0.05599949508905411
-0.05596241354942322
-0.0559254065155983
-0.05588845908641815
-0.05585156753659248
-0.0558147132396698
-0.05577788501977921
-0.05574106797575951
-0.0557042583823204
-0.055667445063591
-0.05563062429428101
-0.05559378862380981
-0.05555694177746773
-0.05552008002996445
-0.05548321083188057
-0.05544634163379669
-0.05540946498513222
-0.05537261068820953
-0.05533577129244804
-0.05529896169900894
-0.05526218935847282
-0.05522545054554939
-0.05518875643610954
-0.05515210703015327
-0.05511549860239029
-0.05507892742753029
-0.05504240468144417
-0.05500591546297073
-0.05496945232152939
-0.05493300780653954
-0.05489658936858177
-0.0548601858317852
-0.05482379347085953
-0.05478739738464355
-0.05475100129842758
-0.05471461266279221
-0.05467823520302773
-0.05464186891913414
-0.05460553243756294
-0.05456922575831413
-0.0545329675078392
-0.05449677258729935
-0.05446064844727516
-0.05442460626363754
-0.05438865721225739
-0.05435280874371529
-0.05431706085801125
-0.05428140610456467
-0.05424584075808525
-0.0542103610932827
-0.05417495593428612
-0.05413961410522461
-0.05410433188080788
-0.05406909435987473
-0.05403389036655426
-0.05399870499968529
-0.05396353453397751
-0.05392836406826973
-0.05389319360256195
-0.05385801568627357
-0.0538228265941143
-0.05378763005137444
-0.05375241860747337
-0.05371721461415291
-0.05368201062083244
-0.05364682152867317
-0.05361164733767509
-0.0535765029489994
-0.0535413846373558
-0.05350630357861519
-0.05347127094864845
-0.0534362755715847
-0.05340132489800453
-0.05336641892790794
-0.05333156138658524
-0.05329675227403641
-0.05326199159026146
-0.05322727933526039
-0.05319260060787201
-0.05315795540809631
-0.05312334001064301
-0.05308875441551208
-0.05305420234799385
-0.0530196838080883
-0.05298520252108574
-0.05295076966285706
-0.05291638150811195
-0.05288204550743103
-0.05284776166081429
-0.05281352251768112
-0.05277933180332184
-0.05274519324302673
-0.05271110311150551
-0.05267707630991936
-0.05264309421181679
-0.0526091605424881
-0.05257526412606239
-0.05254140123724937
-0.05250757187604904
-0.0524737723171711
-0.05244000628590584
-0.05240626633167267
-0.05237255617976189
-0.0523388646543026
-0.0523051992058754
-0.05227156728506088
-0.05223797261714935
-0.0522044338285923
-0.05217095091938972
-0.05213753506541252
-0.05210419371724129
-0.05207093060016632
-0.05203774943947792
-0.05200466141104698
-0.0519716665148735
-0.05193877965211868
-0.05190599709749222
-0.05187331885099411
-0.05184075981378555
-0.05180831998586655
-0.05177601426839828
-0.05174383893609047
-0.051711805164814
-0.05167992040514946
-0.05164819210767746
-0.05161662027239799
-0.05158521980047226
-0.05155398696660995
-0.05152294039726257
-0.05149209126830101
-0.05146145448088646
-0.05143103003501892
-0.05140083283185959
-0.05137085914611816
-0.05134112387895584
-0.05131162703037262
-0.0512823797762394
-0.05125337466597557
-0.05122462660074234
-0.0511961355805397
-0.05116791650652885
-0.0511399544775486
-0.05111226066946983
-0.05108483135700226
-0.05105766281485558
-0.05103075131773949
-0.05100409686565399
-0.0509776882827282
-0.0509515181183815
-0.05092557892203331
-0.05089985951781273
-0.05087434500455856
-0.05084901303052902
-0.05082384869456291
-0.05079882219433784
-0.05077391490340233
-0.05074910074472427
-0.05072435364127159
-0.05069965124130249
-0.05067496001720428
-0.05065025389194489
-0.0506255067884922
-0.05060069262981415
-0.05057578161358833
-0.05055075138807297
-0.05052557587623596
-0.05050023272633553
-0.05047469958662987
-0.05044896528124809
-0.05042301490902901
-0.05039683356881142
-0.05037041381001472
-0.05034375563263893
-0.05031686276197433
-0.05028973892331123
-0.05026239529252052
-0.0502348467707634
-0.05020710825920105
-0.05017920956015587
-0.05015117675065994
-0.05012304335832596
-0.0500948429107666
-0.05006662011146545
-0.0500384047627449
-0.05001024156808853
-0.04998217150568962
-0.04995423555374146
-0.04992646723985672
-0.0498989075422287
-0.04987159371376038
-0.04984454438090324
-0.04981780052185059
-0.04979138076305389
-0.04976530373096466
-0.04973957687616348
-0.04971420764923096
-0.04968919605016708
-0.04966453462839127
-0.04964020848274231
-0.04961618781089783
-0.04959245398640633
-0.04956897348165512
-0.04954570531845093
-0.04952262341976166
-0.04949966073036194
-0.04947677999734879
-0.04945393279194832
-0.04943107068538666
-0.04940814152359962
-0.04938510060310364
-0.04936190322041512
-0.04933851957321167
-0.04931491240859032
-0.04929105937480927
-0.04926693812012672
-0.0492425411939621
-0.04921786859631538
-0.04919292032718658
-0.04916770756244659
-0.0491422526538372
-0.0491165779531002
-0.04909071698784828
-0.04906470328569412
-0.04903858155012131
-0.04901238158345222
-0.04898615926504135
-0.04895994812250137
-0.04893378913402557
-0.04890772700309753
-0.04888178035616875
-0.04885599389672279
-0.04883037880063057
-0.04880496114492416
-0.04877974465489388
-0.04875473305583
-0.04872992634773254
-0.04870530590415001
-0.0486808605492115
-0.04865656420588493
-0.04863237589597702
-0.04860828444361687
-0.04858424142003059
-0.04856022074818611
-0.04853618144989014
-0.04851209372282028
-0.04848793521523476
-0.04846367985010147
-0.04843930527567863
-0.04841480404138565
-0.04839017242193222
-0.04836541786789894
-0.04834054782986641
-0.04831558465957642
-0.04829055443406105
-0.0482654795050621
-0.04824038967490196
-0.04821532219648361
-0.04819031059741974
-0.04816539213061333
-0.04814059287309647
-0.04811594635248184
-0.04809146746993065
-0.04806717485189438
-0.04804307222366333
-0.0480191633105278
-0.04799545556306839
-0.0479719266295433
-0.04794856160879135
-0.04792532697319984
-0.0479021929204464
-0.04787912592291832
-0.04785607755184174
-0.04783302173018456
-0.04780991747975349
-0.04778673127293587
-0.04776344448328018
-0.04774002730846405
-0.04771644994616508
-0.04769271239638329
-0.04766880720853806
-0.04764473438262939
-0.0476205050945282
-0.04759613424539566
-0.04757165163755417
-0.04754707217216492
-0.04752242565155029
-0.04749775305390358
-0.04747308418154716
-0.04744844883680344
-0.04742387309670448
-0.0473993793129921
-0.04737499356269836
-0.04735072329640388
-0.04732657596468925
-0.04730254039168358
-0.04727861657738686
-0.0472547858953476
-0.0472310408949852
-0.04720735177397728
-0.04718369990587234
-0.04716005176305771
-0.04713639244437218
-0.04711268469691277
-0.04708891361951828
-0.04706506058573723
-0.04704110696911812
-0.04701705276966095
-0.04699289053678513
-0.04696862027049065
-0.04694424942135811
-0.04691978916525841
-0.04689525812864304
-0.04687066748738289
-0.04684603586792946
-0.04682137817144394
-0.04679670929908752
-0.04677204787731171
-0.04674740508198738
-0.04672278463840485
-0.0466981828212738
-0.04667360708117485
-0.04664904996752739
-0.04662449285387993
-0.04659993201494217
-0.04657534509897232
-0.04655071720480919
-0.04652604088187218
-0.04650129750370979
-0.04647648334503174
-0.04645157977938652
-0.04642659425735474
-0.04640151932835579
-0.04637636244297028
-0.04635113477706909
-0.04632585868239403
-0.04630054533481598
-0.04627522453665733
-0.04624991491436958
-0.04622463509440422
-0.04619940742850304
-0.04617425799369812
-0.04614920169115067
-0.04612424597144127
-0.04609940201044083
-0.04607468098402023
-0.04605007916688919
-0.0460255965590477
-0.04600121825933456
-0.04597694426774979
-0.04595274850726128
-0.04592861980199814
-0.04590454697608948
-0.0458805039525032
-0.04585649073123932
-0.04583249986171722
-0.04580852389335632
-0.04578455910086632
-0.04576060175895691
-0.0457366555929184
-0.04571273177862167
-0.04568884149193764
-0.04566498473286629
-0.04564117267727852
-0.04561742022633553
-0.04559372738003731
-0.04557010531425476
-0.04554655402898788
-0.04552307352423668
-0.04549966007471085
-0.04547630250453949
-0.04545300081372261
-0.04542974010109901
-0.04540650546550751
-0.0453832820057869
-0.04536006227135658
-0.04533682391047478
-0.04531356319785118
-0.0452902726829052
-0.04526694118976593
-0.04524356499314308
-0.04522014036774635
-0.04519668221473694
-0.04517318308353424
-0.04514964669942856
-0.04512608051300049
-0.04510248824954033
-0.04507886990904808
-0.04505523666739464
-0.0450315810739994
-0.04500791057944298
-0.04498421400785446
-0.04496049508452415
-0.04493675008416176
-0.04491296783089638
-0.04488913342356682
-0.04486524686217308
-0.04484128952026367
-0.04481726139783859
-0.04479315131902695
-0.04476896300911903
-0.04474468156695366
-0.04472031071782112
-0.04469584673643112
-0.04467128589749336
-0.04464663937687874
-0.04462189599871635
-0.04459705576300621
-0.0445721261203289
-0.04454709216952324
-0.04452196508646011
-0.04449673369526863
-0.04447139054536819
-0.04444592446088791
-0.04442032799124718
-0.0443945899605751
-0.0443686917424202
-0.04434262216091156
-0.044316366314888
-0.04428991302847862
-0.04426325485110283
-0.04423638060688972
-0.04420929402112961
-0.04418198019266129
-0.04415445029735565
-0.04412670060992241
-0.04409874603152275
-0.04407059401273727
-0.04404225572943687
-0.04401374980807304
-0.04398509487509727
-0.04395630955696106
-0.04392741993069649
-0.04389845579862595
-0.04386943578720093
-0.04384039342403412
-0.04381135478615761
-0.04378235340118408
-0.04375341534614563
-0.04372457414865494
-0.04369585961103439
-0.04366730153560638
-0.0436389371752739
-0.04361079260706902
-0.04358289763331413
-0.04355528950691223
-0.0435279905796051
-0.04350103437900543
-0.04347443580627441
-0.04344822093844414
-0.04342240840196609
-0.04339699819684029
-0.04337199032306671
-0.04334739223122597
-0.04332318902015686
-0.0432993657886982
-0.04327589645981789
-0.04325275495648384
-0.04322991147637367
-0.0432073287665844
-0.04318496957421303
-0.04316278547048569
-0.04314073175191879
-0.04311875998973846
-0.04309681430459023
-0.0430748462677002
-0.04305281862616539
-0.04303067550063133
-0.04300837963819504
-0.04298590496182442
-0.04296319559216499
-0.04294022917747498
-0.04291697964072227
-0.0428934283554554
-0.04286956414580345
-0.04284537583589554
-0.04282088577747345
-0.04279609024524689
-0.04277101159095764
-0.0427456796169281
-0.04272012040019035
-0.04269437864422798
-0.04266849532723427
-0.04264252632856369
-0.04261652007699013
-0.04259053617715836
-0.04256462305784225
-0.0425388403236866
-0.04251324012875557
-0.04248786345124245
-0.04246275126934052
-0.04243793711066246
-0.04241345077753067
-0.04238931462168694
-0.04236552491784096
-0.04234208911657333
-0.04231899604201317
-0.04229621961712837
-0.04227373749017715
-0.04225151985883713
-0.04222950711846352
-0.04220765829086304
-0.04218591004610062
-0.04216421023011208
-0.04214250296354294
-0.04212073981761932
-0.04209885746240616
-0.04207681864500046
-0.04205457866191864
-0.04203210398554802
-0.04200936481356621
-0.04198634997010231
-0.04196305572986603
-0.04193948581814766
-0.0419156588613987
-0.04189160466194153
-0.04186735302209854
-0.04184295237064362
-0.04181845858693123
-0.04179391637444496
-0.04176938533782959
-0.04174492508172989
-0.04172059148550034
-0.04169643670320511
-0.04167250171303749
-0.04164882376790047
-0.04162542894482613
-0.04160233214497566
-0.04157954081892967
-0.04155704751610756
-0.04153483361005783
-0.0415128730237484
-0.04149112850427628
-0.04146956279873848
-0.04144812002778053
-0.04142675921320915
-0.04140541702508926
-0.04138403758406639
-0.04136257618665695
-0.04134098812937737
-0.04131923988461494
-0.0412973091006279
-0.04127518087625504
-0.04125284776091576
-0.04123032465577126
-0.04120762273669243
-0.04118476808071136
-0.04116180166602135
-0.04113875702023506
-0.04111569374799728
-0.04109266400337219
-0.04106971621513367
-0.04104690253734589
-0.04102426767349243
-0.04100184515118599
-0.04097966477274895
-0.0409577488899231
-0.04093610495328903
-0.04091473296284676
-0.04089362919330597
-0.04087276756763458
-0.04085211828351021
-0.04083164781332016
-0.04081131890416145
-0.0407910943031311
-0.04077091813087463
-0.04075075685977936
-0.04073056951165199
-0.04071033373475075
-0.04069001972675323
-0.04066962003707886
-0.04064911603927612
-0.04062853008508682
-0.04060787335038185
-0.0405871719121933
-0.04056644812226295
-0.0405457504093647
-0.04052510857582092
-0.04050456359982491
-0.04048416018486023
-0.04046393185853958
-0.04044390469789505
-0.04042410477995872
-0.0404045470058918
-0.04038523882627487
-0.04036616906523705
-0.04034732282161713
-0.04032868146896362
-0.04031021893024445
-0.04029189795255661
-0.04027367755770683
-0.04025551676750183
-0.04023738205432892
-0.04021923243999481
-0.04020104184746742
-0.04018278792500496
-0.04016445204615593
-0.04014602676033974
-0.04012751206755638
-0.04010890424251556
-0.04009023308753967
-0.0400715209543705
-0.04005278646945953
-0.04003405570983887
-0.04001535102725029
-0.03999669849872589
-0.03997812420129776
-0.0399596244096756
-0.03994122520089149
-0.03992291539907455
-0.03990469500422478
-0.03988654911518097
-0.03986845910549164
-0.0398503951728344
-0.03983233124017715
-0.03981423750519753
-0.03979608789086342
-0.03977785632014275
-0.03975952789187431
-0.03974107280373573
-0.03972248733043671
-0.03970376402139664
-0.03968491405248642
-0.03966593369841576
-0.03964684531092644
-0.03962766379117966
-0.03960841149091721
-0.03958911821246147
-0.03956980630755424
-0.03955050185322762
-0.03953122720122337
-0.03951199725270271
-0.03949281945824623
-0.03947370871901512
-0.03945466503500938
-0.03943568468093872
-0.03941675648093224
-0.03939787670969963
-0.03937902301549911
-0.03936018422245979
-0.03934134542942047
-0.03932250663638115
-0.03930365294218063
-0.03928477689623833
-0.03926588222384453
-0.03924696892499924
-0.03922804817557335
-0.03920913860201836
-0.03919024765491486
-0.03917139396071434
-0.0391525998711586
-0.03913387283682823
-0.03911522030830383
-0.03909666463732719
-0.03907819837331772
-0.03905981779098511
-0.03904152289032936
-0.03902330622076988
-0.03900514915585518
-0.03898704051971436
-0.03896896168589592
-0.03895089030265808
-0.03893280774354935
-0.03891470283269882
-0.03889655694365501
-0.03887835890054703
-0.03886009380221367
-0.03884175419807434
-0.03882334381341934
-0.03880486637353897
-0.03878632187843323
-0.03876771777868271
-0.03874905779957771
-0.03873034939169884
-0.03871159628033638
-0.03869280591607094
-0.03867398202419281
-0.0386551208794117
-0.0386362224817276
-0.03861727192997932
-0.03859827667474747
-0.03857922181487083
-0.03856009989976883
-0.03854091092944145
-0.03852164000272751
-0.038502287119627
-0.03848285228013992
-0.03846333175897598
-0.03844372555613518
-0.0384240485727787
-0.03840430825948715
-0.03838451579213142
-0.03836468234658241
-0.03834482282400131
-0.03832494467496872
-0.03830505535006523
-0.03828516602516174
-0.03826528787612915
-0.03824541717767715
-0.03822556510567665
-0.03820572420954704
-0.03818589448928833
-0.03816606849431992
-0.0381462387740612
-0.03812640905380249
-0.03810657560825348
-0.03808673471212387
-0.03806688636541367
-0.03804703056812286
-0.03802715986967087
-0.03800727799534798
-0.03798738867044449
-0.0379674881696701
-0.03794758766889572
-0.03792769089341164
-0.03790780156850815
-0.03788792341947556
-0.03786805644631386
-0.03784820064902306
-0.03782836347818375
-0.03780854120850563
-0.03778873756527901
-0.03776894882321358
-0.03774917870759964
-0.03772943466901779
-0.03770971298217773
-0.03769001364707947
-0.03767034038901329
-0.0376506969332695
-0.03763109445571899
-0.03761154040694237
-0.03759203106164932
-0.03757257759571075
-0.03755318745970726
-0.03753386437892914
-0.03751461207866669
-0.03749543055891991
-0.03747632727026939
-0.03745729848742485
-0.03743834421038628
-0.03741944953799248
-0.03740061447024345
-0.03738183155655861
-0.03736309334635735
-0.03734440356492996
-0.03732575103640556
-0.03730713576078415
-0.03728854283690453
-0.03726997226476669
-0.03725141659379005
-0.03723285719752312
-0.03721429780125618
-0.03719573467969894
-0.03717716038227081
-0.03715856745839119
-0.03713995963335037
-0.03712133690714836
-0.03710269182920456
-0.03708402439951897
-0.03706532716751099
-0.03704659640789032
-0.03702782839536667
-0.03700903058052063
-0.03699019178748131
-0.0369713194668293
-0.03695241361856461
-0.03693347051739693
-0.03691449761390686
-0.036895502358675
-0.03687648847699165
-0.03685745969414711
-0.03683842718601227
-0.03681939467787743
-0.03680036962032318
-0.03678135573863983
-0.03676236793398857
-0.0367434062063694
-0.03672448173165321
-0.03670559078454971
-0.0366867370903492
-0.03666792437434196
-0.03664915636181831
-0.03663042560219765
-0.03661173209547997
-0.03659308329224586
-0.03657448291778564
-0.0365559309720993
-0.03653742372989655
-0.03651895746588707
-0.03650053218007088
-0.03648214414715767
-0.03646378964185715
-0.03644546493887901
-0.03642716631293297
-0.03640888631343842
-0.03639062866568565
-0.03637238964438438
-0.03635416924953461
-0.03633596375584602
-0.03631775826215744
-0.03629955649375916
-0.03628135472536087
-0.03626314550638199
-0.03624492883682251
-0.03622670471668243
-0.03620847687125206
-0.03619024157524109
-0.03617199882864952
-0.03615374490618706
-0.0361354872584343
-0.03611721843481064
-0.03609894216060638
-0.03608066588640213
-0.03606238588690758
-0.03604409843683243
-0.03602581843733788
-0.03600753843784332
-0.03598926588892937
-0.03597100079059601
-0.03595274686813354
-0.03593450784683228
-0.0359162800014019
-0.03589807078242302
-0.03587987646460533
-0.03586169704794884
-0.03584354743361473
-0.03582541644573212
-0.03580731526017189
-0.03578924015164375
-0.03577118366956711
-0.03575314953923225
-0.03573514521121979
-0.03571716323494911
-0.03569920733571053
-0.03568127751350403
-0.03566337749361992
-0.0356454961001873
-0.03562762960791588
-0.03560978174209595
-0.03559194505214691
-0.03557412326335907
-0.03555631637573242
-0.03553851693868637
-0.03552072495222092
-0.03550293296575546
-0.03548514842987061
-0.03546736761927605
