0
0
0
0
0
0
0
0
0
0
0
0
0
0
0
0
0
0
0
0
0
0
0
0
0
0
0
0
0
0
0
0
0
0
0
0
0
0
0
0
0
0
0
0
0
0
0
0
0
0
0
0
0
0
0
0
0
0
0
0
0
0
0
0
0
0
0
0
0
0
0
0
0
0
0
0
0
0
0
0
0
0
0
0
0
0
0
0
0
0
0
0
0
0
0
0
0
0
0
0
0
0
0
0
0
0
0
0
0
0
0
0
0
0
0
0
0
0
0
0
0
0
0
0
0
0
0
0
0
0
0
0
0
0
0
0
0
0
0
0
0
0
0
0
0
0
0
0
0
0
0
0
0
0
0
0
0
0
0
0
0
0
0
0
0
0
0
0
0
0
0
0
0
0
0
0
0
0
0
0
0
0
0
0
0
0
0
0
0
0
0
0
0
0
0
0
0
0
0
0
0
0
0
0
0
0
0
0
0
0
0
0
0
0
0
0
0
0
0
0
0
0
0
0
0
0
0
0
0
0
0
0
0
0
0
0
0
0
0
0
0
0
0
0
0
0
0
0
0
0
0
0
0
0
0
0
0
0
0
0
0
0
0
0
0
0
0
0
0
0
0
0
0
0
0
0
0
0
0
0
0
0
0
0
0
0
0
0
0
0
0
0
0
0
0
0
0
0
0
0
0
0
0
0
0
0
0
0
0
0
0
0
0
0
0
0
0
0
0
0
0
0
0
0
0
0
0
0
0
0
0
0
0
0
0
0
0
0
0
0
0
0
0
0
0
0
0
0
0
0
0
0
0
0
0
0
0
0
0
0
0
0
0
0
0
0
0
0
0
0
0
0
0
0
0
0
0
0
0
0
0
0
0
0
0
0
0
0
0
0
0
0
0
0
0
0
0
0
0
0
0
0
0
0
0
0
0
0
0
0
0
0
0
0
0
0
0
0
0
0
0
0
0
0
0
0
0
0
0
0
0
0
0
0
0
0
0
0
0
0
0
0
0
0
0
0
0
0
0
0
0
0
0
0
0
0
0
0
0
0
0
0
0
0
0
0
0
0
0
0
0
0
0
0
0
0
0
0
0
0
0
0
0
0
0
0
0
0
0
0
0
0
0
0
0
0
0
0
0
0
0
0
0
0
0
0
0
0
0
0
0
0
0
0
0
0
0
0
0
0
0
0
0
0
0
0
0
0
0
0
0
0
0
0
0
0
0
0
0
0
0
0
0
0
0
0
0
0
0
0
0
0
0
0
0
0
0
0
0
0
0
0
0
0
0
0
0
0
0
0
0
0
0
0
0
0
0
0
0
0
0
0
0
0
0
0
0
0
0
0
0
0
0
0
0
0
0
0
0
0
0
0
0
0
0
0
0
0
0
0
0
0
0
0
0
0
0
0
0
0
0
0
0
0
0
0
0
0
0
0
0
0
0
0
0
0
0
0
0
0
0
0
0
0
0
0
0
0
0
0
0
0
0
0
0
0
0
0
0
0
0
0
0
0
0
0
0
0
0
0
0
0
0
0
0
0
0
0
0
0
0
0
0
0
0
0
0
0
0
0
0
0
0
0
0
0
0
0
0
0
0
0
0
0
0
0
0
0
0
0
0
0
0
0
0
0
0
0
0
0
0
0
0
0
0
0
0
0
0
0
0
0
0
0
0
0
0
0
0
0
0
0
0
0
0
0
0
0
0
0
0
0
0
0
0
0
0
0
0
0
0
0
0
0
0
0
0
0
0
0
0
0
0
0
0
0
0
0
0
0
0
0
0
0
0
0
0
0
0
0
0
0
0
0
0
0
0
0
0
0
0
0
0
0
0
0
0
0
0
0
0
0
0
0
0
0
0
0
0
0
0
0
0
0
0
0
0
0
0
0
0
0
0
0
0
0
0
0
0
0
0
0
0
0
2.802596928649634e-45
1.401298464324817e-44
3.503246160812043e-44
7.286752014489049e-44
1.499389356827554e-43
2.970752744368612e-43
5.885453550164232e-43
1.142058248424726e-42
2.200038588989963e-42
4.220710974546349e-42
8.08128824376122e-42
1.543810518146651e-41
2.940204437846331e-41
5.584174380334396e-41
1.057700080872372e-40
1.998419765942908e-40
3.766185804657951e-40
7.07976621832363e-40
1.327500481999615e-39
2.482899091804713e-39
4.632287747801655e-39
8.62083859927099e-39
1.60038345948868e-38
2.963621816743356e-38
5.474552483028423e-38
1.008799472830276e-37
1.854362472278494e-37
3.400330765852451e-37
6.219962102842172e-37
1.135004044692988e-36
2.066109252843976e-36
3.751963230605991e-36
6.796984703900717e-36
1.228370646636729e-35
2.214629491540674e-35
3.983219143988643e-35
7.147129630919321e-35
1.279370858059034e-34
2.284712172011055e-34
4.070423777855683e-34
7.234754469578469e-34
1.282882096419138e-33
2.269505637297482e-33
4.005530795889531e-33
7.053035165226836e-33
1.239029820484232e-32
2.171600916869401e-32
3.797288151284722e-32
6.624678852441852e-32
1.153072501376963e-31
2.00240266977546e-31
3.469379887892617e-31
5.997364184533725e-31
1.034379169232062e-30
1.779968340647892e-30
3.056049837109591e-30
5.235120703194993e-30
8.947743380154113e-30
1.525890371276979e-29
2.596321181124466e-29
4.407793108916769e-29
7.466447615812866e-29
1.261941521935431e-28
2.128134292213424e-28
3.580928730882825e-28
6.01217358146369e-28
1.007183649641268e-27
1.683563023872774e-27
2.807991607035001e-27
4.673154224630942e-27
7.760227332489243e-27
1.285851749602005e-26
2.125991541075898e-26
3.507425344925094e-26
5.773958927390728e-26
9.48460470226207e-26
1.554630249372491e-25
2.542724508961441e-25
4.149901399528285e-25
6.758408033299974e-25
1.098300469979137e-24
1.781024676352867e-24
2.88199051011552e-24
4.653619853087205e-24
7.498368239867241e-24
1.20565209350655e-23
1.934454020341647e-23
3.097259764869842e-23
4.948591038311808e-23
7.889905939538301e-23
1.25530766893772e-22
1.99305013506492e-22
3.1577493666467e-22
4.992639832190773e-22
7.877300447143849e-22
1.240283213463498e-21
1.948776938657412e-21
3.055644158810489e-21
4.781282059038012e-21
7.466006193107184e-21
1.16341935335689e-20
1.80921266695025e-20
2.807693983309913e-20
4.34828750115181e-20
6.720419839399124e-20
1.036538926990948e-19
1.595465190010456e-19
2.450771752847876e-19
3.756933108557324e-19
5.747520246705399e-19
8.774962514558267e-19
1.336992806982349e-18
2.032979782649899e-18
3.085023447666026e-18
4.672040176791383e-18
7.061200002098706e-18
1.065063446498681e-17
1.603240305197421e-17
2.408512873790859e-17
3.611001708435324e-17
5.403011412298368e-17
8.068161537909112e-17
1.202388547266999e-16
1.788329808928368e-16
2.654507288977391e-16
3.932373751034139e-16
5.813813921387231e-16
8.578352113701936e-16
1.263234232590726e-15
1.856530625440238e-15
2.723073917843357e-15
3.986177707360206e-15
5.823640774124802e-15
8.491296926119336e-15
1.235650816421626e-14
1.794570927678239e-14
2.601172959481018e-14
3.76289745077172e-14
5.432762258724549e-14
7.828253426349005e-14
1.125785459321106e-13
1.615821734225753e-13
2.314616326295343e-13
3.309122995152208e-13
4.721670103513542e-13
6.724000696511911e-13
9.556739080651688e-13
1.355632945308771e-12
1.9192223765091e-12
2.711812979033779e-12
3.824246908729068e-12
5.382500868622575e-12
7.560921506943874e-12
1.060029928418027e-11
1.483250501588262e-11
2.071401730696643e-11
2.887139138874062e-11
4.016288690511516e-11
5.576173203736268e-11
7.726837225607852e-11
1.068616167776426e-10
1.475014277385611e-10
2.032007756502807e-10
2.79388900903399e-10
3.833961759180937e-10
5.250989643101889e-10
7.177766714328015e-10
9.792470168079603e-10
1.333367416478382e-09
1.812015870683581e-09
2.45769893325587e-09
3.326976028006357e-09
4.494949745748045e-09
6.061133817070186e-09
8.157115871654241e-09
1.09565263528566e-08
1.468798593862175e-08
1.965189433406067e-08
2.624212491753042e-08
3.49740254534936e-08
4.652044793829191e-08
6.175801559038518e-08
8.182639987808216e-08
1.082040768096704e-07
1.428050211416121e-07
1.88101495268711e-07
2.472802123065776e-07
3.24439838550461e-07
4.248405502949026e-07
5.552185484702932e-07
7.24181518307887e-07
9.42704389217397e-07
1.224749894390698e-06
1.588042891853547e-06
2.055033746728441e-06
2.654096761034452e-06
3.421011342652491e-06
4.400795205583563e-06
5.649964805343188e-06
7.239305887196679e-06
9.257285455532838e-06
1.181421157525619e-05
1.504730971646495e-05
1.912690640892833e-05
2.42639198404504e-05
3.071893297601491e-05
3.88131411455106e-05
4.8941517889034e-05
6.158863106975332e-05
7.734755490673706e-05
9.694240725366399e-05
0.0001212552597280592
0.0001513579190941527
0.0001885496167233214
0.0002344014646951109
0.0002908085298258811
0.0003600511408876628
0.000444866280304268
0.0005485306610353291
0.0006749572930857539
0.000828807067591697
0.001015617279335856
0.001241949386894703
0.001515557640232146
0.001845581573434174
0.002242764690890908
0.002719701966270804
0.003291116328909993
0.003974172286689281
0.004788823425769806
0.005758197978138924
0.006909026764333248
0.008272114209830761
0.009882848709821701
0.01178176514804363
0.01401514373719692
0.01663565821945667
0.01970306225121021
0.023284912109375
0.02745733596384525
0.03230580687522888
0.03792594745755196
0.04442432895302773
0.05191927030682564
0.06054161116480827
0.07043541967868805
0.08175861835479736
0.09468355029821396
0.1093973517417908
0.1261021941900253
0.1450152546167374
0.1663684397935867
0.1904078722000122
0.2173928022384644
0.247594341635704
0.2812934219837189
0.3187783658504486
0.3603418469429016
0.406277060508728
0.4568731784820557
0.5124101638793945
0.5731524229049683
0.6393421292304993
0.7111912369728088
0.788873016834259
0.8725128173828125
0.9621784687042236
1.057869911193848
1.159508585929871
1.266927599906921
1.379862070083618
1.497939825057983
1.620673775672913
1.747456550598145
1.877556562423706
2.010117769241333
2.144162178039551
2.278596878051758
2.412224292755127
2.543757438659668
2.671838760375977
2.795065402984619
2.912016153335571
3.021282196044922
3.121502161026001
3.211396932601929
3.289804697036743
3.355717420578003
3.408312082290649
3.446980953216553
3.471354007720947
3.481318235397339
3.477030515670776
3.458919048309326
3.427681922912598
3.384274482727051
3.329891920089722
3.265943765640259
3.19402289390564
3.115870714187622
3.033336877822876
2.948338508605957
2.862813472747803
2.778680562973022
2.697794914245605
2.621905088424683
2.55261492729187
2.491347074508667
2.439311265945435
2.397472858428955
2.366532564163208
2.346906661987305
2.338716983795166
2.341782808303833
2.355625867843628
2.379477739334106
2.412296056747437
2.452792406082153
2.499464750289917
2.550637006759644
2.604509830474854
2.659211397171021
2.712855815887451
2.763603925704956
2.809722185134888
2.849640607833862
2.88200569152832
2.90572714805603
2.920013189315796
2.924394607543945
2.91874098777771
2.903255701065063
2.87846565246582
2.84519362449646
2.804521799087524
2.757742643356323
2.706305265426636
2.651756763458252
2.59567666053772
2.539618492126465
2.485048532485962
2.433291673660278
2.385484933853149
2.342538595199585
2.305107831954956
2.273577690124512
2.248056888580322
2.228384971618652
2.214150190353394
2.204720020294189
2.199276924133301
2.196866273880005
2.196445941925049
2.196942090988159
2.197303533554077
2.19655442237854
2.193842172622681
2.18847918510437
2.179973840713501
2.168051719665527
2.152665376663208
2.133991479873657
2.112415075302124
2.088505983352661
2.062982082366943
2.036668300628662
2.010448932647705
1.985218405723572
1.961830973625183
1.941055059432983
1.923531413078308
1.90973961353302
1.899972558021545
1.894322037696838
1.892675757408142
1.894724130630493
1.899978160858154
1.9077969789505
1.917423009872437
1.928023815155029
1.938736319541931
1.948713421821594
1.957168936729431
1.963417768478394
1.966910481452942
1.967260122299194
1.964258432388306
1.95788300037384
1.948292255401611
1.935813307762146
1.92091691493988
1.90418815612793
1.886290073394775
1.867925405502319
1.849794983863831
1.832560896873474
1.816810250282288
1.80302619934082
1.791565775871277
1.782644748687744
1.77633273601532
1.772555708885193
1.771106600761414
1.771663904190063
1.773814916610718
1.777085185050964
1.780967473983765
1.784954309463501
1.788566470146179
1.791379928588867
1.793047666549683
1.793314933776855
1.792030215263367
1.789146542549133
1.78471851348877
1.778892040252686
1.771889328956604
1.763990879058838
1.755513787269592
1.74678909778595
1.738141298294067
1.729867458343506
1.722221255302429
1.715400099754333
1.709535956382751
1.704693078994751
1.700868368148804
1.697996377944946
1.695959329605103
1.694597959518433
1.6937255859375
1.693142175674438
1.692648530006409
1.692059397697449
1.691214919090271
1.689988017082214
1.688290953636169
1.686077356338501
1.68334174156189
1.680116176605225
1.676464796066284
1.672476291656494
1.66825532913208
1.663914799690247
1.659565806388855
1.655311703681946
1.651240348815918
1.647420167922974
1.643897294998169
1.640694379806519
1.637810826301575
1.635226011276245
1.632902264595032
1.630788922309875
1.628828406333923
1.626959681510925
1.625123620033264
1.623266816139221
1.621344804763794
1.619324326515198
1.617184400558472
1.614916086196899
1.61252224445343
1.610015630722046
1.607417583465576
1.604754686355591
1.602056622505188
1.599353551864624
1.596673488616943
1.594041466712952
1.591476917266846
1.588994145393372
1.58660101890564
1.584299325942993
1.582085609436035
1.579951763153076
1.57788622379303
1.575875282287598
1.573904037475586
1.571958065032959
1.570023775100708
1.568089246749878
1.566145420074463
1.564185738563538
1.562206506729126
1.560207366943359
1.558189749717712
1.55615758895874
1.554115891456604
1.552071690559387
1.550031781196594
1.548003077507019
1.545991659164429
1.544003248214722
1.542042136192322
1.54011058807373
1.538210272789001
1.536340713500977
1.534500360488892
1.532686352729797
1.530894875526428
1.529121279716492
1.527360081672668
1.525606274604797
1.523854374885559
1.522099614143372
1.520337581634521
1.518564820289612
1.516777753829956
1.514974355697632
1.513152718544006
1.511311292648315
1.509449243545532
1.507565259933472
1.505657434463501
1.50372302532196
1.50175929069519
1.499761819839478
1.497725486755371
1.495643734931946
1.493508815765381
1.491312503814697
1.489045739173889
1.486698865890503
1.484261989593506
1.481725215911865
1.479079842567444
1.476317644119263
1.473431944847107
1.470417499542236
1.467271089553833
1.463991403579712
1.46057915687561
1.457037687301636
1.453372359275818
1.449591755867004
1.445706009864807
1.441727876663208
1.43767237663269
1.433556795120239
1.429400444030762
1.425224423408508
1.421050786972046
1.416903614997864
1.412807106971741
1.408786058425903
1.404865026473999
1.401067614555359
1.397415995597839
1.393930077552795
1.390626907348633
1.38752007484436
1.384618639945984
1.381927728652954
1.379446625709534
1.377169728279114
1.375086069107056
1.373179197311401
1.371428728103638
1.369809627532959
1.368293762207031
1.366850852966309
1.365449190139771
1.364057421684265
1.362645149230957
1.361184477806091
1.3596510887146
1.358026027679443
1.356294870376587
1.354449868202209
1.35248875617981
1.35041606426239
1.348242163658142
1.345982313156128
1.343656182289124
1.34128725528717
1.338900446891785
1.336521983146667
1.334176659584045
1.331887722015381
1.32967472076416
1.327553272247314
1.325534224510193
1.323623180389404
1.321819424629211
1.320117473602295
1.318506598472595
1.316972494125366
1.315497159957886
1.314061284065247
1.312644720077515
1.311227679252625
1.309792757034302
1.308324933052063
1.306813359260559
1.305251121520996
1.303635716438293
1.301969289779663
1.300258159637451
1.298511385917664
1.296741127967834
1.294960975646973
1.293184638023376
1.291425228118896
1.289694428443909
1.288001298904419
1.286351919174194
1.284748554229736
1.283190488815308
1.281672954559326
1.280188798904419
1.278728365898132
1.27728009223938
1.275831937789917
1.274371385574341
1.272886514663696
1.271366953849792
1.269803643226624
1.268189549446106
1.26651930809021
1.264788627624512
1.262994647026062
1.261135101318359
1.259206891059875
1.257205843925476
1.255125999450684
1.252959012985229
1.250693202018738
1.248313665390015
1.245800971984863
1.243132352828979
1.240280508995056
1.237214803695679
1.233900189399719
1.230298399925232
1.226367592811584
1.222062826156616
1.217336058616638
1.212136030197144
1.20640754699707
1.200092434883118
1.193127989768982
1.185447335243225
1.176978588104248
1.16764497756958
1.157363891601562
1.146047234535217
1.133601188659668
1.11992609500885
1.104916334152222
1.088461756706238
1.070447206497192
1.050753831863403
1.02925968170166
1.00584077835083
0.9803721308708191
0.9527289271354675
0.9227874875068665
0.89042729139328
0.8555312156677246
0.8179875612258911
0.7776912450790405
0.7345452904701233
0.688462495803833
0.639366626739502
0.5871944427490234
0.5318970084190369
0.4734415709972382
0.4118130207061768
0.3470156490802765
0.2790745198726654
0.2080373167991638
0.1339753866195679
0.05698498710989952
-0.02281160652637482
-0.1052652597427368
-0.1901994645595551
-0.2774098515510559
-0.3666641116142273
-0.457702249288559
-0.550236701965332
-0.6439530253410339
-0.7385110855102539
-0.8335457444190979
-0.9286684989929199
-1.023468852043152
-1.11751651763916
-1.210363507270813
-1.301546573638916
-1.390589714050293
-1.477007508277893
-1.560308575630188
-1.639999270439148
-1.715587854385376
-1.786588668823242
-1.852527856826782
-1.912947654724121
-1.967412948608398
-2.015516757965088
-2.056887149810791
-2.091193914413452
-2.118155241012573
-2.137545108795166
-2.149199962615967
-2.153026342391968
-2.14900803565979
-2.137210845947266
-2.117789506912231
-2.090992450714111
-2.057163000106812
-2.016744613647461
-1.970277428627014
-1.918398857116699
-1.861837029457092
-1.801405310630798
-1.737991213798523
-1.672544717788696
-1.606062650680542
-1.539570569992065
-1.474104166030884
-1.410685658454895
-1.350301861763
-1.293879985809326
-1.242264747619629
-1.196194648742676
-1.156282305717468
-1.122995495796204
-1.096642136573792
-1.077359914779663
-1.065109133720398
-1.059671878814697
-1.060654640197754
-1.067497968673706
-1.079488515853882
-1.095778107643127
-1.115405678749084
-1.137322783470154
-1.160421252250671
-1.183563947677612
-1.205615520477295
-1.225473880767822
-1.242100834846497
-1.254552125930786
-1.262003898620605
-1.263777613639832
-1.259360909461975
-1.248424053192139
-1.230831503868103
-1.206648945808411
-1.176144361495972
-1.139783382415771
-1.098218560218811
-1.052271842956543
-1.002913355827332
-0.9512326121330261
-0.8984068036079407
-0.8456637859344482
-0.7942436933517456
-0.745358407497406
-0.7001507878303528
-0.6596564054489136
-0.6247674822807312
-0.5962018966674805
-0.5744779706001282
-0.5598964095115662
-0.5525298714637756
-0.552221417427063
-0.5585909485816956
-0.5710503458976746
-0.5888257026672363
-0.6109868288040161
-0.6364818215370178
-0.6641757488250732
-0.6928919553756714
-0.721454381942749
-0.7487286925315857
-0.7736620306968689
-0.7953179478645325
-0.8129080533981323
-0.8258161544799805
-0.8336167931556702
-0.8360863924026489
-0.8332064747810364
-0.8251592516899109
-0.812316358089447
-0.7952196002006531
-0.7745563983917236
-0.7511295080184937
-0.7258229851722717
-0.6995651721954346
-0.6732903718948364
-0.647901713848114
-0.6242351531982422
-0.6030277013778687
-0.584889829158783
-0.5702847838401794
-0.559514045715332
-0.5527107119560242
-0.5498400926589966
-0.5507080554962158
-0.5549758076667786
-0.5621809959411621
-0.5717632174491882
-0.5830931663513184
-0.5955038666725159
-0.6083216071128845
-0.6208968162536621
-0.632631778717041
-0.6430051326751709
-0.651591420173645
-0.6580756306648254
-0.6622613072395325
-0.6640734672546387
-0.663554847240448
-0.6608571410179138
-0.6562274098396301
-0.649989902973175
-0.6425257921218872
-0.6342508792877197
-0.6255919337272644
-0.6169649958610535
-0.6087542176246643
-0.6012943983078003
-0.5948559641838074
-0.5896353721618652
-0.5857491493225098
-0.5832330584526062
-0.5820454955101013
-0.5820748209953308
-0.5831502676010132
-0.5850555896759033
-0.5875442624092102
-0.5903555750846863
-0.5932303071022034
-0.5959258675575256
-0.5982288122177124
-0.5999654531478882
-0.6010093092918396
-0.6012850403785706
-0.600769579410553
-0.5994898080825806
-0.5975172519683838
-0.5949603915214539
-0.5919559001922607
-0.5886577367782593
-0.5852264165878296
-0.5818185806274414
-0.5785772800445557
-0.5756240487098694
-0.5730525851249695
-0.5709245800971985
-0.5692682862281799
-0.5680789351463318
-0.5673214793205261
-0.5669348835945129
-0.5668383240699768
-0.5669375658035278
-0.5671323537826538
-0.5673233270645142
-0.5674184560775757
-0.5673386454582214
-0.5670216083526611
-0.5664246082305908
-0.5655258893966675
-0.5643237829208374
-0.5628352165222168
-0.5610924959182739
-0.5591393113136292
-0.5570266246795654
-0.5548079013824463
-0.5525345802307129
-0.5502525568008423
-0.5479985475540161
-0.5457981824874878
-0.5436645746231079
-0.5415983200073242
-0.539588451385498
-0.5376137495040894
-0.5356454253196716
-0.5336501002311707
-0.5315924286842346
-0.5294385552406311
-0.5271584987640381
-0.524728536605835
-0.5221329927444458
-0.5193650722503662
-0.5164274573326111
-0.5133317708969116
-0.5100976824760437
-0.5067516565322876
-0.5033248662948608
-0.4998516142368317
-0.4963673055171967
-0.4929065108299255
-0.4895014464855194
-0.4861807227134705
-0.4829685688018799
-0.4798842072486877
-0.4769417941570282
-0.4741508662700653
-0.4715164601802826
-0.4690403342247009
-0.4667214453220367
-0.4645567834377289
-0.462542325258255
-0.4606733620166779
-0.4589451253414154
-0.4573529362678528
-0.4558922946453094
-0.4545585811138153
-0.4533467292785645
-0.4522510766983032
-0.4512645900249481
-0.4503787457942963
-0.4495828747749329
-0.4488642811775208
-0.4482078552246094
-0.447596400976181
-0.4470108151435852
-0.4464307129383087
-0.4458350539207458
-0.4452029168605804
-0.4445143640041351
-0.4437513649463654
-0.4428987503051758
-0.4419448971748352
-0.4408824741840363
-0.4397087693214417
-0.4384260475635529
-0.4370414018630981
-0.4355666637420654
-0.4340178072452545
-0.4324142634868622
-0.4307778775691986
-0.4291320443153381
-0.4275003969669342
-0.4259058237075806
-0.4243693053722382
-0.4229089915752411
-0.4215393960475922
-0.4202708303928375
-0.4191089272499084
-0.4180547297000885
-0.4171046614646912
-0.4162509739398956
-0.4154823124408722
-0.4147845208644867
-0.4141413569450378
-0.4135355055332184
-0.4129494428634644
-0.4123663306236267
-0.411770761013031
-0.4111493527889252
-0.4104913175106049
-0.4097886085510254
-0.4090363681316376
-0.4082326292991638
-0.4073783457279205
-0.4064771234989166
-0.4055349230766296
-0.404559314250946
-0.4035594165325165
-0.4025451242923737
-0.4015266895294189
-0.4005142450332642
-0.3995172381401062
-0.3985444009304047
-0.3976030349731445
-0.3966990113258362
-0.3958362936973572
-0.3950170874595642
-0.3942417502403259
-0.3935087323188782
-0.3928148746490479
-0.3921554684638977
-0.3915245831012726
-0.3909153342247009
-0.3903203308582306
-0.3897320330142975
-0.3891431391239166
-0.3885470330715179
-0.3879380226135254
-0.387311726808548
-0.3866652250289917
-0.3859972655773163
-0.3853081464767456
-0.3845997452735901
-0.3838754296302795
-0.3831396698951721
-0.3823978900909424
-0.381655752658844
-0.3809192478656769
-0.3801939487457275
-0.3794848322868347
-0.3787958323955536
-0.3781298398971558
-0.3774882555007935
-0.3768712282180786
-0.3762774765491486
-0.3757046461105347
-0.3751492500305176
-0.3746072053909302
-0.3740740418434143
-0.3735451400279999
-0.3730162382125854
-0.3724836111068726
-0.3719443380832672
-0.371396392583847
-0.3708387613296509
-0.3702715635299683
-0.3696958720684052
-0.3691136240959167
-0.3685274422168732
-0.367940366268158
-0.3673555254936218
-0.3667760789394379
-0.3662047684192657
-0.3656438887119293
-0.3650951087474823
-0.3645593225955963
-0.3640366792678833
-0.3635264933109283
-0.3630275428295135
-0.3625380992889404
-0.3620560169219971
-0.3615790903568268
-0.3611050546169281
-0.360631912946701
-0.3601580262184143
-0.3596821129322052
-0.3592034876346588
-0.3587219715118408
-0.358238011598587
-0.3577522933483124
-0.3572660088539124
-0.356780469417572
-0.356297105550766
-0.3558174073696136
-0.3553425669670105
-0.3548735678195953
-0.3544111847877502
-0.3539557158946991
-0.3535071313381195
-0.3530651032924652
-0.3526290059089661
-0.3521979749202728
-0.3517710566520691
-0.3513473570346832
-0.3509258627891541
-0.3505057096481323
-0.3500863015651703
-0.3496671617031097
-0.3492481708526611
-0.3488292992115021
-0.3484108150005341
-0.3479931950569153
-0.347576916217804
-0.3471625447273254
-0.3467505276203156
-0.3463413715362549
-0.3459353744983673
-0.3455328345298767
-0.3451336324214935
-0.3447376191616058
-0.344344437122345
-0.343953549861908
-0.3435643911361694
-0.3431763052940369
-0.3427885174751282
-0.3424002230167389
-0.3420105874538422
-0.3416188657283783
-0.341224193572998
-0.3408257961273193
-0.3404227793216705
-0.3400142192840576
-0.3395991325378418
-0.3391764461994171
-0.3387447893619537
-0.3383027017116547
-0.337848424911499
-0.3373799920082092
-0.3368951082229614
-0.3363911509513855
-0.3358652591705322
-0.3353142142295837
-0.3347345888614655
-0.3341226875782013
-0.3334746062755585
-0.3327863216400146
-0.3320536613464355
-0.3312723636627197
-0.3304381370544434
-0.3295468688011169
-0.3285945653915405
-0.3275775015354156
-0.3264922201633453
-0.325335681438446
-0.3241055607795715
-0.3228000998497009
-0.3214183449745178
-0.3199604749679565
-0.3184275925159454
-0.3168222010135651
-0.3151480853557587
-0.3134106695652008
-0.3116170763969421
-0.3097760081291199
-0.3078980445861816
-0.3059956133365631
-0.3040829598903656
-0.3021759986877441
-0.3002922236919403
-0.2984506189823151
-0.2966713309288025
-0.2949752807617188
-0.293383926153183
-0.2919188141822815
-0.2906011044979095
-0.2894510328769684
-0.2884874045848846
-0.2877272069454193
-0.2871847748756409
-0.2868714928627014
-0.2867952883243561
-0.2869601249694824
-0.287365585565567
-0.2880069017410278
-0.2888744473457336
-0.2899539470672607
-0.2912264168262482
-0.2926685810089111
-0.294253021478653
-0.2959489226341248
-0.2977226376533508
-0.2995382845401764
-0.3013589680194855
-0.3031473457813263
-0.3048669993877411
-0.3064830899238586
-0.3079635500907898
-0.3092798888683319
-0.3104081749916077
-0.3113296627998352
-0.3120312988758087
-0.3125062882900238
-0.3127541244029999
-0.3127805888652802
-0.3125974535942078
-0.3122222423553467
-0.3116773664951324
-0.3109893798828125
-0.3101880252361298
-0.3093051016330719
-0.308373361825943
-0.3074253797531128
-0.3064923286437988
-0.3056030869483948
-0.3047830760478973
-0.3040536642074585
-0.3034314811229706
-0.3029280602931976
-0.3025496900081635
-0.3022973835468292
-0.3021672964096069
-0.3021510541439056
-0.302236407995224
-0.3024080395698547
-0.3026484549045563
-0.30293869972229
-0.303259402513504
-0.3035915791988373
-0.303917407989502
-0.3042209148406982
-0.3044883906841278
-0.3047088384628296
-0.3048741817474365
-0.3049793839454651
-0.305022269487381
-0.30500328540802
-0.304925411939621
-0.3047934770584106
-0.3046139776706696
-0.304394543170929
-0.3041435182094574
-0.3038694560527802
-0.3035809993743896
-0.3032862842082977
-0.3029929101467133
-0.3027076423168182
-0.3024362921714783
-0.3021836876869202
-0.3019536137580872
-0.3017488121986389
-0.3015710413455963
-0.3014210164546967
-0.3012984991073608
-0.3012023270130157
-0.3011304140090942
-0.3010800778865814
-0.301047682762146
-0.3010291159152985
-0.301019698381424
-0.3010144233703613
-0.3010081946849823
-0.3009959757328033
-0.3009729087352753
-0.3009347021579742
-0.3008777797222137
-0.3007995784282684
-0.3006985783576965
-0.3005744814872742
-0.3004283010959625
-0.3002623319625854
-0.3000799119472504
-0.2998853623867035
-0.299683690071106
-0.2994803488254547
-0.2992807030677795
-0.2990898489952087
-0.2989122569561005
-0.2987513840198517
-0.2986095547676086
-0.2984877526760101
-0.2983855009078979
-0.2983010709285736
-0.2982315421104431
-0.2981729805469513
-0.2981207370758057
-0.2980700135231018
-0.2980160415172577
-0.2979544699192047
-0.2978816032409668
-0.297794908285141
-0.2976929545402527
-0.2975755333900452
-0.2974436283111572
-0.2972992658615112
-0.2971455156803131
-0.2969858944416046
-0.2968243062496185
-0.2966646254062653
-0.2965103089809418
-0.2963641881942749
-0.296228438615799
-0.2961041033267975
-0.2959913909435272
-0.2958894073963165
-0.2957964837551117
-0.2957103848457336
-0.2956283986568451
-0.2955477237701416
-0.2954655289649963
-0.2953794300556183
-0.2952875792980194
-0.2951886653900146
-0.2950822114944458
-0.294968456029892
-0.2948481440544128
-0.294722706079483
-0.294593870639801
-0.2944636046886444
-0.294333815574646
-0.2942063212394714
-0.2940825223922729
-0.2939634621143341
-0.2938496768474579
-0.2937412261962891
-0.2936376333236694
-0.2935380637645721
-0.2934414744377136
-0.2933466136455536
-0.2932521402835846
-0.2931568622589111
-0.2930598855018616
-0.2929604649543762
-0.2928581833839417
-0.2927530109882355
-0.2926451861858368
-0.2925351858139038
-0.2924236953258514
-0.2923115491867065
-0.292199581861496
-0.292088508605957
-0.2919789254665375
-0.2918712794780731
-0.2917658388614655
-0.2916626334190369
-0.2915614545345306
-0.2914619743824005
-0.2913638353347778
-0.2912664711475372
-0.2911694347858429
-0.2910722494125366
-0.2909745872020721
-0.290876179933548
-0.2907769083976746
-0.2906767725944519
-0.2905758917331696
-0.2904745042324066
-0.2903728485107422
-0.2902712523937225
-0.2901700139045715
-0.2900693416595459
-0.2899694740772247
-0.2898705303668976
-0.2897724807262421
-0.2896753549575806
-0.2895791232585907
-0.2894836068153381
-0.2893886268138885
-0.28929403424263
-0.2891996204853058
-0.2891052663326263
-0.2890108227729797
-0.288916289806366
-0.288821667432785
-0.2887269258499146
-0.2886321842670441
-0.2885375022888184
-0.2884429395198822
-0.2883486747741699
-0.2882547378540039
-0.2881611883640289
-0.288068026304245
-0.2879753410816193
-0.2878831028938293
-0.2877912521362305
-0.2876996994018555
-0.287608414888382
-0.2875171899795532
-0.2874259948730469
-0.2873347997665405
-0.2872434556484222
-0.2871519029140472
-0.2870600521564484
-0.2869677841663361
-0.2868749797344208
-0.2867815494537354
-0.2866873443126678
-0.2865921556949615
-0.2864957749843597
-0.2863979637622833
-0.2862982451915741
-0.2861962914466858
-0.2860915660858154
-0.2859835028648376
-0.2858713567256927
-0.285754382610321
-0.2856317162513733
-0.2855022549629211
-0.2853649258613586
-0.2852183282375336
-0.2850610017776489
-0.284891277551651
-0.284707248210907
-0.2845068275928497
-0.284287691116333
-0.2840473353862762
-0.2837829887866974
-0.2834916412830353
-0.2831699848175049
-0.2828144729137421
-0.2824213802814484
-0.2819867134094238
-0.2815063297748566
-0.2809758484363556
-0.2803907692432404
-0.2797465324401855
-0.2790386080741882
-0.2782625257968903
-0.2774139046669006
-0.2764885723590851
-0.2754826843738556
-0.2743929922580719
-0.2732166647911072
-0.2719515860080719
-0.2705963253974915
-0.2691504061222076
-0.267614483833313
-0.2659902572631836
-0.2642807066440582
-0.2624900341033936
-0.260623961687088
-0.2586894929409027
-0.2566951513290405
-0.254650890827179
-0.2525679171085358
-0.2504587471485138
-0.248337060213089
-0.2462173402309418
-0.2441148012876511
-0.2420451194047928
-0.2400240153074265
-0.2380669862031937
-0.2361890077590942
-0.2344041019678116
-0.2327249348163605
-0.2311624884605408
-0.2297256886959076
-0.2284211218357086
-0.227252796292305
-0.226221889257431
-0.2253266125917435
-0.2245621681213379
-0.2239208370447159
-0.2233920693397522
-0.2229626625776291
-0.2226172536611557
-0.2223385572433472
-0.2221079468727112
-0.2219060212373734
-0.2217131108045578
-0.2215100079774857
-0.221278578042984
-0.2210023701190948
-0.2206671833992004
-0.2202615588903427
-0.2197771668434143
-0.219209149479866
-0.218556210398674
-0.2178207635879517
-0.2170087099075317
-0.2161291390657425
-0.2151940315961838
-0.2142176628112793
-0.2132160067558289
-0.2122060209512711
-0.2112048715353012
-0.2102292776107788
-0.2092945724725723
-0.2084142714738846
-0.2075993865728378
-0.2068580240011215
-0.2061950266361237
-0.2056118845939636
-0.2051069140434265
-0.2046752572059631
-0.2043094038963318
-0.2039997130632401
-0.2037349939346313
-0.2035032510757446
-0.2032924592494965
-0.2030912935733795
-0.2028898000717163
-0.2026800662279129
-0.2024567127227783
-0.202217161655426
-0.2019618898630142
-0.2016943693161011
-0.2014209777116776
-0.201150581240654
-0.2008941024541855
-0.2006639242172241
-0.20047327876091
-0.2003354430198669
-0.2002632170915604
-0.2002682536840439
-0.2003604620695114
-0.2005477100610733
-0.2008355855941772
-0.2012271136045456
-0.2017230689525604
-0.2023219764232635
-0.2030204385519028
-0.2038135826587677
-0.204695537686348
-0.205659806728363
-0.2066998183727264
-0.2078092396259308
-0.2089824080467224
-0.2102143913507462
-0.2115011662244797
-0.2128394991159439
-0.2142268717288971
-0.2156611680984497
-0.2171403467655182
-0.2186620682477951
-0.2202233672142029
-0.2218202501535416
-0.2234473377466202
-0.2250978201627731
-0.2267631441354752
-0.2284332513809204
-0.2300964891910553
-0.2317399531602859
-0.2333498597145081
-0.2349119037389755
-0.2364117950201035
-0.2378356754779816
-0.239170640707016
-0.2404051721096039
-0.2415295541286469
-0.2425361275672913
-0.2434195131063461
-0.2441767156124115
-0.244807168841362
-0.2453126013278961
-0.2456970363855362
-0.2459664940834045
-0.2461287379264832
-0.2461931258440018
-0.2461702227592468
-0.2460716962814331
-0.2459099739789963
-0.2456980496644974
-0.2454493045806885
-0.2451772540807724
-0.2448954433202744
-0.2446171939373016
-0.2443554252386093
-0.2441224753856659
-0.2439298778772354
-0.243788093328476
-0.243706226348877
-0.2436918765306473
-0.2437508553266525
-0.2438869476318359
-0.2441017627716064
-0.2443946450948715
-0.2447626292705536
-0.2452004551887512
-0.2457007020711899
-0.2462539821863174
-0.2468492835760117
-0.2474742829799652
-0.2481157779693604
-0.2487601339817047
-0.2493937611579895
-0.2500036060810089
-0.2505775988101959
-0.2511050701141357
-0.2515771389007568
-0.2519869804382324
-0.2523299157619476
-0.2526036202907562
-0.2528082728385925
-0.2529462873935699
-0.2530222237110138
-0.2530426681041718
-0.2530157268047333
-0.2529509663581848
-0.2528587579727173
-0.2527501583099365
-0.2526361346244812
-0.2525275349617004
-0.2524344623088837
-0.2523659765720367
-0.2523297667503357
-0.25233194231987
-0.2523767054080963
-0.2524663805961609
-0.2526013553142548
-0.252780020236969
-0.252998948097229
-0.2532530426979065
-0.2535357773303986
-0.2538396418094635
-0.2541562914848328
-0.2544770538806915
-0.2547932863235474
-0.2550967633724213
-0.2553800940513611
-0.2556369602680206
-0.2558623850345612
-0.2560530602931976
-0.2562071681022644
-0.2563247084617615
-0.2564072906970978
-0.2564580738544464
-0.2564815580844879
-0.2564832270145416
-0.2564693093299866
-0.2564465403556824
-0.2564215660095215
-0.2564009726047516
-0.2563906013965607
-0.2563954591751099
-0.2564194202423096
-0.2564652860164642
-0.2565343677997589
-0.2566266655921936
-0.256740927696228
-0.2568747997283936
-0.2570247650146484
-0.2571867108345032
-0.2573558688163757
-0.2575274407863617
-0.2576965391635895
-0.257858544588089
-0.2580095231533051
-0.258146196603775
-0.2582662105560303
-0.258368194103241
-0.2584517598152161
-0.2585176527500153
-0.2585673928260803
-0.2586032748222351
-0.2586283385753632
-0.2586458921432495
-0.2586595416069031
-0.2586728632450104
-0.2586891651153564
-0.2587113380432129
-0.2587417960166931
-0.2587821185588837
-0.258833259344101
-0.2588953375816345
-0.2589678168296814
-0.2590493857860565
-0.259138286113739
-0.2592323422431946
-0.259329080581665
-0.2594259679317474
-0.2595205008983612
-0.259610503911972
-0.2596940994262695
-0.2597699463367462
-0.2598372101783752
-0.2598955631256104
-0.2599453032016754
-0.2599871754646301
-0.26002237200737
-0.2600523829460144
-0.2600789070129395
-0.2601037621498108
-0.2601286470890045
-0.2601551711559296
-0.2601845860481262
-0.2602179348468781
-0.2602558135986328
-0.2602984011173248
-0.2603455483913422
-0.2603967189788818
-0.260451078414917
-0.2605075538158417
-0.2605649828910828
-0.2606220841407776
-0.2606777250766754
-0.2607307732105255
-0.2607803046703339
-0.2608256936073303
-0.2608664929866791
-0.2609025537967682
-0.2609339654445648
-0.2609610259532928
-0.2609842717647552
-0.2610042691230774
-0.2610216438770294
-0.2610370218753815
-0.2610508501529694
-0.2610634863376617
-0.2610750198364258
-0.2610853612422943
-0.2610940933227539
-0.2611006200313568
-0.2611040771007538
-0.2611033022403717
-0.2610969543457031
-0.2610836029052734
-0.2610616087913513
-0.2610292732715607
-0.2609849274158478
-0.260926753282547
-0.2608529627323151
-0.2607617378234863
-0.2606511414051056
-0.2605192959308624
-0.2603642344474792
-0.2601838409900665
-0.2599758207798004
-0.2597377896308899
-0.2594671845436096
-0.2591612935066223
-0.2588171064853668
-0.25843146443367
-0.258000910282135
-0.2575219869613647
-0.2569911181926727
-0.2564046382904053
-0.2557589113712311
-0.2550504207611084
-0.2542758584022522
-0.2534321546554565
-0.2525165975093842
-0.2515268921852112
-0.2504613399505615
-0.2493187934160233
-0.2480987906455994
-0.2468016445636749
-0.2454284876585007
-0.2439812868833542
-0.242463007569313
-0.2408774793148041
-0.2392295300960541
-0.2375250160694122
-0.2357707321643829
-0.2339744567871094
-0.2321448773145676
-0.2302915155887604
-0.2284247130155563
-0.2265554815530777
-0.2246953845024109
-0.2228563874959946
-0.2210506647825241
-0.2192904651165009
-0.2175878435373306
-0.2159544080495834
-0.2144010961055756
-0.2129379957914352
-0.2115740478038788
-0.2103167623281479
-0.2091721296310425
-0.208144336938858
-0.2072356194257736
-0.2064461261034012
-0.2057738304138184
-0.2052146196365356
-0.2047622352838516
-0.2044083625078201
-0.204142764210701
-0.2039535641670227
-0.2038273960351944
-0.2037498205900192
-0.2037056237459183
-0.2036792635917664
-0.2036551535129547
-0.203618198633194
-0.2035541236400604
-0.2034499198198318
-0.2032941877841949
-0.2030775249004364
-0.2027927190065384
-0.2024349868297577
-0.202002078294754
-0.2014943957328796
-0.2009148895740509
-0.2002689391374588
-0.199564203619957
-0.1988102346658707
-0.1980182379484177
-0.1972005665302277
-0.1963702887296677
-0.1955406665802002
-0.1947247087955475
-0.1939346343278885
-0.193181499838829
-0.1924746185541153
-0.1918214112520218
-0.1912270039319992
-0.1906941086053848
-0.1902229338884354
-0.1898112595081329
-0.1894545406103134
-0.1891461312770844
-0.1888777017593384
-0.1886395364999771
-0.1884210556745529
-0.1882112771272659
-0.1879993677139282
-0.1877750605344772
-0.1875291764736176
-0.1872540265321732
-0.1869437545537949
-0.1865944862365723
-0.1862044781446457
-0.1857742965221405
-0.1853064894676208
-0.1848056018352509
-0.1842777729034424
-0.1837304383516312
-0.1831718981266022
-0.1826108545064926
-0.1820559799671173
-0.1815154105424881
-0.1809963881969452
-0.1805049180984497
-0.1800454556941986
-0.1796207278966904
-0.179231658577919
-0.1788773834705353
-0.1785553246736526
-0.17826147377491
-0.177990660071373
-0.1777368038892746
-0.1774933487176895
-0.1772537082433701
-0.1770115345716476
-0.176761120557785
-0.1764977723360062
-0.1762178838253021
-0.1759192049503326
-0.1756008863449097
-0.1752634197473526
-0.1749085634946823
-0.1745391190052032
-0.1741587817668915
-0.1737717539072037
-0.1733825653791428
-0.1729956269264221
-0.1726150810718536
-0.1722444742918015
-0.1718865483999252
-0.171543151140213
-0.1712151765823364
-0.1709025055170059
-0.1706041246652603
-0.1703182458877563
-0.170042484998703
-0.1697740405797958
-0.1695099472999573
-0.1692472845315933
-0.1689834147691727
-0.1687161177396774
-0.1684437692165375
-0.1681654453277588
-0.1678808182477951
-0.1675903052091599
-0.1672949194908142
-0.1669961363077164
-0.1666957885026932
-0.166395902633667
-0.1660984605550766
-0.1658053547143936
-0.165518119931221
-0.1652379333972931
-0.16496542096138
-0.1647007465362549
-0.1644435226917267
-0.1641929298639297
-0.1639477014541626
-0.1637063771486282
-0.1634672582149506
-0.1632286757230759
-0.1629890203475952
-0.1627469211816788
-0.1625012904405594
-0.1622514128684998
-0.1619969755411148
-0.1617379784584045
-0.1614748537540436
-0.1612082868814468
-0.1609392017126083
-0.160668671131134
-0.1603978127241135
-0.1601276993751526
-0.1598592549562454
-0.1595932692289352
-0.1593303084373474
-0.1590706408023834
-0.1588143408298492
-0.1585613042116165
-0.1583111584186554
-0.1580634713172913
-0.1578177511692047
-0.1575734168291092
-0.1573300063610077
-0.1570870727300644
-0.1568443328142166
-0.1566016227006912
-0.156358927488327
-0.1561163663864136
-0.1558741480112076
-0.1556325405836105
-0.1553918868303299
-0.1551525145769119
-0.1549147516489029
-0.1546788513660431
-0.1544449627399445
-0.154213160276413
-0.1539833843708038
-0.1537555158138275
-0.1535294055938721
-0.153304785490036
-0.1530813872814178
-0.1528589427471161
-0.1526371687650681
-0.1524158865213394
-0.152194932103157
-0.151974231004715
-0.1517537385225296
-0.1515334844589233
-0.1513135433197021
-0.1510940343141556
-0.1508751213550568
-0.1506569236516953
-0.1504395455121994
-0.1502230763435364
-0.150007575750351
-0.1497929990291595
-0.1495793461799622
-0.1493665426969528
-0.1491544544696808
-0.1489429622888565
-0.1487319320440292
-0.1485212743282318
-0.1483108997344971
-0.1481007486581802
-0.1478908061981201
-0.1476811319589615
-0.1474717855453491
-0.1472628265619278
-0.1470543891191483
-0.1468466222286224
-0.1466396749019623
-0.1464336663484573
-0.1462287306785583
-0.1460249125957489
-0.1458223015069962
-0.1456209421157837
-0.1454208195209503
-0.1452219188213348
-0.1450242102146149
-0.1448276042938232
-0.1446320563554764
-0.1444374769926071
-0.1442437767982483
-0.1440508812665939
-0.1438587158918381
-0.1436672061681747
-0.143476277589798
-0.1432858854532242
-0.143095999956131
-0.1429065465927124
-0.1427175104618073
-0.1425288617610931
-0.1423406153917313
-0.142152801156044
-0.1419654190540314
-0.1417784839868546
-0.1415920555591583
-0.1414062082767487
-0.1412209570407867
-0.1410364061594009
-0.1408526450395584
-0.1406697481870651
-0.1404878199100494
-0.1403069496154785
-0.1401272267103195
-0.1399487257003784
-0.1397715061903
-0.1395956575870514
-0.1394211947917938
-0.1392482072114944
-0.1390766799449921
-0.1389066427946091
-0.1387380957603455
-0.1385710090398788
-0.138405367732048
-0.1382411569356918
-0.1380783319473267
-0.1379168629646301
-0.1377567499876022
-0.1375979334115982
-0.137440413236618
-0.1372841745615005
-0.1371291875839233
-0.1369754821062088
-0.1368230879306793
-0.1366719752550125
-0.136522188782692
-0.1363737136125565
-0.1362266093492508
-0.1360808610916138
-0.1359364688396454
-0.1357934325933456
-0.1356517225503922
-0.1355112791061401
-0.1353720873594284
-0.135234072804451
-0.1350971311330795
-0.1349611729383469
-0.1348260939121246
-0.1346917599439621
-0.1345580071210861
-0.1344247311353683
-0.1342917531728745
-0.1341588944196701
-0.1340260207653046
-0.1338929384946823
-0.1337595283985138
-0.1336256414651871
-0.1334911286830902
-0.1333558261394501
-0.1332196444272995
-0.1330825239419937
-0.1329443603754044
-0.1328050941228867
-0.1326647102832794
-0.1325231790542603
-0.1323805153369904
-0.1322367340326309
-0.1320919096469879
-0.1319461017847061
-0.1317993998527527
-0.1316518932580948
-0.1315036863088608
-0.1313549280166626
-0.1312057673931122
-0.1310563534498215
-0.1309068650007248
-0.1307574361562729
-0.1306082308292389
-0.1304594129323959
-0.1303111463785172
-0.1301635503768921
-0.1300167739391327
-0.1298709511756897
-0.1297261863946915
-0.1295825690031052
-0.1294402033090591
-0.1292991638183594
-0.1291594505310059
-0.1290211081504822
-0.1288841515779495
-0.1287485361099243
-0.128614217042923
-0.1284811496734619
-0.1283491849899292
-0.1282182782888412
-0.1280882656574249
-0.1279590427875519
-0.1278304308652878
-0.1277022957801819
-0.1275744736194611
-0.1274468004703522
-0.1273191124200821
-0.1271912902593613
-0.1270632296800613
-0.1269348114728928
-0.1268059462308884
-0.1266765594482422
-0.1265466064214706
-0.1264160722494125
-0.1262849718332291
-0.126153364777565
-0.1260212659835815
-0.1258888244628906
-0.125756099820137
-0.1256231963634491
-0.1254902631044388
-0.1253574043512344
-0.125224769115448
-0.125092476606369
-0.1249606758356094
-0.1248294711112976
-0.1246989667415619
-0.12456925958395
-0.1244404092431068
-0.1243124678730965
-0.1241854578256607
-0.1240593791007996
-0.1239342167973518
-0.123809926211834
-0.1236864626407623
-0.1235637292265892
-0.123441606760025
-0.1233200132846832
-0.1231988072395325
-0.123077891767025
-0.1229571327567101
-0.1228364109992981
-0.1227156296372414
-0.1225946992635727
-0.1224735304713249
-0.1223520860075951
-0.1222303286194801
-0.1221082508563995
-0.1219858601689339
-0.1218631640076637
-0.1217402219772339
-0.1216170787811279
-0.12149378657341
-0.1213704124093056
-0.1212470158934593
-0.1211236789822578
-0.1210004538297653
-0.1208773925900459
-0.120754562318325
-0.1206320002675056
-0.1205097362399101
-0.1203877553343773
-0.1202660426497459
-0.1201445758342743
-0.1200233101844788
-0.1199022009968758
-0.1197811663150787
-0.1196601465344429
-0.1195390298962593
-0.1194177120923996
-0.1192960888147354
-0.119174063205719
-0.119051530957222
-0.1189283952116966
-0.1188045740127563
-0.1186800003051758
-0.1185546144843102
-0.1184283643960953
-0.1183012202382088
-0.1181731671094894
-0.1180441975593567
-0.1179142892360687
-0.1177834644913673
-0.1176517158746719
-0.1175190657377243
-0.117385521531105
-0.1172510832548141
-0.1171157583594322
-0.1169795468449593
-0.1168424338102341
-0.1167044118046761
-0.1165654584765434
-0.1164255440235138
-0.1162846460938454
-0.1161427423357964
-0.1159997805953026
-0.1158557459712029
-0.1157105937600136
-0.1155643090605736
-0.1154168620705605
-0.1152682527899742
-0.115118496119976
-0.1149676069617271
-0.1148156300187111
-0.1146626174449921
-0.114508643746376
-0.1143538132309914
-0.114198237657547
-0.1140420362353325
-0.1138853579759598
-0.1137283593416214
-0.1135712042450905
-0.113414078950882
-0.1132571548223495
-0.1131006553769112
-0.1129447519779205
-0.112789660692215
-0.11263557523489
-0.1124827042222023
-0.112331248819828
-0.1121814250946045
-0.1120334416627884
-0.1118874847888947
-0.11174376308918
-0.1116024628281593
-0.1114637851715088
-0.1113279014825821
-0.1111950054764748
-0.1110652312636375
-0.1109387576580048
-0.110815703868866
-0.1106961816549301
-0.1105803102254868
-0.1104681789875031
-0.1103598475456238
-0.1102553382515907
-0.1101546734571457
-0.1100578233599663
-0.1099647283554077
-0.1098752915859222
-0.1097893789410591
-0.1097068265080452
-0.1096274107694626
-0.1095508858561516
-0.1094769611954689
-0.1094053164124489
-0.1093355864286423
-0.1092673912644386
-0.1092003062367439
-0.1091339066624641
-0.1090677455067635
-0.1090013608336449
-0.108934298157692
-0.1088660955429077
-0.1087963208556175
-0.1087245345115662
-0.1086503192782402
-0.1085732877254486
-0.1084930896759033
-0.1084094122052193
-0.108321949839592
-0.1082304865121841
-0.1081348359584808
-0.1080348789691925
-0.1079305410385132
-0.1078217923641205
-0.107708677649498
-0.1075913161039352
-0.1074698641896248
-0.1073445528745651
-0.1072156429290771
-0.1070834547281265
-0.1069483682513237
-0.1068107932806015
-0.1066711619496346
-0.1065299287438393
-0.1063875555992126
-0.1062445193529129
-0.106101281940937
-0.1059582903981209
-0.105815976858139
-0.1056747287511826
-0.1055348962545395
-0.1053967997431755
-0.1052606850862503
-0.1051267310976982
-0.10499507188797
-0.1048657819628716
-0.1047388538718224
-0.1046142429113388
-0.1044918447732925
-0.1043714806437492
-0.104252927005291
-0.1041359379887581
-0.1040202304720879
-0.1039055064320564
-0.1037914603948593
-0.1036777943372726
-0.1035642027854919
-0.1034504175186157
-0.1033362150192261
-0.1032214015722275
-0.103105828166008
-0.1029894128441811
-0.1028721183538437
-0.1027539744973183
-0.1026350855827332
-0.1025155931711197
-0.102395698428154
-0.1022756546735764
-0.1021557450294495
-0.1020362824201584
-0.1019176095724106
-0.1018000692129135
-0.1016839817166328
-0.1015696749091148
-0.101457454264164
-0.1013475507497787
-0.1012401655316353
-0.1011354476213455
-0.101033478975296
-0.1009342595934868
-0.1008377447724342
-0.1007438153028488
-0.100652277469635
-0.1005628705024719
-0.1004752963781357
-0.1003892347216606
-0.1003042906522751
-0.1002200767397881
-0.1001361832022667
-0.1000522077083588
-0.09996774792671204
-0.09988243877887726
-0.09979594498872757
-0.09970800578594208
-0.09961838275194168
-0.09952691942453384
-0.09943349659442902
-0.09933808445930481
-0.09924070537090302
-0.0991414412856102
-0.09904041141271591
-0.09893783181905746
-0.09883392602205276
-0.0987289696931839
-0.09862323850393295
-0.09851700812578201
-0.09841060638427734
-0.09830432385206223
-0.09819844365119934
-0.09809321910142899
-0.09798888862133026
-0.09788565337657928
-0.09778366982936859
-0.09768307209014893
-0.09758394211530685
-0.09748632460832596
-0.09739022701978683
-0.0972956046462059
-0.09720240533351898
-0.09711053967475891
-0.09701991081237793
-0.09693039953708649
-0.09684184938669205
-0.09675412625074387
-0.09666708111763
-0.09658054262399673
-0.09649436175823212
-0.09640838950872421
-0.09632250666618347
-0.09623656421899796
-0.09615044295787811
-0.0960640162229538
-0.09597720205783844
-0.09588989615440369
-0.09580201655626297
-0.09571349620819092
-0.09562429040670395
-0.09553435444831848
-0.09544367343187332
-0.09535225480794907
-0.09526009857654572
-0.09516724944114685
-0.09507374465465546
-0.0949796661734581
-0.09488510340452194
-0.09479014575481415
-0.09469488263130188
-0.09459944069385529
-0.09450393915176392
-0.09440845996141434
-0.09431310743093491
-0.09421795606613159
-0.09412308782339096
-0.0940285250544548
-0.0939343050122261
-0.09384042024612427
-0.0937468558549881
-0.09365355968475342
-0.09356043487787247
-0.09346739947795868
-0.0933743417263031
-0.09328113496303558
-0.09318763762712479
-0.09309373050928116
-0.09299928694963455
-0.09290418028831482
-0.0928083136677742
-0.09271159768104553
-0.09261397272348404
-0.09251540899276733
-0.09241591393947601
-0.09231548756361008
-0.0922141969203949
-0.09211213141679764
-0.09200938791036606
-0.09190609306097031
-0.09180240333080292
-0.09169847518205643
-0.09159448742866516
-0.09149060398340225
-0.09138701111078262
-0.09128386527299881
-0.09118134528398514
-0.09107959270477295
-0.09097873419523239
-0.09087889641523361
-0.09078022837638855
-0.09068281203508377
-0.09058675169944763
-0.0904921367764473
-0.09039905667304993
-0.0903075709939003
-0.09021777659654617
-0.09012973308563232
-0.09004352986812592
-0.08995924144983292
-0.08987695723772049
-0.08979674428701401
-0.08971866220235825
-0.08964280784130096
-0.08956924080848694
-0.08949802815914154
-0.08942924439907074
-0.08936291188001633
-0.08929908275604248
-0.0892377644777298
-0.08917897194623947
-0.08912268280982971
-0.08906886726617813
-0.08901749551296234
-0.08896848559379578
-0.08892177045345306
-0.08887723833322525
-0.08883479237556458
-0.08879432082176208
-0.08875568211078644
-0.0887187272310257
-0.08868331462144852
-0.08864929527044296
-0.0886165052652359
-0.08858479559421539
-0.08855399489402771
-0.08852396905422211
-0.08849457651376724
-0.08846566826105118
-0.08843711763620377
-0.08840879797935486
-0.0883806049823761
-0.08835244178771973
-0.08832422643899918
-0.08829587697982788
-0.08826734870672226
-0.08823857456445694
-0.08820952475070953
-0.08818016201257706
-0.08815046399831772
-0.08812039345502853
-0.08808994293212891
-0.08805906027555466
-0.08802773058414459
-0.08799591660499573
-0.08796359598636627
-0.08793072402477264
-0.08789727836847305
-0.08786318451166153
-0.08782840520143509
-0.08779286593198776
-0.08775649964809418
-0.08771922439336777
-0.08768095821142197
-0.08764162659645081
-0.08760115504264832
-0.08755946159362793
-0.08751647919416428
-0.08747214823961258
-0.08742644637823105
-0.08737932145595551
-0.08733077347278595
-0.08728080987930298
-0.08722947537899017
-0.08717682957649231
-0.08712297677993774
-0.08706801384687424
-0.08701205998659134
-0.08695526421070099
-0.08689779788255692
-0.08683985471725464
-0.08678162097930908
-0.08672332018613815
-0.08666515350341797
-0.08660732954740524
-0.0865500345826149
-0.08649347722530365
-0.08643780648708344
-0.08638317137956619
-0.08632969111204147
-0.08627744764089584
-0.08622647821903229
-0.0861767902970314
-0.0861283466219902
-0.08608106523752213
-0.08603485673666
-0.08598954975605011
-0.08594497293233871
-0.0859009325504303
-0.08585721999406815
-0.08581358939409256
-0.08576980233192444
-0.08572565019130707
-0.08568091690540314
-0.08563538640737534
-0.08558890223503113
-0.08554136008024216
-0.08549265563488007
-0.08544275909662247
-0.08539166301488876
-0.08533941209316254
-0.08528608083724976
-0.08523180335760117
-0.0851767435669899
-0.08512110263109207
-0.08506505936384201
-0.08500885218381882
-0.08495268970727921
-0.08489678800106049
-0.08484135568141937
-0.0847865492105484
-0.08473251760005951
-0.08467933535575867
-0.08462706953287125
-0.08457571268081665
-0.0845252051949501
-0.08447546511888504
-0.08442635834217072
-0.08437769114971161
-0.08432928472757339
-0.08428088575601578
-0.08423228561878204
-0.0841832309961319
-0.08413350582122803
-0.08408291637897491
-0.08403127640485764
-0.08397845923900604
-0.08392436802387238
-0.08386894315481186
-0.0838121697306633
-0.08375408500432968
-0.08369476348161697
-0.08363430202007294
-0.08357283473014832
-0.08351050317287445
-0.08344745635986328
-0.08338381350040436
-0.08331974595785141
-0.0832553431391716
-0.0831906870007515
-0.08312582224607468
-0.08306075632572174
-0.0829954519867897
-0.08292986452579498
-0.08286389708518982
-0.08279742300510406
-0.08273030072450638
-0.08266239613294601
-0.08259354531764984
-0.08252362161874771
-0.08245250582695007
-0.08238012343645096
-0.08230640739202499
-0.08223135769367218
-0.08215499669313431
-0.08207739889621735
-0.08199869841337204
-0.08191903680562973
-0.08183862268924713
-0.08175767958164215
-0.08167643845081329
-0.08159516751766205
-0.08151411265134811
-0.08143350481987
-0.0813535675406456
-0.08127450942993164
-0.08119649440050125
-0.08111964911222458
-0.08104410022497177
-0.0809699147939682
-0.08089714497327805
-0.0808257982134819
-0.08075585961341858
-0.08068732172250748
-0.08062013983726501
-0.08055426925420761
-0.08048968017101288
-0.08042633533477783
-0.08036420494318008
-0.08030325919389725
-0.08024347573518753
-0.08018482476472855
-0.0801272913813591
-0.08007084578275681
-0.08001545816659927
-0.07996107637882233
-0.07990764081478119
-0.0798550620675087
-0.07980320602655411
-0.07975195348262787
-0.07970113307237625
-0.07965058088302612
-0.07960008829832077
-0.07954943925142288
-0.07949839532375336
-0.07944675534963608
-0.07939429581165314
-0.07934082299470901
-0.07928614318370819
-0.07923012226819992
-0.07917263358831406
-0.07911361753940582
-0.07905302941799164
-0.0789908766746521
-0.07892721146345139
-0.07886210829019547
-0.07879567891359329
-0.0787280797958374
-0.07865946739912033
-0.07859001308679581
-0.07851988077163696
-0.07844926416873932
-0.07837831228971481
-0.07830718904733658
-0.07823605090379715
-0.07816503196954727
-0.0780942440032959
-0.078023761510849
-0.07795365154743195
-0.07788396626710892
-0.0778147354722023
-0.07774596661329269
-0.0776776596903801
-0.07760977745056152
-0.07754228264093399
-0.07747511565685272
-0.07740821689367294
-0.07734153419733047
-0.07727496325969696
-0.07720842957496643
-0.07714183628559113
-0.07707511633634567
-0.07700817286968231
-0.07694092392921448
-0.07687330991029739
-0.07680527120828629
-0.07673677057027817
-0.07666777074337006
-0.07659828662872314
-0.07652832567691803
-0.07645794749259949
-0.07638721913099289
-0.0763162299990654
-0.07624509930610657
-0.07617396116256714
-0.07610297203063965
-0.07603231817483902
-0.07596217095851898
-0.07589270174503326
-0.0758240669965744
-0.07575645297765732
-0.07569000124931335
-0.07562482357025146
-0.07556102424860001
-0.07549867779016495
-0.07543781399726868
-0.07537845522165298
-0.07532057911157608
-0.07526411861181259
-0.07520899176597595
-0.07515509426593781
-0.07510229200124741
-0.07505042850971222
-0.07499933987855911
-0.07494886219501495
-0.07489881664514542
-0.07484903931617737
-0.07479937374591827
-0.074749656021595
-0.0746997594833374
-0.07464957237243652
-0.07459897547960281
-0.0745479017496109
-0.07449628412723541
-0.07444410026073456
-0.07439132034778595
-0.07433794438838959
-0.07428398728370667
-0.07422948628664017
-0.07417450100183487
-0.07411906123161316
-0.07406324148178101
-0.07400710135698318
-0.07395070046186447
-0.07389409840106964
-0.07383734732866287
-0.07378052175045013
-0.07372365891933441
-0.07366679608821869
-0.07360997796058655
-0.07355319708585739
-0.0734965056180954
-0.07343991100788116
-0.0733833983540535
-0.07332701236009598
-0.0732707604765892
-0.07321465015411377
-0.07315871864557266
-0.07310297340154648
-0.0730474665760994
-0.07299221307039261
-0.0729372575879097
-0.07288262248039246
-0.07282836735248566
-0.07277451455593109
-0.07272111624479294
-0.07266817986965179
-0.07261573523283005
-0.07256380468606949
-0.07251238077878952
-0.07246144860982895
-0.07241097837686539
-0.07236094027757645
-0.07231128215789795
-0.07226192951202393
-0.07221280783414841
-0.07216384261846542
-0.07211495935916901
-0.0720660462975502
-0.07201702147722244
-0.07196780294179916
-0.0719183012843132
-0.07186844944953918
-0.07181818783283234
-0.07176746428012848
-0.07171624898910522
-0.07166451960802078
-0.07161228358745575
-0.07155954837799072
-0.07150634378194809
-0.07145270705223083
-0.07139869779348373
-0.07134436070919037
-0.07128976285457611
-0.07123496383428574
-0.07118003070354462
-0.07112500816583633
-0.07106994092464447
-0.07101486623287201
-0.07095978409051895
-0.07090471684932709
-0.07084964960813522
-0.07079456746578217
-0.07073943316936493
-0.07068419456481934
-0.07062878459692001
-0.07057314366102219
-0.07051718980073929
-0.07046084105968475
-0.07040402293205261
-0.0703466460108757
-0.07028865069150925
-0.07022996246814728
-0.07017050683498383
-0.0701102539896965
-0.07004915177822113
-0.06998718529939651
-0.06992432475090027
-0.06986060738563538
-0.06979604065418243
-0.06973066926002502
-0.06966455280780792
-0.0695977583527565
-0.06953039020299911
-0.06946253776550293
-0.06939432770013809
-0.06932588666677475
-0.06925735622644424
-0.06918887794017792
-0.0691206157207489
-0.06905271857976913
-0.06898535788059235
-0.06891869753599167
-0.06885292381048203
-0.06878819316625595
-0.06872466951608658
-0.06866251677274704
-0.06860186159610748
-0.06854285299777985
-0.06848561763763428
-0.06843025982379913
-0.06837687641382217
-0.06832553446292877
-0.06827627867460251
-0.06822913140058517
-0.06818408519029617
-0.06814111769199371
-0.06810015439987183
-0.06806112825870514
-0.06802389770746231
-0.06798833608627319
-0.06795427203178406
-0.06792151182889938
-0.06788984686136246
-0.06785903871059418
-0.06782884150743484
-0.06779900193214417
-0.06776924431324005
-0.06773928552865982
-0.06770884990692139
-0.06767766177654266
-0.06764547526836395
-0.06761200726032257
-0.0675770565867424
-0.06754040718078613
-0.06750188022851944
-0.06746131926774979
-0.06741860508918762
-0.06737366318702698
-0.06732646375894547
-0.06727700680494308
-0.06722535938024521
-0.06717162579298019
-0.06711595505475998
-0.06705853343009949
-0.06699959188699722
-0.06693937629461288
-0.06687819212675095
-0.06681633740663528
-0.06675414741039276
-0.06669197231531143
-0.06663016229867935
-0.06656903028488159
-0.06650889664888382
-0.06645006686449051
-0.06639280170202255
-0.06633733212947845
-0.06628382951021194
-0.06623242050409317
-0.06618319451808929
-0.06613618135452271
-0.06609134376049042
-0.06604856997728348
-0.06600774079561234
-0.06596864014863968
-0.0659310594201088
-0.0658947080373764
-0.06585928797721863
-0.0658244788646698
-0.06578994542360306
-0.06575537472963333
-0.06572043895721436
-0.06568483263254166
-0.06564829498529434
-0.0656106024980545
-0.06557156890630722
-0.06553104519844055
-0.06548895686864853
-0.06544528156518936
-0.06540004909038544
-0.06535334140062332
-0.06530527770519257
-0.0652560219168663
-0.06520579010248184
-0.0651547983288765
-0.06510329991579056
-0.06505153328180313
-0.0649997740983963
-0.06494826078414917
-0.06489723175764084
-0.06484688073396683
-0.06479737162590027
-0.06474883854389191
-0.06470136344432831
-0.06465499848127365
-0.06460973620414734
-0.06456554681062698
-0.06452235579490662
-0.06448006629943848
-0.06443854421377182
-0.06439764052629471
-0.06435719132423401
-0.06431703269481659
-0.06427700817584991
-0.06423696875572205
-0.06419675797224045
-0.06415627151727676
-0.06411540508270264
-0.06407409161329269
-0.06403230130672455
-0.06399001181125641
-0.06394724547863007
-0.06390403211116791
-0.0638604462146759
-0.06381653994321823
-0.06377240270376205
-0.06372810900211334
-0.06368375569581985
-0.06363941729068756
-0.06359516084194183
-0.06355106085538864
-0.06350713968276978
-0.06346344947814941
-0.06341999769210815
-0.0633767768740654
-0.06333378702402115
-0.06329101324081421
-0.0632484182715416
-0.06320595741271973
-0.06316360831260681
-0.06312134116888046
-0.0630791187286377
-0.06303693354129791
-0.06299474835395813
-0.06295256316661835
-0.06291037797927856
-0.06286822259426117
-0.06282611191272736
-0.06278406828641891
-0.06274212151765823
-0.06270028650760651
-0.06265859305858612
-0.06261707097291946
-0.06257572025060654
-0.06253454834222794
-0.06249355524778366
-0.06245272234082222
-0.06241201236844063
-0.06237140670418739
-0.06233086436986923
-0.06229033693671227
-0.06224978342652321
-0.06220915913581848
-0.0621684268116951
-0.06212756037712097
-0.06208653748035431
-0.06204535067081451
-0.06200399622321129
-0.06196249276399612
-0.06192087382078171
-0.06187916547060013
-0.06183741986751556
-0.06179568916559219
-0.0617540255188942
-0.06171248108148575
-0.06167109683156013
-0.06162991747260094
-0.06158897653222084
-0.06154829636216164
-0.06150789558887482
-0.06146775931119919
-0.06142788007855415
-0.06138822063803673
-0.06134875118732452
-0.06130940839648247
-0.06127015128731728
-0.06123091652989388
-0.06119165569543839
-0.06115232780575752
-0.06111288815736771
-0.06107329577207565
-0.06103353947401047
-0.06099360808730125
-0.06095350161194801
-0.06091323494911194
-0.06087282672524452
-0.06083231419324875
-0.0607917346060276
-0.06075112894177437
-0.06071053445339203
-0.06066999584436417
-0.06062954291701317
-0.06058919802308083
-0.06054897978901863
-0.06050890311598778
-0.06046895682811737
-0.06042912974953651
-0.06038939580321312
-0.0603497289121151
-0.06031008809804916
-0.06027042493224144
-0.06023070216178894
-0.06019087508320808
-0.06015090644359589
-0.06011075899004936
-0.06007040292024612
-0.06002981588244438
-0.05998899042606354
-0.0599479079246521
-0.05990657210350037
-0.05986499413847923
-0.059823177754879
-0.05978114157915115
-0.0597388930618763
-0.05969645082950592
-0.05965382233262062
-0.0596110112965107
-0.05956802889704704
-0.05952487885951996
-0.05948155000805855
-0.05943804234266281
-0.05939434468746185
-0.05935043841600418
-0.0593063086271286
-0.05926194414496422
-0.05921732261776924
-0.05917242914438248
-0.05912724509835243
-0.05908176675438881
-0.05903598666191101
-0.05898990482091904
-0.05894351378083229
-0.05889682844281197
-0.05884986370801926
-0.05880262702703476
-0.05875514820218086
-0.05870744585990906
-0.05865954607725143
-0.05861147120594978
-0.05856325477361679
-0.05851491540670395
-0.05846648290753365
-0.05841798335313797
-0.05836943164467812
-0.05832085758447647
-0.05827227979898453
-0.05822372063994408
-0.05817518755793571
-0.05812671035528183
-0.05807830393314362
-0.05802998691797256
-0.05798178166151047
-0.05793369933962822
-0.05788576230406761
-0.05783798545598984
-0.05779038742184639
-0.05774299427866936
-0.05769582465291023
-0.05764890089631081
-0.05760224536061287
-0.05755587294697762
-0.05750980600714684
-0.05746407061815262
-0.05741869285702705
-0.05737370252609253
-0.05732911825180054
-0.05728497728705406
-0.05724130198359489
-0.05719811096787453
-0.05715543031692505
-0.05711327120661736
-0.05707166343927383
-0.05703061819076538
-0.05699015036225319
-0.05695027112960815
-0.05691097676753998
-0.05687227100133896
-0.0568341538310051
-0.0567966140806675
-0.05675963312387466
-0.05672319233417511
-0.05668725818395615
-0.05665179342031479
-0.05661674216389656
-0.05658206716179848
-0.05654770880937576
-0.05651360750198364
-0.05647969990968704
-0.05644591152667999
-0.05641217529773712
-0.05637842044234276
-0.05634457245469093
-0.05631056800484657
-0.0562763437628746
-0.05624183267354965
-0.05620697885751724
-0.05617173761129379
-0.05613606050610542
-0.05609991401433945
-0.05606327950954437
-0.0560261495411396
-0.05598850920796394
-0.05595036968588829
-0.05591175332665443
-0.05587267875671387
-0.05583319440484047
-0.05579334497451782
-0.055753193795681
-0.05571280047297478
-0.05567225068807602
-0.0556316114962101
-0.05559096485376358
-0.05555039644241333
-0.05550997704267502
-0.05546978861093521
-0.05542989447712898
-0.05539035797119141
-0.05535123869776726
-0.05531257390975952
-0.05527439340949059
-0.05523671582341194
-0.05519956350326538
-0.0551629364490509
-0.05512681975960732
-0.05509120225906372
-0.05505607649683952
-0.05502140149474144
-0.05498715490102768
-0.05495329573750496
-0.05491978302598
-0.05488657206296921
-0.05485361814498901
-0.05482087284326553
-0.05478829517960548
-0.05475583299994469
-0.05472346395254135
-0.05469114705920219
-0.05465885251760483
-0.05462655797600746
-0.05459422990679741
-0.05456186085939407
-0.05452943965792656
-0.05449697375297546
-0.05446446314454079
-0.05443193018436432
-0.05439939722418785
-0.05436688661575317
-0.05433443561196327
-0.05430208146572113
-0.05426986515522003
-0.05423782393336296
-0.05420602485537529
-0.0541745200753212
-0.05414336174726486
-0.05411260575056076
-0.05408231541514397
-0.05405254662036896
-0.05402334779500961
-0.05399477481842041
-0.05396688356995583
-0.05393970757722855
-0.05391329526901245
-0.05388767644762993
-0.05386287719011307
-0.05383890867233276
-0.05381578579545021
-0.05379350855946541
-0.05377207323908806
-0.05375146120786667
-0.05373165383934975
-0.0537126250565052
-0.05369433388113976
-0.05367673560976982
-0.05365978181362152
-0.05364342778921127
-0.0536276139318943
-0.05361228808760643
-0.05359738320112228
-0.05358284711837769
-0.05356862023472786
-0.05355465039610863
-0.05354088172316551
-0.05352726951241493
-0.05351376160979271
-0.05350031331181526
-0.05348687991499901
-0.05347342044115067
-0.05345990136265755
-0.05344627797603607
-0.05343251302838326
-0.05341857299208641
-0.05340442061424255
-0.0533900074660778
-0.05337530374526978
-0.05336026102304459
-0.05334483832120895
-0.0533289946615696
-0.05331268534064293
-0.05329586192965508
-0.05327847972512245
-0.05326049774885178
-0.05324186384677887
-0.05322254449129105
-0.05320250615477562
-0.0531817190349102
-0.05316014960408211
-0.05313777923583984
-0.05311458557844162
-0.05309056863188744
-0.05306573212146759
-0.05304007232189178
-0.05301361531019211
-0.05298638716340065
-0.05295843631029129
-0.05292980372905731
-0.05290056392550468
-0.05287078395485878
-0.05284054577350616
-0.05280992761254311
-0.05277903005480766
-0.05274795368313789
-0.05271679908037186
-0.05268567055463791
-0.05265466868877411
-0.05262389034032822
-0.05259343236684799
-0.0525633879005909
-0.0525338388979435
-0.05250485986471176
-0.05247650295495987
-0.052448820322752
-0.05242184549570084
-0.05239560455083847
-0.0523701012134552
-0.05234532803297043
-0.05232126638293266
-0.05229787528514862
-0.05227510631084442
-0.05225289613008499
-0.05223118886351585
-0.05220989882946014
-0.052188940346241
-0.05216822773218155
-0.05214767158031464
-0.0521271787583828
-0.05210665240883827
-0.05208601057529449
-0.0520651675760746
-0.05204403400421143
-0.0520225465297699
-0.05200063437223434
-0.05197824910283089
-0.05195534974336624
-0.05193191021680832
-0.05190790817141533
-0.05188334360718727
-0.05185823142528534
-0.05183258652687073
-0.05180644616484642
-0.0517798513174057
-0.05175284668803215
-0.05172549560666084
-0.05169785767793655
-0.05167000368237495
-0.05164200812578201
-0.0516139455139637
-0.05158589035272598
-0.05155790969729424
-0.05153007432818413
-0.05150244012475014
-0.05147507041692734
-0.05144800618290901
-0.05142129212617874
-0.05139495804905891
-0.05136903375387192
-0.05134353041648865
-0.0513184554874897
-0.05129379779100418
-0.0512695424258709
-0.05124567449092865
-0.05122214928269386
-0.05119892954826355
-0.05117597430944443
-0.05115322396159172
-0.05113063007593155
-0.05110813304781914
-0.05108567699790001
-0.05106320604681969
-0.05104066431522369
-0.05101799964904785
-0.05099517107009888
-0.05097214505076408
-0.05094888433814049
-0.0509253703057766
-0.05090159177780151
-0.05087754502892494
-0.05085323378443718
-0.05082867667078972
-0.05080389603972435
-0.05077891796827316
-0.05075378343462944
-0.05072853714227676
-0.05070322006940842
-0.05067788437008858
-0.05065257847309113
-0.05062735453248024
-0.05060224980115891
-0.0505773089826107
-0.05055257305502892
-0.05052807554602623
-0.05050382763147354
-0.05047985166311264
-0.05045614764094353
-0.0504327192902565
-0.05040955916047096
-0.05038664117455482
-0.05036394670605659
-0.05034142732620239
-0.05031905323266983
-0.05029677599668503
-0.050274558365345
-0.05025234818458557
-0.05023010075092316
-0.05020776763558388
-0.05018532276153564
-0.05016271770000458
-0.05013993382453918
-0.05011695250868797
-0.05009376257658005
-0.05007036030292511
-0.05004674196243286
-0.05002293735742569
-0.04999895766377449
-0.04997482895851135
-0.04995059221982956
-0.0499262847006321
-0.04990195482969284
-0.04987764731049538
-0.04985341057181358
-0.04982929304242134
-0.04980533570051193
-0.04978157952427864
-0.04975806549191475
-0.04973481595516205
-0.04971186816692352
-0.04968922585248947
-0.04966691508889198
-0.04964492097496986
-0.04962323606014252
-0.04960184544324875
-0.04958073422312737
-0.04955986887216568
-0.04953921586275101
-0.04951873794198036
-0.04949839413166046
-0.04947815462946892
-0.04945796728134155
-0.04943779483437538
-0.04941760003566742
-0.04939735308289528
-0.04937702044844627
-0.04935657232999802
-0.04933599382638931
-0.04931526258587837
-0.049294363707304
-0.0492732897400856
-0.04925204068422318
-0.04923061653971672
-0.04920901730656624
-0.04918724671006203
-0.04916530847549438
-0.04914320260286331
-0.0491209365427494
-0.04909850284457207
-0.04907591640949249
-0.04905316978693008
-0.04903026670217514
-0.04900720715522766
-0.04898398369550705
-0.04896059259772301
-0.04893702641129494
-0.04891328513622284
-0.04888935014605522
-0.04886521399021149
-0.04884087294340134
-0.04881631582975388
-0.04879152774810791
-0.04876650497317314
-0.04874125495553017
-0.04871576651930809
-0.04869003593921661
-0.04866407439112663
-0.04863788560032845
-0.04861148446798325
-0.04858487099409103
-0.048558060079813
-0.04853106290102005
-0.04850389808416367
-0.04847656935453415
-0.0484490804374218
-0.04842144623398781
-0.04839367792010307
-0.04836577177047729
-0.04833773151040077
-0.0483095645904541
-0.04828125610947609
-0.04825280979275703
-0.04822421818971634
-0.04819546267390251
-0.04816653952002525
-0.04813743382692337
-0.04810812696814537
-0.04807859659194946
-0.04804883152246475
-0.04801880568265915
-0.04798851162195206
-0.04795793071389198
-0.04792705178260803
-0.04789586737751961
-0.04786437004804611
-0.04783255606889725
-0.04780043661594391
-0.0477680042386055
-0.04773527383804321
-0.04770225286483765
-0.0476689524948597
-0.04763538017868996
-0.04760155826807022
-0.04756749793887138
-0.04753321409225464
-0.04749872162938118
-0.0474640429019928
-0.04742918536067009
-0.04739416018128395
-0.04735898971557617
-0.04732367768883705
-0.04728824645280838
-0.04725271090865135
-0.04721708223223686
-0.0471813827753067
-0.04714562743902206
-0.04710984230041504
-0.04707404971122742
-0.04703827947378159
-0.04700256511569023
-0.04696692898869514
-0.04693141579627991
-0.0468960665166378
-0.04686091840267181
-0.04682602360844612
-0.04679141566157341
-0.04675715416669846
-0.04672328010201454
-0.04668984562158585
-0.04665688425302505
-0.04662443697452545
-0.04659254103899002
-0.04656122624874115
-0.04653052240610123
-0.04650044068694115
-0.04647098481655121
-0.04644216597080231
-0.04641397669911385
-0.04638640210032463
-0.04635941609740257
-0.04633300006389618
-0.04630710929632187
-0.04628171026706696
-0.04625675454735756
-0.0462321974337101
-0.04620799049735069
-0.04618407785892487
-0.04616040736436844
-0.04613692685961723
-0.04611358419060707
-0.04609032347798347
-0.04606709629297256
-0.04604386538267136
-0.04602058231830597
-0.04599720984697342
-0.04597372189164162
-0.04595007747411728
-0.04592624679207802
-0.04590221494436264
-0.04587796330451965
-0.04585346579551697
-0.04582870751619339
-0.04580367729067802
-0.04577836766839027
-0.04575277119874954
-0.04572688788175583
-0.04570070281624794
-0.04567422717809677
-0.04564747214317322
-0.04562044888734818
-0.04559317603707314
-0.04556567221879959
-0.04553797096014023
-0.04551009461283684
-0.0454820916056633
-0.0454539991915226
-0.04542585462331772
-0.04539771005511284
-0.04536961019039154
-0.0453416034579277
-0.04531373828649521
-0.04528605937957764
-0.04525861144065857
-0.04523144289851189
-0.04520459845662117
-0.0451781190931797
-0.04515203833580017
-0.04512639343738556
-0.04510121047496796
-0.04507650807499886
-0.04505229741334915
-0.04502860084176064
-0.04500541463494301
-0.04498274251818657
-0.04496057331562042
-0.04493889585137367
-0.04491769894957542
-0.04489696025848389
-0.04487666115164757
-0.04485677182674408
-0.04483726248145103
-0.04481809958815575
-0.04479926079511642
-0.04478071630001068
-0.04476244002580643
-0.04474441334605217
-0.04472662135958672
-0.04470903798937798
-0.04469165205955505
-0.04467444866895676
-0.04465743154287338
-0.04464059695601463
-0.0446239560842514
-0.04460751637816429
-0.04459129273891449
-0.04457531124353409
-0.04455959424376488
-0.04454417154192924
-0.04452906921505928
-0.04451432451605797
-0.04449997097253799
-0.04448604583740234
-0.0444725789129734
-0.04445961117744446
-0.0444471500813961
-0.04443522915244102
-0.04442386329174042
-0.04441306367516518
-0.0444028377532959
-0.04439318180084229
-0.04438408464193344
-0.04437553137540817
-0.04436750337481499
-0.0443599596619606
-0.04435287415981293
-0.04434617981314659
-0.04433984309434891
-0.04433379322290421
-0.04432796686887741
-0.04432229325175285
-0.04431669041514397
-0.04431108385324478
-0.04430539533495903
-0.04429953917860985
-0.04429344832897186
-0.04428703710436821
-0.04428022727370262
-0.04427295550704002
-0.04426515847444534
-0.04425676912069321
-0.04424774274230003
-0.04423802718520164
-0.04422759264707565
-0.04421640560030937
-0.04420444369316101
-0.04419169574975967
-0.04417816177010536
-0.04416383802890778
-0.04414873570203781
-0.04413286596536636
-0.04411626607179642
-0.04409895837306976
-0.04408098757266998
-0.04406239837408066
-0.04404324293136597
-0.04402357339859009
-0.0440034382045269
-0.04398290440440178
-0.0439620278775692
-0.04394086450338364
-0.04391947388648987
-0.04389790445566177
-0.04387622326612473
-0.0438544750213623
-0.04383270442485809
-0.04381095990538597
-0.04378927871584892
-0.04376770555973053
-0.04374627768993378
-0.04372502118349075
-0.04370396584272385
-0.04368314146995544
-0.04366257041692734
-0.04364226758480072
-0.04362224414944649
-0.04360250756144524
-0.04358306899666786
-0.04356392845511436
-0.04354508966207504
-0.043526541441679
-0.04350827261805534
-0.04349026456475258
-0.04347250983119011
-0.04345498234033585
-0.0434376560151577
-0.04342050850391388
-0.0434035062789917
-0.04338662326335907
-0.04336982220411301
-0.04335306584835052
-0.04333631321787834
-0.04331952333450317
-0.04330266639590263
-0.04328569024801254
-0.04326857253909111
-0.04325127229094505
-0.04323376342654228
-0.04321601241827011
-0.04319800063967705
-0.0431797057390213
-0.04316111654043198
-0.04314221814274788
-0.04312301427125931
-0.04310350120067596
-0.04308368638157845
-0.04306358844041824
-0.04304322972893715
-0.04302262887358665
-0.04300182312726974
-0.04298084229230881
-0.04295972734689713
-0.04293850436806679
-0.04291722923517227
-0.04289594292640686
-0.04287469014525414
-0.04285351186990738
-0.04283244535326958
-0.04281153529882431
-0.04279080778360367
-0.04277029260993004
-0.04275000840425491
-0.04272997751832008
-0.04271019995212555
-0.04269068688154221
-0.04267142713069916
-0.04265242069959641
-0.04263364523649216
-0.04261508211493492
-0.04259670898318291
-0.04257849231362343
-0.0425604060292244
-0.04254241660237312
-0.04252448678016663
-0.04250657930970192
-0.04248865693807602
-0.04247068986296654
-0.04245264083147049
-0.04243448376655579
-0.04241619259119034
-0.04239774495363235
-0.04237912967801094
-0.0423603318631649
-0.04234134033322334
-0.04232216253876686
-0.04230280593037605
-0.04228329285979271
-0.04226363822817802
-0.04224386438727379
-0.04222400486469269
-0.04220409318804741
-0.04218416661024094
-0.04216426238417625
-0.04214441403746605
-0.0421246699988842
-0.04210507124662399
-0.04208564385771751
-0.04206643626093864
-0.04204746708273888
-0.04202875867486
-0.0420103445649147
-0.04199222847819328
-0.04197442159056664
-0.04195692762732506
-0.04193975403904915
-0.04192288592457771
-0.04190630838274956
-0.04188999906182289
-0.04187392815947533
-0.04185808077454567
-0.04184240847826004
-0.04182687401771545
-0.04181145131587982
-0.04179610684514046
-0.04178079590201378
-0.041765496134758
-0.04175017401576042
-0.04173480346798897
-0.04171936213970184
-0.04170383885502815
-0.0416882149875164
-0.04167249426245689
-0.04165667295455933
-0.041640754789114
-0.04162475094199181
-0.04160868003964424
-0.0415925532579422
-0.04157638177275658
-0.04156019538640976
-0.04154401272535324
-0.04152785241603851
-0.04151173308491707
-0.0414956770837307
-0.04147969931364059
-0.04146381840109825
-0.04144803062081337
-0.04143233969807625
-0.04141673818230629
-0.04140122979879379
-0.04138579219579697
-0.04137041419744492
-0.04135507345199585
-0.04133975133299828
-0.04132441431283951
-0.04130903631448746
-0.04129359126091003
-0.04127806052565575
-0.04126241430640221
-0.04124663770198822
-0.04123071953654289
-0.04121464118361473
-0.04119841754436493
-0.04118203744292259
-0.04116551205515862
-0.04114885628223419
-0.04113208502531052
-0.04111521691083908
-0.04109826683998108
-0.0410812646150589
-0.04106424003839493
-0.04104721546173096
-0.04103021696209908
-0.04101326689124107
-0.04099638760089874
-0.04097960144281387
-0.04096291959285736
-0.0409463532269001
-0.04092989861965179
-0.04091356694698334
-0.04089734330773354
-0.04088122770190239
-0.0408652052283287
-0.04084926471114159
-0.04083337634801865
-0.04081752523779869
-0.04080168157815933
-0.04078582674264908
-0.04076993465423584
-0.04075398296117783
-0.04073794931173325
-0.04072181135416031
-0.04070555046200752
-0.04068915173411369
-0.04067260399460793
-0.04065589234232903
-0.04063901677727699
-0.04062197357416153
-0.04060476645827293
-0.04058738797903061
-0.04056983813643456
-0.04055213183164597
-0.04053427651524544
-0.04051627218723297
-0.04049813002347946
-0.04047985747456551
-0.04046143963932991
-0.04044289514422417
-0.04042422398924828
-0.04040542989969254
-0.04038650542497635
-0.04036745801568031
-0.04034827277064323
-0.04032894968986511
-0.04030947759747505
-0.04028984531760216
-0.04027004912495613
-0.04025007411837578
-0.04022990167140961
-0.04020952060818672
-0.04018890857696533
-0.04016805067658424
-0.04014693573117256
-0.04012554511427879
-0.04010386765003204
-0.04008188843727112
-0.04005960747599602
-0.04003701731562614
-0.0400141142308712
-0.03999090194702148
-0.0399673767387867
-0.03994355723261833
-0.03991944342851639
-0.03989504650235176
-0.03987038135528564
-0.03984546288847923
-0.03982030600309372
-0.0397949293255806
-0.03976935148239136
-0.0397435836493969
-0.03971763700246811
-0.03969154134392738
-0.03966530784964561
-0.03963896259665489
-0.03961252048611641
-0.03958601132035255
-0.03955944627523422
-0.0395328551530838
-0.03950626030564308
-0.03947967663407326
-0.03945313021540642
-0.03942664712667465
-0.03940025344491005
-0.0393739826977253
-0.03934784606099129
-0.03932188078761101
-0.03929610177874565
-0.0392705425620079
-0.03924523293972015
-0.03922019153833389
-0.03919544816017151
-0.0391710177063942
-0.03914692997932434
-0.03912320360541344
-0.03909985721111298
-0.03907692432403564
-0.03905440494418144
-0.03903232142329216
-0.0390106774866581
-0.03898948058485985
-0.03896874189376831
-0.03894844278693199
-0.03892858326435089
-0.03890915960073471
-0.03889015316963196
-0.03887155279517174
-0.03885334357619286
-0.03883550688624382
-0.03881801292300224
-0.03880082815885544
-0.03878393769264221
-0.03876730799674988
-0.03875090554356575
-0.03873470053076744
-0.03871865943074226
-0.03870273754000664
-0.03868690505623817
-0.03867112100124359
-0.0386553555727005
-0.03863957151770592
-0.03862373530864716
-0.03860781341791153
-0.03859176114201546
-0.03857555240392685
-0.03855916112661362
-0.03854256495833397
-0.03852574154734612
-0.03850867599248886
-0.03849135339260101
-0.03847377374768257
-0.03845592588186264
-0.03843780979514122
-0.03841943293809891
-0.03840081393718719
-0.03838196769356728
-0.03836290910840034
-0.03834366798400879
-0.0383242629468441
-0.03830473870038986
-0.03828512877225876
-0.03826546669006348
-0.038245789706707
-0.03822613507509232
-0.03820654004812241
-0.03818704560399055
-0.03816769272089005
-0.03814852237701416
-0.03812957555055618
-0.0381108857691288
-0.03809249401092529
-0.03807443752884865
-0.03805674239993095
-0.0380394347012043
-0.03802254796028137
-0.03800610825419426
-0.03799013048410416
-0.03797463327646255
-0.03795963153243065
-0.03794513642787933
-0.03793114423751831
-0.03791765496134758
-0.03790466487407684
-0.03789215907454491
-0.03788012266159058
-0.03786854073405266
-0.03785739466547966
-0.03784666582942009
-0.03783632814884186
-0.03782635927200317
-0.03781673684716225
-0.03780743479728699
-0.03779842332005501
-0.03778968378901482
-0.03778119012713432
-0.03777292370796204
-0.03776487335562706
-0.0377570204436779
-0.03774935007095337
-0.03774185106158257
-0.0377345122396946
-0.03772732987999916
-0.03772029653191566
-0.03771341219544411
-0.03770667314529419
-0.03770008310675621
-0.03769364580512047
-0.03768735378980637
-0.0376812070608139
-0.03767521306872368
-0.03766936063766479
-0.03766364976763725
-0.03765807300806046
-0.03765261173248291
-0.03764726221561432
-0.03764200210571289
-0.03763681277632713
-0.03763166815042496
-0.03762654215097427
-0.0376213937997818
-0.03761618584394455
-0.03761088475584984
-0.03760543838143349
-0.03759979829192162
-0.03759391978383064
-0.03758775815367699
-0.03758125379681587
-0.03757435828447342
-0.03756702318787575
-0.03755919635295868
-0.03755082935094833
-0.03754188492894173
-0.03753233328461647
-0.03752214089035988
-0.03751128539443016
-0.03749974817037582
-0.03748752549290657
-0.0374746136367321
-0.03746103122830391
-0.03744678944349289
-0.03743192180991173
-0.03741645812988281
-0.03740045055747032
-0.03738394007086754
-0.03736697509884834
-0.0373496301472187
-0.0373319648206234
-0.03731405362486839
-0.03729595988988876
-0.03727776184678078
-0.0372595302760601
-0.03724133223295212
-0.03722324222326279
-0.03720532730221748
-0.03718765079975128
-0.03717026859521866
-0.03715323656797409
-0.03713660314679146
-0.03712040185928345
-0.03710466623306274
-0.03708941861987114
-0.03707466647028923
-0.03706042096018791
-0.03704667836427689
-0.03703342378139496
-0.03702063485980034
-0.03700828552246094
-0.03699634596705437
-0.03698477149009705
-0.03697352483868599
-0.03696255758404732
-0.03695182129740715
-0.03694125264883041
-0.03693080693483353
-0.03692043572664261
-0.03691007941961288
-0.03689968585968018
-0.0368892028927803
-0.03687858209013939
-0.03686777874827385
-0.0368567556142807
-0.03684547543525696
-0.03683390468358994
-0.03682202100753784
-0.03680979833006859
-0.03679722920060158
-0.03678429871797562
-0.036771010607481
-0.03675736859440804
-0.03674338385462761
-0.03672906383872032
-0.03671443834900856
-0.03669952601194382
-0.03668435290455818
-0.03666894882917404
-0.03665335476398468
-0.03663761168718338
-0.03662176057696342
-0.0366058386862278
-0.03658989444375038
-0.03657396882772446
-0.03655809164047241
-0.03654231503605843
-0.03652667254209518
-0.03651119768619537
-0.03649592027068138
-0.0364808700978756
-0.03646606579422951
-0.03645152598619461
-0.0364372543990612
-0.03642325475811958
-0.03640953451395035
-0.0363960899412632
-0.03638290241360664
-0.03636996820569038
-0.03635726496577263
-0.03634475916624069
-0.03633243590593338
-0.03632025420665741
-0.03630818426609039
-0.03629619255661964
-0.03628425300121307
-0.0362723246216774
-0.03626037761569023
-0.03624837473034859
-0.03623629733920097
-0.036224115639925
-0.03621180355548859
-0.03619934618473053
-0.03618673235177994
-0.03617395460605621
-0.03616100922226906
-0.03614789620041847
-0.03613462671637535
-0.03612121194601059
-0.03610766306519508
-0.03609400987625122
-0.03608026728034019
-0.03606647253036499
-0.03605265915393829
-0.03603885322809219
-0.03602509200572968
-0.03601140901446342
-0.03599783778190613
-0.03598441183567047
-0.03597116470336914
-0.03595811501145363
-0.03594529256224632
-0.03593271598219872
-0.035920400172472
-0.03590835630893707
-0.03589658439159393
-0.03588509932160378
-0.0358738861978054
-0.03586294502019882
-0.03585225343704224
-0.03584178909659386
-0.03583153709769249
-0.03582146763801575
-0.03581155836582184
-0.03580177202820778
-0.03579208999872208
-0.03578247129917145
-0.03577288612723351
-0.03576330468058586
-0.03575369715690613
-0.03574404120445251
-0.03573430702090263
-0.03572447597980499
-0.0357145369052887
-0.03570448234677315
-0.03569430485367775
-0.0356840007007122
-0.03567357361316681
-0.03566302731633186
-0.03565236926078796
-0.0356416143476963
-0.03563077747821808
-0.03561988100409508
-0.0356089361011982
-0.03559796139597893
-0.03558697178959846
-0.0355759896337986
-0.03556501865386963
-0.03555407747626305
-0.03554316982626915
-0.03553230687975883
-0.0355214849114418
-0.03551070764660835
-0.03549996763467789
-0.03548925369977951
-0.03547856584191322
-0.03546788170933723
-0.03545719012618065
-0.03544647246599197
-0.03543571755290031
-0.03542490676045418
-0.03541402891278267
-0.0354030653834343
-0.03539201617240906
-0.03538087382912636
-0.0353696383535862
-0.03535830974578857
-0.03534689545631409
-0.03533540666103363
-0.0353238470852375
-0.0353122316300869
-0.03530057892203331
-0.03528890013694763
-0.03527722135186195
-0.03526554256677628
-0.03525389358401299
-0.03524228185415268
-0.03523072600364685
-0.03521923720836639
-0.03520782291889191
-0.03519649803638458
-0.03518526256084442
-0.03517411649227142
-0.03516305983066559
-0.03515208512544632
-0.03514118865132332
-0.03513035923242569
-0.03511957824230194
-0.03510883077979088
-0.03509809821844101
-0.03508736565709114
-0.03507660329341888
-0.03506579622626305
-0.03505491465330124
-0.03504394739866257
-0.03503287956118584
-0.03502169996500015
-0.03501038998365402
-0.03499894961714745
-0.03498736023902893
-0.03497562557458878
-0.03496374189853668
-0.03495170921087265
-0.03493953868746758
-0.03492723032832146
-0.03491479530930519
-0.03490224108099937
-0.03488957136869431
-0.03487680107355118
-0.03486394137144089
-0.03485098853707314
-0.03483796119689941
-0.03482485935091972
-0.03481169044971466
-0.03479844704270363
-0.03478513285517693
-0.03477175161242485
-0.03475829213857651
-0.034744743257761
-0.03473109751939774
-0.03471734002232552
-0.03470345959067345
-0.03468944504857063
-0.03467527776956558
-0.0346609354019165
-0.03464639931917191
-0.03463165834546089
-0.03461669757962227
-0.03460149839520454
-0.03458605706691742
-0.0345703661441803
-0.03455441445112228
-0.03453820198774338
-0.03452172875404358
-0.03450498729944229
-0.03448797762393951
-0.03447071090340614
-0.03445319458842278
-0.03443542867898941
-0.03441742062568665
-0.03439919278025627
-0.03438075259327888
-0.03436210379004478
-0.03434325382113457
-0.03432422131299973
-0.03430500999093056
-0.03428563103079796
-0.03426610305905342
-0.03424642980098724
-0.03422662988305092
-0.03420671820640564
-0.034186702221632
-0.0341665968298912
-0.03414641320705414
-0.0341261699795723
-0.03410587832331657
-0.03408555313944817
-0.03406520560383797
-0.03404485434293747
-0.03402450680732727
-0.03400418907403946
-0.03398390859365463
-0.03396368771791458
-0.0339435450732708
-0.03392349928617477
-0.0339035652577877
-0.03388375416398048
-0.0338640920817852
-0.03384459018707275
-0.03382527455687523
-0.03380615264177322
-0.03378725051879883
-0.03376857936382294
-0.03375014662742615
-0.03373196348547935
-0.03371404483914375
-0.03369639068841934
-0.03367901220917702
-0.03366190940141678
-0.03364509344100952
-0.03362854942679405
-0.03361228480935097
-0.03359628841280937
-0.03358056023716927
-0.03356508165597916
-0.03354984521865845
-0.03353483974933624
-0.03352005779743195
-0.03350548446178436
-0.0334910973906517
-0.03347688540816307
-0.03346282988786697
-0.03344890847802162
-0.03343510627746582
-0.03342140838503838
-0.0334077924489975
-0.03339423984289169
-0.03338073566555977
-0.03336726874113083
-0.03335382789373398
-0.03334038704633713
-0.03332693874835968
-0.03331346437335014
-0.03329995647072792
-0.03328640386462212
-0.03327279537916183
-0.03325913101434708
-0.03324540704488754
-0.03323161602020264
-0.03321776166558266
-0.03320383653044701
-0.03318985924124718
-0.03317582607269287
-0.03316175192594528
-0.03314764052629471
-0.03313350677490234
-0.03311937674880028
-0.03310525417327881
-0.03309116885066032
-0.03307714313268661
-0.03306320309638977
-0.03304936736822128
-0.03303566202521324
-0.03302211314439774
-0.03300875052809715
-0.03299560397863388
-0.0329827107489109
-0.03297009319067001
-0.0329577811062336
-0.03294580057263374
-0.03293418884277344
-0.03292296454310417
-0.03291216120123863
-0.03290179744362831
-0.0328918918967247
-0.032882459461689
-0.03287352621555328
-0.03286509588360786
-0.03285718709230423
-0.03284980729222298
-0.03284295648336411
-0.03283663839101791
-0.03283084183931351
-0.03282555565237999
-0.03282077237963676
-0.03281646966934204
-0.03281261771917343
-0.03280920535326004
-0.03280619531869888
-0.03280355036258698
-0.03280124440789223
-0.03279922902584076
-0.03279747068881989
-0.03279592841863632
-0.03279455751180649
-0.0327933132648468
-0.03279215842485428
-0.03279104083776474
-0.0327899232506752
-0.03278876096010208
-0.0327875129878521
-0.03278614208102226
-0.03278461843729019
-0.0327829048037529
-0.0327809751033783
-0.0327787958085537
-0.0327763520181179
-0.03277361765503883
-0.03277057409286499
-0.03276720643043518
-0.03276350721716881
-0.03275946900248528
-0.03275508061051369
-0.03275034204125404
-0.03274525329470634
-0.03273980692028999
-0.03273400664329529
-0.03272785991430283
-0.03272136673331261
-0.03271453082561493
-0.03270735591650009
-0.03269984573125839
-0.03269200399518013
-0.0326838307082653
-0.03267533332109451
-0.03266651928424835
-0.03265738487243652
-0.03264793753623962
-0.03263817727565765
-0.03262811154127121
-0.03261773288249969
-0.03260704502463341
-0.03259605914354324
-0.0325847864151001
-0.03257323801517487
-0.03256143257021904
-0.03254937380552292
-0.03253709524869919
-0.03252460807561874
-0.03251193463802338
-0.03249911591410637
-0.03248617053031921
-0.0324731357395649
-0.0324600487947464
-0.03244695439934731
-0.0324338898062706
-0.03242089226841927
-0.03240799903869629
-0.03239525854587555
-0.03238271176815033
-0.03237039223313332
-0.03235833719372749
-0.03234658762812614
-0.03233515843749046
-0.03232408687472343
-0.03231338784098625
-0.03230307996273041
-0.0322931669652462
-0.03228365257382393
-0.03227453306317329
-0.0322657972574234
-0.03225742280483246
-0.03224938735365868
-0.03224165737628937
-0.03223420307040215
-0.03222697973251343
-0.03221994638442993
-0.03221304342150688
-0.03220622986555099
-0.03219944983720779
-0.0321926511824131
-0.03218577429652214
-0.03217876702547073
-0.032171580940485
-0.03216416761279106
-0.03215648978948593
-0.03214851021766663
-0.03214019164443016
-0.03213151544332504
-0.03212247043848038
-0.03211303800344467
-0.03210321441292763
-0.03209300339221954
-0.03208241984248161
-0.03207148239016533
-0.03206022083759308
-0.03204865381121635
-0.03203681856393814
-0.03202475979924202
-0.03201252594590187
-0.03200015053153038
-0.03198768571019173
-0.03197518363595009
-0.03196269273757935
-0.03195025771856308
-0.03193792328238487
-0.03192573040723801
-0.03191372379660606
-0.03190193325281143
-0.0318903885781765
-0.03187911212444305
-0.03186811879277229
-0.03185742720961571
-0.0318470373749733
-0.03183694928884506
-0.03182715550065041
-0.03181764110922813
-0.03180839121341705
-0.03179937601089478
-0.03179057314991951
-0.03178194910287857
-0.03177347034215927
-0.03176510334014893
-0.03175680711865425
-0.03174854442477226
-0.03174028173089027
-0.0317319855093956
-0.03172361850738525
-0.03171514347195625
-0.0317065492272377
-0.03169781342148781
-0.03168891370296478
-0.03167983889579773
-0.03167058899998665
-0.03166116029024124
-0.03165155649185181
-0.03164179623126984
-0.03163188323378563
-0.03162184730172157
-0.03161170333623886
-0.03160147368907928
-0.03159119188785553
-0.03158088400959969
-0.03157059103250504
-0.03156033903360367
-0.03155015408992767
-0.03154007345438004
-0.03153012320399284
-0.03152032941579819
-0.03151071816682816
-0.03150130808353424
-0.03149211779236794
-0.03148315101861954
-0.03147441893815994
-0.03146592155098915
-0.03145766630768776
-0.03144964575767517
-0.03144185245037079
-0.03143426775932312
-0.03142688423395157
-0.03141967207193375
-0.03141261637210846
-0.03140569105744362
-0.03139886632561684
-0.03139211982488632
-0.03138542175292969
-0.03137874230742455
-0.0313720703125
-0.03136537969112396
-0.03135865181684494
-0.03135185688734055
-0.03134498745203018
-0.03133802115917206
-0.03133095055818558
-0.03132376447319984
-0.03131645545363426
-0.03130902349948883
-0.03130146488547325
-0.03129378333687782
-0.03128598257899284
-0.03127806633710861
-0.03127004951238632
-0.03126192837953568
-0.03125372529029846
-0.03124544955790043
-0.03123711235821247
-0.03122872114181519
-0.03122028522193432
-0.03121181949973106
-0.03120332583785057
-0.03119480982422829
-0.03118627704679966
-0.03117772936820984
-0.03116916678845882
-0.03116058930754662
-0.03115199320018291
-0.03114337846636772
-0.03113474324345589
-0.03112608194351196
-0.03111739084124565
-0.03110866621136665
-0.03109991177916527
-0.03109112195670605
-0.03108229488134384
-0.0310734361410141
-0.03106454759836197
-0.0310556348413229
-0.03104670532047749
-0.03103777207434177
-0.03102885000407696
-0.03101995587348938
-0.03101110458374023
-0.03100231848657131
-0.0309936162084341
-0.0309850238263607
-0.03097656741738319
-0.03096827492117882
-0.03096017055213451
-0.03095228224992752
-0.03094462677836418
-0.03093723021447659
-0.03093011491000652
-0.03092329017817974
-0.03091677464544773
-0.03091058321297169
-0.03090472146868706
-0.03089920058846474
-0.03089402429759502
-0.03088919073343277
-0.03088470175862312
-0.03088055737316608
-0.03087674826383591
-0.03087327070534229
-0.03087011352181435
-0.03086726740002632
-0.03086472302675247
-0.0308624692261219
-0.03086049295961857
-0.03085879050195217
-0.03085734322667122
-0.03085614927113056
-0.0308551974594593
-0.03085448406636715
-0.03085400350391865
-0.0308537557721138
-0.03085373714566231
-0.03085395321249962
-0.03085440769791603
-0.03085510432720184
-0.0308560486882925
-0.03085725195705891
-0.0308587234467268
-0.03086047433316708
-0.03086251579225063
-0.03086485899984837
-0.03086751699447632
-0.03087050281465054
-0.03087382949888706
-0.03087751194834709
-0.03088156878948212
-0.03088601306080818
-0.03089085966348648
-0.03089611977338791
-0.03090181201696396
-0.03090795315802097
-0.03091456741094589
-0.03092167153954506
-0.03092928789556026
-0.03093744069337845
-0.03094615414738655
-0.03095545433461666
-0.03096537478268147
-0.0309759434312582
-0.03098719567060471
-0.03099916316568851
-0.03101188130676746
-0.03102539107203484
-0.03103972785174847
-0.03105492889881134
-0.03107103519141674
-0.0310880821198225
-0.03110610507428646
-0.031125133857131
-0.03114520199596882
-0.03116633370518684
-0.03118854947388172
-0.03121186979115009
-0.0312363039702177
-0.03126185387372971
-0.0312885195016861
-0.03131628781557083
-0.03134514018893242
-0.03137504681944847
-0.0314059667289257
-0.03143784776329994
-0.03147063404321671
-0.03150426596403122
-0.03153866156935692
-0.03157373517751694
-0.03160937875509262
-0.03164550289511681
-0.03168199211359024
-0.03171873465180397
-0.03175560384988785
-0.03179247677326202
-0.03182922303676605
-0.03186570107936859
-0.03190178424119949
-0.03193734213709831
-0.03197222948074341
-0.03200631961226463
-0.03203947469592094
-0.03207157552242279
-0.03210249170660973
-0.03213211894035339
-0.03216034173965454
-0.03218706324696541
-0.03221219405531883
-0.03223565220832825
-0.03225736320018768
-0.03227727860212326
-0.0322953462600708
-0.03231151774525642
-0.03232578188180923
-0.03233813494443893
-0.03234856575727463
-0.03235709667205811
-0.03236376121640205
-0.03236860036849976
-0.03237165510654449
-0.03237299621105194
-0.03237269818782806
-0.03237083554267883
-0.03236750140786171
-0.03236278519034386
-0.03235679119825363
-0.03234963491559029
-0.03234144300222397
-0.03233232349157333
-0.03232240304350853
-0.03231178969144821
-0.03230061009526253
-0.03228898346424103
-0.03227703273296356
-0.03226486593484879
-0.03225259482860565
-0.03224030882120132
-0.03222811222076416
-0.03221609443426132
-0.03220433741807938
-0.0321929045021534
-0.03218186646699905
-0.03217127174139023
-0.0321611575782299
-0.03215155377984047
-0.03214247152209282
-0.03213392570614815
-0.03212589770555496
-0.03211836889386177
-0.03211131319403648
-0.03210468962788582
-0.0320984348654747
-0.03209248557686806
-0.03208675980567932
-0.03208116814494133
-0.03207561001181602
-0.03206996992230415
-0.03206412866711617
-0.03205795586109161
-0.03205130994319916
-0.03204404562711716
-0.03203601390123367
-0.03202705457806587
-0.03201700747013092
-0.03200571238994598
-0.03199300542473793
-0.03197872266173363
-0.03196270391345024
-0.03194479644298553
-0.03192484751343727
-0.03190271183848381
-0.0318782664835453
-0.0318513847887516
-0.03182195499539375
-0.03178988397121429
-0.03175510093569756
-0.03171754628419876
-0.03167717531323433
-0.03163396194577217
-0.03158790990710258
-0.03153905272483826
-0.03148742392659187
-0.03143309056758881
-0.03137614205479622
-0.03131669759750366
-0.03125488758087158
-0.03119087032973766
-0.03112481907010078
-0.03105692937970161
-0.03098741360008717
-0.03091651014983654
-0.03084445185959339
-0.03077149577438831
-0.03069790825247765
-0.03062395565211773
-0.03054991364479065
-0.03047605976462364
-0.03040266409516335
-0.03032999858260155
-0.03025832213461399
-0.03018789179623127
