0
0
0
0
0
0
0
0
0
0
0
0
0
0
0
0
0
0
0
0
0
0
0
0
0
0
0
0
0
0
0
0
0
0
0
0
0
0
0
0
0
0
0
0
0
0
0
0
0
0
0
0
0
0
0
0
0
0
0
0
0
0
0
0
0
0
0
0
0
0
0
0
0
0
0
0
0
0
0
0
0
0
0
0
0
0
0
0
0
0
0
0
0
0
0
0
0
0
0
0
0
0
0
0
0
0
0
0
0
0
0
0
0
0
0
0
0
0
0
0
0
0
0
0
0
0
0
0
0
0
0
0
0
0
0
0
0
0
0
0
0
0
0
0
0
0
0
0
0
0
0
0
0
0
0
0
0
0
0
0
0
0
0
0
0
0
0
0
0
0
0
0
0
0
0
0
0
0
0
0
0
0
0
0
0
0
0
0
0
0
0
0
0
0
0
0
0
0
0
0
0
0
0
0
0
0
0
0
0
0
0
0
0
0
0
0
0
0
0
0
0
0
0
0
0
0
0
0
0
0
0
0
0
0
0
0
0
0
0
0
0
0
0
0
0
0
0
0
0
0
0
0
0
0
0
0
0
0
0
0
0
0
0
0
0
0
0
0
0
0
0
0
0
0
0
0
0
0
0
0
0
0
0
0
0
0
0
0
0
0
0
0
0
0
0
0
0
0
0
0
0
0
0
0
0
0
0
0
0
0
0
0
0
0
0
0
0
0
0
0
0
0
0
0
0
0
0
0
0
0
0
0
0
0
0
0
0
0
0
0
0
0
0
0
0
0
0
0
0
0
0
0
0
0
0
0
0
0
0
0
0
0
0
0
0
0
0
0
0
0
0
0
0
0
0
0
0
0
0
0
0
0
0
0
0
0
0
0
0
0
0
0
0
0
0
0
0
0
0
0
0
0
0
0
0
0
0
0
0
0
0
0
0
0
0
0
0
0
0
0
0
0
0
0
0
0
0
0
0
0
0
0
0
0
0
0
0
0
0
0
0
0
0
0
0
0
0
0
0
0
0
0
0
0
0
0
0
0
0
0
0
0
0
0
0
0
0
0
0
0
0
0
0
0
0
0
0
0
0
0
0
0
0
0
0
0
0
0
0
0
0
0
0
0
0
0
0
0
0
0
0
0
0
0
0
0
0
0
0
0
0
0
0
0
0
0
0
0
0
0
0
0
0
0
0
0
0
0
0
0
0
0
0
0
0
0
0
0
0
0
0
0
0
0
0
0
0
0
0
0
0
0
0
0
0
0
0
0
0
0
0
0
0
0
0
0
0
0
0
0
0
0
0
0
0
0
0
0
0
0
0
0
0
0
0
0
0
0
0
0
0
0
0
0
0
0
0
0
0
0
0
0
0
0
0
0
0
0
0
0
0
0
0
0
0
0
0
0
0
0
0
0
0
0
0
0
0
0
0
0
0
0
0
0
0
0
0
0
0
0
0
0
0
0
0
0
0
0
0
0
0
0
0
0
0
0
0
0
0
0
0
0
0
0
0
0
0
0
0
0
0
0
0
0
0
0
0
0
0
0
0
0
0
0
0
0
0
0
0
0
0
0
0
0
0
0
0
0
0
0
0
0
0
0
0
0
0
0
0
0
0
0
0
0
0
0
0
0
0
0
0
0
0
0
0
0
0
0
0
0
0
0
0
0
0
0
0
0
0
0
0
0
0
0
0
0
0
0
0
0
0
0
0
0
0
0
0
0
0
0
0
0
0
0
0
0
0
0
0
0
0
0
0
0
0
0
0
0
0
0
0
0
0
0
0
0
0
0
0
0
0
0
0
0
0
0
0
0
0
0
0
0
0
0
0
0
0
0
0
0
0
0
0
0
0
0
0
0
0
0
0
0
0
0
0
0
0
0
0
0
0
0
0
0
0
0
0
0
0
0
0
0
0
0
0
0
0
0
0
0
0
0
0
0
0
0
0
0
0
0
0
0
0
0
0
0
0
0
0
0
0
0
0
0
0
0
0
0
0
0
0
0
0
0
0
0
0
0
0
0
0
0
0
0
0
0
0
0
0
0
0
0
0
0
0
0
0
0
0
0
0
0
0
0
0
0
0
0
0
0
0
0
0
0
0
0
0
0
0
0
0
0
0
0
0
0
0
0
0
0
0
0
0
0
0
0
0
0
0
0
0
0
0
0
0
0
0
0
0
0
0
0
0
0
0
0
0
0
0
0
0
0
0
0
0
0
0
0
0
0
0
0
0
0
0
0
0
0
0
0
0
0
0
0
0
0
0
0
0
0
0
0
0
0
0
0
0
0
0
0
0
0
0
0
0
0
0
0
0
0
0
0
0
0
0
0
0
0
0
0
0
0
0
0
0
0
0
0
0
0
0
0
0
0
0
0
0
0
0
0
0
0
0
0
0
0
0
0
0
0
0
0
0
0
0
0
0
0
0
0
0
0
0
0
0
0
0
0
0
0
0
0
0
0
0
0
0
0
0
0
0
0
0
0
0
0
0
0
0
0
0
0
0
0
0
0
0
0
0
0
0
0
0
0
0
0
0
0
0
0
0
0
0
0
0
0
0
0
0
0
0
0
0
0
0
0
0
0
0
0
0
0
0
0
0
0
0
0
0
0
0
0
0
0
0
0
0
0
0
0
0
0
0
0
0
0
0
0
0
0
0
0
0
0
0
0
0
0
0
0
0
0
0
0
0
0
0
0
0
0
0
0
0
0
0
0
0
0
0
0
0
0
0
0
0
0
0
0
0
0
0
0
0
0
0
0
0
0
0
0
0
0
0
0
0
0
0
0
0
0
0
0
0
0
0
0
0
0
0
0
0
0
0
0
0
0
0
0
0
0
0
0
0
0
0
0
0
0
0
0
0
0
0
0
0
0
0
0
0
0
0
0
0
0
0
0
0
0
0
0
0
0
0
0
0
0
0
0
0
0
0
0
0
0
0
0
0
0
0
0
0
0
0
0
0
0
0
0
0
0
0
0
0
0
0
0
0
0
0
0
0
0
0
0
0
0
0
0
0
0
0
0
0
0
0
0
0
0
0
0
0
0
0
0
0
0
0
0
0
0
0
0
0
0
0
0
0
0
0
0
0
0
0
0
0
0
0
0
0
0
0
0
0
0
0
0
0
0
0
0
0
0
0
0
0
0
0
0
0
0
0
0
0
0
0
0
0
0
0
0
0
0
0
0
0
0
0
0
0
0
0
0
0
0
0
0
0
0
0
0
0
0
0
0
0
0
0
0
0
0
0
0
0
0
0
0
0
0
0
0
0
0
0
0
0
0
0
0
0
0
0
0
0
0
0
0
0
0
0
0
0
0
0
0
0
0
0
0
0
0
0
0
0
0
0
0
0
0
0
0
0
0
0
0
0
0
0
0
0
0
0
0
0
0
0
0
0
0
0
0
0
0
0
0
0
0
0
0
0
0
0
0
0
0
0
0
0
0
0
0
0
0
0
0
0
0
0
0
0
0
0
0
0
0
0
0
0
0
0
0
0
0
0
0
0
0
0
0
0
0
0
0
0
0
0
0
0
0
0
0
0
0
0
0
0
0
0
0
0
0
0
0
0
0
0
0
0
0
0
0
0
0
0
0
0
0
0
0
0
0
0
0
0
0
0
0
0
0
0
0
0
0
0
0
0
0
0
0
0
0
0
0
0
0
0
0
0
0
0
0
0
0
0
0
0
0
0
0
0
0
0
0
0
0
0
0
0
0
0
0
0
0
0
0
0
0
0
0
0
0
0
0
0
0
0
0
0
0
0
0
0
0
0
0
0
0
0
0
0
0
0
0
0
0
0
0
0
0
0
0
0
0
0
0
0
0
0
0
0
0
0
0
0
0
0
0
0
0
0
0
0
0
0
0
0
0
0
0
0
0
0
0
0
0
0
0
0
0
0
0
0
0
0
0
0
0
0
0
0
0
0
0
0
0
0
0
0
0
0
0
0
0
0
0
0
0
0
0
0
0
0
0
0
0
0
0
0
0
0
0
0
0
0
0
0
0
0
0
0
0
0
0
0
0
0
0
0
0
0
0
0
0
0
0
0
0
0
0
0
0
0
0
0
0
0
0
0
0
0
0
0
2.802596928649634e-45
1.68155815718978e-44
5.605193857299268e-44
1.289194587178832e-43
2.690493051503649e-43
5.184804318001823e-43
9.668959403841238e-43
1.76563606504927e-42
3.180947514017335e-42
5.678061377444159e-42
1.007113206310246e-41
1.778247751228193e-41
3.129099470837317e-41
5.490988032456796e-41
9.613608114500408e-41
1.67948423546258e-40
2.928013141206705e-40
5.094392541083586e-40
8.846649439006149e-40
1.533311990051929e-39
2.652498244941946e-39
4.579872178743586e-39
7.892730923700137e-39
1.357626437164748e-38
2.33084643751837e-38
3.994198925059643e-38
6.831720695595337e-38
1.166316966919731e-37
1.987425066087938e-37
3.380291973604852e-37
5.738634689590203e-37
9.724234686753363e-37
1.644736428019308e-36
2.776724430001561e-36
4.679143726859649e-36
7.870434034265574e-36
1.32139039021627e-35
2.214447398970948e-35
3.704271120296149e-35
6.185073026577076e-35
1.030844260823836e-34
1.714939958262915e-34
2.847828608175144e-34
4.720514398188641e-34
7.8104620114433e-34
1.28996380703437e-33
2.126635686556556e-33
3.499652026567359e-33
5.748761000168151e-33
9.426328137494295e-33
1.542876596135768e-32
2.520817954106037e-32
4.111259165906303e-32
6.693180785736021e-32
1.08771724891051e-31
1.764519523691645e-31
2.857362280620046e-31
4.618848323589959e-31
7.453031971501621e-31
1.20050623750044e-30
1.930319898570043e-30
3.098338669558389e-30
4.964372944991566e-30
7.94030447257284e-30
1.267792888311e-29
2.020686600430749e-29
3.215069810109168e-29
5.106506349192429e-29
8.096559532396007e-29
1.28150848868792e-28
2.024826928514007e-28
3.193750608219152e-28
5.028770640700235e-28
7.904448863037731e-28
1.240313232363466e-27
1.942863683423261e-27
3.038123287205765e-27
4.742657569649978e-27
7.390819332088193e-27
1.149790730895275e-26
1.785671091736522e-26
2.768482078672271e-26
4.28489768712456e-26
6.620621766549063e-26
1.021216187068368e-25
1.57252728464066e-25
2.417359473460816e-25
3.709776918539951e-25
5.683539690434296e-25
8.692715680500657e-25
1.327267446327149e-24
2.023153106651199e-24
3.078699682150074e-24
4.677082942991193e-24
7.09337415087492e-24
1.073993417235698e-23
1.623387390523458e-23
2.449714613349217e-23
3.690475592531353e-23
5.550391250343934e-23
8.333742435098437e-23
1.249201759313564e-22
1.869398901853041e-22
2.792859167472951e-22
4.16557079612418e-22
6.202679254507801e-22
9.220704063008817e-22
1.368451981711427e-21
2.027573364093582e-21
2.9992024105976e-21
4.429124857424549e-21
6.530008113047602e-21
9.611560029085585e-21
1.412404595144473e-20
2.072096643291998e-20
3.034919851343377e-20
4.437838849748625e-20
6.478633653880166e-20
9.4424282510062e-20
1.373955915491558e-19
1.995957996015987e-19
2.894810060484584e-19
4.191596099432568e-19
6.059406111729104e-19
8.745253288882659e-19
1.260105955455239e-18
1.812736120317602e-18
2.603487285103488e-18
3.733104981940604e-18
5.34415751171522e-18
7.638061699222775e-18
1.08988928735099e-17
1.552663504695723e-17
2.208352867218135e-17
3.135856591439554e-17
4.445708010201359e-17
6.29249857731134e-17
8.89207445617031e-17
1.254530704359892e-16
1.767087016704618e-16
2.485040613126835e-16
3.489058411660511e-16
4.890829647335006e-16
6.84473507451248e-16
9.563807714592126e-16
1.334152383736947e-15
1.858149728918915e-15
2.58378781999686e-15
3.587022748329036e-15
4.971789479950046e-15
6.880070006819259e-15
9.505495213646062e-15
1.311168547053852e-14
1.80569484196794e-14
2.482746572619963e-14
3.408182075318247e-14
4.671061443455721e-14
6.391619140422647e-14
8.731901378171425e-14
1.190993647020439e-13
1.621857623245251e-13
2.205052004704278e-13
2.993144469255749e-13
4.056386303241677e-13
5.488499195058227e-13
7.414307882924742e-13
9.99977661439444e-13
1.346519250267075e-12
1.810244662503457e-12
2.429765373276882e-12
3.256069676035867e-12
4.356374202346691e-12
5.819136839058103e-12
7.760571699155783e-12
1.033309549036687e-11
1.373626126038863e-11
1.823088381647242e-11
2.415726299553889e-11
3.195864059502007e-11
4.221134553006323e-11
5.566343566631993e-11
7.328421203212088e-11
9.632745989751612e-11
1.264121030075671e-10
1.656249165593593e-10
2.16651016571312e-10
2.829393941361502e-10
3.689123728722876e-10
4.802303554818366e-10
6.241258065919908e-10
8.098234305364826e-10
1.049067721581309e-09
1.3567853507368e-09
1.751913392133986e-09
2.258433662305492e-09
2.906662244228642e-09
3.734854203685245e-09
4.791194996300874e-09
6.136269714573928e-09
7.846114868925724e-09
1.001598803895831e-08
1.276500505298372e-08
1.624184520210292e-08
2.06317487538854e-08
2.616508609776247e-08
3.312781160502709e-08
4.187423385815237e-08
5.284251258785844e-08
6.657353424088797e-08
8.373368132197356e-08
1.051424547426905e-07
1.318057343269174e-07
1.649558214467106e-07
2.060994717112408e-07
2.570755555098003e-07
3.201239167083259e-07
3.979674261245236e-07
4.93909965371131e-07
6.119522595326998e-07
7.569293529741117e-07
9.3467315309681e-07
1.152203822130105e-06
1.417955218130373e-06
1.742038421070902e-06
2.136551756848348e-06
2.615940957184648e-06
3.197419118805556e-06
3.901455329469172e-06
4.752338099933695e-06
5.778829290647991e-06
7.014913990133209e-06
8.500664080202114e-06
1.028322822094196e-05
1.241795689566061e-05
1.496969071013154e-05
1.801421785785351e-05
2.16399239434395e-05
2.59496555372607e-05
3.106281292275526e-05
3.711767931235954e-05
4.427406383911148e-05
5.271619374980219e-05
6.26559485681355e-05
7.433641440002248e-05
8.803579839877784e-05
0.0001040717324940488
0.0001228058972628787
0.0001446491223759949
0.0001700668508419767
0.000199584974325262
0.0002337961486773565
0.000273366313194856
0.0003190418938174844
0.000371656846255064
0.0004321405431255698
0.0005015254719182849
0.0005809551221318543
0.0006716917851008475
0.0007751252851448953
0.0008927798480726779
0.001026322017423809
0.001177567522972822
0.001348487217910588
0.0015412128996104
0.001758040976710618
0.002001435728743672
0.002274029888212681
0.002578624757006764
0.002918186131864786
0.003295838600024581
0.003714857855811715
0.004178659524768591
0.004690781235694885
0.00525486608967185
0.00587464077398181
0.006553884595632553
0.007296398282051086
0.008105972781777382
0.008986342698335648
0.009941142052412033
0.01097385492175817
0.01208776328712702
0.01328588370233774
0.01457090675830841
0.01594513840973377
0.01741042546927929
0.01896808855235577
0.02061885595321655
0.02236280217766762
0.02419926784932613
0.0261268075555563
0.02814312651753426
0.03024504147469997
0.03242842853069305
0.03468820080161095
0.03701827675104141
0.03941157832741737
0.04186005517840385
0.04435467347502708
0.04688550531864166
0.04944175481796265
0.05201185867190361
0.05458356812596321
0.05714407190680504
0.05968017131090164
0.06217838451266289
0.06462515145540237
0.06700702011585236
0.06931082904338837
0.07152393460273743
0.07363441586494446
0.075631283223629
0.0775047242641449
0.07924624532461166
0.08084890246391296
0.08230746537446976
0.08361856639385223
0.08478081971406937
0.08579491078853607
0.08666361123323441
0.08739185333251953
0.08798667043447495
0.08845711499452591
0.08881410956382751
0.08907036483287811
0.08924008160829544
0.0893387496471405
0.0893828421831131
0.08938951790332794
0.08937624841928482
0.08936051279306412
0.08935935795307159
0.08938905596733093
0.08946476131677628
0.08960016071796417
0.08980713784694672
0.09009551256895065
0.09047278761863708
0.09094399213790894
0.09151152521371841
0.09217515587806702
0.09293201565742493
0.093776635825634
0.09470118582248688
0.09569562971591949
0.09674803912639618
0.09784495830535889
0.09897174686193466
0.1001130044460297
0.1012530773878098
0.1023764684796333
0.1034682989120483
0.1045147702097893
0.1055035516619682
0.1064241752028465
0.1072683334350586
0.1080300882458687
0.1087060570716858
0.1092954948544502
0.10980024933815
0.1102247312664986
0.1105756759643555
0.1108619198203087
0.1110940426588058
0.1112839877605438
0.1114446669816971
0.1115894168615341
0.111731618642807
0.1118841543793678
0.1120589822530746
0.1122666969895363
0.1125162169337273
0.1128144711256027
0.1131661683320999
0.1135737150907516
0.1140371561050415
0.114554226398468
0.1151204779744148
0.115729533135891
0.1163733974099159
0.1170428022742271
0.1177276447415352
0.1184173747897148
0.119101457297802
0.1197698339819908
0.1204133033752441
0.1210238933563232
0.1215951666235924
0.1221224516630173
0.1226029843091965
0.1230359971523285
0.123422659933567
0.1237660124897957
0.1240707263350487
0.1243428885936737
0.1245896518230438
0.1248188987374306
0.1250388324260712
0.1252576261758804
0.1254830211400986
0.1257220357656479
0.1259805560112
0.126263216137886
0.1265731155872345
0.126911848783493
0.1272793710231781
0.1276741325855255
0.1280931979417801
0.1285324096679688
0.1289867013692856
0.1294503509998322
0.1299172788858414
0.1303813904523849
0.1308369189500809
0.1312786638736725
0.1317021995782852
0.132104218006134
0.1324824839830399
0.1328359991312027
0.1331650018692017
0.1334708780050278
0.1337560713291168
0.1340238451957703
0.1342781186103821
0.1345232129096985
0.1347635835409164
0.1350035816431046
0.1352471858263016
0.1354978382587433
0.1357582211494446
0.1360301822423935
0.1363146007061005
0.1366113871335983
0.1369195878505707
0.1372373551130295
0.1375621557235718
0.1378908753395081
0.1382200568914413
0.138546034693718
0.1388651579618454
0.1391739696264267
0.1394692957401276
0.1397484391927719
0.140009269118309
0.1402501910924911
0.1404701471328735
0.1406686455011368
0.1408456265926361
0.1410013288259506
0.1411362141370773
0.1412506997585297
0.1413451433181763
0.1414196342229843
0.1414737701416016
0.1415067166090012
0.1415169835090637
0.1415024399757385
0.1414603143930435
0.1413871347904205
0.1412789523601532
0.1411312222480774
0.1409391015768051
0.1406974643468857
0.1404010951519012
0.1400448530912399
0.139623761177063
0.1391331851482391
0.1385688930749893
0.1379272490739822
0.1372052133083344
0.1364004760980606
0.1355114728212357
0.1345373094081879
0.1334779411554337
0.1323340088129044
0.1311070024967194
0.129799097776413
0.1284132599830627
0.1269531399011612
0.1254231631755829
0.1238285005092621
0.122175045311451
0.1204695105552673
0.1187193319201469
0.1169327795505524
0.1151188611984253
0.1132873222231865
0.1114486157894135
0.1096137836575508
0.1077944338321686
0.1060025170445442
0.1042502149939537
0.1025497689843178
0.1009132042527199
0.09935213625431061
0.09787748754024506
0.09649926424026489
0.09522625803947449
0.09406580030918121
0.09302356839179993
0.09210335463285446
0.0913069099187851
0.09063386917114258
0.09008161723613739
0.08964534103870392
0.08931806683540344
0.0890907347202301
0.08895242214202881
0.08889054507017136
0.08889114856719971
0.08893920481204987
0.08901900053024292
0.08911453932523727
0.0892099142074585
0.08928972482681274
0.0893394947052002
0.08934600651264191
0.08929771929979324
0.08918503671884537
0.08900057524442673
0.08873935043811798
0.08839891105890274
0.08797940611839294
0.08748350292444229
0.08691634237766266
0.08628533780574799
0.08559990674257278
0.08487114310264587
0.08411145210266113
0.08333414793014526
0.08255290985107422
0.08178141713142395
0.08103279769420624
0.08031921833753586
0.07965141534805298
0.0790383592247963
0.07848694920539856
0.07800176739692688
0.07758492976427078
0.077236108481884
0.07695246487855911
0.07672891020774841
0.07655828446149826
0.07643169164657593
0.07633889466524124
0.0762687623500824
0.07620976120233536
0.07615043967962265
0.07607986778020859
0.07598816603422165
0.07586687058210373
0.07570925354957581
0.07551062107086182
0.07526839524507523
0.07498224079608917
0.0746539980173111
0.07428750395774841
0.0738883763551712
0.07346368581056595
0.07302156090736389
0.07257077097892761
0.07212024927139282
0.07167869806289673
0.07125409692525864
0.07085338979959488
0.07048213481903076
0.07014424353837967
0.0698419064283371
0.0695754662156105
0.06934351474046707
0.06914301216602325
0.06896954029798508
0.06881755590438843
0.06868073344230652
0.06855236738920212
0.0684257298707962
0.06829444319009781
0.06815281510353088
0.06799613684415817
0.06782089918851852
0.06762494891881943
0.06740752607584
0.06716927886009216
0.06691210716962814
0.06663903594017029
0.06635396182537079
0.06606141477823257
0.06576621532440186
0.06547317653894424
0.06518682092428207
0.0649111196398735
0.06464925408363342
0.06440349668264389
0.0641750693321228
0.06396414339542389
0.0637698620557785
0.06359048932790756
0.06342349946498871
0.0632658377289772
0.06311409175395966
0.06296476721763611
0.06281449645757675
0.06266025453805923
0.0624995194375515
0.06233043596148491
0.06215188279747963
0.0619635134935379
0.06176570057868958
0.06155947968363762
0.06134645640850067
0.06112862005829811
0.06090816110372543
0.0606873519718647
0.06046832725405693
0.06025293841958046
0.06004262715578079
0.05983833596110344
0.05964043736457825
0.0594487152993679
0.05926240980625153
0.05908027291297913
0.05890066176652908
0.058721624314785
0.05854106321930885
0.05835681781172752
0.05816679820418358
0.0579691119492054
0.05776209384202957
0.05754436552524567
0.05731486529111862
0.05707282945513725
0.05681774765253067
0.05654928833246231
0.05626722052693367
0.05597131326794624
0.05566125363111496
0.05533654615283012
0.05499642714858055
0.05463982000946999
0.05426527559757233
0.05387095734477043
0.05345465242862701
0.05301379412412643
0.05254551768302917
0.05204669386148453
0.05151402577757835
0.05094409734010696
0.05033344775438309
0.04967864230275154
0.04897631704807281
0.04822324216365814
0.04741631075739861
0.04655259102582932
0.04562930390238762
0.044643834233284
0.04359369724988937
0.04247655346989632
0.04129019752144814
0.04003253579139709
0.03870159760117531
0.03729556128382683
0.03581276908516884
0.03425179421901703
0.03261145949363708
0.03089092113077641
0.02908972650766373
0.02720788866281509
0.02524596080183983
0.0232050959020853
0.02108711563050747
0.01889454200863838
0.01663065142929554
0.0142994886264205
0.01190588437020779
0.009455433115363121
0.006954491604119539
0.00441014114767313
0.001830139779485762
-0.0007771236123517156
-0.003402694594115019
-0.006037121638655663
-0.008670531213283539
-0.01129270903766155
-0.01389319077134132
-0.01646134816110134
-0.01898649521172047
-0.02145798876881599
-0.0238653440028429
-0.02619834803044796
-0.02844718843698502
-0.03060257993638515
-0.03265588730573654
-0.03459927439689636
-0.03642581775784492
-0.03812965005636215
-0.03970606997609138
-0.04115167260169983
-0.04246441647410393
-0.04364373162388802
-0.0446905680000782
-0.04560742154717445
-0.04639837145805359
-0.04706902429461479
-0.04762651026248932
-0.04807937517762184
-0.04843748733401299
-0.04871191829442978
-0.04891477897763252
-0.04905903711915016
-0.04915833100676537
-0.04922671616077423
-0.04927847534418106
-0.04932785034179688
-0.04938879981637001
-0.04947474971413612
-0.04959835484623909
-0.0497712604701519
-0.05000387132167816
-0.05030517280101776
-0.05068252980709076
-0.05114154517650604
-0.05168595910072327
-0.05231755599379539
-0.05303613096475601
-0.05383948236703873
-0.05472349375486374
-0.05568218603730202
-0.05670786276459694
-0.05779131129384041
-0.05892197042703629
-0.06008822843432426
-0.06127766519784927
-0.06247736141085625
-0.0636742040514946
-0.06485522538423538
-0.06600790470838547
-0.06712049245834351
-0.06818229705095291
-0.06918393820524216
-0.07011760026216507
-0.07097719609737396
-0.07175855338573456
-0.07245948910713196
-0.07307983934879303
-0.07362145930528641
-0.07408817112445831
-0.07448560744524002
-0.07482104003429413
-0.07510317116975784
-0.07534187287092209
-0.07554789632558823
-0.07573252171278
-0.07590726763010025
-0.07608349621295929
-0.0762721374630928
-0.07648333162069321
-0.07672613859176636
-0.07700830698013306
-0.07733602821826935
-0.07771375775337219
-0.07814417034387589
-0.07862804085016251
-0.07916431128978729
-0.07975006848573685
-0.08038078248500824
-0.08105043321847916
-0.0817517563700676
-0.08247648924589157
-0.08321569114923477
-0.08396006375551224
-0.08470024168491364
-0.08542716503143311
-0.08613235503435135
-0.08680820465087891
-0.08744823187589645
-0.08804728090763092
-0.08860164135694504
-0.08910920470952988
-0.08956944942474365
-0.08998343348503113
-0.09035368263721466
-0.09068410098552704
-0.09097976237535477
-0.09124664962291718
-0.09149140864610672
-0.0917210727930069
-0.09194277226924896
-0.09216341376304626
-0.09238941222429276
-0.0926264226436615
-0.09287912398576736
-0.0931510254740715
-0.0934443324804306
-0.09375987201929092
-0.09409703314304352
-0.09445382654666901
-0.09482692927122116
-0.09521184861660004
-0.09560307860374451
-0.09599431604146957
-0.09637864679098129
-0.09674880653619766
-0.09709746390581131
-0.0974174439907074
-0.09770191460847855
-0.09794462472200394
-0.09814006090164185
-0.098283551633358
-0.09837135672569275
-0.09840069711208344
-0.09836974740028381
-0.09827753156423569
-0.09812390804290771
-0.09790937602519989
-0.09763494879007339
-0.09730195254087448
-0.09691188484430313
-0.09646622836589813
-0.09596627205610275
-0.09541299194097519
-0.09480694681406021
-0.09414816647768021
-0.09343616664409637
-0.09266993403434753
-0.09184795618057251
-0.09096836298704147
-0.09002900868654251
-0.08902765810489655
-0.08796215802431107
-0.08683061599731445
-0.08563165366649628
-0.08436454832553864
-0.08302947878837585
-0.08162762224674225
-0.08016136288642883
-0.07863432168960571
-0.07705143094062805
-0.07541899383068085
-0.07374458760023117
-0.07203701883554459
-0.07030618190765381
-0.06856292486190796
-0.06681881844997406
-0.06508594751358032
-0.06337668746709824
-0.06170344725251198
-0.06007838994264603
-0.05851322785019875
-0.0570189505815506
-0.05560563504695892
-0.05428222939372063
-0.05305641517043114
-0.05193446204066277
-0.05092113465070724
-0.05001961812376976
-0.04923150315880775
-0.04855674877762794
-0.0479937456548214
-0.04753934964537621
-0.04718895256519318
-0.04693658649921417
-0.04677502065896988
-0.04669590666890144
-0.04668989405035973
-0.04674679040908813
-0.04685571044683456
-0.04700524732470512
-0.04718364402651787
-0.04737898334860802
-0.04757934808731079
-0.04777304455637932
-0.04794876649975777
-0.04809582233428955
-0.04820432141423225
-0.04826536402106285
-0.04827122390270233
-0.04821552708745003
-0.04809339344501495
-0.04790156707167625
-0.04763851687312126
-0.04730448871850967
-0.04690153524279594
-0.04643348604440689
-0.04590587317943573
-0.04532581195235252
-0.04470181837677956
-0.04404360800981522
-0.0433618500828743
-0.04266785085201263
-0.04197324067354202
-0.04128965362906456
-0.0406283475458622
-0.03999990969896317
-0.03941388428211212
-0.03887849301099777
-0.03840038552880287
-0.03798442706465721
-0.03763354197144508
-0.03734864667057991
-0.03712860867381096
-0.03697031736373901
-0.03686881065368652
-0.03681744262576103
-0.03680815547704697
-0.03683175146579742
-0.03687825053930283
-0.03693725913763046
-0.03699832782149315
-0.03705132380127907
-0.03708680719137192
-0.03709634765982628
-0.0370728075504303
-0.03701058402657509
-0.03690578043460846
-0.03675630688667297
-0.03656191751360893
-0.0363241545855999
-0.03604627028107643
-0.03573301434516907
-0.03539044782519341
-0.03502564132213593
-0.03464635834097862
-0.03426074236631393
-0.03387696668505669
-0.03350291028618813
-0.03314583376049995
-0.03281211853027344
-0.03250702098011971
-0.03223447501659393
-0.03199699148535728
-0.03179558366537094
-0.03162975981831551
-0.03149763867259026
-0.03139602765440941
-0.03132062405347824
-0.03126624226570129
-0.03122705593705177
-0.03119688481092453
-0.03116947971284389
-0.03113880380988121
-0.03109928406774998
-0.0310460552573204
-0.03097515553236008
-0.03088367357850075
-0.0307698305696249
-0.03063303418457508
-0.03047385439276695
-0.03029396198689938
-0.03009599260985851
-0.02988339588046074
-0.02966023981571198
-0.02943097800016403
-0.0292002372443676
-0.0289725624024868
-0.02875220216810703
-0.02854292280972004
-0.02834782190620899
-0.02816920913755894
-0.02800851501524448
-0.02786625735461712
-0.0277420487254858
-0.027634646743536
-0.02754206210374832
-0.02746168151497841
-0.02739043906331062
-0.02732498943805695
-0.02726189233362675
-0.0271978136152029
-0.02712968550622463
-0.02705485373735428
-0.02697122097015381
-0.02687732316553593
-0.02677238546311855
-0.02665633894503117
-0.02652978338301182
-0.02639393135905266
-0.02625049836933613
-0.02610160410404205
-0.02594961784780025
-0.02579700946807861
-0.02564621157944202
-0.02549947611987591
-0.02535875886678696
-0.02522560767829418
-0.02510109916329384
-0.0249857921153307
-0.02487972378730774
-0.02478243038058281
-0.02469299361109734
-0.02461013197898865
-0.02453227527439594
-0.02445769309997559
-0.02438459172844887
-0.024311238899827
-0.02423605695366859
-0.02415771782398224
-0.0240752138197422
-0.02398789115250111
-0.02389547973871231
-0.02379809506237507
-0.02369619347155094
-0.02359054423868656
-0.02348214946687222
-0.02337217703461647
-0.02326186560094357
-0.02315244823694229
-0.02304506674408913
-0.02294070646166801
-0.02284014225006104
-0.02274389192461967
-0.02265220135450363
-0.02256504260003567
-0.02248213067650795
-0.02240294963121414
-0.02232681587338448
-0.02225291915237904
-0.02218038588762283
-0.02210834994912148
-0.0220359992235899
-0.02196263894438744
-0.02188772335648537
-0.02181088738143444
-0.02173195965588093
-0.02165096625685692
-0.02156810835003853
-0.02148373983800411
-0.02139834128320217
-0.02131246589124203
-0.02122670039534569
-0.02114162966609001
-0.02105777710676193
-0.02097558602690697
-0.02089538797736168
-0.02081738598644733
-0.02074164524674416
-0.02066810056567192
-0.02059656381607056
-0.02052674815058708
-0.02045829966664314
-0.0203908197581768
-0.02032389864325523
-0.02025715075433254
-0.02019024081528187
-0.02012289129197598
-0.02005491964519024
-0.0199862327426672
-0.01991683058440685
-0.01984680257737637
-0.01977630518376827
-0.01970555447041988
-0.01963480561971664
-0.0195643212646246
-0.01949435845017433
-0.01942515186965466
-0.01935688778758049
-0.01928970031440258
-0.0192236602306366
-0.01915877312421799
-0.01909499056637287
-0.01903220452368259
-0.01897027343511581
-0.0189090259373188
-0.01884827949106693
-0.01878785900771618
-0.01872759871184826
-0.01866736821830273
-0.01860706880688667
-0.01854664459824562
-0.01848608441650867
-0.01842541992664337
-0.01836470887064934
-0.01830404438078403
-0.01824353449046612
-0.01818329282104969
-0.01812342926859856
-0.01806404814124107
-0.01800522767007351
-0.01794702559709549
-0.0178894679993391
-0.0178325530141592
-0.01777625270187855
-0.01772051863372326
-0.01766528375446796
-0.01761047355830669
-0.01755600608885288
-0.01750180684030056
-0.01744780875742435
-0.01739395968616009
-0.01734022423624992
-0.01728658378124237
-0.01723304018378258
-0.01717961207032204
-0.01712633110582829
-0.01707324013113976
-0.01702038384974003
-0.01696780882775784
-0.01691556163132191
-0.01686367392539978
-0.01681217737495899
-0.01676108129322529
-0.01671039126813412
-0.01666009612381458
-0.01661017723381519
-0.01656060479581356
-0.016511345282197
-0.01646236702799797
-0.01641363464295864
-0.01636511832475662
-0.01631679944694042
-0.01626865938305855
-0.01622068881988525
-0.01617288962006569
-0.0161252673715353
-0.01607783883810043
-0.01603061519563198
-0.01598362065851688
-0.01593687199056149
-0.01589038409292698
-0.01584417186677456
-0.01579824276268482
-0.01575259491801262
-0.01570723205804825
-0.01566214486956596
-0.01561732683330774
-0.01557276397943497
-0.01552843954414129
-0.0154843395575881
-0.01544045098125935
-0.01539676170796156
-0.01535326242446899
-0.01530995033681393
-0.01526682078838348
-0.01522387657314539
-0.01518112141638994
-0.01513856090605259
-0.01509620156139135
-0.01505404897034168
-0.01501211244612932
-0.01497039198875427
-0.01492889225482941
-0.01488761324435472
-0.01484655309468508
-0.01480570994317532
-0.01476508099585772
-0.01472465880215168
-0.01468443777412176
-0.01464441325515509
-0.01460457779467106
-0.0145649267360568
-0.01452545635402203
-0.014486163854599
-0.01444704644382
-0.01440810319036245
-0.01436933409422636
-0.01433074194937944
-0.01429232768714428
-0.01425409317016602
-0.01421604119241238
-0.01417816989123821
-0.01414048299193382
-0.01410297956317663
-0.01406565960496664
-0.01402851939201355
-0.01399155706167221
-0.0139547698199749
-0.01391815394163132
-0.01388170570135117
-0.01384542230516672
-0.01380930189043283
-0.01377334166318178
-0.01373754255473614
-0.01370190177112818
-0.01366642024368048
-0.01363109890371561
-0.01359593588858843
-0.01356093119829893
-0.01352608390152454
-0.01349139679223299
-0.0134568652138114
-0.01342249009758234
-0.01338827144354582
-0.01335420645773411
-0.01332029607146978
-0.01328653749078512
-0.01325293071568012
-0.01321947202086449
-0.01318616233766079
-0.01315299887210131
-0.01311998069286346
-0.01308710779994726
-0.01305437739938498
-0.01302179042249918
-0.01298934407532215
-0.01295703742653131
-0.01292486861348152
-0.01289283949881792
-0.01286094728857279
-0.01282919384539127
-0.0127975782379508
-0.0127660995349288
-0.01273475773632526
-0.01270355191081762
-0.0126724811270833
-0.01264154352247715
-0.01261073630303144
-0.01258005946874619
-0.01254951115697622
-0.01251909136772156
-0.01248880010098219
-0.01245863642543554
-0.01242859940975904
-0.01239868998527527
-0.01236890722066164
-0.01233925204724073
-0.0123097226023674
-0.01228031702339649
-0.01225103531032801
-0.0122218756005168
-0.01219283789396286
-0.01216391939669847
-0.01213512010872364
-0.01210643816739321
-0.01207786984741688
-0.01204941887408495
-0.0120210824534297
-0.01199285965412855
-0.01196475047618151
-0.01193675585091114
-0.0119088739156723
-0.01188110467046499
-0.01185344811528921
-0.01182590518146753
-0.01179847586899996
-0.01177115738391876
-0.01174394972622395
-0.01171685382723808
-0.01168986782431602
-0.0116629907861352
-0.01163622085005045
-0.01160955987870693
-0.01158300414681435
-0.01155655365437269
-0.01153020840138197
-0.0115039674565196
-0.01147782895714045
-0.01145179383456707
-0.01142586302012205
-0.01140003371983767
-0.01137430779635906
-0.01134868338704109
-0.01132315769791603
-0.01129773072898388
-0.01127240248024464
-0.01124717108905315
-0.01122203655540943
-0.01119699887931347
-0.01117205899208784
-0.0111472150310874
-0.01112246792763472
-0.01109781675040722
-0.01107326243072748
-0.01104880403727293
-0.01102444157004356
-0.01100017223507166
-0.01097599603235722
-0.01095191296190023
-0.01092791929841042
-0.01090401690453291
-0.01088020484894514
-0.01085648220032454
-0.01083284709602594
-0.01080930046737194
-0.01078584138303995
-0.01076246984302998
-0.01073918491601944
-0.01071598753333092
-0.01069287676364183
-0.01066985167562962
-0.01064691320061684
-0.01062405854463577
-0.01060128770768642
-0.01057860255241394
-0.01055599935352802
-0.0105334809049964
-0.01051104627549648
-0.01048869546502829
-0.01046642754226923
-0.01044424250721931
-0.01042214035987854
-0.01040011923760176
-0.01037818007171154
-0.01035632193088531
-0.01033454202115536
-0.01031284034252167
-0.01029121782630682
-0.01026967354118824
-0.0102482084184885
-0.01022681966423988
-0.01020550914108753
-0.01018427591770887
-0.01016312092542648
-0.01014204323291779
-0.01012104097753763
-0.01010011322796345
-0.01007925998419523
-0.01005848031491041
-0.01003777515143156
-0.01001714263111353
-0.009996582753956318
-0.009976095519959927
-0.009955679997801781
-0.009935335256159306
-0.009915060363709927
-0.009894857183098793
-0.009874723851680756
-0.009854661300778389
-0.009834668599069118
-0.009814743883907795
-0.009794889017939568
-0.009775103069841862
-0.009755386039614677
-0.009735738858580589
-0.009716160595417023
-0.009696652181446552
-0.009677212685346603
-0.009657842107117176
-0.009638539515435696
-0.009619305841624737
-0.009600141085684299
-0.00958104245364666
-0.009562009945511818
-0.009543041698634624
-0.009524137713015079
-0.009505296126008034
-0.009486516937613487
-0.009467802010476589
-0.009449148550629616
-0.009430560283362865
-0.00941203348338604
-0.009393569082021713
-0.009375168010592461
-0.009356828406453133
-0.009338549338281155
-0.009320332668721676
-0.009302177466452122
-0.009284083731472492
-0.009266049601137638
-0.009248076938092709
-0.009230163879692554
-0.009212309494614601
-0.009194514714181423
-0.009176778607070446
-0.00915909931063652
-0.009141478687524796
-0.009123917669057846
-0.009106414392590523
-0.009088968858122826
-0.009071581065654755
-0.009054251946508884
-0.009036979638040066
-0.009019764140248299
-0.009002605453133583
-0.008985502645373344
-0.008968456648290157
-0.008951466530561447
-0.008934531360864639
-0.008917651139199734
-0.00890082586556673
-0.00888405553996563
-0.008867340162396431
-0.008850677870213985
-0.008834071457386017
-0.008817519992589951
-0.008801022544503212
-0.008784577250480652
-0.008768185041844845
-0.008751844987273216
-0.008735556155443192
-0.008719317615032196
-0.008703130297362804
-0.008686994202435017
-0.008670907467603683
-0.008654871955513954
-0.008638888597488403
-0.008622955530881882
-0.008607073687016964
-0.008591243997216225
-0.008575465530157089
-0.008559737354516983
-0.008544058538973331
-0.00852842815220356
-0.008512848056852818
-0.008497314527630806
-0.008481830358505249
-0.008466394618153572
-0.008451006375253201
-0.008435665629804134
-0.008420371450483799
-0.008405123837292194
-0.008389923721551895
-0.008374770171940327
-0.008359664119780064
-0.008344604633748531
-0.008329593576490879
-0.008314630016684532
-0.008299713023006916
-0.008284842595458031
-0.008270018734037876
-0.008255238644778728
-0.008240504190325737
-0.008225815370678902
-0.008211170323193073
-0.008196569979190826
-0.008182015269994736
-0.008167505264282227
-0.008153039962053299
-0.008138619363307953
-0.008124242536723614
-0.008109908550977707
-0.008095618337392807
-0.008081370964646339
-0.008067166432738304
-0.008053003810346127
-0.008038883097469807
-0.00802480336278677
-0.008010764606297016
-0.007996766828000546
-0.007982810959219933
-0.007968896068632603
-0.007955022156238556
-0.007941190153360367
-0.00792740099132061
-0.007913653738796711
-0.007899950258433819
-0.007886288687586784
-0.007872669957578182
-0.007859091274440289
-0.007845552638173103
-0.007832053117454052
-0.007818593643605709
-0.007805173750966787
-0.007791792508214712
-0.007778450381010771
-0.007765145041048527
-0.00775187648832798
-0.007738645188510418
-0.007725452072918415
-0.007712296675890684
-0.007699179463088512
-0.007686100900173187
-0.007673061452805996
-0.007660061586648226
-0.007647100836038589
-0.007634177338331938
-0.007621291559189558
-0.00760844349861145
-0.007595634087920189
-0.007582861464470625
-0.007570125628262758
-0.007557425647974014
-0.00754476198926568
-0.007532134186476469
-0.007519541308283806
-0.007506983820348978
-0.007494460791349411
-0.007481973152607679
-0.00746952136978507
-0.007457104045897722
-0.007444722112268209
-0.007432375103235245
-0.00742006441578269
-0.007407788652926683
-0.007395547814667225
-0.007383341901004314
-0.007371170446276665
-0.007359033916145563
-0.007346932776272297
-0.007334865629673004
-0.007322832942008972
-0.007310834247618914
-0.007298868615180254
-0.007286936976015568
-0.007275038864463568
-0.007263172883540392
-0.00725133903324604
-0.007239538710564375
-0.007227771449834108
-0.007216035854071379
-0.007204332388937473
-0.007192661520093679
-0.00718102278187871
-0.007169416639953852
-0.007157842628657818
-0.007146300747990608
-0.007134790997952223
-0.007123313378542662
-0.007111867424100637
-0.007100453600287437
-0.007089070044457912
-0.007077717687934637
-0.007066396065056324
-0.007055104710161686
-0.00704384408891201
-0.007032614201307297
-0.007021414116024971
-0.007010245230048895
-0.006999106612056494
-0.006987998262047768
-0.006976919714361429
-0.006965870968997478
-0.006954852491617203
-0.006943864282220602
-0.006932906340807676
-0.006921978201717138
-0.006911079864948988
-0.006900210399180651
-0.006889370270073414
-0.006878559477627277
-0.006867778021842241
-0.006857024971395731
-0.006846299860626459
-0.006835603155195713
-0.006824933923780918
-0.006814293097704649
-0.006803680211305618
-0.006793093867599964
-0.006782534532248974
-0.006772003136575222
-0.006761500146239996
-0.006751025561243296
-0.006740578915923834
-0.006730160675942898
-0.006719769444316626
-0.006709407083690166
-0.006699072662740946
-0.006688766647130251
-0.006678488105535507
-0.00666823610663414
-0.006658010650426149
-0.006647811271250248
-0.006637637503445148
-0.006627489347010851
-0.006617366336286068
-0.006607268005609512
-0.006597195751965046
-0.00658714771270752
-0.00657712621614337
-0.006567130330950022
-0.006557160057127476
-0.006547215860337019
-0.006537297740578651
-0.006527405697852373
-0.006517539732158184
-0.006507698446512222
-0.006497881375253201
-0.006488088518381119
-0.00647831941023469
-0.006468574050813913
-0.00645885244011879
-0.006449154578149319
-0.006439479999244213
-0.006429829634726048
-0.00642020208761096
-0.006410597823560238
-0.006401015911251307
-0.006391455885022879
-0.006381917744874954
-0.006372400559484959
-0.006362903397530317
-0.006353426724672318
-0.006343969609588385
-0.006334531120955944
-0.006325110793113708
-0.006315708160400391
-0.006306321825832129
-0.006296951789408922
-0.00628759665414691
-0.006278255023062229
-0.006268925033509731
-0.006259605288505554
-0.006250293459743261
-0.006240987218916416
-0.006231686100363731
-0.006222386378794909
-0.00621308758854866
-0.00620378740131855
-0.006194483488798141
-0.006185173057019711
-0.006175855174660683
-0.006166526116430759
-0.00615718262270093
-0.006147820502519608
-0.006138437427580357
-0.006129028741270304
-0.006119589321315289
-0.006110114511102438
-0.006100598722696304
-0.00609103636816144
-0.006081420928239822
-0.006071746814996004
-0.006062007509171963
-0.006052195560187101
-0.006042304448783398
-0.006032327190041542
-0.00602225586771965
-0.006012082099914551
-0.006001796573400497
-0.005991389043629169
-0.005980851594358683
-0.005970173515379429
-0.005959345493465662
-0.005948355887085199
-0.005937194917351007
-0.005925850477069616
-0.005914311856031418
-0.005902567878365517
-0.005890606436878443
-0.005878416355699301
-0.005865985993295908
-0.005853305105119944
-0.0058403629809618
-0.005827149376273155
-0.005813653580844402
-0.005799866281449795
-0.005785778164863586
-0.005771381314843893
-0.005756668746471405
-0.005741633009165525
-0.005726268980652094
-0.005710572004318237
-0.005694538820534945
-0.005678167100995779
-0.005661456380039454
-0.00564440805464983
-0.005627023056149483
-0.005609306506812572
-0.005591265391558409
-0.005572907626628876
-0.005554243456572294
-0.005535286851227283
-0.005516051314771175
-0.0054965540766716
-0.005476813763380051
-0.00545685226097703
-0.005436693783849478
-0.005416364409029484
-0.005395892541855574
-0.005375307984650135
-0.005354641936719418
-0.005333928391337395
-0.005313201807439327
-0.0052924994379282
-0.005271859467029572
-0.005251319613307714
-0.00523091945797205
-0.005210698582231998
-0.005190694704651833
-0.005170948337763548
-0.005151497200131416
-0.005132377147674561
-0.005113624036312103
-0.005095272790640593
-0.005077353212982416
-0.005059895105659962
-0.005042925011366606
-0.005026465281844139
-0.005010535009205341
-0.004995150025933981
-0.004980321973562241
-0.00496605783700943
-0.004952359013259411
-0.004939223639667034
-0.004926643799990416
-0.00491460831835866
-0.004903099499642849
-0.004892095923423767
-0.004881571047008038
-0.004871493671089411
-0.004861830268055201
-0.004852541722357273
-0.004843585658818483
-0.00483491737395525
-0.004826489370316267
-0.004818252753466368
-0.004810157231986523
-0.004802151583135128
-0.004794185049831867
-0.004786205943673849
-0.004778166301548481
-0.004770018626004457
-0.004761718679219484
-0.004753226414322853
-0.004744503647089005
-0.004735518246889114
-0.004726242739707232
-0.004716655239462852
-0.004706738982349634
-0.004696486052125692
-0.004685893189162016
-0.004674962721765041
-0.004663705360144377
-0.004652136471122503
-0.004640278872102499
-0.004628161434084177
-0.004615819547325373
-0.00460329232737422
-0.004590623080730438
-0.004577858839184046
-0.004565050359815359
-0.004552251193672419
-0.004539514426141977
-0.004526895005255938
-0.004514448810368776
-0.004502228926867247
-0.004490287974476814
-0.004478674847632647
-0.004467434715479612
-0.004456609953194857
-0.004446238279342651
-0.004436351358890533
-0.004426974803209305
-0.004418130032718182
-0.00440983148291707
-0.004402087535709143
-0.00439490145072341
-0.00438826996833086
-0.00438218517228961
-0.004376634489744902
-0.004371603019535542
-0.004367069341242313
-0.004363011103123426
-0.004359404556453228
-0.004356223158538342
-0.00435344222933054
-0.004351036623120308
-0.004348983522504568
-0.004347261972725391
-0.004345854744315147
-0.004344747867435217
-0.004343932494521141
-0.004343403037637472
-0.00434315949678421
-0.004343206994235516
-0.004343554377555847
-0.004344216547906399
-0.004345211666077375
-0.004346560686826706
-0.004348288755863905
-0.004350422881543636
-0.004352991003543139
-0.004356021527200937
-0.004359542392194271
-0.004363578278571367
-0.004368151538074017
-0.004373281728476286
-0.004378981422632933
-0.004385258536785841
-0.004392113070935011
-0.004399538040161133
-0.004407518543303013
-0.004416029900312424
-0.004425039049237967
-0.004434503614902496
-0.004444373771548271
-0.004454588983207941
-0.004465083125978708
-0.004475781694054604
-0.004486603662371635
-0.004497464746236801
-0.004508274607360363
-0.004518940579146147
-0.004529369994997978
-0.004539469722658396
-0.004549148958176374
-0.004558320622891188
-0.004566900432109833
-0.004574812483042479
-0.004581987857818604
-0.004588364623486996
-0.004593892488628626
-0.004598529543727636
-0.004602245520800352
-0.004605021327733994
-0.004606849513947964
-0.004607734736055136
-0.004607691429555416
-0.004606747534126043
-0.004604938440024853
-0.004602310713380575
-0.0045989197678864
-0.004594828467816114
-0.004590106662362814
-0.004584829788655043
-0.00457907747477293
-0.004572933074086905
-0.004566480405628681
-0.004559805616736412
-0.004552993923425674
-0.004546128213405609
-0.004539289511740208
-0.004532555118203163
-0.004525997210294008
-0.004519684705883265
-0.004513677675276995
-0.004508031066507101
-0.004502792377024889
-0.004498002119362354
-0.004493692889809608
-0.004489889368414879
-0.004486607387661934
-0.004483855795115232
-0.004481634590774775
-0.004479937255382538
-0.004478747956454754
-0.004478043876588345
-0.004477796610444784
-0.004477969370782375
-0.004478519782423973
-0.004479401279240847
-0.00448056124150753
-0.004481942858546972
-0.004483487922698259
-0.00448513450101018
-0.004486819729208946
-0.004488478414714336
-0.004490047693252563
-0.004491465631872416
-0.004492674022912979
-0.004493616055697203
-0.004494242370128632
-0.004494508262723684
-0.004494375083595514
-0.004493812099099159
-0.004492798820137978
-0.00449132127687335
-0.004489375744014978
-0.004486968275159597
-0.004484114702790976
-0.004480839241296053
-0.004477174486964941
-0.004473163280636072
-0.004468854051083326
-0.004464302211999893
-0.004459568299353123
-0.004454716574400663
-0.004449812229722738
-0.004444922786206007
-0.004440112505108118
-0.004435444716364145
-0.004430978093296289
-0.004426763858646154
-0.004422848578542471
-0.004419268574565649
-0.00441605132073164
-0.004413212649524212
-0.004410760011523962
-0.00440868828445673
-0.004406983032822609
-0.004405618645250797
-0.004404561594128609
-0.004403769969940186
-0.004403193015605211
-0.00440277811139822
-0.004402465652674437
-0.004402195103466511
-0.00440190639346838
-0.004401540383696556
-0.004401040263473988
-0.004400356207042933
-0.004399443045258522
-0.004398264922201633
-0.004396792501211166
-0.004395007155835629
-0.004392900504171848
-0.004390474874526262
-0.004387740977108479
-0.004384721163660288
-0.004381443839520216
-0.004377944860607386
-0.004374266136437654
-0.004370455630123615
-0.004366562701761723
-0.00436263857409358
-0.00435873307287693
-0.004354895558208227
-0.004351169802248478
-0.004347595851868391
-0.004344205837696791
-0.004341026768088341
-0.004338075872510672
-0.004335361998528242
-0.004332886543124914
-0.004330642521381378
-0.004328614100813866
-0.004326779395341873
-0.004325110465288162
-0.004323573317378759
-0.004322131630033255
-0.004320746753364801
-0.004319377243518829
-0.004317985381931067
-0.004316532984375954
-0.004314986988902092
-0.004313317593187094
-0.004311502445489168
-0.004309524316340685
-0.004307372961193323
-0.004305044189095497
-0.004302540794014931
-0.00429987208917737
-0.004297052510082722
-0.004294103011488914
-0.004291047807782888
-0.004287913907319307
-0.004284731578081846
-0.004281529691070318
-0.004278338048607111
-0.004275183659046888
-0.004272092133760452
-0.004269085824489594
-0.004266182892024517
-0.00426339590921998
-0.00426073232665658
-0.004258195403963327
-0.004255782812833786
-0.004253487568348646
-0.004251299425959587
-0.004249201156198978
-0.00424717552959919
-0.004245202522724867
-0.004243259318172932
-0.004241324961185455
-0.004239377100020647
-0.004237396642565727
-0.004235366359353065
-0.004233270417898893
-0.004231097642332315
-0.004228840582072735
-0.004226495046168566
-0.004224061034619808
-0.004221542272716761
-0.004218946676701307
-0.004216284491121769
-0.004213567823171616
-0.004210811574012041
-0.004208031576126814
-0.004205245058983564
-0.004202466458082199
-0.004199711605906487
-0.004196994006633759
-0.004194325301796198
-0.004191713407635689
-0.004189164843410254
-0.004186683334410191
-0.004184269346296787
-0.004181919619441032
-0.004179629497230053
-0.004177391063421965
-0.004175194539129734
-0.00417302967980504
-0.004170885309576988
-0.004168749321252108
-0.00416661100462079
-0.004164460115134716
-0.004162287339568138
-0.004160086624324322
-0.004157853778451681
-0.004155585542321205
-0.004153280984610319
-0.004150943364948034
-0.004148577339947224
-0.004146188031882048
-0.004143782425671816
-0.004141370300203562
-0.004138960037380457
-0.004136562347412109
-0.00413418747484684
-0.00413184380158782
-0.004129539709538221
-0.004127283580601215
-0.004125081468373537
-0.004122938495129347
-0.004120857454836369
-0.004118842072784901
-0.00411689281463623
-0.004115009214729071
-0.004113190341740847
-0.004111433401703835
-0.004109737928956747
-0.004108100198209286
-0.004106519743800163
-0.00410499470308423
-0.004103525541722775
-0.004102112725377083
-0.004100758582353592
-0.004099467303603888
-0.00409824401140213
-0.004097094759345055
-0.004096026532351971
-0.004095050506293774
-0.004094175528734922
-0.0040934132412076
-0.004092774819582701
-0.004092271905392408
-0.004091918002814054
-0.004091723822057247
-0.004091701470315456
-0.004091861192137003
-0.00409221276640892
-0.004092765506356955
-0.004093527793884277
-0.004094507079571486
-0.004095709417015314
-0.004097140859812498
-0.004098806530237198
-0.004100711084902287
-0.004102857783436775
-0.004105251282453537
-0.004107896238565445
-0.00411079591140151
-0.004113954491913319
-0.004117375239729881
-0.004121061880141497
-0.004125017207115889
-0.004129243548959494
-0.004133744165301323
-0.004138520453125238
-0.00414357241243124
-0.004148900974541903
-0.004154504742473364
-0.004160381387919188
-0.004166525788605213
-0.004172932356595993
-0.00417959364131093
-0.004186500329524279
-0.004193640779703856
-0.004201001022011042
-0.004208564758300781
-0.004216315224766731
-0.004224232397973537
-0.004232295323163271
-0.004240481648594141
-0.004248767625540495
-0.004257127642631531
-0.004265535157173872
-0.00427396222949028
-0.004282379988580942
-0.004290760960429907
-0.004299074877053499
-0.004307293798774481
-0.004315387923270464
-0.00432332931086421
-0.004331088159233332
-0.004338637925684452
-0.004345950670540333
-0.004353000782430172
-0.00435976404696703
-0.004366215784102678
-0.004372335504740477
-0.004378102719783783
-0.004383499268442392
-0.004388510249555111
-0.004393121693283319
-0.004397321958094835
-0.004401102662086487
-0.004404458682984114
-0.004407389089465141
-0.004409894347190857
-0.004411979112774134
-0.00441365223377943
-0.004414924420416355
-0.004415811505168676
-0.004416330717504025
-0.004416503943502903
-0.004416356328874826
-0.004415914416313171
-0.004415208473801613
-0.004414270166307688
-0.00441313348710537
-0.004411833360791206
-0.004410405643284321
-0.004408887587487698
-0.004407314117997885
-0.00440572202205658
-0.004404146689921618
-0.004402621649205685
-0.00440117996186018
-0.004399850964546204
-0.004398660268634558
-0.00439763255417347
-0.004396786913275719
-0.004396139644086361
-0.004395701922476292
-0.004395481199026108
-0.004395479802042246
-0.004395695868879557
-0.004396121483296156
-0.004396745003759861
-0.004397549666464329
-0.00439851451665163
-0.004399613477289677
-0.00440081674605608
-0.004402091260999441
-0.004403398837894201
-0.004404699895530939
-0.004405951127409935
-0.004407108295708895
-0.004408122971653938
-0.00440894765779376
-0.004409533459693193
-0.004409832879900932
-0.004409798420965672
-0.004409384913742542
-0.00440854812040925
-0.0044072475284338
-0.004405446350574493
-0.004403110593557358
-0.004400210920721292
-0.004396723583340645
-0.004392629489302635
-0.004387914203107357
-0.00438256748020649
-0.004376585129648447
-0.004369968548417091
-0.004362724255770445
-0.004354862496256828
-0.004346397239714861
-0.004337348509579897
-0.004327738657593727
-0.004317595157772303
-0.004306945484131575
-0.00429582130163908
-0.00428425520658493
-0.004272282123565674
-0.004259937442839146
-0.004247257020324469
-0.004234275314956903
-0.004221027251332998
-0.004207545891404152
-0.004193863365799189
-0.004180010873824358
-0.004166017286479473
-0.004151910077780485
-0.004137714393436909
-0.004123452119529247
-0.004109146539121866
-0.004094818141311407
-0.004080485086888075
-0.004066166467964649
-0.00405188137665391
-0.004037647042423487
-0.004023482091724873
-0.004009405616670847
-0.003995437640696764
-0.00398159958422184
-0.003967913798987865
-0.003954404965043068
-0.003941098693758249
-0.003928022924810648
-0.003915207460522652
-0.003902684897184372
-0.00389048783108592
-0.00387865025550127
-0.003867208026349545
-0.003856195602566004
-0.003845648374408484
-0.00383559986948967
-0.003826082218438387
-0.003817125456407666
-0.003808756126090884
-0.003800996579229832
-0.00379386474378407
-0.003787373192608356
-0.003781527979299426
-0.003776328871026635
-0.003771768417209387
-0.003767831483855844
-0.003764495486393571
-0.003761729458346963
-0.003759495913982391
-0.0037577492184937
-0.003756436053663492
-0.003755497979000211
-0.003754870500415564
-0.003754483768716455
-0.003754264209419489
-0.003754136385396123
-0.003754023928195238
-0.003753849770873785
-0.003753537777811289
-0.003753014840185642
-0.003752211341634393
-0.00375106418505311
-0.003749515162780881
-0.003747514914721251
-0.003745021997019649
-0.003742004046216607
-0.003738438943400979
-0.003734314348548651
-0.003729629097506404
-0.003724392969161272
-0.003718625055626035
-0.003712354926392436
-0.003705621231347322
-0.003698471235111356
-0.003690960351377726
-0.003683149814605713
-0.003675105748698115
-0.003666899167001247
-0.003658602479845285
-0.003650289261713624
-0.00364203262142837
-0.003633903106674552
-0.003625968005508184
-0.00361828925088048
-0.003610923187807202
-0.00360391940921545
-0.003597318427637219
-0.003591152839362621
-0.003585444763302803
-0.003580208402127028
-0.003575446549803019
-0.003571153851225972
-0.003567314706742764
-0.00356390536762774
-0.003560894401744008
-0.003558242693543434
-0.00355590577237308
-0.003553833579644561
-0.003551972797140479
-0.003550266847014427
-0.003548658452928066
-0.003547090105712414
-0.003545505227521062
-0.003543850034475327
-0.003542074002325535
-0.003540131496265531
-0.003537982469424605
-0.003535592695698142
-0.003532935166731477
-0.003529990091919899
-0.003526745364069939
-0.003523196559399366
-0.003519346937537193
-0.003515206044539809
-0.003510790877044201
-0.003506124718114734
-0.00350123574025929
-0.003496157703921199
-0.003490927629172802
-0.00348558509722352
-0.003480171551927924
-0.00347473006695509
-0.003469302086159587
-0.003463928354904056
-0.003458647290244699
-0.003453494748100638
-0.003448501694947481
-0.003443695604801178
-0.003439098363742232
-0.003434726502746344
-0.003430590266361833
-0.003426694311201572
-0.003423037705942988
-0.003419613465666771
-0.00341640948317945
-0.003413408063352108
-0.003410587320104241
-0.003407921642065048
-0.003405382158234715
-0.003402937203645706
-0.003400554647669196
-0.003398201195523143
-0.003395843785256147
-0.003393450751900673
-0.003390992293134332
-0.003388442797586322
-0.003385778283700347
-0.003382979892194271
-0.0033800327219069
-0.003376927459612489
-0.00337365991435945
-0.003370230318978429
-0.003366644261404872
-0.003362912451848388
-0.003359049092978239
-0.003355072578415275
-0.003351005492731929
-0.003346871817484498
-0.003342697164043784
-0.003338508540764451
-0.003334333188831806
-0.003330197418108582
-0.003326126374304295
-0.003322141477838159
-0.003318262519314885
-0.003314505331218243
-0.003310881555080414
-0.003307398874312639
-0.003304059850051999
-0.003300863550975919
-0.003297804156318307
-0.003294871654361486
-0.003292052540928125
-0.003289329819381237
-0.003286684630438685
-0.003284095553681254
-0.00328154070302844
-0.003278997726738453
-0.003276444738730788
-0.003273860551416874
-0.003271226305514574
-0.00326852616854012
-0.00326574663631618
-0.003262877697125077
-0.003259913064539433
-0.003256850643083453
-0.003253692295402288
-0.003250442910939455
-0.003247112268581986
-0.003243711311370134
-0.003240255173295736
-0.003236760152503848
-0.003233243944123387
-0.003229724010452628
-0.003226218512281775
-0.003222744446247816
-0.003219317877665162
-0.003215951845049858
-0.003212657757103443
-0.003209443762898445
-0.003206315450370312
-0.003203274682164192
-0.003200319828465581
-0.003197446698322892
-0.003194648772478104
-0.003191916272044182
-0.003189237555488944
-0.003186599584296346
-0.003183988854289055
-0.003181391162797809
-0.003178792539983988
-0.003176179714500904
-0.003173540579155087
-0.003170865355059505
-0.003168145660310984
-0.003165375906974077
-0.003162553301081061
-0.003159676911309361
-0.00315674883313477
-0.003153773257508874
-0.003150756936520338
-0.003147708252072334
-0.003144636750221252
-0.003141552908346057
-0.003138467436656356
-0.003135391045361757
-0.003132333513349295
-0.003129304386675358
-0.003126311581581831
-0.003123361151665449
-0.003120458219200373
-0.003117604879662395
-0.003114801598712802
-0.003112046513706446
-0.003109337063506246
-0.003106667660176754
-0.00310403248295188
-0.003101424081251025
-0.003098834306001663
-0.003096255008131266
-0.003093677805736661
-0.003091095248237252
-0.003088500117883086
-0.003085887525230646
-0.003083252580836415
-0.003080592723563313
-0.003077906556427479
-0.003075194545090199
-0.003072457853704691
-0.00306969927623868
-0.003066923236474395
-0.003064134391024709
-0.003061338560655713
-0.003058541798964143
-0.003055749926716089
-0.003052968764677644
-0.003050203435122967
-0.003047458129003644
-0.003044736105948687
-0.003042040159925818
-0.003039371687918901
-0.003036730457097292
-0.003034116234630346
-0.003031526925042272
-0.003028960200026631
-0.003026412567123771
-0.003023879835382104
-0.003021357581019402
-0.003018842311576009
-0.003016328671947122
-0.003013813402503729
-0.003011293010786176
-0.003008764237165451
-0.003006224986165762
-0.003003674792125821
-0.003001112956553698
-0.002998539945110679
-0.002995957154780626
-0.002993366913869977
-0.002990771550685167
-0.002988173859193921
-0.002985577099025249
-0.002982984529808164
-0.002980398945510387
-0.002977823605760932
-0.002975260838866234
-0.002972712041810155
-0.002970178844407201
-0.002967661712318659
-0.002965160412713885
-0.002962674479931593
-0.00296020251698792
-0.002957743359729648
-0.002955294912680984
-0.002952855080366135
-0.002950421301648021
-0.002947991481050849
-0.002945563057437539
-0.002943134633824229
-0.002940704813227057
-0.002938272431492805
-0.002935836324468255
-0.002933396259322762
-0.002930952701717615
-0.002928505651652813
-0.002926056506112218
-0.002923606662079692
-0.002921157283708453
-0.002918710000813007
-0.00291626644320786
-0.002913828240707517
-0.002911396790295839
-0.002908973721787333
-0.00290655973367393
-0.00290415552444756
-0.002901761559769511
-0.002899377373978496
-0.00289700273424387
-0.002894636709243059
-0.002892278367653489
-0.002889926545321941
-0.002887580078095198
-0.002885237568989396
-0.002882897853851318
-0.002880559302866459
-0.002878221916034818
-0.002875884994864464
-0.002873548306524754
-0.002871211618185043
-0.002868875162675977
-0.002866538939997554
-0.002864203881472349
-0.00286187045276165
-0.002859539585188031
-0.002857211977243423
-0.002854888094589114
-0.002852568402886391
-0.002850253833457828
-0.002847944851964712
-0.002845641458407044
-0.002843343885615468
-0.002841051900759339
-0.002838765503838658
-0.002836484694853425
-0.002834209706634283
-0.002831939607858658
-0.002829674398526549
-0.002827413845807314
-0.002825157251209021
-0.002822904381901026
-0.002820654772222042
-0.002818408189341426
-0.002816163934767246
-0.002813922008499503
-0.002811682410538197
-0.002809444675222039
-0.002807208802551031
-0.002804975025355816
-0.002802743809297681
-0.002800515154376626
-0.002798289526253939
-0.002796066692098975
-0.002793847117573023
-0.002791631268337369
-0.002789419610053301
-0.002787212142720819
-0.002785009332001209
-0.002782811410725117
-0.002780618378892541
-0.002778430003672838
-0.002776246052235365
-0.002774066524580121
-0.002771890955045819
-0.002769719110801816
-0.002767550759017467
-0.00276538566686213
-0.002763222903013229
-0.002761062467470765
-0.002758904360234737
-0.002756748115643859
-0.002754593500867486
-0.002752440981566906
-0.002750290557742119
-0.002748142462223768
-0.002745996927842498
-0.002743854420259595
-0.002741714706644416
-0.002739578485488892
-0.002737445756793022
-0.002735316520556808
-0.002733191009610891
-0.002731069456785917
-0.002728951629251242
-0.002726837527006865
-0.002724727848544717
-0.002722621895372868
-0.00272051990032196
-0.002718421164900064
-0.002716325921937823
-0.002714234171435237
-0.002712145447731018
-0.002710059750825167
-0.002707976847887039
-0.002705896738916636
-0.002703819423913956
-0.002701744902879
-0.002699672942981124
-0.002697604242712259
-0.002695538103580475
-0.002693474991247058
-0.002691414672881365
-0.002689357381314039
-0.002687303815037012
-0.002685253275558352
-0.002683205995708704
-0.002681161975488067
-0.002679120982065797
-0.002677082549780607
-0.002675046678632498
-0.002673012902960181
-0.002670981455594301
-0.002668952336534858
-0.002666925545781851
-0.002664901548996568
-0.002662880346179008
-0.002660861704498529
-0.002658846322447062
-0.002656834432855248
-0.002654825570061803
-0.002652820199728012
-0.002650817623361945
-0.00264881900511682
-0.002646823413670063
-0.002644830383360386
-0.002642840379849076
-0.00264085317030549
-0.002638868289068341
-0.002636885968968272
-0.002634906442835927
-0.002632929710671306
-0.002630955772474408
-0.002628984628245234
-0.002627016510814428
-0.00262505142018199
-0.002623089123517275
-0.002621130086481571
-0.002619173843413591
-0.002617220161482692
-0.002615269273519516
-0.002613320481032133
-0.00261137424968183
-0.002609430113807321
-0.002607488073408604
-0.002605548594146967
-0.002603611443191767
-0.002601676387712359
-0.002599744126200676
-0.002597814425826073
-0.002595887752249837
-0.002593963872641325
-0.00259204232133925
-0.002590123331174254
-0.002588207134976983
-0.002586293499916792
-0.002584382658824325
-0.002582474844530225
-0.002580569358542562
-0.002578666433691978
-0.002576765837147832
-0.002574867801740766
-0.002572972560301423
-0.002571079647168517
-0.002569189528003335
-0.00256730243563652
-0.002565417904406786
-0.002563536167144775
-0.002561657689511776
-0.002559782238677144
-0.002557909116148949
-0.002556038787588477
-0.002554171020165086
-0.002552305813878775
-0.002550443168729544
-0.002548582851886749
-0.002546725096181035
-0.002544869668781757
-0.002543016569688916
-0.002541165798902512
-0.002539317356422544
-0.002537470776587725
-0.00253562699072063
-0.002533785300329328
-0.002531945938244462
-0.002530108671635389
-0.002528273733332753
-0.002526441123336554
-0.002524610608816147
-0.002522782189771533
-0.002520955866202712
-0.002519131638109684
-0.002517309738323092
-0.002515490166842937
-0.002513672458007932
-0.00251185754314065
-0.002510044723749161
-0.002508234465494752
-0.002506426768377423
-0.002504621632397175
-0.002502818824723363
-0.002501018578186631
-0.002499221125617623
-0.002497426234185696
-0.002495633438229561
-0.002493843203410506
-0.002492055995389819
-0.002490271581336856
-0.002488489728420973
-0.002486710203811526
-0.002484933007508516
-0.002483158372342587
-0.002481385599821806
-0.002479614922776818
-0.00247784610837698
-0.002476079389452934
-0.002474314300343394
-0.002472551073879004
-0.002470789942890406
-0.002469030441716313
-0.002467273036018014
-0.002465517958626151
-0.002463765209540725
-0.002462015021592379
-0.002460267394781113
-0.00245852186344564
-0.002456778893247247
-0.00245503825135529
-0.002453299937769771
-0.002451563952490687
-0.002449830062687397
-0.0024480982683599
-0.002446368569508195
-0.00244464073330164
-0.002442914759740233
-0.002441190415993333
-0.002439468167722225
-0.00243774801492691
-0.002436029957607388
-0.002434314228594303
-0.002432600827887654
-0.002430889755487442
-0.00242918124422431
-0.002427474828436971
-0.002425770973786712
-0.002424069447442889
-0.002422370482236147
-0.002420673845335841
-0.002418979536741972
-0.002417287090793252
-0.002415596274659038
-0.002413907088339329
-0.002412219997495413
-0.002410534536466002
-0.002408850705251098
-0.002407168271020055
-0.002405487932264805
-0.002403809688985348
-0.002402133541181684
-0.002400459488853812
-0.002398787764832377
-0.002397118136286736
-0.002395451301708817
-0.002393787261098623
-0.002392126014456153
-0.002390467328950763
-0.002388811204582453
-0.002387156942859292
-0.002385505009442568
-0.002383855171501637
-0.002382207196205854
-0.002380560850724578
-0.00237891566939652
-0.002377272350713611
-0.002375630661845207
-0.002373990835621953
-0.002372352639213204
-0.002370715606957674
-0.002369080437347293
-0.002367447363212705
-0.002365816151723266
-0.00236418703570962
-0.002362560015171766
-0.002360934857279062
-0.002359311562031507
-0.002357689896598458
-0.002356070326641202
-0.002354452386498451
-0.00235283630900085
-0.002351221861317754
-0.002349609509110451
-0.002347999019548297
-0.002346390625461936
-0.002344783861190081
-0.002343179192394018
-0.002341576153412461
-0.002339975442737341
-0.002338376361876726
-0.002336779376491904
-0.002335184719413519
-0.002333591924980283
-0.002332001458853483
-0.002330413088202477
-0.00232882727868855
-0.002327243564650416
-0.002325661946088076
-0.002324082888662815
-0.002322505693882704
-0.002320930594578385
-0.002319357357919216
-0.002317785751074553
-0.002316215774044394
-0.002314647659659386
-0.002313080709427595
-0.002311515156179667
-0.002309950767084956
-0.002308387774974108
-0.002306826179847121
-0.002305265981703997
-0.002303707413375378
-0.002302150940522552
-0.002300596330314875
-0.002299043815582991
-0.002297493163496256
-0.002295944839715958
-0.002294398378580809
-0.002292854012921453
-0.002291311975568533
-0.002289771800860763
-0.002288233023136854
-0.002286696806550026
-0.002285162452608347
-0.002283629961311817
-0.002282099099829793
-0.002280569635331631
-0.002279042266309261
-0.002277516294270754
-0.002275991952046752
-0.002274469472467899
-0.002272948157042265
-0.002271428937092423
-0.002269911812618375
-0.002268396317958832
-0.002266882453113794
-0.002265370450913906
-0.002263860078528523
-0.002262351335957646
-0.002260844456031919
-0.002259338973090053
-0.002257835119962692
-0.002256333129480481
-0.002254832303151488
-0.00225333240814507
-0.002251833910122514
-0.002250336809083819
-0.0022488406393677
-0.002247346332296729
-0.002245854120701551
-0.002244363306090236
-0.002242874354124069
-0.002241387264803052
-0.002239902270957828
-0.002238419372588396
-0.002236938569694757
-0.002235460560768843
-0.002233984414488077
-0.002232510363683105
-0.002231038408353925
-0.002229568548500538
-0.002228100085631013
-0.00222663301974535
-0.002225167118012905
-0.002223702613264322
-0.002222239039838314
-0.002220777096226811
-0.002219316782429814
-0.002217857865616679
-0.00221640057861805
-0.002214944688603282
-0.00221349042840302
-0.002212038030847907
-0.0022105872631073
-0.002209138590842485
-0.00220769178122282
-0.002206246368587017
-0.002204802585765719
-0.002203360665589571
-0.002201920142397285
-0.002200480783358216
-0.002199042588472366
-0.002197605790570378
-0.002196170389652252
-0.002194736618548632
-0.002193304477259517
-0.002191873965784907
-0.002190445316955447
-0.00218901876360178
-0.002187594538554549
-0.002186172176152468
-0.002184751676395535
-0.002183332806453109
-0.002181915333494544
-0.002180499723181129
-0.002179085044190288
-0.002177671995013952
-0.002176260109990835
-0.002174849389120936
-0.002173439832404256
-0.002172031672671437
-0.002170624909922481
-0.002169219311326742
-0.002167815109714866
-0.002166412770748138
-0.00216501229442656
-0.002163613913580775
-0.002162217395380139
-0.002160822506994009
-0.002159429248422384
-0.002158037852495909
-0.002156648319214582
-0.002155260182917118
-0.002153873210772872
-0.002152487868443131
-0.002151103690266609
-0.002149720210582018
-0.002148337429389358
-0.002146955579519272
-0.002145574428141117
-0.002144194208085537
-0.002142814919352531
-0.002141436794772744
-0.002140060300007463
-0.002138685202226043
-0.002137311967089772
-0.002135940827429295
-0.002134571550413966
-0.002133204368874431
-0.002131839515641332
-0.002130476757884026
-0.002129116095602512
-0.002127757761627436
-0.002126400824636221
-0.002125045517459512
-0.002123692072927952
-0.00212233979254961
-0.00212098890915513
-0.002119638724252582
-0.002118289936333895
-0.002116942312568426
-0.002115596085786819
-0.002114251023158431
-0.002112907124683261
-0.002111564390361309
-0.002110222820192575
-0.00210888241417706
-0.00210754363797605
-0.002106206491589546
-0.002104870742186904
-0.00210353615693748
-0.002102203201502562
-0.002100871177390218
-0.00209954078309238
-0.00209821155294776
-0.002096883719787002
-0.002095557516440749
-0.002094232710078359
-0.00209290930069983
-0.002091587753966451
-0.002090267837047577
-0.002088949084281921
-0.002087631728500128
-0.00208631600253284
-0.002085002139210701
-0.002083689672872424
-0.002082378370687366
-0.002081068698316813
-0.002079760655760765
-0.002078453544527292
-0.002077148063108325
-0.00207584397867322
-0.002074541291221976
-0.002073240233585238
-0.002071940572932363
-0.002070641843602061
-0.002069344744086266
-0.002068048808723688
-0.002066753804683685
-0.002065460197627544
-0.002064167754724622
-0.002062876475974917
-0.002061586594209075
-0.002060297876596451
-0.002059010323137045
-0.002057723933830857
-0.002056439174339175
-0.002055155811831355
-0.002053873846307397
-0.002052593277767301
-0.00205131433904171
-0.002050037030130625
-0.002048761118203402
-0.00204748660326004
-0.002046213718131185
-0.002044941764324903
-0.002043670974671841
-0.002042401116341352
-0.002041132422164083
-0.002039864892140031
-0.002038598293438554
-0.002037332626059651
-0.002036067890003324
-0.002034804318100214
-0.002033542143180966
-0.002032281132414937
-0.002031021052971482
-0.002029762603342533
-0.002028506016358733
-0.002027250826358795
-0.002025997033342719
-0.002024744870141149
-0.002023494569584727
-0.002022245433181524
-0.002020997693762183
-0.002019751584157348
-0.00201850663870573
-0.002017263090237975
-0.002016020705923438
-0.002014779485762119
-0.002013539429754019
-0.002012300537899137
-0.002011063043028116
-0.002009827177971601
-0.002008592477068305
-0.002007358940318227
-0.002006126567721367
-0.002004895359277725
-0.002003665547817945
-0.00200243666768074
-0.002001208951696754
-0.001999982632696629
-0.001998757477849722
-0.00199753325432539
-0.001996309729292989
-0.001995087135583162
-0.00199386547319591
-0.001992644276469946
-0.001991424476727843
-0.001990205375477672
-0.001988987904042006
-0.001987771829590201
-0.001986557152122259
-0.001985344104468822
-0.001984132686629891
-0.00198292313143611
-0.001981715206056833
-0.001980508910492063
-0.001979304244741797
-0.001978101208806038
-0.00197689956985414
-0.001975698862224817
-0.001974499318748713
-0.001973300939425826
-0.001972103491425514
-0.001970907440409064
-0.001969712320715189
-0.001968518132343888
-0.001967325108125806
-0.001966133248060942
-0.001964942552149296
-0.001963752787560225
-0.001962564419955015
-0.001961377216503024
-0.001960190944373608
-0.001959006069228053
-0.001957822358235717
-0.001956639578565955
-0.001955457730218768
-0.001954276813194156
-0.001953096711076796
-0.001951918005943298
-0.001950740930624306
-0.001949565135873854
-0.001948390854522586
-0.001947218086570501
-0.001946046715602279
-0.001944876625202596
-0.001943707698956132
-0.001942539704032242
-0.001941372407600284
-0.001940205926075578
-0.001939039793796837
-0.001937874127179384
-0.001936708809807897
-0.001935543958097696
-0.001934379455633461
-0.001933215768076479
-0.00193205289542675
-0.001930891070514917
-0.001929730526171625
-0.001928571611642838
-0.001927414326928556
-0.001926258788444102
-0.001925105112604797
-0.001923953415825963
-0.001922803465276957
-0.001921655377373099
-0.001920508802868426
-0.001919363625347614
-0.001918219728395343
-0.001917077228426933
-0.001915935892611742
-0.001914795604534447
-0.001913656480610371
-0.001912518171593547
-0.001911380793899298
-0.001910244231112301
-0.001909108716063201
-0.00190797436516732
-0.001906840829178691
-0.001905708108097315
-0.00190457608550787
-0.001903444877825677
-0.00190231460146606
-0.001901185140013695
-0.001900056609883904
-0.001898929011076689
-0.001897802343592048
-0.001896676607429981
-0.001895551802590489
-0.001894428394734859
-0.001893306151032448
-0.001892185071483254
-0.001891065621748567
-0.001889947685413063
-0.001888831029646099
-0.001887715654447675
-0.001886601676233113
-0.001885488745756447
-0.001884376746602356
-0.001883265445940197
-0.001882154960185289
-0.001881045172922313
-0.001879936316981912
-0.001878828159533441
-0.001877720933407545
-0.00187661440577358
-0.001875508925877512
-0.001874404842965305
-0.00187330215703696
-0.001872201100923121
-0.001871101674623787
-0.001870003761723638
-0.001868907595053315
-0.001867813058197498
-0.001866719801910222
-0.001865627593360841
-0.001864536548964679
-0.001863446552306414
-0.001862357254140079
-0.001861268770880997
-0.001860180753283203
-0.001859093201346695
-0.001858006464317441
-0.001856920076534152
-0.001855834387242794
-0.001854749280028045
-0.001853664987720549
-0.001852581393904984
-0.001851498847827315
-0.001850417349487543
-0.001849337131716311
-0.001848258078098297
-0.001847180188633502
-0.001846103463321924
-0.001845027902163565
-0.001843953272327781
-0.001842879806645215
-0.001841807505115867
-0.00184073590207845
-0.001839665230363607
-0.001838595373556018
-0.001837526331655681
-0.001836458337493241
-0.001835391391068697
-0.001834325143136084
-0.001833260059356689
-0.001832195906899869
-0.001831132685765624
-0.001830070512369275
-0.001829009735956788
-0.001827950123697519
-0.001826892024837434
-0.001825835206545889
-0.001824779552407563
-0.001823725062422454
-0.001822671620175242
-0.001821619225665927
-0.001820567762479186
-0.001819517114199698
-0.001818467397242785
-0.001817418378777802
-0.00181637005880475
-0.001815322553738952
-0.001814276096411049
-0.001813230803236365
-0.0018121866742149
-0.001811143476516008
-0.001810101559385657
-0.001809060689993203
-0.001808021101169288
-0.001806982676498592
-0.001805945415981114
-0.001804909203201532
-0.001803873921744525
-0.001802839804440737
-0.001801806385628879
-0.001800773665308952
-0.001799741759896278
-0.001798710436560214
-0.001797679695300758
-0.001796649768948555
-0.001795620424672961
-0.001794591662473977
-0.001793563715182245
-0.001792536699213088
-0.001791510265320539
-0.001790484879165888
-0.001789460307918489
-0.001788436667993665
-0.001787414075806737
-0.001786392414942384
-0.001785371801815927
-0.001784352003596723
-0.001783333136700094
-0.001782315433956683
-0.00178129889536649
-0.001780283404514194
-0.001779268844984472
-0.001778255216777325
-0.001777242752723396
-0.001776231336407363
-0.001775220618583262
-0.001774211064912379
-0.001773202326148748
-0.001772194635123014
-0.001771187875419855
-0.001770181930623949
-0.001769177033565938
-0.001768172834999859
-0.001767169567756355
-0.001766167348250747
-0.001765166060067713
-0.001764165703207254
-0.001763166161254048
-0.001762167667038739
-0.001761170220561326
-0.001760173588991165
-0.001759177888743579
-0.001758183119818568
-0.001757189282216132
-0.001756196492351592
-0.001755204750224948
-0.001754213939420879
-0.001753223943524063
-0.001752234878949821
-0.001751246629282832
-0.001750259078107774
-0.001749272225424647
-0.00174828595481813
-0.001747300382703543
-0.001746315509080887
-0.001745331333950162
-0.001744347857311368
-0.001743365079164505
-0.001742382883094251
-0.001741401618346572
-0.001740421168506145
-0.001739441882818937
-0.001738463761284947
-0.001737486920319498
-0.001736511709168553
-0.001735538011416793
-0.001734565710648894
-0.001733594806864858
-0.001732625183649361
-0.001731656608171761
-0.001730689313262701
-0.001729722949676216
-0.001728757400996983
-0.001727792550809681
-0.001726828166283667
-0.00172586424741894
-0.0017249007942155
-0.001723937690258026
-0.001722974819131196
-0.001722012064419687
-0.001721049658954144
-0.001720087602734566
-0.001719126128591597
-0.001718165236525238
-0.001717205042950809
-0.001716245664283633
-0.001715287566184998
-0.001714330748654902
-0.00171337544452399
-0.001712421653792262
-0.001711469143629074
-0.00171051814686507
-0.001709568430669606
-0.001708619995042682
-0.001707672607153654
-0.001706726034171879
-0.001705780276097357
-0.001704835332930088
-0.001703890622593462
-0.001702946261502802
-0.001702002133242786
-0.001701058121398091
-0.001700114575214684
-0.001699171611107886
-0.001698229112662375
-0.001697287545539439
-0.001696346676908433
-0.001695406972430646
-0.001694468199275434
-0.001693530357442796
-0.001692593563348055
-0.00169165781699121
-0.001690722885541618
-0.001689788768999279
-0.00168885535094887
-0.001687922631390393
-0.001686990493908525
-0.001686058705672622
-0.001685127266682684
-0.001684196060523391
-0.001683265320025384
-0.001682335045188665
-0.001681405352428555
-0.001680476125329733
-0.001679547829553485
-0.001678620115853846
-0.00167769321706146
-0.001676767133176327
-0.001675841864198446
-0.001674917293712497
-0.001673993654549122
-0.001673070830293
-0.001672148588113487
-0.001671227160841227
-0.001670306432060897
-0.001669386168941855
-0.001668466371484101
-0.001667547039687634
-0.00166662794072181
-0.00166570907458663
-0.001664790324866772
-0.001663871807977557
-0.001662953407503664
-0.001662035239860415
-0.00166111730504781
-0.001660199370235205
-0.001659281668253243
-0.00165836454834789
-0.001657448243349791
-0.001656532869674265
-0.001655618427321315
-0.001654705265536904
-0.001653793733566999
-0.0016528838314116
-0.00165197579190135
-0.001651069847866893
-0.001650166348554194
-0.001649265526793897
-0.001648367382586002
-0.001647472148761153
-0.001646580407395959
-0.001645692624151707
-0.001644809264689684
-0.001643931027501822
-0.001643058378249407
-0.001642192364670336
-0.001641333685256541
-0.001640483736991882
-0.001639643218368292
-0.001638813409954309
-0.001637995359487832
-0.001637190231122077
-0.001636399305425584
-0.001635623979382217
-0.001634865766391158
-0.001634125947020948
-0.001633406616747379
-0.001632708823308349
-0.001632034662179649
-0.001631385646760464
-0.001630763756111264
-0.001630170736461878
-0.001629608566872776
-0.00162907934281975
-0.001628585159778595
-0.00162812857888639
-0.001627711695618927
-0.001627336605452001
-0.001627005636692047
-0.001626721117645502
-0.001626485725864768
-0.001626301323994994
-0.001626170007511973
-0.001626094104722142
-0.00162607547827065
-0.001626115990802646
-0.001626217272132635
-0.00162638071924448
-0.001626607612706721
-0.001626898883841932
-0.001627255463972688
-0.001627677702344954
-0.001628165948204696
-0.001628719968721271
-0.001629339414648712
-0.001630023354664445
-0.001630770391784608
-0.001631578663364053
-0.001632446190342307
-0.001633369945921004
-0.00163434655405581
-0.001635372638702393
-0.001636443776078522
-0.001637555076740682
-0.001638701534830034
-0.001639877329580486
-0.001641076407395303
-0.001642292132601142
-0.001643517520278692
-0.001644745236262679
-0.001645967597141862
-0.001647176686674356
-0.001648364472202957
-0.001649522455409169
-0.001650642254389822
-0.001651715370826423
-0.001652733306400478
-0.001653687679208815
-0.001654570223763585
-0.001655373023822904
-0.001656088163144886
-0.001656708540394902
-0.001657227287068963
-0.001657638349570334
-0.001657936372794211
-0.001658116583712399
-0.0016581752570346
-0.001658109482377768
-0.001657917397096753
-0.001657598419114947
-0.001657152897678316
-0.001656581996940076
-0.001655888394452631
-0.001655075815506279
-0.001654148800298572
-0.001653113402426243
-0.001651976723223925
-0.001650746446102858
-0.001649431767873466
-0.00164804223459214
-0.001646588440053165
-0.001645081443712115
-0.001643533236347139
-0.001641955692321062
-0.001640361384488642
-0.001638762652873993
-0.001637172303162515
-0.001635602558963001
-0.001634065411053598
-0.001632572384551167
-0.001631134538911283
-0.001629762002266943
-0.001628463738597929
-0.001627247896976769
-0.001626121462322772
-0.001625089673325419
-0.001624156488105655
-0.001623324467800558
-0.001622594427317381
-0.001621965318918228
-0.001621434930711985
-0.001620999188162386
-0.001620652619749308
-0.001620388007722795
-0.001620196853764355
-0.001620069495402277
-0.001619995338842273
-0.001619962975382805
-0.001619959832169116
-0.001619972987100482
-0.00161998940166086
-0.001619995920918882
-0.001619979040697217
-0.001619926071725786
-0.001619824790395796
-0.001619663904421031
-0.001619432936422527
-0.00161912280600518
-0.00161872582975775
-0.001618235721252859
-0.001617648056708276
-0.001616960042156279
-0.001616170397028327
-0.001615280052646995
-0.001614291686564684
-0.001613209489732981
-0.001612039282917976
-0.001610788749530911
-0.001609466387890279
-0.001608082093298435
-0.001606647041626275
-0.001605173107236624
-0.001603672280907631
-0.001602157368324697
-0.001600640825927258
-0.001599134993739426
-0.001597651862539351
-0.001596202724613249
-0.001594797940924764
-0.001593446475453675
-0.001592155662365258
-0.001590931671671569
-0.001589778577908874
-0.001588698942214251
-0.001587693113833666
-0.001586759346537292
-0.001585894147865474
-0.001585092162713408
-0.001584346406161785
-0.001583648147061467
-0.001582987490110099
-0.001582353375852108
-0.001581734046339989
-0.00158111669588834
-0.001580488402396441
-0.001579836243763566
-0.001579147763550282
-0.001578410621732473
-0.001577613176777959
-0.001576744834892452
-0.001575796166434884
-0.001574758905917406
-0.001573626417666674
-0.001572393462993205
-0.001571056665852666
-0.001569614047184587
-0.001568065490573645
-0.001566411927342415
-0.001564656035043299
-0.00156280177179724
-0.001560854027047753
-0.001558818621560931
-0.001556701958179474
-0.001554510905407369
-0.001552252331748605
-0.001549932989291847
-0.001547559164464474
-0.001545136445201933
-0.001542669488117099
-0.001540162251330912
-0.001537617179565132
-0.001535035436972976
-0.001532416790723801
-0.001529759727418423
-0.001527061220258474
-0.001524316961877048
-0.001521521247923374
-0.001518667908385396
-0.001515749143436551
-0.001512757386080921
-0.00150968402158469
-0.001506520668044686
-0.001503259059973061
-0.001499891630373895
-0.001496411510743201
-0.001492812996730208
-0.00148909178096801
-0.001485245302319527
-0.001481272629462183
-0.001477174810133874
-0.001472954987548292
-0.001468618283979595
-0.00146417215000838
-0.001459626015275717
-0.001454991521313787
-0.001450281823053956
-0.001445511938072741
-0.001440698164515197
-0.001435857964679599
-0.001431009732186794
-0.001426172791980207
-0.001421366585418582
-0.001416610437445343
-0.00141192355658859
-0.001407324336469173
-0.001402830705046654
-0.001398459193296731
-0.001394225051626563
-0.001390141900628805
-0.001386221731081605
-0.001382474438287318
-0.00137890805490315
-0.001375528983771801
-0.00137234153226018
-0.001369347679428756
-0.001366548240184784
-0.001363941933959723
-0.001361525966785848
-0.001359296264126897
-0.001357247238047421
-0.001355372252874076
-0.001353663741610944
-0.001352113089524209
-0.001350710983388126
-0.001349447178654373
-0.001348311081528664
-0.001347291516140103
-0.001346376491710544
-0.001345554133877158
-0.001344811171293259
-0.001344134798273444
-0.001343511394225061
-0.001342927338555455
-0.001342368661426008
-0.001341821276582778
-0.001341270981356502
-0.001340703456662595
-0.001340104849077761
-0.001339460839517415
-0.001338758156634867
-0.001337983878329396
-0.001337125548161566
-0.001336171641014516
-0.001335111912339926
-0.001333937281742692
-0.001332640298642218
-0.001331214793026447
-0.001329656690359116
-0.001327964011579752
-0.001326136640273035
-0.001324177021160722
-0.001322090276516974
-0.001319883507676423
-0.001317566027864814
-0.001315149944275618
-0.001312649110332131
-0.001310079474933445
-0.00130745826754719
-0.001304804696701467
-0.001302138669416308
-0.001299480791203678
-0.00129685178399086
-0.001294272020459175
-0.001291760941967368
-0.001289336942136288
-0.001287016551941633
-0.001284815021790564
-0.001282744575291872
-0.001280814991332591
-0.001279033254832029
-0.00127740332391113
-0.001275925897061825
-0.001274598762392998
-0.001273416448384523
-0.00127237057313323
-0.00127145042642951
-0.001270642038434744
-0.001269929576665163
-0.001269295811653137
-0.001268721651285887
-0.001268187188543379
-0.001267672283574939
-0.001267156447283924
-0.001266619889065623
-0.001266043749637902
-0.001265410683117807
-0.001264705322682858
-0.001263914164155722
-0.001263026148080826
-0.001262033241800964
-0.001260930090211332
-0.001259714481420815
-0.001258386881090701
-0.001256950898095965
-0.001255412353202701
-0.001253779977560043
-0.001252064830623567
-0.001250280067324638
-0.001248439773917198
-0.001246559666469693
-0.001244656043127179
-0.001242745900526643
-0.001240845653228462
-0.001238971366547048
-0.001237138290889561
-0.001235360279679298
-0.001233649556525052
-0.001232016715221107
-0.001230469555594027
-0.001229014247655869
-0.001227654633112252
-0.001226391876116395
-0.001225224579684436
-0.001224149251356721
-0.001223159953951836
-0.00122224900405854
-0.0012214066227898
-0.001220621634274721
-0.001219882047735155
-0.001219174591824412
-0.001218485762365162
-0.001217802055180073
-0.001217110082507133
-0.001216397038660944
-0.00121565128210932
-0.001214862568303943
-0.001214022049680352
-0.001213123206980526
-0.001212160801514983
-0.001211132272146642
-0.001210036571137607
-0.001208875328302383
-0.001207652036100626
-0.001206372049637139
-0.001205042470246553
-0.001203671912662685
-0.001202270039357245
-0.001200847676955163
-0.001199415884912014
-0.001197986421175301
-0.001196570345200598
-0.001195178716443479
-0.001193821313790977
-0.001192506984807551
-0.001191243063658476
-0.001190035603940487
-0.001188888330943882
-0.001187803340144455
-0.001186780747957528
-0.001185818808153272
-0.001184913795441389
-0.001184060587547719
-0.001183252083137631
-0.001182480482384562
-0.001181736472062767
-0.001181010156869888
-0.001180291641503572
-0.001179570914246142
-0.001178838429041207
-0.001178085105493665
-0.001177302794530988
-0.001176484860479832
-0.001175625482574105
-0.00117472093552351
-0.001173768774606287
