0
0
0
0
0
0
0
0
0
0
0
0
0
0
0
0
0
0
0
0
0
0
0
0
0
0
0
0
0
0
0
0
0
0
0
0
0
0
0
0
0
0
0
0
0
0
0
0
0
0
0
0
0
0
0
0
0
0
0
0
0
0
0
0
0
0
0
0
0
0
0
0
0
0
0
0
0
0
0
0
0
0
0
0
0
0
0
0
0
0
0
0
0
0
0
0
0
0
0
0
0
0
0
0
0
0
0
0
0
0
0
0
0
0
0
0
0
0
0
0
0
0
0
0
0
0
0
0
0
0
0
0
0
0
0
0
0
0
0
0
0
0
0
0
0
0
0
0
0
0
0
0
0
0
0
0
0
0
0
0
0
0
0
0
0
0
0
0
0
0
0
0
0
0
0
0
0
0
0
0
0
0
0
0
0
0
0
0
0
0
0
0
0
0
0
0
0
0
0
0
0
0
0
0
0
0
0
0
0
0
0
0
0
0
0
0
0
0
0
0
0
0
0
0
0
0
0
0
0
0
0
0
0
0
0
0
0
0
0
0
0
0
0
0
0
0
0
0
0
0
0
0
0
0
0
0
0
0
0
0
0
0
0
0
0
0
0
0
0
0
0
0
0
0
0
0
0
0
0
0
0
0
0
0
0
0
0
0
0
0
0
0
0
0
0
0
0
0
0
0
0
0
0
0
0
0
0
0
0
0
0
0
0
0
0
0
0
0
0
0
0
0
0
0
0
0
0
0
0
0
0
0
0
0
0
0
0
0
0
0
0
0
0
0
0
0
0
0
0
0
0
0
0
0
0
0
0
0
0
0
0
0
0
0
0
0
0
0
0
0
0
0
0
0
0
0
0
0
0
0
0
0
0
0
0
0
0
0
0
0
0
0
0
0
0
0
0
0
0
0
0
0
0
0
0
0
0
0
0
0
0
0
0
0
0
0
0
0
0
0
0
0
0
0
0
0
0
0
0
0
0
0
0
0
0
0
0
0
0
0
0
0
0
0
0
0
0
0
0
0
0
0
0
0
0
0
0
0
0
0
0
0
0
0
0
0
0
0
0
0
0
0
0
0
0
0
0
0
0
0
0
0
0
0
0
0
0
0
0
0
0
0
0
0
0
0
0
0
0
0
0
0
0
0
0
0
0
0
0
0
0
0
0
0
0
0
0
0
0
0
0
0
0
0
0
0
0
0
0
0
0
0
0
0
0
0
0
0
0
0
0
0
0
0
0
0
0
0
0
0
0
0
0
0
0
0
0
0
0
0
0
0
0
0
0
0
0
0
0
0
0
0
0
0
0
0
0
0
0
0
0
0
0
0
0
0
0
0
0
0
0
0
0
0
0
0
0
0
0
0
0
0
0
0
0
0
0
0
0
0
0
0
0
0
0
0
0
0
0
0
0
0
0
0
0
0
0
0
0
0
0
0
0
0
0
0
0
0
0
0
0
0
0
0
0
0
0
0
0
0
0
0
0
0
0
0
0
0
0
0
0
0
0
0
0
0
0
0
0
0
0
0
0
0
0
0
0
0
0
0
0
0
0
0
0
0
0
0
0
0
0
0
0
0
0
0
0
0
0
0
0
0
0
0
0
0
0
0
0
0
0
0
0
0
0
0
0
0
0
0
0
0
0
0
0
0
0
0
0
0
0
0
0
0
0
0
0
0
0
0
0
0
0
0
0
0
0
0
0
0
0
0
0
0
0
0
0
0
0
0
0
0
0
0
0
0
0
0
0
0
0
0
0
0
0
0
0
0
0
0
0
0
0
0
0
0
0
0
0
0
0
0
0
0
0
0
0
0
0
0
0
0
0
0
0
0
0
0
0
0
0
0
0
0
0
0
0
0
0
0
0
0
0
0
0
0
0
0
0
0
0
0
0
0
0
0
0
0
0
0
0
0
0
0
0
0
0
0
0
0
0
0
0
0
0
0
0
0
0
0
0
0
0
0
0
0
0
0
0
0
0
0
0
0
0
0
0
0
0
0
0
0
0
0
0
0
0
0
0
0
0
0
0
0
0
0
0
0
0
0
0
0
0
0
0
0
0
0
0
0
0
0
0
0
0
0
0
0
0
0
0
0
0
0
0
0
0
0
0
0
0
0
0
0
0
0
0
0
0
0
0
0
0
0
0
0
0
0
0
0
0
0
0
0
0
0
0
0
0
0
0
0
0
0
0
0
0
0
0
0
0
0
0
0
0
0
0
0
0
0
0
0
0
0
0
0
0
0
0
0
0
0
0
0
0
0
0
0
0
0
0
0
0
0
0
0
0
0
0
0
0
0
0
0
0
0
0
0
0
0
0
0
0
0
0
0
0
0
0
0
0
0
0
0
0
0
0
0
0
0
0
0
0
0
0
0
0
0
0
0
0
0
0
0
0
0
0
0
0
0
0
0
0
0
0
0
0
0
0
0
0
0
0
0
0
0
0
0
0
0
0
0
0
0
0
0
0
0
0
0
0
0
0
0
0
0
0
0
0
0
0
0
0
0
0
0
0
0
0
0
0
0
0
0
0
0
0
0
0
0
0
0
0
0
0
0
0
0
0
0
0
0
0
0
0
0
0
0
0
0
0
0
0
0
0
0
0
0
0
0
0
0
0
0
0
0
0
0
0
0
0
0
0
0
0
0
0
0
0
0
0
0
0
0
0
0
0
0
0
0
0
0
0
0
0
0
0
0
0
0
0
0
0
0
0
0
0
0
0
0
0
0
0
0
0
0
0
0
0
0
0
0
0
0
0
0
0
0
0
0
0
0
0
0
0
0
0
0
0
0
0
0
0
0
0
0
0
0
0
0
0
0
0
0
0
0
0
0
0
0
0
0
0
0
0
0
0
0
0
0
0
0
0
0
0
0
0
0
0
0
0
0
0
0
0
0
0
0
0
0
0
0
0
0
0
0
0
0
0
0
0
0
0
0
0
0
0
0
0
0
0
0
0
0
0
0
0
0
0
0
0
0
0
0
0
0
0
0
0
0
0
0
0
0
0
0
0
0
0
0
0
0
0
0
0
0
0
0
0
0
0
0
0
0
0
0
0
0
0
0
0
0
0
0
0
0
0
0
0
0
0
0
0
0
0
0
0
0
0
0
0
0
0
0
0
0
0
0
0
0
0
0
0
0
0
0
0
0
0
0
0
0
0
0
0
0
0
0
0
0
0
0
0
0
0
0
0
0
0
0
0
0
0
0
0
0
0
0
0
0
0
0
0
0
0
0
0
0
0
0
0
0
0
0
0
0
0
0
0
0
0
0
0
0
0
0
0
0
0
0
0
0
0
0
0
0
0
0
0
0
0
0
0
0
0
0
0
0
0
0
0
0
0
0
0
0
0
0
0
0
0
0
0
0
0
0
0
0
0
0
0
0
0
0
0
0
0
0
0
0
0
0
0
0
0
0
0
0
0
0
0
0
0
0
0
0
0
0
0
0
0
0
0
0
0
0
0
0
0
0
0
0
0
0
0
0
0
0
0
0
0
0
0
0
0
0
0
0
0
0
0
0
0
0
0
0
0
0
0
0
0
0
0
0
0
0
0
0
0
0
0
0
0
0
0
0
0
0
0
0
0
0
0
0
0
0
0
0
0
0
0
0
0
0
0
0
0
0
0
0
0
0
0
0
0
0
0
0
0
0
0
0
0
0
0
0
0
0
0
0
0
0
0
0
0
0
0
0
0
0
0
0
0
0
0
0
0
0
0
0
0
0
0
0
0
0
0
0
0
0
0
0
0
0
0
0
0
0
0
0
0
0
0
0
0
0
0
0
0
0
0
0
0
0
0
0
0
0
0
0
0
0
0
0
0
0
0
0
0
0
0
0
0
0
0
0
0
0
0
0
0
0
0
0
0
0
0
0
0
0
0
0
0
0
0
0
0
0
0
0
0
0
0
0
0
0
0
0
0
0
0
0
0
0
0
0
0
0
0
0
0
0
0
0
0
0
0
0
0
0
0
0
0
0
0
0
0
0
0
0
0
0
0
0
0
0
0
0
0
0
0
0
0
0
0
0
0
0
0
0
0
0
0
0
0
0
0
0
0
0
0
0
0
0
0
0
0
0
0
0
0
0
0
0
0
0
0
0
0
0
0
0
0
0
0
0
0
0
0
0
0
0
0
0
0
0
0
0
2.802596928649634e-45
1.401298464324817e-44
4.203895392974451e-44
8.407790785948902e-44
1.513402341470802e-43
2.662467082217152e-43
4.554220009055655e-43
7.637076630570253e-43
1.254162125570711e-42
2.038889265592609e-42
3.286044898841696e-42
5.28569780743321e-42
8.487664798415417e-42
1.359820029780802e-41
2.173273788321359e-41
3.467092660432462e-41
5.523918546368429e-41
8.789644617477415e-41
1.396884374162194e-40
2.217246534131872e-40
3.515157197758804e-40
5.566125656113892e-40
8.802956952888501e-40
1.390533689521874e-39
2.193886888731577e-39
3.45723872963133e-39
5.441589458992417e-39
8.554711324739502e-39
1.343287230239005e-38
2.106766481646346e-38
3.300262192801043e-38
5.163755133509507e-38
8.06990745815336e-38
1.259672367444068e-37
1.963962845640055e-37
3.058413043726178e-37
4.757148653803284e-37
7.390699213533892e-37
1.146866697606373e-36
1.777581316099335e-36
2.751918801531511e-36
4.255316096174789e-36
6.57231848959277e-36
1.01390290767009e-35
1.562304025710119e-35
2.40451028531249e-35
3.6964097148391e-35
5.67579009908332e-35
8.704940891965836e-35
1.333518214537487e-34
2.040451103983655e-34
3.118516028988228e-34
4.76063319386274e-34
7.25899995891914e-34
1.105566120437289e-33
1.681855991183258e-33
2.555580554669317e-33
3.878710016457176e-33
5.88006922928477e-33
8.903800327402648e-33
1.346686588983528e-32
2.034493459841397e-32
3.070047118376612e-32
4.627358197393302e-32
6.96660018399011e-32
1.04763218625086e-31
1.573610424910475e-31
2.360947959982482e-31
3.538154770975047e-31
5.296253274324761e-31
7.918858753636438e-31
1.182656684921622e-30
1.764238909680217e-30
2.628808798099837e-30
3.912585362700663e-30
5.816641332049605e-30
8.637432431763027e-30
1.281153726373632e-29
1.898114701165423e-29
2.808979055391613e-29
4.152213779353076e-29
6.130789921549798e-29
9.041883588152145e-29
1.332009982948399e-28
1.960028895164476e-28
2.880872936879995e-28
4.229535232351295e-28
6.202524311964661e-28
9.085561994102147e-28
1.329360818161645e-27
1.9428623352723e-27
2.836282362360083e-27
4.135856748001836e-27
6.024073902590059e-27
8.764440331487791e-27
1.273700672396877e-26
1.848928491871514e-26
2.680912971514498e-26
3.882892012782394e-26
5.617435365248071e-26
8.117669607183012e-26
1.171751185604749e-25
1.689469381085303e-25
2.433191665309569e-25
3.500367628273211e-25
5.029936876022479e-25
7.219765445109431e-25
1.035131545525047e-24
1.482450290057577e-24
2.120689052264083e-24
3.030305037767028e-24
4.325221002548224e-24
6.166561194853384e-24
8.78194511799679e-24
1.249256301156551e-23
1.775111532779511e-23
2.51949298917618e-23
3.572023078902625e-23
5.058584754226032e-23
7.155791350050904e-23
1.011114387331362e-22
1.427108447449393e-22
2.011999709968033e-22
2.833434385905175e-22
3.985775385654635e-22
5.600502976704938e-22
7.860603858986048e-22
1.102045399377779e-21
1.543327071077604e-21
2.158893940891344e-21
3.016613391191169e-21
4.210397381612144e-21
5.870048038994564e-21
8.17476749992015e-21
1.137167516459555e-20
1.580115464339599e-20
2.193150971647439e-20
3.040630305626833e-20
4.210892478289326e-20
5.825056926151852e-20
8.048995334016315e-20
1.110960819066741e-19
1.531691761981119e-19
2.109402585853367e-19
2.901771302327101e-19
3.987331860474782e-19
5.472895249362028e-19
7.503561097645887e-19
1.027621777815959e-18
1.405770910362178e-18
1.9209288628977e-18
2.621943959316231e-18
3.574793779636224e-18
4.868484818924764e-18
6.622957232026275e-18
8.999644000876911e-18
1.22155716756116e-17
1.656217418400624e-17
2.243034234196768e-17
3.034375757785833e-17
4.100318414557597e-17
5.534527835738379e-17
7.462051230633536e-17
1.004963563758845e-16
1.351938037456258e-16
1.816676295903825e-16
2.438441889627028e-16
3.269348653054587e-16
4.378485357924889e-16
5.857338179986302e-16
7.826906834545284e-16
1.044704390880326e-15
1.392867860607668e-15
1.854980555146763e-15
2.467639697654035e-15
3.278964700467409e-15
4.352151844748582e-15
5.770103209660647e-15
7.641439123985943e-15
1.010831077451506e-14
1.335652542614005e-14
1.762867500902047e-14
2.324111362346157e-14
3.060588891698468e-14
4.025906601905042e-14
5.28971940035039e-14
6.942430435868605e-14
9.101230104844107e-14
1.191785656707439e-13
1.558853415274675e-13
2.036672290236033e-13
2.657942225689491e-13
3.464798977240169e-13
4.511472846777803e-13
5.867675594538324e-13
7.622913259820729e-13
9.891965718766826e-13
1.282184536495479e-12
1.660062603874024e-12
2.146861030963287e-12
2.773247560414194e-12
3.578310824731146e-12
4.611814402588621e-12
5.937033416975046e-12
7.634325463468095e-12
9.805614653579653e-12
1.258002643028666e-11
1.612093965264183e-11
2.063482371084113e-11
2.638227657170145e-11
3.369180628931545e-11
4.297703859457158e-11
5.475808348420763e-11
6.968815802199657e-11
8.858662414734653e-11
1.124799836604851e-10
1.426525980674498e-10
1.807094612837901e-10
2.28653679323898e-10
2.889821715257312e-10
3.648033819469987e-10
4.59982107958723e-10
5.793175938961781e-10
7.287615511053502e-10
9.156858049585992e-10
1.149209394313289e-09
1.440597863222592e-09
1.803750926399061e-09
2.255796216488193e-09
2.81781109556789e-09
3.515701063605547e-09
4.381262019848009e-09
5.45347056402079e-09
6.780041861276231e-09
8.419311470220237e-09
1.044250819148829e-08
1.293648388411839e-08
1.600700016979317e-08
1.978267860636151e-08
2.441972313249607e-08
3.010759286325992e-08
3.707575757516679e-08
4.560177657708664e-08
5.602093722245627e-08
6.873766977832929e-08
8.42391614241933e-08
1.031114820193579e-07
1.260586941498332e-07
1.539254128601897e-07
1.877234439007225e-07
2.286631968217989e-07
2.781906118798361e-07
3.380305884093104e-07
4.102378454717837e-07
4.972565079697233e-07
6.019895977260603e-07
7.278805469468352e-07
8.790075298747979e-07
1.060193540070031e-06
1.277134288102388e-06
1.53654548284976e-06
1.846334725996712e-06
2.215798531324253e-06
2.655850266819471e-06
3.179281293341774e-06
3.801061893682345e-06
4.538685061561409e-06
5.412561222328804e-06
6.446466613851953e-06
7.668056241527665e-06
9.109443453780841e-06
1.080786569218617e-05
1.280642209167127e-05
1.515492840553634e-05
1.791086106095463e-05
2.114043127221521e-05
2.49197801167611e-05
2.933633550128434e-05
3.449029463808984e-05
4.049631752423011e-05
4.748537321574986e-05
5.560680438065901e-05
6.503061740659177e-05
7.594998896820471e-05
8.858401270117611e-05
0.0001031807623803616
0.0001200205952045508
0.000139419746119529
0.0001617343223188072
0.000187364435987547
0.0002167588827433065
0.0002504200965631753
0.000288909359369427
0.0003328524762764573
0.0003829457273241132
0.0004399622848723084
0.0005047588492743671
0.0005782824591733515
0.0006615780876018107
0.000755795743316412
0.0008621987071819603
0.0009821705752983689
0.001117224106565118
0.001269008731469512
0.001439318293705583
0.001630098908208311
0.001843456062488258
0.002081661950796843
0.002347161062061787
0.002642577048391104
0.002970714820548892
0.003334566717967391
0.003737313207238913
0.004182323347777128
0.004673154093325138
0.005213545635342598
0.005807417444884777
0.006458858028054237
0.007172114681452513
0.007951579988002777
0.008801775053143501
0.009727324359118938
0.01073293294757605
0.01182336080819368
0.0130033828318119
0.01427776273339987
0.01565119624137878
0.01712827757000923
0.0187134426087141
0.0204109214246273
0.0222246665507555
0.02415830828249454
0.02621507085859776
0.02839772216975689
0.03070848807692528
0.03314899280667305
0.03572017699480057
0.03842223063111305
0.04125452041625977
0.04421552643179893
0.04730276018381119
0.05051272734999657
0.05384084954857826
0.05728143826127052
0.06082766130566597
0.06447149813175201
0.06820373982191086
0.0720139667391777
0.07589062303304672
0.07982097566127777
0.08379121869802475
0.0877864882349968
0.09179102629423141
0.09578820317983627
0.09976069629192352
0.1036906316876411
0.1075597181916237
0.1113494411110878
0.1150412857532501
0.1186168938875198
0.1220583543181419
0.1253484040498734
0.1284706145524979
0.1314097493886948
0.1341518461704254
0.1366845816373825
0.138997420668602
0.141081914305687
0.1429317444562912
0.1445429921150208
0.1459142416715622
0.1470467001199722
0.1479442268610001
0.1486134231090546
0.1490635573863983
0.1493065655231476
0.1493568420410156
0.1492312103509903
0.1489486545324326
0.1485301107168198
0.1479981541633606
0.1473767310380936
0.1466907262802124
0.145965650677681
0.1452271640300751
0.1445007473230362
0.1438111811876297
0.143182173371315
0.1426358819007874
0.1421925574541092
0.1418701410293579
0.141683965921402
0.1416464000940323
0.1417666375637054
0.1420505046844482
0.1425003111362457
0.1431147903203964
0.1438891738653183
0.1448152512311935
0.1458814889192581
0.1470734030008316
0.1483737081289291
0.1497628092765808
0.1512191146612167
0.1527196615934372
0.1542404741048813
0.1557572036981583
0.1572456657886505
0.1586823463439941
0.1600450426340103
0.1613132804632187
0.1624687612056732
0.1634958833456039
0.1643819659948349
0.1651176065206528
0.1656967997550964
0.1661171168088913
0.1663795858621597
0.1664886921644211
0.1664521396160126
0.1662805676460266
0.1659871637821198
0.1655872464179993
0.1650978028774261
0.1645368188619614
0.1639228165149689
0.1632741987705231
0.1626086831092834
0.1619426608085632
0.1612908095121384
0.1606654524803162
0.1600762605667114
0.1595298647880554
0.1590296775102615
0.158575713634491
0.1581646353006363
0.1577897965908051
0.1574415117502213
0.1571072190999985
0.1567720472812653
0.1564191430807114
0.1560302972793579
0.1555865108966827
0.1550685912370682
0.1544578224420547
0.1537365913391113
0.1528889536857605
0.1519011706113815
0.1507622748613358
0.1494642794132233
0.1480026990175247
0.1463765799999237
0.1445887237787247
0.1426455229520798
0.1405569314956665
0.138336181640625
0.135999470949173
0.1335655152797699
0.13105508685112
0.1284905076026917
0.1258949637413025
0.1232920810580254
0.120705246925354
0.1181570738554001
0.1156689450144768
0.1132605075836182
0.110949344933033
0.1087506413459778
0.1066769957542419
0.1047382950782776
0.1029416844248772
0.1012916192412376
0.09978999197483063
0.09843632578849792
0.0972280278801918
0.0961606353521347
0.09522823244333267
0.09442361444234848
0.09373875707387924
0.09316498786211014
0.09269333630800247
0.09231469035148621
0.09202004969120026
0.09180056303739548
0.0916476771235466
0.09155311435461044
0.09150887280702591
0.09150714427232742
0.09154027700424194
0.09160065650939941
0.09168056398630142
0.09177218377590179
0.09186745434999466
0.09195807576179504
0.09203546494245529
0.09209086000919342
0.09211539477109909
0.09210024029016495
0.09203679114580154
0.09191693365573883
0.09173326939344406
0.09147939831018448
0.09115021675825119
0.09074217826128006
0.09025353193283081
0.08968451619148254
0.08903751522302628
0.08831712603569031
0.08753018081188202
0.08668564260005951
0.08579445630311966
0.08486925065517426
0.0839240625500679
0.0829738974571228
0.08203426003456116
0.08112069219350815
0.08024826645851135
0.07943101972341537
0.07868147641420364
0.0780102014541626
0.07742540538311005
0.0769326388835907
0.07653453946113586
0.0762307271361351
0.07601781934499741
0.07588953524827957
0.07583686709403992
0.07584847509860992
0.07591108977794647
0.07600995153188705
0.07612939178943634
0.07625343650579453
0.0763663724064827
0.0764533132314682
0.07650081813335419
0.07649728655815125
0.07643342763185501
0.07630254328250885
0.07610073685646057
0.07582701742649078
0.07548326998949051
0.07507410645484924
0.07460661232471466
0.07409004867076874
0.07353535294532776
0.07295473664999008
0.07236111164093018
0.07176753878593445
0.07118676602840424
0.07063064724206924
0.07010970264673233
0.06963275372982025
0.0692065954208374
0.0688357874751091
0.06852255016565323
0.06826672703027725
0.06806587427854538
0.06791547685861588
0.06780917197465897
0.06773910671472549
0.06769632548093796
0.06767117977142334
0.06765376776456833
0.06763440370559692
0.0676039457321167
0.06755427271127701
0.0674784854054451
0.06737125664949417
0.06722895056009293
0.06704969704151154
0.06683345139026642
0.06658188253641129
0.0662982389330864
0.06598712503910065
0.06565424799919128
0.06530611962080002
0.06494973599910736
0.06459218263626099
0.06424036622047424
0.06390067934989929
0.06357873231172562
0.06327911466360092
0.0630052387714386
0.06275923550128937
0.06254188716411591
0.06235263869166374
0.06218970939517021
0.0620502196252346
0.06193036213517189
0.06182563304901123
0.06173109635710716
0.06164159625768661
0.06155203282833099
0.06145766004920006
0.06135421618819237
0.06123818829655647
0.06110689416527748
0.0609586201608181
0.06079265102744102
0.06060926616191864
0.06040967628359795
0.06019593775272369
0.05997078120708466
0.05973748117685318
0.05949962139129639
0.05926093086600304
0.05902506411075592
0.05879541113972664
0.05857492610812187
0.05836600810289383
0.0581703707575798
0.05798899754881859
0.05782211199402809
0.05766918882727623
0.0575290322303772
0.05739986151456833
0.05727942660450935
0.05716515704989433
0.05705433338880539
0.05694421380758286
0.0568322129547596
0.05671602860093117
0.05659376457333565
0.05646400898694992
0.05632592737674713
0.0561792328953743
0.05602423474192619
0.05586173385381699
0.05569299682974815
0.05551965162158012
0.05534356459975243
0.05516671761870384
0.05499110370874405
0.05481858178973198
0.05465079098939896
0.05448904260993004
0.05433427542448044
0.05418699979782104
0.05404729768633842
0.05391482636332512
0.05378884822130203
0.05366833135485649
0.05355199053883553
0.05343840271234512
0.05332610383629799
0.05321365967392921
0.05309975519776344
0.05298331379890442
0.05286350101232529
0.05273979529738426
0.05261201038956642
0.05248026922345161
0.05234499275684357
0.05220683664083481
0.05206667259335518
0.05192547664046288
0.05178428441286087
0.05164412409067154
0.0515059195458889
0.05137045308947563
0.05123832821846008
0.05110988765954971
0.05098526179790497
0.0508643351495266
0.05074676498770714
0.05063202977180481
0.05051945149898529
0.0504082590341568
0.05029764026403427
0.05018679797649384
0.0500749871134758
0.04996157065033913
0.04984603077173233
0.04972800984978676
0.04960731044411659
0.04948389157652855
0.04935783520340919
0.04922934249043465
0.04909868165850639
0.04896614700555801
0.04883202165365219
0.04869654402136803
0.04855984821915627
0.048421960324049
0.04828274250030518
0.04814190417528152
0.04799897968769073
0.04785336181521416
0.04770426079630852
0.04755077138543129
0.0473918616771698
0.04722641035914421
0.04705322906374931
0.04687109217047691
0.04667874798178673
0.04647490754723549
0.04625828936696053
0.04602758586406708
0.04578147456049919
0.04551858827471733
0.04523751139640808
0.04493673518300056
0.04461465030908585
0.04426950588822365
0.04389941319823265
0.04350229352712631
0.04307587817311287
0.04261770471930504
0.04212508350610733
0.04159513488411903
0.04102477431297302
0.04041072726249695
0.03974956274032593
0.03903768211603165
0.03827136382460594
0.03744678571820259
0.0365600548684597
0.03560721874237061
0.03458428755402565
0.03348724916577339
0.03231210634112358
0.0310549084097147
0.02971174009144306
0.02827876806259155
0.02675225399434566
0.02512858621776104
0.02340430207550526
0.02157612331211567
0.01964099891483784
0.01759614422917366
0.01543909218162298
0.0131677370518446
0.01078039221465588
0.008275839500129223
0.005653394851833582
0.002912961412221193
5.508586764335632e-05
-0.002918984740972519
-0.006007255055010319
-0.009206934832036495
-0.0125143975019455
-0.01592515408992767
-0.01943381503224373
-0.02303408458828926
-0.02671875432133675
-0.03047968447208405
-0.03430783376097679
-0.03819327801465988
-0.04212522134184837
-0.04609205946326256
-0.05008140951395035
-0.05408019199967384
-0.05807467550039291
-0.06205059215426445
-0.06599320471286774
-0.0698874294757843
-0.07371793687343597
-0.07746928930282593
-0.08112608641386032
-0.08467309921979904
-0.08809541910886765
-0.09137865155935287
-0.09450902789831161
-0.09747360646724701
-0.1002604588866234
-0.1028588116168976
-0.1052591726183891
-0.1074535921216011
-0.1094356849789619
-0.1112008318305016
-0.1127462610602379
-0.1140711978077888
-0.1151768714189529
-0.1160665899515152
-0.1167457923293114
-0.1172219887375832
-0.117504745721817
-0.1176056414842606
-0.1175381541252136
-0.1173175573348999
-0.1169607192277908
-0.1164859384298325
-0.1159127354621887
-0.1152615770697594
-0.1145536452531815
-0.1138105243444443
-0.1130538731813431
-0.1123051568865776
-0.1115853115916252
-0.1109143942594528
-0.1103112623095512
-0.1097932979464531
-0.1093760430812836
-0.1090729832649231
-0.1088952645659447
-0.1088514924049377
-0.1089475229382515
-0.1091863736510277
-0.1095681339502335
-0.1100898906588554
-0.1107457876205444
-0.1115270555019379
-0.1124221906065941
-0.1134170815348625
-0.1144952699542046
-0.1156382262706757
-0.1168256402015686
-0.1180358156561852
-0.1192460730671883
-0.1204331144690514
-0.1215734928846359
-0.1226440519094467
-0.1236223131418228
-0.1244869455695152
-0.1252181529998779
-0.1257980465888977
-0.1262109726667404
-0.1264438033103943
-0.1264861822128296
-0.1263306736946106
-0.1259729117155075
-0.1254116296768188
-0.1246486380696297
-0.1236887574195862
-0.1225396394729614
-0.1212115809321404
-0.1197172105312347
-0.1180712059140205
-0.1162898987531662
-0.114390917122364
-0.1123927161097527
-0.1103141978383064
-0.108174242079258
-0.1059913039207458
-0.1037829965353012
-0.1015657410025597
-0.09935443103313446
-0.09716220945119858
-0.0950002446770668
-0.09287754446268082
-0.09080096334218979
-0.0887751504778862
-0.086802639067173
-0.08488397300243378
-0.08301793783903122
-0.08120176941156387
-0.07943154871463776
-0.07770247757434845
-0.07600923627614975
-0.07434641569852829
-0.072708860039711
-0.07109204679727554
-0.069492407143116
-0.06790761649608612
-0.06633683294057846
-0.06478091329336166
-0.06324248015880585
-0.06172597035765648
-0.06023760512471199
-0.05878524854779243
-0.05737822502851486
-0.05602705851197243
-0.05474312603473663
-0.05353830009698868
-0.05242452397942543
-0.05141335353255272
-0.05051551759243011
-0.04974044859409332
-0.04909589141607285
-0.04858746379613876
-0.04821836575865746
-0.04798909276723862
-0.04789724946022034
-0.04793743044137955
-0.04810121655464172
-0.04837726429104805
-0.04875147342681885
-0.04920726269483566
-0.04972594603896141
-0.0502871461212635
-0.05086931213736534
-0.05145025998353958
-0.05200775340199471
-0.05252011865377426
-0.05296681821346283
-0.05332902818918228
-0.05359015241265297
-0.05373630672693253
-0.0537567101418972
-0.05364397168159485
-0.05339431390166283
-0.05300766602158546
-0.05248767137527466
-0.05184154212474823
-0.05107984319329262
-0.0502161905169487
-0.04926681518554688
-0.04825006797909737
-0.04718588292598724
-0.04609518498182297
-0.04499926045536995
-0.0439191535115242
-0.04287504032254219
-0.04188568145036697
-0.04096787422895432
-0.04013603180646896
-0.03940180316567421
-0.0387738011777401
-0.0382574275135994
-0.03785479441285133
-0.03756475076079369
-0.03738303855061531
-0.03730247914791107
-0.03731332719326019
-0.03740360960364342
-0.03755958750844002
-0.037766233086586
-0.03800772875547409
-0.03826797753572464
-0.0385311059653759
-0.03878195211291313
-0.03900649026036263
-0.03919221833348274
-0.03932847827672958
-0.03940672427415848
-0.03942064568400383
-0.03936631977558136
-0.03924218565225601
-0.03904898837208748
-0.03878964856266975
-0.03846907615661621
-0.03809390589594841
-0.03767222166061401
-0.03721321374177933
-0.03672684356570244
-0.03622348234057426
-0.03571357205510139
-0.03520729020237923
-0.0347142405807972
-0.03424317389726639
-0.03380176052451134
-0.0333964079618454
-0.03303210064768791
-0.03271233662962914
-0.03243908658623695
-0.03221279382705688
-0.03203245252370834
-0.03189568966627121
-0.03179892897605896
-0.0317375473678112
-0.03170605003833771
-0.0316983200609684
-0.03170781582593918
-0.03172780573368073
-0.03175157308578491
-0.03177265077829361
-0.03178501129150391
-0.03178320452570915
-0.03176256641745567
-0.03171927481889725
-0.03165049478411674
-0.03155438974499702
-0.03143017366528511
-0.0312780998647213
-0.03109938837587833
-0.03089617751538754
-0.03067142702639103
-0.03042878024280071
-0.03017242252826691
-0.02990693226456642
-0.02963710017502308
-0.02936776168644428
-0.02910362184047699
-0.02884909696877003
-0.02860815450549126
-0.02838418632745743
-0.02817989513278008
-0.02799720503389835
-0.02783721312880516
-0.02770015224814415
-0.02758541330695152
-0.02749157324433327
-0.02741647884249687
-0.02735733427107334
-0.02731083519756794
-0.02727328985929489
-0.02724079973995686
-0.02720940299332142
-0.02717524580657482
-0.02713474072515965
-0.02708471193909645
-0.02702251262962818
-0.02694613672792912
-0.02685428597033024
-0.02674641460180283
-0.02662272751331329
-0.0264841690659523
-0.02633235789835453
-0.02616949565708637
-0.02599825710058212
-0.02582165971398354
-0.02564291656017303
-0.02546528354287148
-0.02529190108180046
-0.02512565441429615
-0.02496905252337456
-0.0248241014778614
-0.02469223365187645
-0.02457424812018871
-0.02447028830647469
-0.02437986060976982
-0.02430186234414577
-0.02423465810716152
-0.02417617850005627
-0.02412402629852295
-0.02407561801373959
-0.02402830682694912
-0.02397952042520046
-0.02392689324915409
-0.0238683708012104
-0.02380231767892838
-0.02372757531702518
-0.02364351600408554
-0.02355004660785198
-0.02344761230051517
-0.02333713136613369
-0.02321995422244072
-0.02309776097536087
-0.02297246642410755
-0.02284611016511917
-0.02272073924541473
-0.02259829640388489
-0.02248052321374416
-0.02236886508762836
-0.02226440981030464
-0.02216783538460732
-0.02207939513027668
-0.02199891395866871
-0.02192582190036774
-0.02185919135808945
-0.02179780602455139
-0.02174024283885956
-0.02168496698141098
-0.02163040637969971
-0.02157505415380001
-0.02151754125952721
-0.02145672403275967
-0.02139173075556755
-0.02132199890911579
-0.02124729193747044
-0.0211677048355341
-0.02108364552259445
-0.02099578455090523
-0.0209050178527832
-0.0208123903721571
-0.02071904577314854
-0.0206261295825243
-0.02053474076092243
-0.02044585533440113
-0.02036029100418091
-0.02027864381670952
-0.02020127698779106
-0.02012830041348934
-0.02005957998335361
-0.01999476179480553
-0.0199332982301712
-0.01987449079751968
-0.01981754414737225
-0.01976161450147629
-0.0197058692574501
-0.01964953541755676
-0.01959194056689739
-0.01953255385160446
-0.01947101578116417
-0.01940714195370674
-0.01934093236923218
-0.01927256211638451
-0.01920235343277454
-0.01913075521588326
-0.01905829831957817
-0.01898557133972645
-0.01891316473484039
-0.01884164661169052
-0.01877151429653168
-0.01870317570865154
-0.0186369176954031
-0.01857290416955948
-0.01851116865873337
-0.01845161058008671
-0.01839402504265308
-0.01833811029791832
-0.01828349567949772
-0.0182297695428133
-0.01817651093006134
-0.0181233137845993
-0.01806980930268764
-0.01801570132374763
-0.01796077191829681
-0.01790489256381989
-0.01784803345799446
-0.01779024861752987
-0.01773167215287685
-0.01767251268029213
-0.01761301979422569
-0.01755347475409508
-0.01749416440725327
-0.01743536442518234
-0.01737731881439686
-0.01732022315263748
-0.01726422272622585
-0.01720939204096794
-0.01715574599802494
-0.01710323244333267
-0.01705174520611763
-0.01700113900005817
-0.01695123128592968
-0.01690181903541088
-0.01685270294547081
-0.0168036911636591
-0.0167546235024929
-0.01670536771416664
-0.01665583625435829
-0.01660598255693913
-0.01655581034719944
-0.01650535874068737
-0.01645470783114433
-0.01640396565198898
-0.01635325886309147
-0.01630271971225739
-0.01625247672200203
-0.01620264910161495
-0.01615333370864391
-0.01610460691154003
-0.01605651527643204
-0.01600906625390053
-0.01596224680542946
-0.0159160140901804
-0.01587029732763767
-0.01582501828670502
-0.01578008010983467
-0.01573539711534977
-0.015690878033638
-0.01564644649624825
-0.015602040104568
-0.01555762160569429
-0.0155131695792079
-0.01546868495643139
-0.01542418822646141
-0.01537971571087837
-0.01533531583845615
-0.01529104355722666
-0.01524695754051208
-0.01520311646163464
-0.01515957061201334
-0.01511636283248663
-0.01507351920008659
-0.01503105740994215
-0.01498897559940815
-0.01494726166129112
-0.0149058885872364
-0.01486482378095388
-0.01482402998954058
-0.0147834625095129
-0.01474308408796787
-0.01470285654067993
-0.01466274913400412
-0.01462273951619864
-0.01458281464874744
-0.01454297080636024
-0.01450321450829506
-0.01446355693042278
-0.01442401669919491
-0.01438461802899837
-0.01434538699686527
-0.01430634967982769
-0.01426752563565969
-0.01422893442213535
-0.01419058628380299
-0.01415248867124319
-0.01411463972181082
-0.01407703664153814
-0.01403966825455427
-0.01400251872837543
-0.01396557129919529
-0.01392880827188492
-0.01389221381396055
-0.01385577023029327
-0.01381946355104446
-0.01378328446298838
-0.01374722644686699
-0.01371128670871258
-0.01367546897381544
-0.01363977696746588
-0.01360422093421221
-0.01356880739331245
-0.01353354845196009
-0.01349845435470343
-0.01346353068947792
-0.01342878583818674
-0.01339422259479761
-0.01335984468460083
-0.01332565024495125
-0.01329163648188114
-0.01325779873877764
-0.01322412863373756
-0.01319061778485775
-0.0131572587415576
-0.01312404405325651
-0.01309096533805132
-0.013058016076684
-0.0130251944065094
-0.01299249846488237
-0.01295992732048035
-0.01292748097330332
-0.01289516407996416
-0.01286297850310802
-0.01283092889934778
-0.01279901992529631
-0.01276725344359875
-0.01273563131690025
-0.01270415727049112
-0.01267283130437136
-0.01264165248721838
-0.01261061802506447
-0.01257972419261932
-0.01254896726459265
-0.01251834537833929
-0.01248785294592381
-0.01245748903602362
-0.01242724899202585
-0.01239713095128536
-0.01236713491380215
-0.01233725994825363
-0.01230750419199467
-0.01227786764502525
-0.01224835030734539
-0.0122189549729228
-0.01218968164175749
-0.01216052938252687
-0.01213150005787611
-0.01210259459912777
-0.01207381207495928
-0.01204515248537064
-0.01201661396771669
-0.01198819745332003
-0.01195990201085806
-0.01193172577768564
-0.01190366595983505
-0.01187572255730629
-0.0118478937074542
-0.01182017754763365
-0.0117925712838769
-0.01176507584750652
-0.01173768658190966
-0.01171040534973145
-0.01168323308229446
-0.01165616884827614
-0.01162921264767647
-0.01160236354917288
-0.01157562434673309
-0.01154899131506681
-0.01152246538549662
-0.01149604748934507
-0.01146973576396704
-0.01144352927803993
-0.01141742616891861
-0.01139142829924822
-0.01136553194373846
-0.01133973803371191
-0.01131404470652342
-0.01128845289349556
-0.01126296166330576
-0.01123757008463144
-0.01121227443218231
-0.01118707749992609
-0.01116197649389505
-0.0111369751393795
-0.01111207064241171
-0.0110872620716691
-0.0110625522211194
-0.01103794015944004
-0.01101342402398586
-0.01098900381475687
-0.01096467953175306
-0.01094045024365187
-0.01091631408780813
-0.01089227013289928
-0.01086831651628017
-0.0108444532379508
-0.01082068029791117
-0.01079699583351612
-0.01077339984476566
-0.01074989046901464
-0.01072646863758564
-0.01070313528180122
-0.01067988947033882
-0.01065673213452101
-0.01063366234302521
-0.01061068009585142
-0.01058778539299965
-0.01056497637182474
-0.01054225210100412
-0.0105196125805378
-0.01049705594778061
-0.01047458313405514
-0.01045219413936138
-0.01042988616973162
-0.01040766108781099
-0.01038551889359951
-0.01036345679312944
-0.01034147664904594
-0.01031957753002644
-0.01029775943607092
-0.01027602050453424
-0.01025436073541641
-0.01023278106004
-0.01021127868443727
-0.01018985453993082
-0.01016850676387548
-0.01014723721891642
-0.01012604404240847
-0.01010492630302906
-0.01008388306945562
-0.01006291527301073
-0.01004202291369438
-0.010021205060184
-0.01000046264380217
-0.009979795664548874
-0.009959204122424126
-0.009938686154782772
-0.009918241761624813
-0.009897870942950249
-0.00987757183611393
-0.009857346303761005
-0.009837191551923752
-0.009817106649279594
-0.009797094389796257
-0.00977715291082859
-0.009757280349731445
-0.009737478569149971
-0.009717745706439018
-0.009698080830276012
-0.009678484871983528
-0.009658956900238991
-0.009639495983719826
-0.009620102122426033
-0.009600774385035038
-0.009581513702869415
-0.009562320075929165
-0.009543189778923988
-0.009524125605821609
-0.009505126625299454
-0.009486192837357521
-0.009467324241995811
-0.009448520839214325
-0.009429781697690487
-0.009411107748746872
-0.009392498061060905
-0.009373952634632587
-0.009355470538139343
-0.009337051771581173
-0.009318695403635502
-0.009300402365624905
-0.009282169863581657
-0.009263999760150909
-0.009245890192687511
-0.009227841161191463
-0.009209850803017616
-0.009191920980811119
-0.009174050763249397
-0.009156241081655025
-0.009138493798673153
-0.00912080705165863
-0.009103178977966309
-0.009085610508918762
-0.009068100713193417
-0.009050649590790272
-0.009033256210386753
-0.009015918709337711
-0.008998638018965721
-0.008981414139270782
-0.008964246138930321
-0.008947133086621761
-0.008930074982345104
-0.008913072757422924
-0.008896126411855221
-0.008879236876964569
-0.00886240229010582
-0.008845624513924122
-0.008828903548419476
-0.008812236599624157
-0.008795623667538166
-0.008779065683484077
-0.008762559853494167
-0.008746106177568436
-0.008729706518352032
-0.008713358081877232
-0.00869706179946661
-0.008680817671120167
-0.008664625696837902
-0.008648485876619816
-0.008632396347820759
-0.00861635897308588
-0.008600371889770031
-0.008584437891840935
-0.008568554185330868
-0.00855272077023983
-0.008536937646567822
-0.008521204814314842
-0.008505521342158318
-0.008489885367453098
-0.008474296890199184
-0.0084587587043643
-0.008443268947303295
-0.008427826687693596
-0.008412434719502926
-0.008397090248763561
-0.008381793275475502
-0.008366542868316174
-0.0083513418212533
-0.008336188271641731
-0.008321084082126617
-0.008306027390062809
-0.008291017264127731
-0.008276054635643959
-0.008261138573288918
-0.008246267214417458
-0.008231442421674728
-0.008216663263738155
-0.008201929740607738
-0.008187241852283478
-0.008172599598765373
-0.00815800204873085
-0.008143451064825058
-0.008128944784402847
-0.008114482276141644
-0.008100064471364021
-0.008085690438747406
-0.008071361109614372
-0.008057075552642345
-0.008042832836508751
-0.008028632961213589
-0.00801447406411171
-0.008000357076525688
-0.007986281998455524
-0.007972250692546368
-0.007958261296153069
-0.007944314740598202
-0.007930409163236618
-0.007916545495390892
-0.007902722805738449
-0.007888941094279289
-0.007875200361013412
-0.007861500605940819
-0.007847842760384083
-0.007834226824343204
-0.007820651866495609
-0.007807116024196148
-0.007793620228767395
-0.007780164014548063
-0.007766747381538153
-0.007753371261060238
-0.007740034721791744
-0.007726737763732672
-0.007713479921221733
-0.007700260728597641
-0.007687080185860395
-0.007673937827348709
-0.007660834118723869
-0.007647769525647163
-0.007634742651134729
-0.007621753495186567
-0.00760880159214139
-0.007595887407660484
-0.007583009544759989
-0.007570167537778616
-0.007557361386716366
-0.007544590625911951
-0.007531855721026659
-0.007519157603383064
-0.007506496738642454
-0.007493873592466116
-0.007481287233531475
-0.007468738127499819
-0.00745622580870986
-0.007443749345839024
-0.007431309670209885
-0.007418905850499868
-0.007406537421047688
-0.007394204847514629
-0.007381906267255545
-0.007369643542915583
-0.007357414811849594
-0.007345220074057579
-0.007333060726523399
-0.007320935372263193
-0.007308844942599535
-0.00729678850620985
-0.007284766994416714
-0.007272779941558838
-0.007260826881974936
-0.007248907815665007
-0.007237023208290339
-0.007225172128528357
-0.007213353645056486
-0.007201568223536015
-0.007189815398305655
-0.007178095169365406
-0.007166408002376556
-0.007154753431677818
-0.007143130991607904
-0.007131540682166815
-0.007119982503354549
-0.007108455989509821
-0.007096961606293917
-0.007085497956722975
-0.00707406597211957
-0.007062665186822414
-0.007051294669508934
-0.007039953954517841
-0.007028643041849136
-0.007017362397164106
-0.007006112951785326
-0.006994894705712795
-0.006983707658946514
-0.006972550880163908
-0.006961426232010126
-0.006950332317501307
-0.006939270067960024
-0.006928238552063704
-0.006917237304151058
-0.006906267255544662
-0.006895326543599367
-0.006884416099637747
-0.00687353452667594
-0.006862681359052658
-0.006851855665445328
-0.006841057445853949
-0.006830287631601095
-0.006819546222686768
-0.006808832753449678
-0.006798147689551115
-0.00678749056532979
-0.006776861380785704
-0.006766260601580143
-0.006755689159035683
-0.006745147053152323
-0.006734634283930063
-0.006724149920046329
-0.006713695824146271
-0.00670326966792345
-0.006692872382700443
-0.006682502571493387
-0.006672160234302282
-0.006661843974143267
-0.006651555188000202
-0.006641292944550514
-0.006631057243794203
-0.006620848085731268
-0.006610664539039135
-0.006600508000701666
-0.006590376608073711
-0.006580272223800421
-0.006570193916559219
-0.006560142617672682
-0.006550117861479521
-0.006540118250995874
-0.006530145648866892
-0.006520198658108711
-0.006510276813060045
-0.006500380579382181
-0.006490510422736406
-0.006480666343122721
-0.006470847874879837
-0.006461054552346468
-0.006451286375522614
-0.006441543810069561
-0.006431825924664736
-0.006422132719308138
-0.00641246372833848
-0.006402818951755762
-0.006393198389559984
-0.006383602507412434
-0.006374031770974398
-0.006364485248923302
-0.006354962941259146
-0.006345465313643217
-0.006335992831736803
-0.006326544564217329
-0.00631712144240737
-0.006307722069323063
-0.006298346910625696
-0.006288995034992695
-0.006279666442424059
-0.006270360201597214
-0.006261077243834734
-0.006251816637814045
-0.006242578383535147
-0.006233363412320614
-0.006224171724170446
-0.006215003784745932
-0.00620585959404707
-0.006196739617735147
-0.006187643390148878
-0.006178570445626974
-0.006169521249830723
-0.006160494405776262
-0.006151489913463593
-0.006142507772892714
-0.006133547984063625
-0.006124609615653753
-0.006115692667663097
-0.00610679667443037
-0.006097922567278147
-0.006089069414883852
-0.006080237217247486
-0.006071426440030336
-0.006062637083232403
-0.00605387007817626
-0.006045124493539333
-0.006036399863660336
-0.006027697119861841
-0.006019015796482563
-0.006010355427861214
-0.006001716945320368
-0.005993100348860025
-0.005984506104141474
-0.005975933279842138
-0.005967381410300732
-0.005958850495517254
-0.00595034146681428
-0.005941852461546659
-0.005933384411036968
-0.005924936849623919
-0.005916508380323648
-0.005908099003136158
-0.005899709649384022
-0.00589134031906724
-0.005882990080863237
-0.005874659400433302
-0.005866347812116146
-0.00585805531591177
-0.005849782843142748
-0.005841531325131655
-0.005833299830555916
-0.005825088359415531
-0.005816896446049213
-0.005808724090456963
-0.005800571758300066
-0.005792438983917236
-0.005784325767308474
-0.005776232108473778
-0.005768157541751862
-0.00576010113582015
-0.005752062890678644
-0.00574404327198863
-0.005736041814088821
-0.005728058982640505
-0.005720094777643681
-0.005712148733437061
-0.005704221315681934
-0.005696311593055725
-0.005688419099897146
-0.005680544301867485
-0.005672686733305454
-0.005664846394211054
-0.005657022353261709
-0.005649215541779995
-0.005641425028443336
-0.005633650813251734
-0.005625891964882612
-0.005618148483335972
-0.005610419902950525
-0.00560270668938756
-0.005595007911324501
-0.005587323103100061
-0.005579652264714241
-0.005571993533521891
-0.00556434690952301
-0.005556710995733738
-0.005549086723476648
-0.005541473161429167
-0.005533868446946144
-0.00552627258002758
-0.005518684629350901
-0.005511102732270956
-0.005503526888787746
-0.005495955236256123
-0.005488386377692223
-0.005480819381773472
-0.005473252851516008
-0.005465685855597258
-0.005458116065710783
-0.00545054255053401
-0.005442963913083076
-0.005435377825051546
-0.005427781492471695
-0.005420173984020948
-0.005412552505731583
-0.005404914263635874
-0.005397256463766098
-0.005389575380831957
-0.005381868686527014
-0.005374131724238396
-0.005366362165659666
-0.005358555819839239
-0.005350709892809391
-0.005342821124941111
-0.005334885790944099
-0.005326900165528059
-0.005318860057741404
-0.005310761276632547
-0.005302601028233767
-0.005294373724609613
-0.005286075174808502
-0.005277700256556273
-0.005269243847578764
-0.005260700825601816
-0.005252066999673843
-0.005243337247520685
-0.005234507378190756
-0.005225573666393757
-0.005216530524194241
-0.005207374691963196
-0.005198101513087749
-0.00518870772793889
-0.00517918961122632
-0.005169544834643602
-0.005159771535545588
-0.005149865057319403
-0.005139822605997324
-0.00512964278459549
-0.005119325127452612
-0.005108867771923542
-0.005098271649330854
-0.005087536759674549
-0.00507666589692235
-0.005065659992396832
-0.005054522771388292
-0.005043258424848318
-0.005031871143728495
-0.005020366050302982
-0.005008748732507229
-0.004997026175260544
-0.004985207691788673
-0.004973301198333502
-0.00496131693944335
-0.004949265625327826
-0.004937159363180399
-0.004925011657178402
-0.004912836011499166
-0.004900645930320024
-0.004888459108769894
-0.004876290913671255
-0.004864158574491739
-0.004852079320698977
-0.004840071313083172
-0.004828151781111956
-0.004816341679543257
-0.004804658237844706
-0.004793121479451656
-0.004781750030815601
-0.004770563449710608
-0.00475957989692688
-0.004748818930238485
-0.004738297779113054
-0.004728034604340792
-0.004718047101050615
-0.004708350636065006
-0.004698961041867733
-0.00468989135697484
-0.004681154154241085
-0.004672760143876076
-0.004664719104766846
-0.004657038953155279
-0.004649726208299398
-0.004642784595489502
-0.004636217840015888
-0.004630026873201132
-0.004624212626367807
-0.004618773702532053
-0.004613705445080996
-0.004609004128724337
-0.004604663234204054
-0.004600674845278263
-0.004597030580043793
-0.004593720659613609
-0.004590734373778105
-0.004588059615343809
-0.004585685674101114
-0.004583599977195263
-0.00458178948611021
-0.004580242093652487
-0.004578944761306047
-0.004577886778861284
-0.004577056039124727
-0.004576441366225481
-0.004576032049953938
-0.004575819708406925
-0.004575795028358698
-0.004575950559228659
-0.004576280247420073
-0.004576778504997492
-0.004577440675348043
-0.004578264430165291
-0.004579247441142797
-0.004580388311296701
-0.004581686574965715
-0.004583143163472414
-0.004584758076816797
-0.004586532711982727
-0.004588468465954065
-0.004590565338730812
-0.004592823795974255
-0.004595243372023106
-0.004597822204232216
-0.004600556567311287
-0.004603441804647446
-0.004606470465660095
-0.004609634168446064
-0.004612922202795744
-0.004616320133209229
-0.004619812127202749
-0.004623379558324814
-0.004627000074833632
-0.00463064992800355
-0.004634302575141191
-0.004637928679585457
-0.004641497507691383
-0.004644975066184998
-0.004648326896131039
-0.004651517141610384
-0.004654508084058762
-0.004657263401895761
-0.004659746307879686
-0.004661919083446264
-0.004663746803998947
-0.004665196873247623
-0.004666238091886044
-0.004666842520236969
-0.004666985012590885
-0.0046666469424963
-0.004665812011808157
-0.004664469510316849
-0.004662615712732077
-0.004660252016037703
-0.004657384008169174
-0.004654024261981249
-0.004650192335247993
-0.004645911976695061
-0.004641214851289988
-0.004636136814951897
-0.004630717448890209
-0.004625002853572369
-0.004619043320417404
-0.004612891469150782
-0.004606602247804403
-0.004600232932716608
-0.004593841731548309
-0.004587486851960421
-0.004581226501613855
-0.004575115162879229
-0.004569205921143293
-0.004563549533486366
-0.004558190237730742
-0.004553166683763266
-0.004548513330519199
-0.004544257186353207
-0.004540417809039354
-0.004537009168416262
-0.004534037318080664
-0.004531498998403549
-0.004529384430497885
-0.004527676850557327
-0.004526352975517511
-0.004525380209088326
-0.004524722695350647
-0.004524338990449905
-0.004524180665612221
-0.004524198826402426
-0.00452433992177248
-0.004524549935013056
-0.004524773452430964
-0.004524956922978163
-0.004525047726929188
-0.004524996038526297
-0.004524755757302046
-0.004524285905063152
-0.004523550160229206
-0.004522517789155245
-0.00452116597443819
-0.004519476555287838
-0.004517439752817154
-0.004515052307397127
-0.004512317944318056
-0.004509249236434698
-0.004505862947553396
-0.004502181895077229
-0.00449823634698987
-0.004494058433920145
-0.004489687737077475
-0.004485164303332567
-0.004480532370507717
-0.004475836642086506
-0.00447112089022994
-0.004466429352760315
-0.004461803939193487
-0.004457282833755016
-0.004452902358025312
-0.004448694176971912
-0.004444684833288193
-0.00444089574739337
-0.004437342286109924
-0.00443403422832489
-0.004430975299328566
-0.004428162705153227
-0.00442558852955699
-0.004423239734023809
-0.004421096760779619
-0.004419137258082628
-0.00441733468323946
-0.004415659699589014
-0.004414081107825041
-0.004412566311657429
-0.00441108038648963
-0.00440959120169282
-0.004408067557960749
-0.00440647779032588
-0.004404795821756124
-0.004402996972203255
-0.004401061218231916
-0.004398972261697054
-0.004396717995405197
-0.004394291434437037
-0.004391690716147423
-0.004388916306197643
-0.004385975189507008
-0.004382876679301262
-0.004379636142402887
-0.004376270808279514
-0.00437280023470521
-0.004369248170405626
-0.004365636967122555
-0.00436199177056551
-0.004358338192105293
-0.004354699980467558
-0.004351100418716669
-0.004347560927271843
-0.004344101995229721
-0.004340738523751497
-0.004337484017014503
-0.004334347322583199
-0.004331335425376892
-0.004328450188040733
-0.00432569021359086
-0.004323050379753113
-0.004320521838963032
-0.004318094812333584
-0.004315755795687437
-0.004313488956540823
-0.004311277531087399
-0.004309102892875671
-0.004306945949792862
-0.00430478947237134
-0.004302615765482187
-0.004300406668335199
-0.004298148676753044
-0.00429582828655839
-0.004293435718864202
-0.004290962591767311
-0.004288403782993555
-0.004285757429897785
-0.004283024463802576
-0.004280207213014364
-0.004277313128113747
-0.004274350125342607
-0.004271327052265406
-0.00426825787872076
-0.004265154246240854
-0.004262030590325594
-0.004258901346474886
-0.004255779553204775
-0.00425267918035388
-0.004249612335115671
-0.004246589262038469
-0.004243620205670595
-0.004240711219608784
-0.004237866494804621
-0.00423508882522583
-0.004232379142194986
-0.004229734651744366
-0.004227152094244957
-0.004224625881761312
-0.004222148563712835
-0.004219710361212492
-0.004217301961034536
-0.004214913584291935
-0.004212533589452505
-0.004210152663290501
-0.004207760561257601
-0.004205347504466772
-0.00420290557667613
-0.004200427792966366
-0.004197909496724606
-0.004195346962660551
-0.004192739259451628
-0.004190086387097836
-0.004187390208244324
-0.004184654448181391
-0.004181884694844484
-0.004179087001830339
-0.004176268354058266
-0.004173437133431435
-0.00417060125619173
-0.004167768638581038
-0.00416494719684124
-0.004162144847214222
-0.004159368108958006
-0.004156621638685465
-0.004153910558670759
-0.004151237197220325
-0.004148603416979313
-0.004146009217947721
-0.004143452737480402
-0.004140930715948343
-0.004138439428061247
-0.004135973285883665
-0.004133527632802725
-0.004131094086915255
-0.004128667991608381
-0.004126242827624083
-0.004123810678720474
-0.004121367353945971
-0.004118908196687698
-0.004116428550332785
-0.004113925620913506
-0.004111399408429861
-0.004108849912881851
-0.004106277134269476
-0.004103683866560459
-0.004101073369383812
-0.004098447971045971
-0.004095812328159809
-0.004093172028660774
-0.004090531263500452
-0.004087895154953003
-0.0040852683596313
-0.004082654137164354
-0.004080056212842464
-0.004077478311955929
-0.004074921365827322
-0.004072387237101793
-0.004069876857101917
-0.004067388828843832
-0.004064922221004963
-0.004062474705278873
-0.004060043953359127
-0.004057627171278
-0.004055220168083906
-0.00405281875282526
-0.004050419200211763
-0.004048018716275692
-0.004045614507049322
-0.004043202847242355
-0.00404078233987093
-0.004038352519273758
-0.004035912454128265
-0.004033462610095739
-0.004031003452837467
-0.004028536844998598
-0.004026064649224281
-0.004023590590804815
-0.004021116066724062
-0.004018645733594894
-0.004016181454062462
-0.004013726487755775
-0.004011284559965134
-0.004008857067674398
-0.004006445407867432
-0.004004051443189383
-0.004001676104962826
-0.003999318927526474
-0.003996981773525476
-0.003994662780314684
-0.003992362413555384
-0.003990079276263714
-0.0039878124371171
-0.003985561430454254
-0.003983324859291315
-0.003981101792305708
-0.003978891298174858
-0.003976693376898766
-0.003974508494138718
-0.003972336184233427
-0.003970177378505468
-0.003968033939599991
-0.003965907730162144
-0.003963801544159651
-0.003961716778576374
-0.003959656693041325
-0.003957625012844801
-0.003955624531954527
-0.003953658509999514
-0.003951732069253922
-0.003949848003685474
-0.003948010504245758
-0.003946222364902496
-0.0039444868452847
-0.003942806739360094
-0.003941185306757689
-0.003939625341445208
-0.003938127774745226
-0.003936696331948042
-0.003935332875698805
-0.003934039734303951
-0.00393281877040863
-0.003931670915335417
-0.003930600360035896
-0.003929609432816505
-0.003928700927644968
-0.003927878569811583
-0.003927146084606647
-0.003926505800336599
-0.003925961442291737
-0.00392551627010107
-0.003925173543393612
-0.003924936521798372
-0.00392480893060565
-0.003924793563783169
-0.003924893215298653
-0.003925110679119825
-0.003925448749214411
-0.003925908356904984
-0.003926490433514118
-0.003927195444703102
-0.003928025253117085
-0.003928978461772203
-0.003930054139345884
-0.003931251354515553
-0.00393256638199091
-0.003933995962142944
-0.00393553776666522
-0.00393718620762229
-0.003938935697078705
-0.003940782509744167
-0.003942718263715506
-0.00394473597407341
-0.003946829121559858
-0.003948988392949104
-0.003951204940676689
-0.003953468985855579
-0.003955769818276167
-0.003958096262067556
-0.003960436675697565
-0.00396277941763401
-0.00396511098369956
-0.00396741833537817
-0.003969686571508646
-0.003971901256591082
-0.003974047023802996
-0.003976108506321907
-0.003978068940341473
-0.003979912027716637
-0.003981621470302343
-0.003983180969953537
-0.0039845728315413
-0.003985782153904438
-0.003986791241914034
-0.003987585194408894
-0.003988149110227823
-0.003988467156887054
-0.003988524433225393
-0.003988309297710657
-0.003987807780504227
-0.003987008240073919
-0.003985900431871414
-0.003984473645687103
-0.003982719499617815
-0.00398063100874424
-0.003978202119469643
-0.003975428640842438
-0.003972305916249752
-0.003968832083046436
-0.003965007141232491
-0.003960832487791777
-0.003956310451030731
-0.003951445687562227
-0.003946243319660425
-0.003940708469599485
-0.003934850450605154
-0.003928678575903177
-0.003922202158719301
-0.003915433306246996
-0.003908383194357157
-0.003901064395904541
-0.003893490182235837
-0.003885675221681595
-0.003877633484080434
-0.003869380103424191
-0.003860930679365993
-0.003852301044389606
-0.003843506332486868
-0.003834562841802835
-0.003825485240668058
-0.003816289361566305
-0.00380699010565877
-0.003797602374106646
-0.003788140835240483
-0.003778619458898902
-0.00376905151642859
-0.003759450977668166
-0.003749830182641745
-0.003740201471373439
-0.003730577183887362
-0.003720968728885055
-0.003711387515068054
-0.003701844252645969
-0.003692349884659052
-0.003682914888486266
-0.00367354997433722
-0.003664265852421522
-0.00365507323294878
-0.00364598399028182
-0.003637009067460895
-0.003628159407526255
-0.003619446652010083
-0.003610883373767138
-0.003602480981498957
-0.003594252280890942
-0.003586210310459137
-0.003578367410227656
-0.003570737317204475
-0.003563332837074995
-0.003556166309863329
-0.003549249842762947
-0.003542595775797963
-0.003536214819177985
-0.00353011698462069
-0.003524311585351825
-0.003518806770443916
-0.003513608360663056
-0.003508721012622118
-0.003504147287458181
-0.003499886952340603
-0.00349593791179359
-0.003492295276373625
-0.003488951362669468
-0.003485895693302155
-0.003483115695416927
-0.003480594139546156
-0.003478312864899635
-0.003476249752566218
-0.003474380588158965
-0.003472678596153855
-0.003471114905551076
-0.003469658782705665
-0.003468278329819441
-0.003466939320787787
-0.003465607995167375
-0.003464249661192298
-0.003462829394266009
-0.003461313666775823
-0.003459669416770339
-0.003457865444943309
-0.003455872880294919
-0.003453665180131793
-0.003451218595728278
-0.003448514034971595
-0.003445535199716687
-0.003442270448431373
-0.003438712796196342
-0.003434859914705157
-0.003430713899433613
-0.003426281968131661
-0.003421576227992773
-0.003416613209992647
-0.0034114143345505
-0.003406004514545202
-0.003400412853807211
-0.003394671250134706
-0.003388814860954881
-0.003382880939170718
-0.003376907436177135
-0.003370934631675482
-0.003365001874044538
-0.003359148046001792
-0.003353411098942161
-0.003347826888784766
-0.003342427778989077
-0.00333724357187748
-0.003332300111651421
-0.00332761905156076
-0.003323216224089265
-0.003319102805107832
-0.003315285081043839
-0.003311763051897287
-0.003308531828224659
-0.003305580466985703
-0.003302893601357937
-0.003300450276583433
-0.003298225812613964
-0.003296191338449717
-0.003294314723461866
-0.003292560810223222
-0.003290893044322729
-0.00328927394002676
-0.003287665313109756
-0.003286030143499374
-0.00328433234244585
-0.003282538382336497
-0.003280617063865066
-0.003278541145846248
-0.003276286879554391
-0.003273835405707359
-0.00327117252163589
-0.003268289612606168
-0.003265182720497251
-0.003261853242293
-0.003258308162912726
-0.003254559123888612
-0.003250622190535069
-0.003246518317610025
-0.003242271021008492
-0.0032379066105932
-0.00323345442302525
-0.003228944959118962
-0.00322440848685801
-0.003219875507056713
-0.003215376287698746
-0.003210938302800059
-0.003206587163731456
-0.003202344989404082
-0.003198230406269431
-0.003194258082658052
-0.003190438263118267
-0.003186776069924235
-0.003183271735906601
-0.003179920138791203
-0.003176711965352297
-0.003173633012920618
-0.003170664189383388
-0.003167782444506884
-0.003164961701259017
-0.003162172390148044
-0.003159382613375783
-0.003156558843329549
-0.003153666388243437
-0.003150670556351542
-0.003147536190226674
-0.003144229063764215
-0.003140716115012765
-0.003136966843158007
-0.003132952377200127
-0.003128646640107036
-0.003124025650322437
-0.003119068685919046
-0.003113757353276014
-0.00310807628557086
-0.003102011978626251
-0.003095552558079362
-0.003088688710704446
-0.003081411821767688
-0.003073713975027204
-0.003065587254241109
-0.003057023510336876
-0.003048013895750046
-0.003038548631593585
-0.003028615145012736
-0.003018200164660811
-0.003007287159562111
-0.00299585796892643
-0.002983890706673265
-0.002971361856907606
-0.002958245109766722
-0.002944511594250798
-0.002930131275206804
-0.002915072720497847
-0.002899304032325745
-0.002882792614400387
-0.002865507500246167
-0.002847418421879411
-0.002828498370945454
-0.002808723365888
-0.002788073848932981
-0.002766535384580493
-0.002744098892435431
-0.002720762975513935
-0.002696533454582095
-0.002671424765139818
-0.002645459026098251
-0.002618667902424932
-0.002591092605143785
-0.002562783192843199
-0.002533799270167947
-0.002504209522157907
-0.002474091714248061
-0.002443530829623342
-0.002412620699033141
-0.002381461439654231
-0.00235015875659883
-0.002318823244422674
-0.002287569455802441
-0.002256514504551888
-0.002225777134299278
-0.002195475623011589
-0.002165728015825152
-0.002136647701263428
-0.002108345972374082
-0.002080927835777402
-0.002054491778835654
-0.002029127441346645
-0.002004916314035654
-0.001981928711757064
-0.001960224006325006
-0.001939848647452891
-0.001920836046338081
-0.001903205527924001
-0.001886961865238845
-0.001872095512226224
-0.001858581556007266
-0.001846380298957229
-0.001835437724366784
-0.001825685030780733
-0.001817039563320577
-0.001809406443499029
-0.001802677870728076
-0.001796736498363316
-0.001791455317288637
-0.001786699984222651
-0.001782330102287233
-0.001778201898559928
-0.001774170319549739
-0.001770089962519705
-0.001765818917192519
-0.001761220279149711
-0.001756164594553411
-0.001750532421283424
-0.001744215609505773
-0.001737120095640421
-0.001729167648591101
-0.001720296917483211
-0.001710465643554926
-0.001699650660157204
-0.001687848940491676
-0.001675078296102583
-0.001661376329138875
-0.001646799966692924
-0.00163142557721585
-0.00161534606013447
-0.001598670496605337
-0.00158152065705508
-0.001564028905704618
-0.001546335639432073
-0.001528585678897798
-0.001510925008915365
-0.001493498217314482
-0.00147644430398941
-0.001459893886931241
-0.001443965826183558
-0.00142876454629004
-0.001414376776665449
-0.00140087038744241
-0.001388292177580297
-0.001376666827127337
-0.001365995965898037
-0.001356258639134467
-0.00134741107467562
-0.00133938854560256
-0.001332106767222285
-0.001325463992543519
-0.00131934427190572
-0.001313620246946812
-0.001308156759478152
-0.001302815042436123
-0.001297455979511142
-0.001291944296099246
-0.001286152401007712
-0.001279963762499392
-0.001273276749998331
-0.001266006613150239
-0.001258088508620858
-0.001249479246325791
-0.001240158337168396
-0.001230127760209143
-0.001219412311911583
-0.001208058791235089
-0.001196133438497782
-0.001183720421977341
-0.001170919043943286
-0.001157839549705386
-0.001144600217230618
-0.0011313232826069
-0.001118131214752793
-0.001105141942389309
-0.001092464895918965
-0.001080198679119349
-0.001068426878191531
-0.001057215733453631
-0.001046612276695669
-0.001036642584949732
-0.001027311896905303
-0.001018603914417326
-0.001010482315905392
-0.001002892386168242
-0.0009957622969523072
-0.0009890071814879775
-0.0009825315792113543
-0.0009762334520928562
-0.0009700079681351781
-0.0009637508192099631
-0.0009573630522936583
-0.0009507539216428995
-0.0009438443812541664
-0.0009365695877932012
-0.0009288812871091068
-0.0009207489201799035
-0.0009121612529270351
-0.0009031256195157766
-0.0008936678059399128
-0.0008838300709612668
-0.0008736696327105165
-0.0008632559911347926
-0.0008526674937456846
-0.0008419881341978908
-0.000831304641906172
-0.000820702058263123
-0.000810260942671448
-0.0008000538218766451
-0.0007901426870375872
-0.0007805764325894415
-0.0007713893428444862
-0.0007625999278388917
-0.0007542107487097383
-0.0007462083012796938
-0.0007385641802102327
-0.0007312368834391236
-0.0007241736748255789
-0.0007173131452873349
-0.0007105882978066802
-0.0007039297488518059
-0.0006972684059292078
-0.0006905392510816455
-0.0006836833199486136
-0.0006766507867723703
-0.0006694025360047817
-0.0006619120831601322
-0.000654166447930038
-0.0006461662123911083
-0.0006379257538355887
-0.0006294716731645167
-0.0006208417471498251
-0.0006120828911662102
-0.0006032491219229996
-0.0005943986470811069
-0.0005855915369465947
-0.0005768867558799684
-0.0005683400668203831
-0.0005600014701485634
-0.0005519131082110107
-0.0005441081011667848
-0.0005366097902879119
-0.0005294311558827758
-0.0005225749337114394
-0.0005160345463082194
-0.0005097953253425658
-0.0005038355011492968
-0.000498129113111645
-0.0004926478723064065
-0.0004873628786299378
-0.0004822480259463191
-0.0004772812826558948
-0.0004724472237285227
-0.000467738340375945
-0.0004631565825548023
-0.0004587143193930387
-0.0004544336698018014
-0.0004503479285631329
-0.0004464993835426867
-0.0004429393156897277
-0.0004397260199766606
-0.0004369230300653726
-0.0004345978668425232
-0.0004328193317633122
-0.0004316558770369738
-0.0004311737429816276
-0.0004314352117944509
-0.0004324971523601562
-0.0004344100307207555
-0.000437217386206612
-0.0004409549583215266
-0.0004456510941963643
-0.0004513264284469187
-0.0004579951928462833
-0.0004656655073631555
-0.0004743408062495291
-0.0004840207402594388
-0.0004947013221681118
-0.0005063764983788133
-0.0005190384690649807
-0.0005326784448698163
-0.0005472866469062865
-0.000562852481380105
-0.0005793636082671583
-0.0005968055338598788
-0.0006151605630293489
-0.0006344073917716742
-0.0006545185460709035
-0.0006754599162377417
-0.0006971890106797218
-0.0007196543156169355
-0.0007427937816828489
-0.0007665337179787457
-0.0007907887920737267
-0.0008154617971740663
-0.0008404440013691783
-0.0008656154968775809
-0.0008908467716537416
-0.00091599952429533
-0.000940929283387959
-0.0009654871537350118
-0.0009895219700410962
-0.001012883032672107
-0.001035423018038273
-0.001056999433785677
-0.001077478635124862
-0.00109673710539937
-0.001114664017222822
-0.001131163444370031
-0.00114615517668426
-0.001159577048383653
-0.001171385520137846
-0.001181556261144578
-0.001190084964036942
-0.00119698722846806
-0.001202298561111093
-0.001206073793582618
-0.001208386849611998
-0.001209329813718796
-0.001209011301398277
-0.001207555644214153
-0.001205101958476007
-0.001201801002025604
-0.001197814475744963
-0.001193312928080559
-0.001188473310321569
-0.001183476182632148
-0.001178503385744989
-0.001173734897747636
-0.001169345923699439
-0.001165503868833184
-0.001162365195341408
-0.001160072861239314
-0.001158752245828509
-0.001158508937805891
-0.0011594258248806
-0.001161561813205481
-0.001164948684163392
-0.001169590977951884
-0.001175464829429984
-0.001182518200948834
-0.001190671464428306
-0.001199819496832788
-0.001209832262247801
-0.001220559701323509
-0.001231833477504551
-0.001243471633642912
-0.001255282782949507
-0.001267071347683668
-0.001278642914257944
-0.001289807842113078
-0.001300388132221997
-0.001310220803134143
-0.001319162547588348
-0.001327094505541027
-0.001333925290964544
-0.001339592505246401
-0.001344065880402923
-0.00134734739549458
-0.001349470694549382
-0.001350501668639481
-0.00135053473059088
-0.001349690952338278
-0.001348114688880742
-0.001345968572422862
-0.001343429205007851
-0.00134068145416677
-0.001337913796305656
-0.001335312030278146
-0.001333054387941957
-0.00133130548056215
-0.001330212340690196
-0.001329899532720447
-0.001330465427599847
-0.001331979990936816
-0.001334483036771417
-0.001337982947006822
-0.001342457253485918
-0.001347853802144527
-0.00135409296490252
-0.001361070666462183
-0.001368662109598517
-0.001376727363094687
-0.001385115901939571
-0.001393672428093851
-0.001402243040502071
-0.001410680939443409
-0.001418851665221155
-0.001426638336852193
-0.00143394700717181
-0.001440709340386093
-0.001446885871700943
-0.0014524677535519
-0.001457477454096079
-0.001461968175135553
-0.001466022222302854
-0.001469747978262603
-0.001473276526667178
-0.001476756646297872
-0.001480350503697991
-0.001484226551838219
-0.001488554291427135
-0.001493498217314482
-0.001499211881309748
-0.001505832886323333
-0.001513478229753673
-0.001522240228950977
-0.00153218419291079
-0.001543346443213522
-0.00155573443043977
-0.001569326850585639
-0.001584076206199825
-0.001599911018274724
-0.001616741064935923
-0.001634460524655879
-0.001652954262681305
-0.001672102836892009
-0.001691787387244403
-0.001711895456537604
-0.001732325763441622
-0.001752991345711052
-0.001773823285475373
-0.001794772339053452
-0.001815810450352728
-0.001836930052377284
-0.001858142670243979
-0.001879476709291339
-0.001900974311865866
-0.001922686351463199
-0.001944668591022491
-0.001966976327821612
-0.001989659620448947
-0.002012758515775204
-0.002036297461017966
-0.002060282975435257
-0.002084700390696526
-0.002109511289745569
-0.00213465397246182
-0.002160042291507125
-0.00218556821346283
-0.002211104379966855
-0.002236507833003998
-0.002261623973026872
-0.002286291681230068
-0.002310348208993673
-0.002333635464310646
-0.002356004901230335
-0.002377322874963284
-0.002397473435848951
-0.002416363917291164
-0.002433926798403263
-0.002450120402500033
-0.002464930061250925
-0.002478368580341339
-0.002490473445504904
-0.002501303795725107
-0.002510939491912723
-0.002519476227462292
-0.002527020871639252
-0.002533688442781568
-0.002539597684517503
-0.002544867340475321
-0.002549612428992987
-0.002553942846134305
-0.002557959640398622
-0.002561755245551467
-0.002565412782132626
-0.002569006057456136
-0.002572600031271577
-0.002576252212747931
-0.002580015687271953
-0.00258393888361752
-0.002588068833574653
-0.002592451637610793
-0.00259713432751596
-0.002602165564894676
-0.002607596106827259
-0.002613478107377887
-0.002619863720610738
-0.002626804169267416
-0.00263434718362987
-0.002642535138875246
-0.002651401329785585
-0.002660968340933323
-0.002671245951205492
-0.002682227874174714
-0.00269389059394598
-0.002706191968172789
-0.002719070762395859
-0.002732448279857635
-0.002746227895841002
-0.002760299714282155
-0.002774541033431888
-0.002788821002468467
-0.00280300504527986
-0.002816958352923393
-0.002830550074577332
-0.002843657741323113
-0.002856172854080796
-0.002868001814931631
-0.002879071282222867
-0.002889329101890326
-0.002898744773119688
-0.002907311776652932
-0.002915046410635114
-0.002921986160799861
-0.002928188303485513
-0.002933726878836751
-0.002938690129667521
-0.002943177241832018
-0.002947294618934393
-0.002951151924207807
-0.002954860450699925
-0.00295852730050683
-0.002962254919111729
-0.00296613690443337
-0.002970257308334112
-0.00297468900680542
-0.00297949300147593
-0.002984716556966305
-0.002990395296365023
-0.002996551105752587
-0.003003193996846676
-0.003010321408510208
-0.003017920767888427
-0.003025968326255679
-0.003034431952983141
-0.003043270437046885
-0.003052434185519814
-0.003061867319047451
-0.003071508137509227
-0.0030812902841717
-0.00309114414267242
-0.003100998234003782
-0.003110779216513038
-0.00312041537836194
-0.0031298385001719
-0.003138983622193336
-0.003147792769595981
-0.003156216582283378
-0.003164215013384819
-0.003171759191900492
-0.003178833518177271
-0.003185435896739364
-0.003191577270627022
-0.003197283484041691
-0.003202592954039574
-0.003207556903362274
-0.003212236799299717
-0.003216702723875642
-0.003221030347049236
-0.003225298598408699
-0.003229587338864803
-0.003233972238376737
-0.003238524775952101
-0.003243308048695326
-0.00324837421067059
-0.00325376377440989
-0.003259502584114671
-0.003265602048486471
-0.003272058675065637
-0.003278855001553893
-0.003285959362983704
-0.003293327987194061
-0.003300908021628857
-0.003308638231828809
-0.003316453192383051
-0.003324284218251705
-0.003332062857225537
-0.003339723218232393
-0.003347204765304923
-0.003354453481733799
-0.003361423732712865
-0.003368081292137504
-0.003374401014298201
-0.003380370093509555
-0.003385984804481268
-0.003391252132132649
-0.003396189073100686
-0.003400819841772318
-0.003405174938961864
-0.003409289754927158
-0.003413203405216336
-0.0034169543068856
-0.003420580644160509
-0.003424118040129542
-0.003427597694098949
-0.003431044984608889
-0.003434477373957634
-0.003437904873862863
-0.003441328881308436
-0.003444741014391184
-0.003448124043643475
-0.003451451426371932
-0.003454687772318721
-0.003457790007814765
-0.003460708074271679
-0.003463385859504342
-0.003465763293206692
-0.003467777743935585
-0.003469365881755948
-0.003470464376732707
-0.003471011528745294
-0.003470948664471507
-0.003470223164185882
-0.003468787530437112
-0.003466601483523846
-0.003463631728664041
-0.003459852421656251
-0.003455244703218341
-0.003449797630310059
-0.003443506779149175
-0.003436373313888907
-0.003428403288125992
-0.003419606946408749
-0.003409997094422579
-0.003399587702006102
-0.003388393670320511
-0.003376428969204426
-0.003363707335665822
-0.003350241342559457
-0.003336041001603007
-0.003321115858852863
-0.003305473597720265
-0.003289122367277741
-0.003272070782259107
-0.003254329552873969
-0.003235911717638373
-0.003216835670173168
-0.003197126323357224
-0.003176815109327435
-0.00315594207495451
-0.003134556580334902
-0.003112717997282743
-0.003090496407821774
-0.003067971905693412
-0.003045234829187393
-0.003022385062649846
-0.002999530173838139
-0.002976784948259592
-0.002954269293695688
-0.002932105911895633
-0.002910419832915068
-0.002889334689825773
-0.002868970856070518
-0.00284944474697113
-0.002830864395946264
-0.002813329920172691
-0.002796929795295
-0.002781741553917527
-0.002767828293144703
-0.002755238441750407
-0.002744005061686039
-0.002734146313741803
-0.002725664526224136
-0.002718545030802488
-0.002712758723646402
-0.002708261134102941
-0.002704993123188615
-0.002702882280573249
-0.002701843390241265
-0.002701780525967479
-0.002702586818486452
-0.002704147016629577
-0.002706338185817003
-0.002709032036364079
-0.00271209585480392
-0.002715393900871277
-0.002718788804486394
-0.002722144359722733
-0.002725326456129551
-0.002728204941377044
-0.002730655949562788
-0.002732563065364957
-0.002733819419518113
-0.002734330017119646
-0.002734011737629771
-0.002732797060161829
-0.002730634529143572
-0.002727489685639739
-0.002723346697166562
-0.002718208590522408
-0.002712098415941
-0.002705058315768838
-0.002697149757295847
-0.002688451902940869
-0.002679061610251665
-0.002669090172275901
-0.002658662851899862
-0.0026479153893888
-0.002636991208419204
-0.002626038622111082
-0.002615206874907017
-0.002604643115773797
-0.002594488905742764
-0.002584876026958227
-0.00257592462003231
-0.002567739225924015
-0.002560405759140849
-0.002553989645093679
-0.002548534888774157
-0.002544061047956347
-0.00254056416451931
-0.002538015600293875
-0.002536364831030369
-0.002535538282245398
-0.002535443985834718
-0.002535972278565168
-0.002536999294534326
-0.002538390457630157
-0.002540003973990679
-0.002541696187108755
-0.002543323673307896
-0.00254474813118577
-0.002545840572565794
-0.002546483417972922
-0.002546575153246522
-0.002546032425016165
-0.00254479143768549
-0.002542811445891857
-0.002540074056014419
-0.00253658345900476
-0.002532367361709476
-0.002527474658563733
-0.002521973801776767
-0.002515950938686728
-0.002509507117792964
-0.002502754563465714
-0.002495813416317105
-0.00248880754224956
-0.002481862204149365
-0.00247509777545929
-0.002468628576025367
-0.002462555887177587
-0.002456968883052468
-0.002451939275488257
-0.002447519917041063
-0.002443743869662285
-0.002440622542053461
-0.002438146388158202
-0.002436284907162189
-0.002434988506138325
-0.002434190362691879
-0.002433808520436287
-0.002433748915791512
-0.002433908870443702
-0.00243418151512742
-0.002434457652270794
-0.00243463134393096
-0.002434603637084365
-0.002434284891933203
-0.002433598507195711
-0.002432483015581965
-0.00243089534342289
-0.002428810345008969
-0.0024262226652354
-0.002423146972432733
-0.002419615630060434
-0.002415678463876247
-0.002411399269476533
-0.002406855346634984
-0.002402131678536534
-0.002397319534793496
-0.002392511814832687
-0.002387799555435777
-0.002383268671110272
-0.002378996228799224
-0.002375047653913498
-0.002371473936364055
-0.002368310932070017
-0.002365576801821589
-0.00236327201128006
-0.002361379796639085
-0.002359867561608553
-0.00235868850722909
-0.002357783727347851
-0.002357083838433027
-0.002356514101848006
-0.00235599628649652
-0.002355452394112945
-0.002354808850213885
-0.002353998133912683
-0.002352962736040354
-0.002351657021790743
-0.002350049093365669
-0.002348121721297503
-0.002345871878787875
-0.002343312837183475
-0.002340470673516393
-0.002337384736165404
-0.002334103686735034
-0.002330684568732977
-0.002327189547941089
-0.002323683118447661
-0.002320227911695838
-0.00231688329949975
-0.002313701435923576
-0.002310726791620255
-0.00230799219571054
-0.002305519534274936
-0.00230331695638597
-0.002301380736753345
-0.002299694111570716
-0.00229823007248342
-0.002296952065080404
-0.002295815851539373
-0.002294772304594517
-0.0022937695030123
-0.002292756456881762
-0.002291684271767735
-0.002290508942678571
-0.002289194148033857
-0.002287711016833782
-0.00228604138828814
-0.002284177346155047
-0.002282121451571584
-0.002279885811731219
-0.002277492312714458
-0.002274970058351755
-0.002272354671731591
-0.002269684802740812
-0.002267001429572701
-0.002264345064759254
-0.0022617531940341
-0.002259259345009923
-0.002256890991702676
-0.002254668390378356
-0.002252603648230433
-0.002250701189041138
-0.002248955890536308
-0.002247354947030544
-0.002245879266411066
-0.002244503470137715
-0.002243198221549392
-0.002241932088509202
-0.002240672707557678
-0.002239389112219214
-0.002238053362816572
-0.002236641477793455
-0.002235135063529015
-0.002233521779999137
-0.002231796272099018
-0.002229960169643164
-0.002228021388873458
-0.002225993666797876
-0.002223895629867911
-0.002221749862655997
-0.002219580346718431
-0.002217411994934082
-0.002215269254520535
-0.002213174244388938
-0.002211145823821425
-0.002209198661148548
-0.002207342069596052
-0.002205580240115523
-0.0022039117757231
-0.002202330389991403
-0.00220082513988018
-0.002199381357058883
-0.002197981579229236
-0.002196607179939747
-0.002195238368585706
-0.002193856751546264
-0.002192446030676365
-0.002190992003306746
-0.0021894839592278
-0.002187915612012148
-0.002186284866183996
-0.002184593584388494
-0.002182847820222378
-0.002181056886911392
-0.00217923242598772
-0.002177388174459338
-0.002175538567826152
-0.002173698041588068
-0.002171880332753062
-0.002170096850022674
-0.002168357372283936
-0.002166667953133583
-0.00216503138653934
-0.002163447672501206
-0.002161913085728884
-0.002160421572625637
-0.002158964052796364
-0.002157530747354031
-0.002156110480427742
-0.002154691377654672
-0.002153262495994568
-0.002151814289391041
-0.002150338608771563
-0.002148829167708755
-0.002147282706573606
-0.002145698526874185
-0.00214407779276371
-0.002142423996701837
-0.002140743192285299
-0.002139042131602764
-0.002137327566742897
-0.00213560787960887
-0.002133889822289348
-0.002132179448381066
-0.002130481647327542
-0.002128799678757787
-0.002127134241163731
-0.002125484636053443
-0.0021238480694592
-0.002122219884768128
-0.002120594726875424
-0.002118964912369847
-0.0021173229906708
-0.002115661976858974
-0.00211397442035377
-0.002112254034727812
-0.00211049453355372
-0.002108692191541195
-0.00210684398189187
-0.002104948973283172
-0.002103006932884455
-0.002101019024848938
-0.002098987810313702
-0.002096917247399688
-0.002094810595735908
-0.002092671813443303
-0.002090504858642817
-0.002088313223794103
-0.002086099702864885
-0.002083866391330957
-0.002081614919006824
-0.002079345984384418
-0.002077059121802449
-0.002074753865599632
-0.002072429284453392
-0.002070084679871798
-0.002067719353362918
-0.002065332373604178
-0.002062924904748797
-0.002060497179627419
-0.002058051526546478
-0.002055591205134988
-0.002053120639175177
-0.002050644485279918
-0.002048169262707233
-0.00204570172354579
-0.00204324908554554
-0.002040818566456437
-0.002038417384028435
-0.002036052523180842
-0.002033731201663613
-0.002031458774581552
-0.002029240364208817
-0.00202707969583571
-0.002024980029091239
-0.002022943459451199
-0.002020970219746232
-0.002019060309976339
-0.002017212798818946
-0.002015425823628902
-0.002013696357607841
-0.002012022072449327
-0.002010399242863059
-0.002008823212236166
-0.002007289556786418
-0.002005793619900942
-0.002004330279305577
-0.002002893714234233
-0.002001478802412748
-0.002000079490244389
-0.001998689724132419
-0.001997303450480103
-0.001995914382860065
-0.001994515769183636
-0.001993101323023438
-0.001991664757952094
-0.001990200253203511
-0.001988702220842242
-0.001987165305763483
-0.001985585549846292
-0.001983959693461657
-0.001982285641133785
-0.001980562228709459
-0.001978789456188679
-0.001976969419047236
-0.001975104911252856
-0.001973200123757124
-0.001971261342987418
-0.001969295321032405
-0.001967309042811394
-0.001965310890227556
-0.00196330901235342
-0.001961312489584088
-0.001959329936653376
-0.001957369968295097
-0.00195544003508985
-0.001953547121956944
-0.001951696700416505
-0.00194989365991205
-0.001948140910826623
-0.001946440315805376
-0.00194479210767895
-0.001943195005878806
-0.001941646216437221
-0.001940142014063895
-0.001938677276484668
-0.001937246066518128
-0.001935840933583677
-0.001934454310685396
-0.001933078630827367
-0.001931705512106419
-0.001930326921865344
-0.001928935409523547
-0.001927523640915751
-0.001926085562445223
-0.001924616284668446
-0.001923111383803189
-0.001921568298712373
-0.001919985166750848
-0.001918362220749259
-0.001916700741276145
-0.001915003755129874
-0.001913275220431387
-0.00191152049228549
-0.001909745740704238
-0.001907958183437586
-0.001906165620312095
-0.001904375618323684
-0.001902596210129559
-0.001900834729894996
-0.00189909792970866
-0.001897391630336642
-0.001895720488391817
-0.00189408753067255
-0.001892494852654636
-0.001890942570753396
-0.001889429171569645
-0.00188795174472034
-0.001886505982838571
-0.001885086297988892
-0.001883686287328601
-0.001882299082353711
-0.001880917232483625
-0.001879533287137747
-0.001878140028566122
-0.001876730821095407
-0.001875300193205476
-0.001873843371868134
-0.001872357446700335
-0.001870840787887573
-0.00186929339542985
-0.001867716549895704
-0.001866112812422216
-0.001864486606791615
-0.001862842589616776
-0.001861186814494431
-0.001859525684267282
-0.00185786560177803
-0.001856213551945984
-0.001854575355537236
-0.001852956134825945
-0.001851360546424985
-0.001849791500717402
-0.001848251209594309
-0.001846740138716996
-0.001845257356762886
-0.001843800535425544
-0.001842366764321923
-0.001840951736085117
-0.001839550212025642
-0.001838156720623374
-0.001836765557527542
-0.001835371018387377
-0.001833967864513397
-0.001832551439292729
-0.001831118366681039
-0.001829665736295283
-0.001828192151151597
-0.001826697494834661
-0.001825182582251728
-0.001823649625293911
-0.001822102000005543
-0.001820543431676924
-0.001818978460505605
-0.001817412092350423
-0.001815849100239575
-0.001814294257201254
-0.001812751637771726
-0.00181122450158
-0.001809715293347836
-0.001808225875720382
-0.001806756597943604
-0.001805306528694928
-0.001803874038159847
-0.001802456798031926
-0.00180105131585151
-0.001799653749912977
-0.001798260025680065
-0.001796865835785866
-0.001795467338524759
-0.001794060925021768
-0.001792644150555134
-0.001791214686818421
-0.001789771602489054
-0.00178831466473639
-0.00178684457205236
-0.001785363303497434
-0.001783872954547405
-0.001782376784831285
-0.001780878053978086
-0.00177938025444746
-0.001777886878699064
-0.001776401302777231
-0.001774925971403718
-0.001773463212884963
-0.001772013842128217
-0.001770578324794769
-0.00176915607880801
-0.001767745590768754
-0.001766344998031855
-0.001764951855875552
-0.001763563137501478
-0.001762175932526588
-0.001760787214152515
-0.001759394188411534
-0.001757994759827852
-0.001756587415002286
-0.001755171339027584
-0.001753746415488422
-0.001752313110046089
-0.001750872936099768
-0.001749427407048643
-0.001747978501953185
-0.001746528781950474
-0.001745080342516303
-0.001743635395541787
-0.001742196385748684
-0.001740764593705535
-0.001739341299980879
-0.001737926853820682
-0.001736521255224943
-0.001735123689286411
-0.001733732991851866
-0.001732347882352769
-0.001730966614559293
-0.001729586976580322
-0.001728207338601351
-0.001726826070807874
-0.001725441659800708
-0.001724053174257278
-0.001722660032100976
-0.001721262000501156
-0.001719859545119107
-0.001718453131616116
-0.001717044156976044
-0.001715633901767433
-0.001714223879389465
-0.001712815603241324
-0.001711410586722195
-0.001710010226815939
-0.001708615338429809
-0.001707226387225091
-0.001705843838863075
-0.001704467576928437
-0.00170309713575989
-0.001701731351204216
-0.001700369757600129
-0.001699011074379086
-0.001697654370218515
-0.001696298364549875
-0.001694942358881235
-0.001693585654720664
-0.00169222813565284
-0.001690870034508407
-0.00168951170053333
-0.001688153832219541
-0.001686797593720257
-0.001685444265604019
-0.001684094895608723
-0.001682751113548875
-0.001681413850747049
-0.001680084620602429
-0.001678764587268233
-0.001677454449236393
-0.001676155137829483
-0.001674867118708789
-0.001673590973950922
-0.001672327052801847
-0.001671075238846242
-0.001669836463406682
-0.001668610726483166
-0.001667398726567626
-0.001666201511397958
-0.001665020477958024
-0.001663856906816363
-0.001662712544202805
-0.00166158948559314
-0.001660489942878485
-0.001659416244365275
-0.001658370834775269
-0.001657356391660869
-0.001656375359743834
-0.001655430300161242
-0.001654523541219532
-0.001653657178394496
-0.001652833539992571
-0.001652054372243583
-0.001651321654208004
-0.001650637132115662
-0.001650002552196383
-0.001649419311434031
-0.001648888923227787
-0.001648412900976837
-0.001647992641665041
-0.001647629775106907
-0.001647324999794364
-0.001647079596295953
-0.001646894379518926
-0.001646770047955215
-0.001646707067266107
-0.001646705553866923
-0.001646765391342342
-0.001646885648369789
-0.001647065160796046
-0.001647301949560642
-0.001647593453526497
-0.001647936529479921
-0.001648327452130616
-0.001648761797696352
-0.001649234909564257
-0.001649741316214204
-0.00165027508046478
-0.001650830148719251
-0.001651400118134916
-0.001651977770961821
-0.001652556471526623
-0.001653128885664046
-0.001653687679208815
-0.001654225517995656
-0.001654735067859292
-0.001655209227465093
-0.001655641011893749
-0.001656023785471916
-0.00165635091252625
-0.001656616223044693
-0.001656814129091799
-0.001656939275562763
-0.001656987355090678
-0.00165695499163121
-0.001656839391216636
-0.001656638574786484
-0.001656351611018181
-0.001655978849157691
-0.00165552191901952
-0.001654983381740749
-0.001654367079026997
-0.00165367778390646
-0.001652921666391194
-0.001652105594985187
-0.001651237369515002
-0.001650325604714453
-0.001649379497393966
-0.001648408593609929
-0.00164742290508002
-0.001646431861445308
-0.001645445707254112
-0.001644474337808788
-0.001643526600673795
-0.001642611576244235
-0.001641736947931349
-0.001640909817069769
-0.001640136237256229
-0.001639420865103602
-0.001638767425902188
-0.001638178247958422
-0.001637654379010201
-0.001637195004150271
-0.001636798377148807
-0.001636461238376796
-0.001636178698390722
-0.001635944936424494
-0.001635753316804767
-0.001635595923289657
-0.001635463791899383
-0.001635348191484809
-0.001635239226743579
-0.001635127700865269
-0.001635004067793489
-0.001634859596379101
-0.001634685788303614
-0.001634475309401751
-0.001634221756830812
-0.00163392024114728
-0.001633566920645535
-0.001633159350603819
-0.001632696716114879
-0.001632179599255323
-0.001631610211916268
-0.001630992279388011
-0.001630330225452781
-0.001629629987291992
-0.001628898549824953
-0.001628143596462905
-0.001627373276278377
-0.001626595971174538
-0.001625820063054562
-0.001625053933821619
-0.001624305383302271
-0.001623581280000508
-0.001622888026759028
-0.001622230629436672
-0.001621612813323736
-0.001621037255972624
-0.001620504888705909
-0.001620015595108271
-0.001619567978195846
-0.001619158894754946
-0.001618784153833985
-0.001618438865989447
-0.001618117094039917
-0.001617812435142696
-0.001617518020793796
-0.001617227215319872
-0.001616932917386293
-0.001616629073396325
-0.001616309978999197
-0.001615970861166716
-0.001615608227439225
-0.001615219516679645
-0.001614803564734757
-0.001614360488019884
-0.001613891683518887
-0.001613399828784168
-0.001612888532690704
-0.001612362684682012
-0.00161182798910886
-0.001611290499567986
-0.001610756618902087
-0.00161023298278451
-0.001609725877642632
-0.001609241589903831
-0.001608785707503557
-0.001608363003470004
-0.001607977435924113
-0.001607632613740861
-0.001607330399565399
-0.001607072190381587
-0.001606858219020069
-0.001606688019819558
-0.001606560545042157
-0.001606473699212074
-0.00160642561968416
-0.001606413861736655
-0.001606435864232481
-0.001606489298865199
-0.001606572302989662
-0.001606683130376041
