0
0
0
0
0
0
0
0
0
0
0
0
0
0
0
0
0
0
0
0
0
0
0
0
0
0
0
0
0
0
0
0
0
0
0
0
0
0
0
0
0
0
0
0
0
0
0
0
0
0
0
0
0
0
0
0
0
0
0
0
0
0
0
0
0
0
0
0
0
0
0
0
0
0
0
0
0
0
0
0
0
0
0
0
0
0
0
0
0
0
0
0
0
0
0
0
0
0
0
0
0
0
0
0
0
0
0
0
0
0
0
0
0
0
0
0
0
0
0
0
0
0
0
0
0
0
0
0
0
0
0
0
0
0
0
0
0
0
0
0
0
0
0
0
0
0
0
0
0
0
0
0
0
0
0
0
0
0
0
0
0
0
0
0
0
0
0
0
0
0
0
0
0
0
0
0
0
0
0
0
0
0
0
0
0
0
0
0
0
0
0
0
0
0
0
0
0
0
0
0
0
0
0
0
0
0
0
0
0
0
0
0
0
0
0
0
0
0
0
0
0
0
0
0
0
0
0
0
0
0
0
0
0
0
0
0
0
0
0
0
0
0
0
0
0
0
0
0
0
0
0
0
0
0
0
0
0
0
0
0
0
0
0
0
0
0
0
0
0
0
0
0
0
0
0
0
0
0
0
0
0
0
0
0
0
0
0
0
0
0
0
0
0
0
0
0
0
0
0
0
0
0
0
0
0
0
0
0
0
0
0
0
0
0
0
0
0
0
0
0
0
0
0
0
0
0
0
0
0
0
0
0
0
0
0
0
0
0
0
0
0
0
0
0
0
0
0
0
0
0
0
0
0
0
0
0
0
0
0
0
0
0
0
0
0
0
0
0
0
0
0
0
0
0
0
0
0
0
0
0
0
0
0
0
0
0
0
0
0
0
0
0
0
0
0
0
0
0
0
0
0
0
0
0
0
0
0
0
0
0
0
0
0
0
0
0
0
0
0
0
0
0
0
0
0
0
0
0
0
0
0
0
0
0
0
0
0
0
0
0
0
0
0
0
0
0
0
0
0
0
0
0
0
0
0
0
0
0
0
0
0
0
0
0
0
0
0
0
0
0
0
0
0
0
0
0
0
0
0
0
0
0
0
0
0
0
0
0
0
0
0
0
0
0
0
0
0
0
0
0
0
0
0
0
0
0
0
0
0
0
0
0
0
0
0
0
0
0
0
0
0
0
0
0
0
0
0
0
0
0
0
0
0
0
0
0
0
0
0
0
0
0
0
0
0
0
0
0
0
0
0
0
0
0
0
0
0
0
0
0
0
0
0
0
0
0
0
0
0
0
0
0
0
0
0
0
0
0
0
0
0
0
0
0
0
0
0
0
0
0
0
0
0
0
0
0
0
0
0
0
0
0
0
0
0
0
0
0
0
0
0
0
0
0
0
0
0
0
0
0
0
0
0
0
0
0
0
0
0
0
0
0
0
0
0
0
0
0
0
0
0
0
0
0
0
0
0
0
0
0
0
0
0
0
0
0
0
0
0
0
0
0
0
0
0
0
0
0
0
0
0
0
0
0
0
0
0
0
0
0
0
0
0
0
0
0
0
0
0
0
0
0
0
0
0
0
0
0
0
0
0
0
0
0
0
0
0
0
0
0
0
0
0
0
0
0
0
0
0
0
0
0
0
0
0
0
0
0
0
0
0
0
0
0
0
0
0
0
0
0
0
0
0
0
0
0
0
0
0
0
0
0
0
0
0
0
0
0
0
0
0
0
0
0
0
0
0
0
0
0
0
0
0
0
0
0
0
0
0
0
0
0
0
0
0
0
0
0
0
0
0
0
0
0
0
0
0
0
0
0
0
0
0
0
0
0
0
0
0
0
0
0
0
0
0
0
0
0
0
0
0
0
0
0
0
0
0
0
0
0
0
0
0
0
0
0
0
0
0
0
0
0
0
0
0
0
0
0
0
0
0
0
0
0
0
0
0
0
0
0
0
0
0
0
0
0
0
0
0
0
0
0
0
0
0
0
0
0
0
0
0
0
0
0
0
0
0
0
0
0
0
0
0
0
0
0
0
0
0
0
0
0
0
0
0
0
0
0
0
0
0
0
0
0
0
0
0
0
0
0
0
0
0
0
0
0
0
0
0
0
0
0
0
0
0
0
0
0
0
0
0
0
0
0
0
0
0
0
0
0
0
0
0
0
0
0
0
0
0
0
0
0
0
0
0
0
0
0
0
0
0
0
0
0
0
0
0
0
0
0
0
0
0
0
0
0
0
0
0
0
0
0
0
0
0
0
0
0
0
0
0
0
0
0
0
0
0
0
0
0
0
0
0
0
0
0
0
0
0
0
0
0
0
0
0
0
0
0
0
0
0
0
0
0
0
0
0
0
0
0
0
0
0
0
0
0
0
0
0
0
0
0
0
0
0
0
0
0
0
0
0
0
0
0
0
0
0
0
0
0
0
0
0
0
0
0
0
0
0
0
0
0
0
0
0
0
0
0
0
0
0
0
0
0
0
0
0
0
0
0
0
0
0
0
0
0
0
0
0
0
0
0
0
0
0
0
0
0
0
0
0
0
0
0
0
0
0
0
0
0
0
0
0
0
0
0
0
0
0
0
0
0
0
0
0
0
0
0
0
0
0
0
0
0
0
0
0
0
0
0
0
0
0
0
0
0
0
0
0
0
0
0
0
0
0
0
0
0
0
0
0
0
0
0
0
0
0
0
0
0
0
0
0
0
0
0
0
0
0
0
0
0
0
0
0
0
0
0
0
0
0
0
0
0
0
0
0
0
0
0
0
0
0
0
0
0
0
0
0
0
0
0
0
0
0
0
0
0
0
0
0
0
0
0
0
0
0
0
0
0
0
0
0
0
0
0
0
0
0
0
0
0
0
0
0
0
0
0
0
0
0
0
0
0
0
0
0
0
0
0
0
0
0
0
0
0
0
0
0
0
0
0
0
0
0
0
0
0
0
0
0
0
0
0
0
0
0
0
0
0
0
0
0
0
0
0
0
0
0
0
0
0
0
0
0
0
0
0
0
0
0
0
0
0
0
0
0
0
0
0
0
0
0
0
0
0
0
0
0
0
0
0
0
0
0
0
0
0
0
0
0
0
0
0
0
0
0
0
0
0
0
0
0
0
0
0
0
0
0
0
0
0
0
0
0
0
0
0
0
0
0
0
0
0
0
0
0
0
0
0
0
0
0
0
0
0
0
0
0
0
0
0
0
0
0
0
0
0
0
0
0
0
0
0
0
0
0
0
0
0
0
0
0
0
0
0
0
0
0
0
0
0
0
0
0
0
0
0
0
0
0
0
0
0
0
0
0
0
0
0
0
0
0
0
0
0
0
0
0
0
0
0
0
0
0
0
0
0
0
0
0
0
0
0
0
0
0
0
0
0
0
0
0
0
2.802596928649634e-45
1.961817850054744e-44
5.465064010866787e-44
1.387285479681569e-43
2.998778713655109e-43
5.969531458023721e-43
1.118236174531204e-42
2.054303548700182e-42
3.738664302818612e-42
6.754258598045618e-42
1.214225119337454e-41
2.173413918167791e-41
3.878794149251094e-41
6.905598832192699e-41
1.226864831485664e-40
2.175403761987133e-40
3.84974523208564e-40
6.799660668289742e-40
1.198705738845057e-39
2.109157377086177e-39
3.704069046331361e-39
6.492716048768641e-39
1.135933733356548e-38
1.983630742210117e-38
3.457410809082749e-38
6.0148488898406e-38
1.044439201140896e-37
1.810203409824165e-37
3.131543335359099e-37
5.407261458148282e-37
9.319345974756648e-37
1.603184453331886e-36
2.752787113322333e-36
4.717956062155827e-36
8.071018542100529e-36
1.378151471011158e-35
2.348879642078122e-35
3.995956440319831e-35
6.785438399160328e-35
1.150093570939949e-34
1.945752636232938e-34
3.285807242209471e-34
5.53856984510716e-34
9.318696568655144e-34
1.565004689542822e-33
2.623493087749144e-33
4.389842878185539e-33
7.332021116979243e-33
1.222376592016133e-32
2.034200761748043e-32
3.379021400386434e-32
5.602698186365202e-32
9.272858974597195e-32
1.531937386932298e-31
2.52627230666857e-31
4.158454676344642e-31
6.832776264719617e-31
1.120667319469427e-30
1.834726441012021e-30
2.998346794258234e-30
4.891128174110474e-30
7.9644116987986e-30
1.294543302922154e-29
2.100383086162262e-29
3.401733046805056e-29
5.499489946932214e-29
8.874948795397521e-29
1.429655112611318e-28
2.298896389250032e-28
3.690039162245924e-28
5.912438817811111e-28
9.456428693843075e-28
1.50977817978845e-27
2.406164235287087e-27
3.827932520331394e-27
6.078979854188605e-27
9.636633914286505e-27
1.524925907690547e-26
2.408804030424661e-26
3.798256482115913e-26
5.978575271360668e-26
9.393822219510687e-26
1.473393599871864e-25
2.306894048307553e-25
3.60553289421952e-25
5.625288722078579e-25
8.761012299446298e-25
1.362066467439164e-24
2.1138659970796e-24
3.274856651550973e-24
5.064578519383901e-24
7.818636301056109e-24
1.204913483040992e-23
1.853609819280606e-23
2.846550933948466e-23
4.363733349713295e-23
6.677846402215184e-23
1.020126776074714e-22
1.55564948231394e-22
2.368152359537808e-22
3.598722107794266e-22
5.459188579845308e-22
8.267026511968851e-22
1.249719252067389e-21
1.885896469870785e-21
2.840964940458836e-21
4.272251346723574e-21
6.413440270162981e-21
9.61100588269866e-21
1.437773836790562e-20
2.147120955498277e-20
3.20086165262689e-20
4.763455589823284e-20
7.076563098368683e-20
1.049464916531796e-19
1.553670855585448e-19
2.296126459921966e-19
3.387494601451594e-19
4.988932035484682e-19
7.334709753181203e-19
1.076477236142448e-18
1.577151669742473e-18
2.306688677464868e-18
3.367840635000969e-18
4.908640715351457e-18
7.141973361733897e-18
1.037343548837233e-17
1.504091955434977e-17
2.17707683738526e-17
3.145725187019557e-17
4.537487669631058e-17
6.533679959385672e-17
9.391779558169514e-17
1.347676799987079e-16
1.93050706845186e-16
2.760608224137241e-16
3.940812581468956e-16
5.615836910625484e-16
7.988969648343449e-16
1.134526305706014e-15
1.608369347773397e-15
2.2761678999272e-15
3.215659787330228e-15
4.535058445312781e-15
6.384732339044996e-15
8.973238344316299e-15
1.258931940493384e-14
1.763200723663497e-14
2.465172841250099e-14
3.440637667351601e-14
4.793758570436832e-14
6.667435429718455e-14
9.257347763792084e-14
1.283096214997267e-13
1.775318851345367e-13
2.452097227524652e-13
3.380982017790746e-13
4.653625575168352e-13
6.394154411677733e-13
8.770360739734917e-13
1.200864711489724e-12
1.641392425623389e-12
2.239608455287256e-12
3.050510798824346e-12
4.147757658168327e-12
5.629813455698685e-12
7.628056172825914e-12
1.031745175406051e-11
1.393057717791191e-11
1.877600332156337e-11
2.526237205535686e-11
3.392979647243166e-11
4.549082638360957e-11
6.088372861423608e-11
8.134160012218672e-11
1.084819525876135e-10
1.444224878577316e-10
1.919304576381009e-10
2.546149124871278e-10
3.371738444002403e-10
4.457106905775277e-10
5.88139759116757e-10
7.747033015093052e-10
1.018630402249698e-09
1.336974975174599e-09
1.751678135875068e-09
2.290913236890901e-09
2.990785619161329e-09
3.89747256690498e-09
5.069917818900649e-09
6.583208644883598e-09
8.532809125938456e-09
1.103984192951657e-08
1.425767859331017e-08
1.838013830024465e-08
2.365164064599412e-08
3.037980178532962e-08
3.895098288353438e-08
4.984943657859731e-08
6.368087213104445e-08
8.120132122257928e-08
1.033525123261825e-07
1.313049864393179e-07
1.66510673693665e-07
2.107666432493716e-07
2.662924600826955e-07
3.358237563588773e-07
4.227246677146468e-07
5.311237600835739e-07
6.660760618615313e-07
8.337578378814214e-07
1.041698624248966e-06
1.299057544201787e-06
1.616949930394185e-06
2.008836645472911e-06
2.490980705260881e-06
3.082985813307459e-06
3.808429028140381e-06
4.695599272963591e-06
5.778360446129227e-06
7.097152774804272e-06
8.7001590145519e-06
1.064464413502719e-05
1.29985037347069e-05
1.584204255777877e-05
1.927000084833708e-05
2.339388447580859e-05
2.834458427969366e-05
3.427535193623044e-05
4.136517236474901e-05
4.98225272167474e-05
5.988961493130773e-05
7.184704736573622e-05
8.601901936344802e-05
0.000102779122244101
0.0001225565938511863
0.0001458431943319738
0.0001732007804093882
0.0002052692143479362
0.0002427752187941223
0.0002865414717234671
0.0003374963998794556
0.000396684481529519
0.0004652769421227276
0.0005445825518108904
0.0006360590341500938
0.0007413240382447839
0.0008621662273071706
0.00100055627990514
0.001158656319603324
0.001338830217719078
0.001543650520034134
0.001775905257090926
0.002038602717220783
0.002334973542019725
0.002668469911441207
0.003042760537937284
0.003461725544184446
0.003929441329091787
0.004450165666639805
0.005028314422816038
0.005668434780091047
0.006375170312821865
0.007153221871703863
0.008007298223674297
0.008942063897848129
0.009962077252566814
0.01107172202318907
0.01227513141930103
0.01357611361891031
0.01497806143015623
0.01648385636508465
0.01809578388929367
0.01981543190777302
0.02164359577000141
0.02358018234372139
0.02562411688268185
0.02777325920760632
0.0300243254750967
0.03237282484769821
0.03481298685073853
0.0373377613723278
0.03993875160813332
0.04260626435279846
0.04532931745052338
0.0480956919491291
0.05089200288057327
0.05370383337140083
0.05651586502790451
0.05931203439831734
0.06207576394081116
0.06479015201330185
0.06743824481964111
0.07000330835580826
0.07246909290552139
0.07482016831636429
0.07704219967126846
0.07912228256464005
0.08104919642210007
0.08281372487545013
0.08440886437892914
0.08583009243011475
0.08707553893327713
0.08814609795808792
0.08904549479484558
0.08978033810853958
0.09036006033420563
0.09079676866531372
0.09110511094331741
0.09130199998617172
0.09140626341104507
0.09143829345703125
0.09141959249973297
0.09137235581874847
0.09131888300180435
0.09128107130527496
0.09127987176179886
0.09133480489253998
0.09146340936422348
0.09168077260255814
0.09199914336204529
0.09242758899927139
0.09297173470258713
0.09363362193107605
0.09441162645816803
0.09530051797628403
0.09629159420728683
0.09737303853034973
0.09853018075227737
0.09974604845046997
0.1010018512606621
0.1022776514291763
0.1035529673099518
0.10480747371912
0.1060216948390007
0.107177622616291
0.1082593724131584
0.1092537119984627
0.1101504787802696
0.110942929983139
0.1116279512643814
0.1122061610221863
0.1126817911863327
0.1130625456571579
0.1133592650294304
0.1135854348540306
0.1137566789984703
0.1138900741934776
0.1140035092830658
0.1141149550676346
0.1142416968941689
0.1143997460603714
0.1146030947566032
0.1148632615804672
0.1151888445019722
0.1155851855874062
0.1160542666912079
0.1165946424007416
0.1172016113996506
0.1178675070405006
0.1185820996761322
0.1193331032991409
0.1201067864894867
0.1208886727690697
0.1216641515493393
0.1224192529916763
0.12314123660326
0.1238191723823547
0.1244444027543068
0.1250109523534775
0.1255156844854355
0.1259583532810211
0.1263416409492493
0.1266708970069885
0.1269537061452866
0.127199575304985
0.1274193227291107
0.1276244968175888
0.1278267353773117
0.1280372440814972
0.1282661259174347
0.1285219341516495
0.1288112848997116
0.1291385442018509
0.1295056939125061
0.1299123167991638
0.1303556859493256
0.1308309882879257
0.1313317269086838
0.1318500936031342
0.1323774456977844
0.1329048871994019
0.133423700928688
0.1339259296655655
0.1344048082828522
0.1348550170660019
0.1352729946374893
0.1356571167707443
0.1360076665878296
0.1363267451524734
0.1366180777549744
0.1368866860866547
0.137138620018959
0.1373804956674576
0.1376190632581711
0.1378607749938965
0.1381114572286606
0.1383759081363678
0.1386576890945435
0.1389589607715607
0.1392804086208344
0.1396211832761765
0.1399791836738586
0.1403511315584183
0.1407328546047211
0.1411196738481522
0.1415066570043564
0.1418889760971069
0.1422622203826904
0.1426226794719696
0.14296755194664
0.1432950496673584
0.1436045467853546
0.1438964903354645
0.1441722959280014
0.1444342583417892
0.1446853429079056
0.1449288576841354
0.1451682597398758
0.1454069018363953
0.1456477642059326
0.1458932310342789
0.1461449861526489
0.1464038342237473
0.1466697156429291
0.1469417214393616
0.1472181379795074
0.1474965661764145
0.1477741599082947
0.1480476856231689
0.1483137905597687
0.1485691666603088
0.1488106697797775
0.1490354984998703
0.1492412388324738
0.1494259089231491
0.1495879143476486
0.1497260332107544
0.1498393565416336
0.1499270498752594
0.1499883383512497
0.1500222235918045
0.1500274688005447
0.1500023752450943
0.1499446928501129
0.1498516350984573
0.1497197151184082
0.1495448350906372
0.1493223309516907
0.1490470767021179
0.1487135738134384
0.1483161002397537
0.1478489190340042
0.147306352853775
0.1466830372810364
0.1459740251302719
0.1451750248670578
0.1442823857069016
0.1432933509349823
0.1422060281038284
0.1410194933414459
0.1397338807582855
0.1383503973484039
0.1368713229894638
0.1353000700473785
0.1336412131786346
0.1319004744291306
0.1300847679376602
0.1282021552324295
0.126261904835701
0.1242745146155357
0.122251570224762
0.1202058047056198
0.1181509420275688
0.1161016151309013
0.1140731945633888
0.1120815798640251
0.1101429387927055
0.1082734391093254
0.106488898396492
0.1048044413328171
0.1032340973615646
0.1017904505133629
0.1004841700196266
0.09932374209165573
0.09831506013870239
0.09746117889881134
0.09676209837198257
0.09621458500623703
0.095812126994133
0.09554500877857208
0.09540041536092758
0.09536265581846237
0.09541355073451996
0.09553282707929611
0.09569865465164185
0.09588823467493057
0.09607846289873123
0.09624658524990082
0.09637091308832169
0.09643150120973587
0.09641081094741821
0.09629432111978531
0.0960710346698761
0.09573384374380112
0.09527988731861115
0.09471061080694199
0.09403183311223984
0.093253493309021
0.09238937497138977
0.09145661443471909
0.09047501534223557
0.08946631848812103
0.08845341950654984
0.08745934069156647
0.08650638908147812
0.08561514317989349
0.08480365574359894
0.08408662676811218
0.08347476273775101
0.08297426253557205
0.08258657902479172
0.0823083221912384
0.08213139325380325
0.08204335719347
0.08202801644802094
0.08206621557474136
0.08213674277067184
0.08221731334924698
0.08228576183319092
0.08232109248638153
0.08230452984571457
0.08222048729658127
0.08205731958150864
0.08180788159370422
0.08146996051073074
0.08104626089334488
0.08054424822330475
0.07997568696737289
0.07935597002506256
0.07870317995548248
0.07803703099489212
0.07737778872251511
0.07674502581357956
0.07615654170513153
0.07562730461359024
0.07516862452030182
0.07478752732276917
0.0744863897562027
0.07426284998655319
0.07411004602909088
0.07401710003614426
0.07396987825632095
0.07395190000534058
0.07394545525312424
0.07393274456262589
0.07389701902866364
0.07382365316152573
0.07370105385780334
0.07352136820554733
0.07328091561794281
0.07298034429550171
0.07262450456619263
0.07222200930118561
0.07178454846143723
0.07132598757743835
0.07086141407489777
0.07040597498416901
0.06997382640838623
0.0695771649479866
0.06922539323568344
0.06892447918653488
0.06867668032646179
0.06848038733005524
0.06833043694496155
0.06821849197149277
0.06813384592533112
0.06806424260139465
0.06799682974815369
0.06791920214891434
0.06782029569149017
0.06769119948148727
0.06752577424049377
0.0673210471868515
0.06707733869552612
0.0667981281876564
0.06648962199687958
0.06616020202636719
0.0658196359872818
0.06547826528549194
0.06514609605073929
0.06483197212219238
0.06454288214445114
0.06428341567516327
0.06405547261238098
0.06385812908411026
0.06368780136108398
0.06353867053985596
0.06340313702821732
0.06327255815267563
0.0631379634141922
0.06299077719449997
0.06282351166009903
0.0626303106546402
0.06240727007389069
0.06215270608663559
0.06186705827713013
0.06155269593000412
0.06121348962187767
0.06085431575775146
0.06048040837049484
0.06009672954678535
0.0597074069082737
0.05931517854332924
0.05892105400562286
0.05852408707141876
0.05812137201428413
0.05770815163850784
0.05727813392877579
0.05682391673326492
0.05633745715022087
0.0558106005191803
0.05523558706045151
0.05460547283291817
0.05391444265842438
0.05315801873803139
0.05233309790492058
0.0514378547668457
0.05047154426574707
0.04943416267633438
0.04832611978054047
0.04714783653616905
0.04589942097663879
0.04458035528659821
0.04318933933973312
0.04172420874238014
0.04018199071288109
0.03855907917022705
0.03685149922966957
0.0350552536547184
0.03316668048501015
0.03118286281824112
0.02910195104777813
0.02692347019910812
0.0246485136449337
0.02227984368801117
0.01982189528644085
0.01728068292140961
0.01466362923383713
0.01197933778166771
0.009237347170710564
0.006447857245802879
0.003621503943577409
0.0007691631326451898
-0.002098185708746314
-0.004969540983438492
-0.007833900861442089
-0.01068023964762688
-0.01349746249616146
-0.01627433858811855
-0.01899946294724941
-0.02166123688220978
-0.02424791641533375
-0.0267476923763752
-0.02914885990321636
-0.03144003078341484
-0.03361040353775024
-0.03565004840493202
-0.03755024075508118
-0.0393037460744381
-0.04090510681271553
-0.04235086590051651
-0.04363974556326866
-0.04477272182703018
-0.04575307667255402
-0.04658633470535278
-0.04728017747402191
-0.04784424230456352
-0.0482899397611618
-0.04863020777702332
-0.04887928813695908
-0.04905243590474129
-0.04916566982865334
-0.0492355190217495
-0.04927876591682434
-0.04931219667196274
-0.04935234785079956
-0.04941526055335999
-0.0495162233710289
-0.04966950044035912
-0.04988806322216988
-0.05018329620361328
-0.05056477338075638
-0.05104001238942146
-0.05161422118544579
-0.0522901751101017
-0.05306807160377502
-0.05394549667835236
-0.05491747334599495
-0.05597652867436409
-0.05711288750171661
-0.0583147294819355
-0.05956852808594704
-0.06085939705371857
-0.06217154115438461
-0.06348869949579239
-0.06479459255933762
-0.06607338786125183
-0.06731012463569641
-0.06849114596843719
-0.06960441172122955
-0.07063987851142883
-0.07158968597650528
-0.07244836539030075
-0.07321298867464066
-0.07388316839933395
-0.07446106523275375
-0.07495130598545074
-0.07536080479621887
-0.07569856196641922
-0.07597536593675613
-0.07620345056056976
-0.07639612257480621
-0.07656731456518173
-0.07673120498657227
-0.07690171152353287
-0.07709205895662308
-0.07731436192989349
-0.07757922261953354
-0.0778953805565834
-0.07826945930719376
-0.07870575785636902
-0.07920613884925842
-0.07976999878883362
-0.08039431273937225
-0.08107384294271469
-0.08180134743452072
-0.08256787061691284
-0.0833631306886673
-0.0841759517788887
-0.08499465137720108
-0.08580756187438965
-0.08660343289375305
-0.08737184852361679
-0.08810362964868546
-0.0887911319732666
-0.08942853659391403
-0.09001200646162033
-0.09053979814052582
-0.09101225435733795
-0.09143180400133133
-0.09180270880460739
-0.09213092923164368
-0.09242381155490875
-0.09268973767757416
-0.09293776005506516
-0.0931771993637085
-0.09341724216938019
-0.09366656094789505
-0.09393297135829926
-0.09422307461500168
-0.09454202651977539
-0.09489334374666214
-0.09527875483036041
-0.09569819271564484
-0.09614983201026917
-0.09663021564483643
-0.09713442623615265
-0.09765634685754776
-0.09818895906209946
-0.09872464835643768
-0.09925558418035507
-0.09977401047945023
-0.1002726182341576
-0.1007447987794876
-0.1011848971247673
-0.1015884056687355
-0.1019520834088326
-0.1022740006446838
-0.1025535017251968
-0.1027911454439163
-0.1029885113239288
-0.1031480357050896
-0.1032727509737015
-0.1033659800887108
-0.1034310981631279
-0.1034712195396423
-0.1034889072179794
-0.1034859791398048
-0.1034632697701454
-0.1034205034375191
-0.1033561900258064
-0.1032676249742508
-0.1031509116292
-0.1030010581016541
-0.1028121337294579
-0.1025774776935577
-0.1022899523377419
-0.1019421592354774
-0.1015267893671989
-0.1010368093848228
-0.1004657968878746
-0.09980815649032593
-0.09905929118394852
-0.09821583330631256
-0.09727571159601212
-0.09623822569847107
-0.09510406851768494
-0.09387531876564026
-0.09255534410476685
-0.09114872664213181
-0.08966115862131119
-0.08809924870729446
-0.08647041767835617
-0.08478274196386337
-0.08304484933614731
-0.08126577734947205
-0.07945483922958374
-0.07762160897254944
-0.07577583938837051
-0.07392739504575729
-0.07208627462387085
-0.07026253640651703
-0.06846633553504944
-0.06670788675546646
-0.06499741226434708
-0.06334507465362549
-0.06176094338297844
-0.06025483086705208
-0.0588362067937851
-0.05751399323344231
-0.05629639327526093
-0.05519066751003265
-0.05420291423797607
-0.05333782359957695
-0.05259847640991211
-0.05198611691594124
-0.05150002241134644
-0.05113732814788818
-0.05089297145605087
-0.05075967311859131
-0.0507279746234417
-0.05078638717532158
-0.05092155188322067
-0.05111850425601006
-0.05136101692914963
-0.05163194984197617
-0.05191367864608765
-0.05218855291604996
-0.0524393618106842
-0.05264978483319283
-0.05280486866831779
-0.05289144068956375
-0.05289848148822784
-0.05281743779778481
-0.05264246463775635
-0.05237060785293579
-0.05200185626745224
-0.05153916031122208
-0.05098829418420792
-0.05035768821835518
-0.04965814203023911
-0.04890249669551849
-0.04810520261526108
-0.04728185757994652
-0.0464487187564373
-0.04562216624617577
-0.0448182038962841
-0.04405191913247108
-0.04333703592419624
-0.04268544912338257
-0.04210686311125755
-0.04160848259925842
-0.04119480028748512
-0.04086747020483017
-0.04062527418136597
-0.04046418517827988
-0.04037755727767944
-0.0403563566505909
-0.0403895191848278
-0.0404643639922142
-0.04056708887219429
-0.04068326205015182
-0.04079839214682579
-0.04089845716953278
-0.04097043722867966
-0.04100281745195389
-0.04098600149154663
-0.0409126840531826
-0.04077810049057007
-0.04058019444346428
-0.04031966999173164
-0.03999992832541466
-0.03962687775492668
-0.03920866921544075
-0.03875529766082764
-0.03827815502882004
-0.03778950124979019
-0.037301916629076
-0.03682772815227509
-0.03637846559286118
-0.03596433252096176
-0.03559378162026405
-0.03527311608195305
-0.03500625863671303
-0.03479460254311562
-0.0346369668841362
-0.03452973440289497
-0.03446704521775246
-0.03444113954901695
-0.03444276377558708
-0.03446167334914207
-0.03448715806007385
-0.0345085933804512
-0.03451596945524216
-0.03450040146708488
-0.03445454686880112
-0.0343729555606842
-0.03425230085849762
-0.0340915247797966
-0.03389178588986397
-0.03365639597177505
-0.03339053317904472
-0.03310095518827438
-0.03279554471373558
-0.03248286619782448
-0.03217167407274246
-0.03187040984630585
-0.03158674761652946
-0.03132716938853264
-0.03109663911163807
-0.03089836426079273
-0.03073367290198803
-0.0306019838899374
-0.03050090186297894
-0.03042641840875149
-0.03037319704890251
-0.03033493459224701
-0.03030475601553917
-0.03027566522359848
-0.03024094551801682
-0.03019456751644611
-0.03013153374195099
-0.03004813008010387
-0.02994213066995144
-0.02981285937130451
-0.02966118976473808
-0.02948941476643085
-0.02930106967687607
-0.02910064719617367
-0.02889327704906464
-0.02868437767028809
-0.02847929671406746
-0.02828296460211277
-0.02809959463775158
-0.02793243899941444
-0.02778360433876514
-0.02765396982431412
-0.02754316851496696
-0.02744966931641102
-0.02737092785537243
-0.02730358205735683
-0.02724372781813145
-0.02718720026314259
-0.02712987177073956
-0.02706792391836643
-0.02699810266494751
-0.02691790647804737
-0.02682573534548283
-0.02672095783054829
-0.02660391293466091
-0.02647583000361919
-0.0263387244194746
-0.02619519829750061
-0.02604824118316174
-0.02590098418295383
-0.0257564801722765
-0.02561748400330544
-0.02548626065254211
-0.02536445111036301
-0.02525297552347183
-0.02515200339257717
-0.02506097592413425
-0.02497868053615093
-0.02490337006747723
-0.02483292296528816
-0.0247650109231472
-0.02469729259610176
-0.02462758123874664
-0.02455400116741657
-0.02447512187063694
-0.02439004182815552
-0.02429842017591
-0.02420047484338284
-0.02409694343805313
-0.02398899011313915
-0.02387809753417969
-0.02376592345535755
-0.02365417219698429
-0.02354444190859795
-0.02343812026083469
-0.02333627268671989
-0.02323956973850727
-0.02314825728535652
-0.02306216582655907
-0.02298073656857014
-0.02290309220552444
-0.02282810769975185
-0.02275453880429268
-0.0226811021566391
-0.02260659821331501
-0.02253000065684319
-0.02245051600039005
-0.02236765250563622
-0.02228122390806675
-0.02219135873019695
-0.02209846116602421
-0.0220031626522541
-0.02190625667572021
-0.02180861681699753
-0.02171112038195133
-0.02161456644535065
-0.02151961624622345
-0.02142675407230854
-0.02133623696863651
-0.0212481003254652
-0.02116216346621513
-0.02107806131243706
-0.02099529094994068
-0.0209132544696331
-0.02083133161067963
-0.0207489337772131
-0.02066554687917233
-0.02058078721165657
-0.02049442753195763
-0.02040640823543072
-0.02031683176755905
-0.02022596076130867
-0.02013417892158031
-0.02004195377230644
-0.01994979940354824
-0.0198582299053669
-0.01976772025227547
-0.01967867091298103
-0.01959137804806232
-0.01950602419674397
-0.01942267268896103
-0.01934127695858479
-0.01926169730722904
-0.01918372325599194
-0.01910710707306862
-0.0190315842628479
-0.01895691268146038
-0.01888288930058479
-0.01880937628448009
-0.01873630471527576
-0.01866368018090725
-0.01859157532453537
-0.01852012425661087
-0.01844949275255203
-0.01837987080216408
-0.01831143535673618
-0.01824434287846088
-0.01817870698869228
-0.01811458170413971
-0.01805195584893227
-0.01799075864255428
-0.01793085038661957
-0.0178720485419035
-0.01781413145363331
-0.01775684766471386
-0.01769994758069515
-0.01764319837093353
-0.01758638955652714
-0.01752934418618679
-0.01747193560004234
-0.01741407811641693
-0.01735574007034302
-0.0172969251871109
-0.01723767071962357
-0.01717803999781609
-0.01711810566484928
-0.01705794781446457
-0.01699763722717762
-0.01693723909556866
-0.01687680184841156
-0.01681635901331902
-0.01675593294203281
-0.01669553481042385
-0.01663516834378242
-0.01657484471797943
-0.01651457883417606
-0.01645439676940441
-0.01639433950185776
-0.01633446849882603
-0.01627486012876034
-0.01621560379862785
-0.01615679450333118
-0.01609853841364384
-0.01604093238711357
-0.01598406583070755
-0.01592801511287689
-0.01587283425033092
-0.01581855863332748
-0.01576519198715687
-0.01571271754801273
-0.0156610906124115
-0.01561024785041809
-0.01556010916829109
-0.01551057677716017
-0.01546155102550983
-0.01541292946785688
-0.01536461245268583
-0.01531650777906179
-0.01526853162795305
-0.01522061508148909
-0.01517270132899284
-0.01512474287301302
-0.0150767071172595
-0.01502857357263565
-0.01498033199459314
-0.01493198145180941
-0.01488352753221989
-0.01483498606830835
-0.01478637289255857
-0.01473771221935749
-0.01468903571367264
-0.01464037876576185
-0.01459178235381842
-0.01454329397529364
-0.01449496392160654
-0.01444684620946646
-0.01439899858087301
-0.01435147598385811
-0.0143043315038085
-0.01425761450082064
-0.01421136595308781
-0.0141656156629324
-0.01412038318812847
-0.01407567411661148
-0.01403148006647825
-0.01398777775466442
-0.01394452713429928
-0.01390168070793152
-0.01385917421430349
-0.01381693501025438
-0.01377488486468792
-0.01373293809592724
-0.01369100529700518
-0.01364899892359972
-0.01360682956874371
-0.01356441807001829
-0.01352168619632721
-0.01347856037318707
-0.01343497633934021
-0.01339087542146444
-0.01334620732814074
-0.01330092642456293
-0.01325499918311834
-0.01320839580148458
-0.01316109485924244
-0.01311307959258556
-0.01306433975696564
-0.01301486883312464
-0.01296466588973999
-0.01291373744606972
-0.01286209281533957
-0.01280975248664618
-0.01275673508644104
-0.01270307321101427
-0.01264880318194628
-0.01259397063404322
-0.01253862772136927
-0.01248283591121435
-0.01242666505277157
-0.01237019803375006
-0.01231352798640728
-0.01225675921887159
-0.01220000628381968
-0.01214339677244425
-0.01208706572651863
-0.01203115936368704
-0.01197583042085171
-0.01192123629152775
-0.01186753902584314
-0.01181489508599043
-0.01176345534622669
-0.01171336136758327
-0.01166474260389805
-0.01161770615726709
-0.01157233584672213
-0.01152868289500475
-0.01148677244782448
-0.01144658681005239
-0.01140807382762432
-0.01137114129960537
-0.01133565790951252
-0.01130145229399204
-0.01126831583678722
-0.01123601011931896
-0.01120426692068577
-0.01117279753088951
-0.01114129833877087
-0.01110946480184793
-0.01107699610292912
-0.011043606325984
-0.0110090309754014
-0.01097304001450539
-0.01093544811010361
-0.01089611928910017
-0.01085497718304396
-0.01081200782209635
-0.0107672642916441
-0.01072086486965418
-0.01067299675196409
-0.01062390580773354
-0.01057389471679926
-0.01052331086248159
-0.01047254074364901
-0.01042199041694403
-0.01037207804620266
-0.01032321434468031
-0.01027578953653574
-0.01023015473037958
-0.01018660888075829
-0.01014539133757353
-0.01010666228830814
-0.01007049810141325
-0.01003688666969538
-0.01000572647899389
-0.009976822882890701
-0.009949898347258568
-0.009924602694809437
-0.009900519624352455
-0.009877188131213188
-0.009854115545749664
-0.009830803610384464
-0.00980676244944334
-0.009781534783542156
-0.009754716418683529
-0.009725970216095448
-0.00969504751265049
-0.009661795571446419
-0.009626165963709354
-0.009588219225406647
-0.009548121131956577
-0.009506135247647762
-0.00946261640638113
-0.00941799022257328
-0.009372737258672714
-0.009327366948127747
-0.009282395243644714
-0.009238323196768761
-0.00919561181217432
-0.009154656901955605
-0.009115774184465408
-0.009079181589186192
-0.009044990874826908
-0.009013201110064983
-0.008983701467514038
-0.008956273086369038
-0.008930607698857784
-0.008906320668756962
-0.008882974274456501
-0.008860093541443348
-0.008837202563881874
-0.00881383940577507
-0.008789587765932083
-0.008764094673097134
-0.008737087249755859
-0.008708390407264233
-0.00867792870849371
-0.008645731955766678
-0.008611933328211308
-0.008576751686632633
-0.008540482260286808
-0.008503477089107037
-0.008466118946671486
-0.008428803645074368
-0.008391913957893848
-0.008355796337127686
-0.008320743218064308
-0.008286974392831326
-0.008254628628492355
-0.008223761804401875
-0.008194338530302048
-0.008166245184838772
-0.008139298297464848
-0.008113261312246323
-0.008087853901088238
-0.008062781766057014
-0.008037750609219074
-0.008012489415705204
-0.00798676535487175
-0.007960396818816662
-0.007933266460895538
-0.007905322127044201
-0.00787657592445612
-0.007847106084227562
-0.007817039266228676
-0.007786547299474478
-0.007755822036415339
-0.007725067902356386
-0.007694482803344727
-0.007664242759346962
-0.007634490262717009
-0.007605325430631638
-0.007576800417155027
-0.007548919413238764
-0.007521640043705702
-0.007494879886507988
-0.007468525785952806
-0.007442446425557137
-0.007416502572596073
-0.007390561979264021
-0.007364509627223015
-0.007338258437812328
-0.007311752066016197
-0.007284972351044416
-0.007257936522364616
-0.007230694405734539
-0.007203322369605303
-0.007175914477556944
-0.007148574572056532
-0.007121402304619551
-0.007094487547874451
-0.007067898754030466
-0.007041679229587317
-0.00701583968475461
-0.006990362424403429
-0.006965199485421181
-0.006940281484276056
-0.006915520410984755
-0.006890823598951101
-0.006866097450256348
-0.00684125954285264
-0.006816247012466192
-0.006791018415242434
-0.006765563972294331
-0.006739899516105652
-0.006714068818837404
-0.006688139867037535
-0.006662193220108747
-0.006636322475969791
-0.006610617972910404
-0.006585162598639727
-0.006560022477060556
-0.006535242311656475
-0.006510839331895113
-0.006486804690212011
-0.00646310206502676
-0.006439674645662308
-0.00641644699499011
-0.006393333896994591
-0.006370250135660172
-0.006347115151584148
-0.006323862820863724
-0.006300445646047592
-0.006276839412748814
-0.006253045052289963
-0.006229085382074118
-0.006205006968230009
-0.006180871743708849
-0.006156752351671457
-0.006132724694907665
-0.006108860019594431
-0.006085221655666828
-0.00606185756623745
-0.006038795690983534
-0.006016045808792114
-0.005993596278131008
-0.005971419624984264
-0.005949473474174738
-0.005927706602960825
-0.005906065460294485
-0.005884499289095402
-0.00586296571418643
-0.005841432604938745
-0.005819883663207293
-0.005798319354653358
-0.005776755977421999
-0.005755223799496889
-0.005733764264732599
-0.005712427664548159
-0.005691265687346458
-0.005670330952852964
-0.005649671424180269
-0.005629326216876507
-0.005609327461570501
-0.005589696578681469
-0.00557044567540288
-0.005551579874008894
-0.005533098243176937
-0.00551499892026186
-0.0054972805082798
-0.005479946732521057
-0.005463007837533951
-0.005446482449769974
-0.005430400371551514
-0.005414799321442842
-0.005399727262556553
-0.005385241471230984
-0.005371404346078634
-0.005358283407986164
-0.005345948506146669
-0.005334469955414534
-0.005323919467628002
-0.005314365029335022
-0.005305875092744827
-0.005298515781760216
-0.005292354617267847
-0.005287458654493093
-0.005283898208290339
-0.005281744059175253
-0.005281072109937668
-0.005281961988657713
-0.005284495651721954
-0.005288759712129831
-0.005294839851558208
-0.005302822683006525
-0.005312790162861347
-0.005324821919202805
-0.005338987801223993
-0.005355349276214838
-0.005373954772949219
-0.005394838750362396
-0.005418019369244576
-0.005443498026579618
-0.005471257027238607
-0.005501259118318558
-0.005533446092158556
-0.005567737855017185
-0.005604031030088663
-0.005642200820147991
-0.005682096816599369
-0.005723544862121344
-0.005766343325376511
-0.005810265894979239
-0.005855058785527945
-0.005900444928556681
-0.005946124438196421
-0.00599177461117506
-0.006037055514752865
-0.00608161324635148
-0.006125084590166807
-0.006167104933410883
-0.00620731059461832
-0.006245350930839777
-0.006280891597270966
-0.006313624326139688
-0.006343272980302572
-0.006369602400809526
-0.006392424460500479
-0.00641160411760211
-0.006427062675356865
-0.006438786629587412
-0.00644682627171278
-0.006451299414038658
-0.006452393252402544
-0.00645036343485117
-0.006445528008043766
-0.006438267417252064
-0.006429016124457121
-0.006418254692107439
-0.006406501866877079
-0.006394302472472191
-0.006382215768098831
-0.006370803341269493
-0.006360612809658051
-0.006352166645228863
-0.006345944479107857
-0.006342372857034206
-0.006341810338199139
-0.006344536785036325
-0.006350746378302574
-0.006360538769513369
-0.00637391721829772
-0.006390787195414305
-0.006410960573703051
-0.006434161216020584
-0.006460034754127264
-0.006488159764558077
-0.006518067326396704
-0.00654925499111414
-0.00658120634034276
-0.006613412871956825
-0.006645393557846546
-0.006676714401692152
-0.006707005202770233
-0.006735977716743946
-0.006763436365872622
-0.006789288017898798
-0.006813545245677233
-0.006836328189820051
-0.006857860367745161
-0.006878454703837633
-0.006898505613207817
-0.006918466649949551
-0.00693883141502738
-0.006960107013583183
-0.006982792634516954
-0.007007351145148277
-0.007034184876829386
-0.007063611876219511
-0.007095849607139826
-0.007130998186767101
-0.007169030606746674
-0.007209788542240858
-0.007252986077219248
-0.007298217620700598
-0.007344971876591444
-0.007392652798444033
-0.007440602872520685
-0.007488129660487175
-0.007534538861364126
-0.007579159922897816
-0.007621377240866423
-0.007660654839128256
-0.007696558721363544
-0.007728772703558207
-0.007757110055536032
-0.007781512103974819
-0.007802050560712814
-0.007818913087248802
-0.007832386530935764
-0.007842836901545525
-0.007850681431591511
-0.007856365293264389
-0.007860329933464527
-0.007862985134124756
-0.007864689454436302
-0.007865726016461849
-0.007866296917200089
-0.007866509258747101
-0.007866380736231804
-0.007865844294428825
-0.007864765822887421
-0.00786296371370554
-0.007860230281949043
-0.007856358774006367
-0.007851171307265759
-0.007844541221857071
-0.007836413569748402
-0.007826825603842735
-0.007815906777977943
-0.007803886197507381
-0.007791080977767706
-0.007777887396514416
-0.007764753419905901
-0.007752155419439077
-0.00774056650698185
-0.007730424869805574
-0.007722103502601385
-0.007715882267802954
-0.007711925078183413
-0.007710268720984459
-0.007710813079029322
-0.007713328581303358
-0.007717466447502375
-0.00772278243675828
-0.007728764787316322
-0.007734868209809065
-0.00774055253714323
-0.007745320443063974
-0.007748751901090145
-0.007750536780804396
-0.007750492542982101
-0.007748584263026714
-0.007744923699647188
-0.007739766035228968
-0.007733490783721209
-0.007726574782282114
-0.007719562854617834
-0.007713028229773045
-0.007707534357905388
-0.007703598588705063
-0.00770165678113699
-0.007702035829424858
-0.007704935502260923
-0.007710418198257685
-0.007718408480286598
-0.00772870471701026
-0.007740997709333897
-0.00775489304214716
-0.007769942283630371
-0.007785676512867212
-0.007801634259521961
-0.007817389443516731
-0.007832573726773262
-0.007846896536648273
-0.007860142737627029
-0.007872184738516808
-0.007882967591285706
-0.007892496883869171
-0.007900829426944256
-0.007908046245574951
-0.007914237678050995
-0.007919486612081528
-0.007923860102891922
-0.007927398197352886
-0.007930115796625614
-0.007932005450129509
-0.007933048531413078
-0.007933228276669979
-0.007932546548545361
-0.00793103501200676
-0.007928770966827869
-0.007925882935523987
-0.007922555319964886
-0.007919029332697392
-0.007915584370493889
-0.007912532426416874
-0.007910190150141716
-0.00790885929018259
-0.007908802479505539
-0.007910224609076977
-0.007913247682154179
-0.00791790708899498
-0.007924139499664307
-0.007931789383292198
-0.007940617389976978
-0.007950319908559322
-0.007960549555718899
-0.007970947772264481
-0.007981163449585438
-0.007990887388586998
-0.00799986720085144
-0.008007925003767014
-0.00801497045904398
-0.00802099984139204
-0.00802608672529459
-0.00803037267178297
-0.008034042082726955
-0.008037305437028408
-0.008040374144911766
-0.008043438196182251
-0.008046651259064674
-0.008050113916397095
-0.008053870871663094
-0.008057908155024052
-0.00806216336786747
-0.008066530339419842
-0.008070886135101318
-0.008075101301074028
-0.008079059422016144
-0.008082670159637928
-0.00808588694781065
-0.008088705129921436
-0.008091170340776443
-0.008093369193375111
-0.008095423690974712
-0.00809747539460659
-0.008099673315882683
-0.008102158084511757
-0.008105045184493065
-0.008108418434858322
-0.008112321607768536
-0.008116759359836578
-0.008121693506836891
-0.008127053268253803
-0.008132745511829853
-0.008138659410178661
-0.008144684135913849
-0.008150714449584484
-0.008156663738191128
-0.008162464946508408
-0.008168072439730167
-0.008173462934792042
-0.008178628981113434
-0.008183576166629791
-0.008188317529857159
-0.008192864246666431
-0.008197221904993057
-0.008201389573514462
-0.008205357007682323
-0.008209110237658024
-0.008212633430957794
-0.008215915411710739
-0.00821895245462656
-0.0082217613235116
-0.008224372752010822
-0.008226839825510979
-0.00822923518717289
-0.00823164451867342
-0.008234163746237755
-0.00823688693344593
-0.008239899761974812
-0.008243267424404621
-0.008247028104960918
-0.0082511892542243
-0.008255722932517529
-0.008260571397840977
-0.008265643380582333
-0.008270827122032642
-0.008276000618934631
-0.008281039074063301
-0.008285826072096825
-0.008290261030197144
-0.008294268511235714
-0.008297799155116081
-0.008300835266709328
-0.008303381502628326
-0.008305465802550316
-0.008307130075991154
-0.008308419026434422
-0.008309377357363701
-0.008310041390359402
-0.008310430683195591
-0.008310549892485142
-0.008310383185744286
-0.008309895172715187
-0.008309035561978817
-0.008307740092277527
-0.008305941708385944
-0.008303569629788399
-0.008300549350678921
-0.008296813815832138
-0.008292296901345253
-0.008286937139928341
-0.008280673064291477
-0.008273444138467312
-0.008265186101198196
-0.008255827240645885
-0.008245294913649559
-0.008233507163822651
-0.008220379240810871
-0.008205823600292206
-0.008189757354557514
-0.008172103203833103
-0.008152793161571026
-0.008131776005029678
-0.008109015412628651
-0.008084496483206749
-0.008058225736021996
-0.008030225522816181
-0.008000542409718037
-0.007969236001372337
-0.007936384528875351
-0.007902078330516815
-0.007866419851779938
-0.007829523645341396
-0.007791518699377775
-0.007752540986984968
-0.007712742313742638
-0.00767228752374649
-0.007631358690559864
-0.007590149994939566
-0.00754887331277132
-0.007507752627134323
-0.00746702216565609
-0.00742692593485117
-0.007387708406895399
-0.007349610794335604
-0.007312869187444448
-0.007277707569301128
-0.007244332227855921
-0.007212929893285036
-0.007183663081377745
-0.007156667299568653
-0.007132049184292555
-0.007109884638339281
-0.007090215571224689
-0.007073049433529377
-0.007058359682559967
-0.007046079728752375
-0.007036106660962105
-0.007028297055512667
-0.007022469770163298
-0.007018405012786388
-0.007015846204012632
-0.007014506030827761
-0.007014069706201553
-0.007014202885329723
-0.007014556787908077
-0.007014780305325985
-0.007014527451246977
-0.007013468071818352
-0.007011298555880785
-0.007007747888565063
-0.007002587895840406
-0.006995640229433775
-0.006986780092120171
-0.006975940428674221
-0.006963115651160479
-0.006948358379304409
-0.006931781768798828
-0.006913551595062017
-0.00689388532191515
-0.006873044651001692
-0.006851329002529383
-0.006829064339399338
-0.006806593388319016
-0.006784267723560333
-0.00676243519410491
-0.006741425953805447
-0.00672154501080513
-0.006703060120344162
-0.006686190608888865
-0.00667110038921237
-0.006657891441136599
-0.006646598689258099
-0.006637190468609333
-0.006629567593336105
-0.006623567547649145
-0.006618971936404705
-0.006615513004362583
-0.00661288620904088
-0.00661076046526432
-0.006608793046325445
-0.006606643088161945
-0.006603983696550131
-0.006600516848266125
-0.006595985032618046
-0.006590181030333042
-0.00658295676112175
-0.006574227940291166
-0.006563980132341385
-0.006552266422659159
-0.006539204157888889
-0.006524973548948765
-0.006509806495159864
-0.006493974942713976
-0.0064777797088027
-0.006461537443101406
-0.006445562932640314
-0.006430157460272312
-0.006415590643882751
-0.006402090191841125
-0.006389830261468887
-0.006378923077136278
-0.006369414273649454
-0.00636128056794405
-0.006354431621730328
-0.006348714232444763
-0.006343923509120941
-0.006339812651276588
-0.006336107850074768
-0.006332520861178637
-0.006328764837235212
-0.006324572488665581
-0.006319705862551928
-0.006313972175121307
-0.006307231727987528
-0.006299405824393034
-0.006290479563176632
-0.006280502770096064
-0.006269584409892559
-0.006257886532694101
-0.006245614029467106
-0.00623300252482295
-0.006220303010195494
-0.006207768339663744
-0.00619563739746809
-0.006184119265526533
-0.00617338577285409
-0.006163557060062885
-0.006154697854071856
-0.006146814208477736
-0.006139853037893772
-0.006133708171546459
-0.006128226406872272
-0.00612321961671114
-0.006118475925177336
-0.006113776005804539
-0.006108904257416725
-0.006103664636611938
-0.006097892764955759
-0.006091464310884476
-0.006084305699914694
-0.006076393183320761
-0.006067758891731501
-0.006058481056243181
-0.00604868121445179
-0.006038514897227287
-0.006028159521520138
-0.00601780042052269
-0.006007619667798281
-0.005997782573103905
-0.00598842790350318
-0.005979656707495451
-0.00597152765840292
-0.005964053794741631
-0.005957202985882759
-0.005950901657342911
-0.005945040378719568
-0.00593948271125555
-0.005934076383709908
-0.005928666796535254
-0.005923104472458363
-0.005917259491980076
-0.005911028478294611
-0.005904342047870159
-0.00589717086404562
-0.005889522843062878
-0.00588144501671195
-0.005873016081750393
-0.00586434081196785
-0.005855540279299021
-0.005846742074936628
-0.005838070530444384
-0.005829636938869953
-0.005821530241519213
-0.005813813768327236
-0.005806516390293837
-0.005799635779112577
-0.005793137475848198
-0.005786958616226912
-0.005781015381217003
-0.00577520951628685
-0.005769436713308096
-0.00576359685510397
-0.005757600069046021
-0.005751375574618578
-0.005744874943047762
-0.005738077685236931
-0.005730988923460245
-0.005723640322685242
-0.005716085899621248
-0.005708395037800074
-0.005700648296624422
-0.00569292763248086
-0.005685311276465654
-0.005677865818142891
-0.005670643411576748
-0.005663673393428326
-0.005656966008245945
-0.005650506354868412
-0.005644261371344328
-0.0056381830945611
-0.005632210057228804
-0.00562627799808979
-0.005620321724563837
-0.005614283494651318
-0.005608117207884789
-0.005601791664958
-0.005595292896032333
-0.005588624160736799
-0.005581806413829327
-0.005574875045567751
-0.005567874293774366
-0.005560854449868202
-0.005553866736590862
-0.00554695725440979
-0.005540164653211832
-0.005533516407012939
-0.00552702508866787
-0.005520689766854048
-0.005514496471732855
-0.005508419591933489
-0.005502424202859402
-0.005496472120285034
-0.00549052469432354
-0.005484545137733221
-0.00547850364819169
-0.005472379270941019
-0.005466161761432886
-0.005459851585328579
-0.005453460849821568
-0.005447010044008493
-0.005440523847937584
-0.005434034392237663
-0.005427570547908545
-0.005421160720288754
-0.005414827726781368
-0.005408587399870157
-0.005402446258813143
-0.00539640337228775
-0.005390449427068233
-0.005384569056332111
-0.005378743167966604
-0.005372949410229921
-0.005367165431380272
-0.005361373070627451
-0.005355558823794127
-0.005349714774638414
-0.005343839060515165
-0.005337937269359827
-0.00533202150836587
-0.005326105747371912
-0.005320209078490734
-0.00531435152515769
-0.005308550782501698
-0.005302824079990387
-0.005297182593494654
-0.005291634239256382
-0.005286180414259434
-0.005280818790197372
-0.005275543313473463
-0.005270344205200672
-0.005265210755169392
-0.005260132718831301
-0.005255099851638079
-0.005250105634331703
-0.005245145410299301
-0.005240219179540873
-0.005235328804701567
-0.005230481270700693
-0.005225683562457561
-0.005220943596214056
-0.005216269753873348
-0.00521166855469346
-0.005207143258303404
-0.005202695727348328
-0.005198324099183083
-0.005194022320210934
-0.005189782008528709
-0.005185591522604227
-0.005181438755244017
-0.005177310202270746
-0.005173191428184509
-0.00516907125711441
-0.005164937116205692
-0.005160781089216471
-0.005156595259904861
-0.005152374505996704
-0.005148115567862988
-0.005143816582858562
-0.005139476153999567
-0.005135095212608576
-0.005130673293024302
-0.005126208998262882
-0.005121703259646893
-0.005117154680192471
-0.005112562794238329
-0.005107928533107042
-0.005103251431137323
-0.005098534282296896
-0.005093778949230909
-0.005088992416858673
-0.005084181670099497
-0.005079358816146851
-0.005074534565210342
-0.005069722887128592
-0.005064938217401505
-0.005060197319835424
-0.005055514629930258
-0.005050903651863337
-0.005046379286795855
-0.005041952710598707
-0.005037631839513779
-0.005033422727137804
-0.005029329564422369
-0.005025352351367474
-0.005021486897021532
-0.005017729010432959
-0.005014070309698582
-0.005010499618947506
-0.005007004365324974
-0.005003571044653654
-0.005000184290111065
-0.004996828269213438
-0.004993484821170568
-0.004990135319530964
-0.004986762069165707
-0.004983347840607166
-0.004979875870049
-0.004976330325007439
-0.004972696769982576
-0.004968964960426092
-0.004965124186128378
-0.004961168393492699
-0.004957095254212618
-0.004952904768288136
-0.004948602057993412
-0.004944195039570332
-0.004939693957567215
-0.004935114644467831
-0.004930472932755947
-0.004925787914544344
-0.004921079613268375
-0.004916368052363396
-0.004911673720926046
-0.00490701524540782
-0.004902408458292484
-0.004897869657725096
-0.00489341001957655
-0.004889038857072592
-0.004884760361164808
-0.004880576394498348
-0.00487648556008935
-0.004872481804341078
-0.004868557676672935
-0.004864702466875315
-0.004860904067754745
-0.00485714990645647
-0.004853425081819296
-0.004849715624004602
-0.004846008494496346
-0.00484229251742363
-0.004838556051254272
-0.004834791645407677
-0.004830993246287107
-0.004827157594263554
-0.004823283292353153
-0.004819371271878481
-0.004815425723791122
-0.004811451304703951
-0.004807455465197563
-0.004803445190191269
-0.00479942886158824
-0.00479541439563036
-0.004791408777236938
-0.004787418525665998
-0.004783447831869125
-0.004779499024152756
-0.004775574430823326
-0.004771672189235687
-0.004767789505422115
-0.004763923585414886
-0.004760068375617266
-0.004756219685077667
-0.004752371925860643
-0.004748520441353321
-0.004744661971926689
-0.004740793257951736
-0.004736913368105888
-0.004733022768050432
-0.004729124717414379
-0.004725222941488028
-0.004721322096884251
-0.004717428702861071
-0.004713550209999084
-0.004709693137556314
-0.004705864936113358
-0.004702070262283087
-0.004698312841355801
-0.004694595001637936
-0.004690916277468204
-0.004687273874878883
-0.004683664534240961
-0.004680080339312553
-0.004676513839513063
-0.004672955721616745
-0.00466939527541399
-0.00466582365334034
-0.004662231542170048
-0.004658611491322517
-0.004654958844184875
-0.004651270341128111
-0.004647545982152224
-0.004643787629902363
-0.004640000406652689
-0.004636191762983799
-0.004632370546460152
-0.004628547001630068
-0.00462473277002573
-0.004620939493179321
-0.004617176949977875
-0.004613453056663275
-0.004609775729477406
-0.004606148228049278
-0.00460257101804018
-0.004599042702466249
-0.004595558159053326
-0.004592110868543386
-0.004588691052049398
-0.004585288465023041
-0.004581891931593418
-0.004578490275889635
-0.004575073719024658
-0.004571632947772741
-0.004568161908537149
-0.004564657341688871
-0.00456111878156662
-0.004557547625154257
-0.00455394946038723
-0.004550330340862274
-0.004546699114143848
-0.004543065559118986
-0.004539438989013433
-0.004535828717052937
-0.00453224265947938
-0.004528688732534647
-0.004525171592831612
-0.004521693103015423
-0.004518253263086081
-0.004514850210398436
-0.004511477425694466
-0.00450812978670001
-0.004504800774157047
-0.004501482006162405
-0.004498166032135487
-0.00449484633281827
-0.004491516854614019
-0.00448817340657115
-0.004484814126044512
-0.004481438081711531
-0.004478047136217356
-0.004474643617868423
-0.004471232648938894
-0.004467819351702929
-0.004464408848434687
-0.004461007658392191
-0.004457620438188314
-0.00445425184443593
-0.00445090513676405
-0.004447582643479109
-0.004444285295903683
-0.004441011697053909
-0.004437761381268501
-0.004434532485902309
-0.004431321751326323
-0.004428126383572817
-0.004424944054335356
-0.004421771969646215
-0.004418608732521534
-0.004415452945977449
-0.004412303678691387
-0.004409162327647209
-0.00440602982416749
-0.004402908496558666
-0.004399800207465887
-0.004396709147840738
-0.004393638577312231
-0.004390591289848089
-0.004387569613754749
-0.004384576808661222
-0.004381614737212658
-0.00437868619337678
-0.004375792108476162
-0.004372934810817242
-0.004370115697383881
-0.004367336630821228
-0.004364599473774433
-0.004361905157566071
-0.00435925554484129
-0.004356653429567814
-0.004354100208729506
-0.004351599141955376
-0.004349152557551861
-0.004346763249486685
-0.004344433546066284
-0.00434216670691967
-0.004339965526014566
-0.004337831400334835
-0.004335768055170774
-0.004333778750151396
-0.00433186674490571
-0.004330034367740154
-0.004328284412622452
-0.004326619673520327
-0.004325043875724077
-0.004323560278862715
-0.00432217214256525
-0.004320882260799408
-0.004319692961871624
-0.004318606574088335
-0.004317625891417265
-0.004316752310842276
-0.004315986763685942
-0.004315329249948263
-0.004314780700951815
-0.004314340185374022
-0.004314006306231022
-0.004313776735216379
-0.004313650541007519
-0.004313624929636717
-0.004313697572797537
-0.00431386474519968
-0.004314124118536711
-0.004314472433179617
-0.0043149059638381
-0.004315420053899288
-0.004316010978072882
-0.004316673614084721
-0.004317401442676783
-0.004318188410252333
-0.004319027997553349
-0.004319911822676659
-0.004320831503719091
-0.004321778193116188
-0.004322742111980915
-0.004323713015764952
-0.004324680659919977
-0.004325635265558958
-0.004326566122472286
-0.004327461589127779
-0.004328313283622265
-0.004329110495746136
-0.004329843912273645
-0.004330504219979048
-0.004331084433943033
-0.004331576637923717
-0.004331973847001791
-0.004332270473241806
-0.004332460463047028
-0.00433253962546587
-0.004332503769546747
-0.004332350101321936
-0.004332075826823711
-0.004331681411713362
-0.004331165459007025
-0.00433052983134985
-0.00432977732270956
-0.004328912124037743
-0.004327940288931131
-0.004326869267970324
-0.004325706977397203
-0.004324463196098804
-0.004323149565607309
-0.004321778658777475
-0.004320363979786634
-0.004318918567150831
-0.00431745732203126
-0.004315995611250401
-0.004314548335969448
-0.004313131328672171
-0.004311758559197187
-0.00431044539436698
-0.004309205804020166
-0.004308051895350218
-0.004306996241211891
-0.004306049086153507
-0.004305220209062099
-0.004304518457502127
-0.004303948488086462
-0.004303514491766691
-0.004303218796849251
-0.004303060472011566
-0.004303038585931063
-0.004303147550672293
-0.004303381778299809
-0.004303731489926577
-0.004304186906665564
-0.004304734524339437
-0.004305360838770866
-0.004306050017476082
-0.004306784365326166
-0.004307547118514776
-0.004308320581912994
-0.004309086594730616
-0.004309827461838722
-0.004310526419430971
-0.004311166238039732
-0.004311734344810247
-0.004312216769903898
-0.004312603268772364
-0.004312885925173759
-0.004313058219850063
-0.004313118290156126
-0.004313065204769373
-0.004312901757657528
-0.004312632139772177
-0.004312263336032629
-0.004311805125325918
-0.004311269149184227
-0.0043106684461236
-0.004310016985982656
-0.004309330601245165
-0.004308623727411032
-0.004307911731302738
-0.004307208117097616
-0.004306526388972998
-0.004305878188461065
-0.00430527376011014
-0.004304720554500818
-0.004304223228245974
-0.004303784109652042
-0.004303403664380312
-0.004303078167140484
-0.004302801564335823
-0.004302565939724445
-0.004302359651774168
-0.004302170593291521
-0.004301984794437885
-0.004301786888390779
-0.004301561042666435
-0.004301291890442371
-0.004300964530557394
-0.004300564061850309
-0.004300077445805073
-0.004299493972212076
-0.004298804793506861
-0.004298001993447542
-0.004297081381082535
-0.004296041093766689
-0.004294881131500006
-0.004293603822588921
-0.00429221335798502
-0.004290716256946325
-0.00428911903873086
-0.00428742915391922
-0.004285654984414577
-0.004283803515136242
-0.004281883127987385
-0.004279901273548603
-0.004277862142771482
-0.004275772254914045
-0.004273633006960154
-0.004271447192877531
-0.00426921434700489
-0.004266934003680944
-0.004264604765921831
-0.004262224305421114
-0.004259790293872356
-0.004257299937307835
-0.004254750907421112
-0.004252143204212189
-0.004249476827681065
-0.004246753640472889
-0.004243977833539248
-0.004241153132170439
-0.004238286521285772
-0.004235387314110994
-0.004232464823871851
-0.00422952976077795
-0.004226593766361475
-0.00422366801649332
-0.004220765084028244
-0.004217895213514566
-0.004215069580823183
-0.004212296102195978
-0.004209581762552261
-0.004206931218504906
-0.004204347264021635
-0.004201831296086311
-0.004199382849037647
-0.004196998197585344
-0.004194674082100391
-0.004192403517663479
-0.004190181847661734
-0.004188003484159708
-0.004185861442238092
-0.004183750599622726
-0.004181666299700737
-0.004179603885859251
-0.004177562892436981
-0.004175540059804916
-0.004173536319285631
-0.004171552136540413
-0.004169588908553123
-0.004167648497968912
-0.004165733698755503
-0.00416384544223547
-0.004161985125392675
-0.004160152282565832
-0.004158345982432365
-0.004156562499701977
-0.00415479764342308
-0.004153044428676367
-0.004151295404881239
-0.004149540793150663
-0.004147771280258894
-0.004145976155996323
-0.004144146107137203
-0.004142270423471928
-0.004140340723097324
-0.004138349555432796
-0.004136292263865471
-0.004134166054427624
-0.00413196999579668
-0.00412970595061779
-0.004127378109842539
-0.004124992527067661
-0.004122557584196329
-0.004120083525776863
-0.004117580596357584
-0.0041150595061481
-0.004112532362341881
-0.004110009875148535
-0.00410750275477767
-0.004105018451809883
-0.004102565348148346
-0.004100148566067219
-0.004097771365195513
-0.004095436073839664
-0.004093143157660961
-0.004090892150998116
-0.004088680725544691
-0.004086506087332964
-0.00408436544239521
-0.004082255996763706
-0.004080174490809441
-0.00407811626791954
-0.004076078999787569
-0.004074059892445803
-0.00407205568626523
-0.004070064518600702
-0.004068083129823208
-0.004066109657287598
-0.004064140841364861
-0.004062174819409847
-0.004060207866132259
-0.004058236721903086
-0.004056257661432028
-0.004054266028106213
-0.004052258562296629
-0.004050231073051691
-0.004048180300742388
-0.004046103451400995
-0.004043997265398502
-0.004041860811412334
-0.004039693623781204
-0.004037496633827686
-0.00403527170419693
-0.004033021628856659
-0.004030751064419746
-0.004028464667499065
-0.004026167560368776
-0.004023865796625614
-0.004021564964205027
-0.004019269719719887
-0.004016986582428217
-0.004014718811959028
-0.004012469202280045
-0.004010241478681564
-0.004008036572486162
-0.004005855415016413
-0.004003697074949741
-0.004001560155302286
-0.003999442793428898
-0.00399734266102314
-0.003995256964117289
-0.003993183374404907
-0.00399111770093441
-0.003989058081060648
-0.003987002652138472
-0.00398494815453887
-0.003982894122600555
-0.003980837762355804
-0.003978777676820755
-0.00397671340033412
-0.003974644001573324
-0.003972568083554506
-0.003970483783632517
-0.003968390170484781
-0.003966286312788725
-0.003964171279221773
-0.003962045069783926
-0.003959907218813896
-0.003957757726311684
-0.003955597523599863
-0.003953426610678434
-0.00395124638453126
-0.0039490582421422
-0.003946864511817694
-0.003944667987525463
-0.003942470997571945
-0.003940276801586151
-0.00393808726221323
-0.003935905639082193
-0.003933732863515615
-0.003931571263819933
-0.003929422236979008
-0.003927286714315414
-0.003925163764506578
-0.0039230533875525
-0.003920954652130604
-0.003918866161257029
-0.003916786052286625
-0.003914712462574244
-0.003912642132490873
-0.003910573665052652
-0.003908505197614431
-0.003906434401869774
-0.003904360346496105
-0.003902281168848276
-0.003900195704773068
-0.003898103255778551
-0.003896003589034081
-0.003893896238878369
-0.003891781670972705
-0.003889660118147731
-0.003887532511726022
-0.003885399550199509
-0.003883261932060122
-0.003881120588630438
-0.003878976684063673
-0.003876831382513046
-0.003874685615301132
-0.003872540313750505
-0.003870396874845028
-0.003868255997076631
-0.003866118844598532
-0.00386398658156395
-0.003861859440803528
-0.003859737887978554
-0.003857622155919671
-0.00385551224462688
-0.003853407222777605
-0.003851306857541203
-0.003849209984764457
-0.003847115207463503
-0.003845021361485124
-0.003842927049845457
-0.003840830409899354
-0.003838730044662952
-0.003836624789983034
-0.003834513248875737
-0.003832394490018487
-0.003830267116427422
-0.003828131128102541
-0.003825986059382558
-0.003823831211775541
-0.003821667050942779
-0.00381949357688427
-0.003817310789600015
-0.003815119387581944
-0.003812919603660703
-0.003810711437836289
-0.003808494657278061
-0.003806269494816661
-0.003804035484790802
-0.003801791928708553
-0.003799538128077984
-0.003797273151576519
-0.003794996067881584
-0.003792705247178674
-0.003790399292483926
-0.003788076341152191
-0.003785734763368964
-0.003783372463658452
-0.003780987113714218
-0.00377857661806047
-0.00377613864839077
-0.003773670643568039
-0.00377117027528584
-0.00376863544806838
-0.00376606360077858
-0.003763451706618071
-0.003760797204449773
-0.003758098464459181
-0.003755352925509214
-0.003752558259293437
-0.003749711904674768
-0.003746811766177416
-0.00374385598115623
-0.003740841988474131
-0.003737767692655325
-0.003734630765393376
-0.003731429111212492
-0.003728160401806235
-0.003724822076037526
-0.003721411572769284
-0.003717926563695073
-0.003714364487677813
-0.003710723016411066
-0.003706999123096466
-0.003703191643580794
-0.003699297085404396
-0.003695313818752766
-0.003691239980980754
-0.003687073476612568
-0.003682812443003058
-0.003678456414490938
-0.003674003994092345
-0.003669454948976636
-0.003664808347821236
-0.003660064656287432
-0.003655224107205868
-0.003650288097560406
-0.00364525755867362
-0.003640134120360017
-0.003634920343756676
-0.003629618557170033
-0.003624231787398458
-0.003618762828409672
-0.003613215638324618
-0.003607594408094883
-0.003601903328672051
-0.003596146823838353
-0.003590330248698592
-0.003584458492696285
-0.003578537376597524
-0.003572572953999043
-0.003566571045666933
-0.003560537938028574
-0.003554480150341988
-0.00354840443469584
-0.003542317310348153
-0.003536225762218237
-0.003530135843902826
-0.003524055238813162
-0.00351799069903791
-0.003511948511004448
-0.003505935426801443
-0.003499957034364343
-0.003494020318612456
-0.003488130401819944
-0.003482292639091611
-0.003476511919870973
-0.003470792900770903
-0.003465139074251056
-0.003459553234279156
-0.003454037941992283
-0.003448595060035586
-0.003443225519731641
-0.003437929786741734
-0.003432707395404577
-0.003427557647228241
-0.003422477981075644
-0.003417466534301639
-0.003412519581615925
-0.003407633863389492
-0.003402804723009467
-0.003398027736693621
-0.003393297083675861
-0.003388606943190098
-0.003383951028808951
-0.003379322588443756
-0.003374715568497777
-0.003370122751221061
-0.003365537384524941
-0.003360952483490109
-0.003356361761689186
-0.003351758001372218
-0.003347135614603758
-0.003342488314956427
-0.003337811212986708
-0.003333099652081728
-0.003328349674120545
-0.003323557320982218
-0.003318720031529665
-0.003313835710287094
-0.003308903193101287
-0.003303922014310956
-0.003298893105238676
-0.003293817397207022
-0.003288697684183717
-0.003283536992967129
-0.003278338816016912
-0.003273108042776585
-0.00326785072684288
-0.003262572921812534
-0.003257280914112926
-0.00325198145583272
-0.003246682696044445
-0.003241392318159342
-0.003236118471249938
-0.003230868838727474
-0.003225652268156409
-0.00322047621011734
-0.003215348813682795
-0.003210277063772082
-0.003205268178135157
-0.003200328443199396
-0.003195463214069605
-0.003190677613019943
-0.003185976762324572
-0.003181364154443145
-0.003176842117682099
-0.003172412980347872
-0.00316807790659368
-0.003163837129250169
-0.003159690648317337
-0.00315563753247261
-0.003151675686240196
-0.003147803246974945
-0.003144016722217202
-0.003140313783660531
-0.003136690706014633
-0.00313314376398921
-0.003129668766632676
-0.003126262221485376
-0.003122920170426369
-0.003119639353826642
-0.003116415813565254
-0.003113246522843838
-0.003110128687694669
-0.003107059514150023
-0.00310403760522604
-0.003101061331108212
-0.003098129527643323
-0.003095241962000728
-0.003092398168519139
-0.003089598845690489
-0.003086844459176064
-0.003084136173129082
-0.003081475151702762
-0.003078862791880965
-0.00307629955932498
-0.003073787549510598
-0.003071327228099108
-0.003068919526413083
-0.003066565142944455
-0.003064264077693224
-0.003062015399336815
-0.003059818176552653
-0.003057671012356877
-0.003055571112781763
-0.003053515451028943
-0.003051499603316188
-0.003049518680199981
-0.003047567792236805
-0.003045641118660569
-0.003043730976060033
-0.003041830845177174
-0.003039933042600751
-0.003038029419258237
-0.003036112058907747
-0.003034173278138041
-0.003032205160707235
-0.003030200023204088
-0.003028150415048003
-0.003026049118489027
-0.003023890545591712
-0.00302166910842061
-0.00301938084885478
-0.00301702250726521
-0.00301459152251482
-0.003012087428942323
-0.003009509993717074
-0.003006860613822937
-0.003004141617566347
-0.00300135719589889
-0.002998511772602797
-0.002995610469952226
-0.002992660272866488
-0.002989668631926179
-0.002986643463373184
-0.002983593149110675
-0.00298052653670311
-0.002977452473714948
-0.002974380506202579
-0.002971319016069174
-0.002968277083709836
-0.002965261926874518
-0.002962281461805105
-0.002959342207759619
-0.002956450218334794
-0.002953610150143504
-0.002950825961306691
-0.002948100911453366
-0.00294543569907546
-0.002942831953987479
-0.002940288744866848
-0.002937805373221636
-0.002935378812253475
-0.002933005802333355
-0.002930682618170977
-0.00292840413749218
-0.002926165238022804
-0.002923960331827402
-0.002921783132478595
-0.002919627353549004
-0.00291748670861125
-0.002915355144068599
-0.002913225907832384
-0.002911093644797802
-0.002908953232690692
-0.002906800014898181
-0.002904629101976752
-0.002902436768636107
-0.002900220220908523
-0.002897976664826274
-0.002895704004913568
-0.002893400844186544
-0.002891067182645202
-0.002888703485950828
-0.002886310219764709
-0.002883888781070709
-0.002881440334022045
-0.002878967672586441
-0.002876473823562264
-0.002873961580917239
-0.002871433971449733
-0.002868894720450044
-0.00286634755320847
-0.002863795729354024
-0.002861243207007647
-0.002858693245798349
-0.002856149338185787
-0.002853614976629615
-0.002851092722266912
-0.002848586067557335
-0.002846097573637962
-0.0028436288703233
-0.002841181820258498
-0.002838758286088705
-0.002836358966305852
-0.002833984326571226
-0.002831635065376759
-0.002829310251399875
-0.002827009418979287
-0.002824731636792421
-0.002822475740686059
-0.002820239868015051
-0.00281802169047296
-0.002815819112583995
-0.00281362934038043
-0.002811449812725186
-0.002809277735650539
-0.002807110315188766
-0.002804944291710854
-0.002802776638418436
-0.002800604095682502
-0.002798425033688545
-0.002796236891299486
-0.002794037340208888
-0.002791824983432889
-0.002789598423987627
-0.002787356963381171
-0.002785100601613522
-0.002782829338684678
-0.002780542941763997
-0.002778243739157915
-0.002775932662189007
-0.002773611573502421
-0.002771282568573952
-0.002768947975710034
-0.002766610821709037
-0.002764274133369327
-0.002761940471827984
-0.002759612631052732
-0.002757292939350009
-0.002754984889179468
-0.002752689877524972
-0.002750410465523601
-0.002748147817328572
-0.002745902631431818
-0.002743676071986556
-0.00274146837182343
-0.00273927953094244
-0.002737108152359724
-0.002734953071922064
-0.002732812659814954
-0.002730684820562601
-0.002728567691519856
-0.002726458245888352
-0.002724354155361652
-0.002722253324463964
-0.002720153192058206
-0.002718051197007298
-0.002715945011004806
-0.002713832538574934
-0.002711712382733822
-0.002709583612158895
-0.002707445295527577
-0.002705297200009227
-0.002703139325603843
-0.002700972370803356
-0.002698797034099698
-0.00269661471247673
-0.002694426802918315
-0.002692234935238957
-0.002690041204914451
-0.002687847940251231
-0.002685657469555736
-0.0026834721211344
-0.002681293757632375
-0.002679124241694808
-0.002676964271813631
-0.002674815477803349
-0.002672678790986538
-0.002670554211363196
-0.002668441738933325
-0.002666341839358211
-0.002664253814145923
-0.00266217696480453
-0.002660110127180815
-0.002658051671460271
-0.002655999967828393
-0.002653953619301319
-0.002651910530403256
-0.00264986976981163
-0.002647829009220004
-0.002645786851644516
-0.002643741900101304
-0.002641694154590368
-0.00263964245095849
-0.002637586556375027
-0.002635526238009334
-0.002633461495861411
-0.002631392562761903
-0.00262932013720274
-0.002627244917675853
-0.00262516806833446
-0.00262309075333178
-0.002621013903990388
-0.002618939615786076
-0.002616868820041418
-0.002614802680909634
-0.002612742129713297
-0.002610688097774982
-0.002608641050755978
-0.00260660145431757
-0.002604569774121046
-0.002602546010166407
-0.002600529929623008
-0.002598521532490849
-0.002596519887447357
-0.002594524063169956
-0.002592533593997359
-0.002590547315776348
-0.002588564064353704
-0.002586583374068141
-0.002584604313597083
-0.002582626650109887
-0.002580648986622691
-0.002578670624643564
-0.002576691331341863
-0.002574710873886943
-0.002572729019448161
-0.002570746000856161
-0.002568762050941586
-0.002566777868196368
-0.002564793452620506
-0.002562809269875288
-0.002560825785622001
-0.002558844164013863
-0.002556865569204092
-0.002554889768362045
-0.002552918158471584
-0.002550950506702065
-0.00254898751154542
-0.002547029405832291
-0.002545076422393322
-0.002543128794059157
-0.002541186055168509
-0.002539248205721378
-0.002537314780056477
-0.002535385545343161
-0.002533460035920143
-0.00253153801895678
-0.002529618563130498
-0.002527701202780008
-0.002525785472244024
-0.002523871604353189
-0.002521958434954286
-0.002520046196877956
-0.002518134424462914
-0.002516223350539804
-0.00251431274227798
-0.002512402832508087
-0.002510493854060769
-0.002508586272597313
-0.002506679855287075
-0.002504774834960699
-0.002502871677279472
-0.002500970615074039
-0.002499072114005685
-0.002497176639735699
-0.00249528419226408
-0.00249339547008276
-0.002491510240361094
-0.002489628503099084
-0.002487750258296728
-0.002485875738784671
-0.002484004711732268
-0.002482137177139521
-0.002480272902175784
-0.002478410955518484
-0.002476551569998264
-0.002474694978445768
-0.002472840249538422
-0.002470987616106868
-0.002469136379659176
-0.00246728677302599
-0.002465438796207309
-0.002463591750711203
-0.002461746102198958
-0.002459901617839932
-0.002458058530464768
-0.002456216607242823
-0.002454376546666026
-0.002452538115903735
-0.002450701780617237
-0.002448867773637176
-0.002447036327794194
-0.002445207443088293
-0.002443381352350116
-0.002441557822749019
-0.002439737087115645
-0.002437919145449996
-0.00243610399775207
-0.002434291876852512
-0.002432482782751322
-0.00243067555129528
-0.002428870880976319
-0.002427068538963795
-0.002425268292427063
-0.002423470607027411
-0.002421674551442266
-0.002419880591332912
-0.002418088261038065
-0.002416297793388367
-0.002414508955553174
-0.002412721747532487
-0.002410935936495662
-0.002409151988103986
-0.002407370135188103
-0.002405590377748013
-0.002403812948614359
-0.002402037382125854
-0.002400263678282499
-0.002398492535576224
-0.002396723721176386
-0.00239495700225234
-0.002393192844465375
-0.002391430782154202
-0.002389671048149467
-0.002387913875281811
-0.002386159263551235
-0.002384406747296453
-0.002382656559348106
-0.002380908699706197
-0.002379162702709436
-0.002377418568357825
-0.002375676529482007
-0.002373936353251338
-0.002372198272496462
-0.002370461821556091
-0.002368727000430226
-0.002366993809118867
-0.002365262480452657
-0.002363533247262239
-0.002361805643886328
-0.002360080135986209
-0.002358356490731239
-0.002356634940952063
-0.002354915486648679
-0.002353198127821088
-0.002351482631638646
-0.002349769463762641
-0.002348058158531785
-0.002346349181607366
-0.002344642300158739
-0.002342937514185905
-0.002341234590858221
-0.002339533530175686
-0.0023378343321383
-0.002336137229576707
-0.002334442222490907
-0.002332749078050256
-0.002331058029085398
-0.002329369308426976
-0.002327681984752417
-0.002325996523723006
-0.002324312925338745
-0.002322631189599633
-0.002320951316505671
-0.002319273771718144
-0.002317597856745124
-0.002315923804417253
-0.00231425161473453
-0.002312581753358245
-0.002310913754627109
-0.002309247385710478
-0.002307582879438996
-0.002305920468643308
-0.002304259920492768
-0.002302601467818022
-0.002300945110619068
-0.002299290616065264
-0.002297637984156609
-0.002295987447723746
-0.002294339006766677
-0.002292692428454757
-0.002291047945618629
-0.002289404859766364
-0.002287764335051179
-0.002286125672981143
-0.002284488873556256
-0.002282853936776519
-0.002281220629811287
-0.002279589418321848
-0.002277959836646914
-0.002276331651955843
-0.002274705097079277
-0.00227308040484786
-0.002271457808092237
-0.002269837073981762
-0.002268217969685793
-0.002266600495204329
-0.002264984650537372
-0.002263370435684919
-0.00226175831630826
-0.002260147826746106
-0.002258539199829102
-0.002256932202726603
-0.002255327301099896
-0.002253724029287696
-0.002252122620120645
-0.002250523073598742
-0.002248925156891346
-0.002247329335659742
-0.002245735377073288
-0.002244143048301339
-0.00224255258217454
-0.002240963745862246
-0.002239376539364457
-0.002237791195511818
-0.002236207481473684
-0.0022346256300807
-0.002233045641332865
-0.002231467049568892
-0.002229890320450068
-0.002228315221145749
-0.002226742217317224
-0.002225170843303204
-0.002223601099103689
-0.002222033450379968
-0.002220467431470752
-0.002218903275206685
-0.002217340748757124
-0.002215780550613999
-0.002214221516624093
-0.00221266457810998
-0.002211109036579728
-0.00220955559052527
-0.002208003774285316
-0.002206453355029225
-0.00220490456558764
-0.00220335740596056
-0.002201811876147985
-0.00220026820898056
-0.002198725938796997
-0.002197185065597296
-0.002195646055042744
-0.002194108907133341
-0.002192573389038444
-0.002191039500758052
-0.002189507475122809
-0.002187976846471429
-0.002186448080465198
-0.002184920711442828
-0.002183395205065608
-0.002181871328502893
-0.002180349314585328
-0.002178829163312912
-0.002177310641855001
-0.00217579398304224
-0.002174278721213341
-0.002172765322029591
-0.002171253552660346
-0.002169743645936251
-0.002168235601857305
-0.00216672895476222
-0.002165223937481642
-0.002163720317184925
-0.002162218559533358
-0.002160718198865652
-0.002159219933673739
-0.002157723298296332
-0.002156228059902787
-0.002154734218493104
-0.002153242006897926
-0.002151751192286611
-0.0021502620074898
-0.002148774452507496
-0.002147288294509053
-0.002145803533494473
-0.002144320402294397
-0.002142838900908828
-0.002141359029337764
-0.002139880787581205
-0.002138404175639153
-0.002136929193511605
-0.002135455841198564
-0.002133984118700027
-0.002132513793185353
-0.002131045097485185
-0.002129577565938234
-0.002128111897036433
-0.002126647625118494
-0.00212518498301506
-0.002123723737895489
-0.002122264122590423
-0.002120806137099862
-0.002119349781423807
-0.002117894822731614
-0.00211644172668457
-0.002114990260452032
-0.002113539958372712
-0.002112091751769185
-0.002110644709318876
-0.002109198831021786
-0.002107754815369844
-0.002106312662363052
-0.002104871673509479
-0.002103432547301054
-0.002101994818076491
-0.002100558020174503
-0.002099122852087021
-0.002097689313814044
-0.002096257405355573
-0.002094827126711607
-0.002093398477882147
-0.002091971226036549
-0.0020905458368361
-0.002089121611788869
-0.002087698550894856
-0.002086276886984706
-0.002084856852889061
-0.002083438448607922
-0.002082021674141288
-0.002080606296658516
-0.002079192781820893
-0.002077780896797776
-0.002076370641589165
-0.002074962016195059
-0.002073555020615458
-0.002072149887681007
-0.002070746151730418
-0.002069343579933047
-0.002067942637950182
-0.002066543325781822
-0.002065144944936037
-0.002063748193904757
-0.00206235283985734
-0.002060959115624428
-0.002059566555544734
-0.002058175392448902
-0.002056785626336932
-0.002055397024378181
-0.002054009819403291
-0.002052624011412263
-0.002051239367574453
-0.002049856353551149
-0.002048474736511707
-0.002047094516456127
-0.002045715926215053
-0.00204433873295784
-0.002042962703853846
-0.002041588071733713
-0.002040214836597443
-0.002038843231275678
-0.002037472790107131
-0.002036103745922446
-0.002034736098721623
-0.002033369848504663
-0.002032005460932851
-0.002030642237514257
-0.002029280178248882
-0.002027919748798013
-0.002026560250669718
-0.002025202149525285
-0.002023845445364714
-0.002022490138188004
-0.002021135995164514
-0.002019783249124885
-0.002018431900069118
-0.002017081947997212
-0.002015733392909169
-0.002014386001974344
-0.002013040008023381
-0.00201169541105628
-0.002010352211073041
-0.002009010408073664
-0.002007670467719436
-0.00200633192434907
-0.002004995010793209
-0.002003659261390567
-0.002002324908971786
-0.002000991953536868
-0.001999660162255168
-0.001998330233618617
-0.001997001701965928
-0.001995674334466457
-0.001994348596781492
-0.001993023790419102
-0.001991700613871217
-0.001990378834307194
-0.00198905891738832
-0.001987740164622664
-0.001986422576010227
-0.001985106384381652
-0.001983791589736938
-0.001982478192076087
-0.001981165958568454
-0.001979855122044683
-0.001978545449674129
-0.001977237174287438
-0.001975929830223322
-0.001974623650312424
-0.001973319333046675
-0.0019720159471035
-0.001970713958144188
-0.001969413133338094
-0.001968113472685218
-0.001966815209016204
-0.001965517876669765
-0.001964221708476543
-0.001962926937267184
-0.001961633563041687
-0.001960341352969408
-0.001959051005542278
-0.001957761589437723
-0.00195647357031703
-0.001955186948180199
-0.001953901490196586
-0.001952617196366191
-0.001951334299519658
-0.001950052566826344
-0.001948771998286247
-0.001947492710314691
-0.001946214586496353
-0.001944937626831234
-0.001943661831319332
-0.001942387316375971
-0.00194111408200115
-0.001939842128194869
-0.001938571222126484
-0.001937301596626639
-0.001936033484525979
-0.001934767002239823
-0.001933501800522208
-0.001932237995788455
-0.001930975471623242
-0.001929714228026569
-0.001928454381413758
-0.001927195931784809
-0.001925938529893756
-0.001924682524986565
-0.001923427917063236
-0.001922174589708447
-0.001920922542922199
-0.001919671543873847
-0.001918421708978713
-0.001917173038236797
-0.001915925648063421
-0.001914679538458586
-0.00191343470942229
-0.001912191277369857
-0.001910949125885963
-0.001909708138555288
-0.001908468315377831
-0.001907229656353593
-0.001905992161482573
-0.001904755830764771
-0.00190352089703083
-0.001902287127450109
-0.001901054638437927
-0.001899823313578963
-0.001898593152873218
-0.001897364156320691
-0.001896136323921382
-0.00189490953925997
-0.001893684035167098
-0.001892459695227444
-0.001891236519441009
-0.001890014507807791
-0.00188879354391247
-0.001887573627755046
-0.00188635487575084
-0.001885137287899852
-0.001883920864202082
-0.001882705488242209
-0.00188149104360491
-0.001880277646705508
-0.001879065413959324
-0.001877854461781681
-0.001876644673757255
-0.001875436049886048
-0.001874228706583381
-0.001873022294603288
-0.001871816930361092
-0.001870612846687436
-0.001869409927166998
-0.001868208171799779
-0.001867007813416421
-0.00186580850277096
-0.001864610239863396
-0.001863413373939693
-0.00186221778858453
-0.001861023483797908
-0.001859830459579825
-0.001858638599514961
-0.001857447787187994
-0.001856258139014244
-0.001855069654993713
-0.001853882218711078
-0.001852696062996984
-0.001851510838605464
-0.001850326545536518
-0.001849143765866756
-0.001847961917519569
-0.001846781466156244
-0.001845602295361459
-0.001844424172304571
-0.001843247446231544
-0.001842072000727057
-0.001840897719375789
-0.001839724718593061
-0.001838553114794195
-0.001837382675148547
-0.001836213166825473
-0.001835044822655618
-0.001833877642638981
-0.001832711393944919
-0.001831546309404075
-0.001830382389016449
-0.001829219399951398
-0.001828057575039566
-0.001826896797865629
-0.001825737068429589
-0.001824578270316124
-0.001823420403525233
-0.001822263468056917
-0.001821107463911176
-0.001819952391088009
-0.001818798249587417
-0.001817644806578755
-0.001816492527723312
-0.001815341413021088
-0.001814191462472081
-0.001813042676076293
-0.001811894821003079
-0.001810748130083084
-0.001809602719731629
-0.001808458473533392
-0.001807315391488373
-0.001806173473596573
-0.001805032719857991
-0.001803893130272627
-0.001802754704840481
-0.001801617327146232
-0.001800480997189879
-0.001799345831386745
-0.001798211946152151
-0.001797079225070775
-0.001795947551727295
-0.001794817042537034
-0.001793687464669347
-0.0017925591673702
-0.00179143191780895
-0.001790305715985596
-0.001789180445484817
-0.001788056339137256
-0.00178693316411227
-0.001785811153240502
-0.001784690073691308
-0.00178356992546469
-0.001782450941391289
-0.001781332888640463
-0.001780215767212212
-0.001779099577106535
-0.00177798408549279
-0.00177686964161694
-0.001775756129063666
-0.001774643664248288
-0.001773532130755484
-0.001772421761415899
-0.001771312323398888
-0.001770204049535096
-0.0017690968234092
-0.001767990528605878
-0.001766885397955775
-0.001765781315043569
-0.001764678163453937
-0.001763575943186879
-0.001762474654242396
-0.001761374529451132
-0.001760275568813086
-0.001759177423082292
-0.001758080208674073
-0.001756984042003751
-0.001755888806656003
-0.00175479450263083
-0.001753701246343553
-0.001752609037794173
-0.001751517760567367
-0.001750427531078458
-0.001749338232912123
-0.001748250215314329
-0.001747163245454431
-0.001746077323332429
-0.001744992448948324
-0.001743908738717437
-0.001742826076224446
-0.001741744577884674
-0.001740664127282798
-0.001739584840834141
-0.00173850660212338
-0.001737429411150515
-0.001736353267915547
-0.001735277939587831
-0.001734203658998013
-0.001733130309730768
-0.001732058241032064
-0.001730986987240613
-0.001729916548356414
-0.00172884704079479
-0.00172777846455574
-0.001726710703223944
-0.001725643873214722
-0.001724577858112752
-0.001723512657918036
-0.001722448272630572
-0.00172138458583504
-0.001720321830362082
-0.001719260006211698
-0.001718199113383889
-0.001717139151878655
-0.001716080005280674
-0.001715021906420588
-0.001713964971713722
-0.001712909084744751
-0.001711854129098356
-0.001710800221189857
-0.001709747593849897
-0.001708695897832513
-0.001707645365968347
-0.001706595998257399
-0.001705547561869025
-0.001704500056803226
-0.001703453483060002
-0.001702407724224031
-0.001701362896710634
-0.001700319000519812
-0.001699276035651565
-0.00169823388569057
-0.00169719266705215
-0.001696152496151626
-0.001695113140158355
-0.001694074715487659
-0.001693037338554859
-0.001692000776529312
-0.00169096514582634
-0.001689930446445942
-0.001688896678388119
-0.001687863958068192
-0.00168683216907084
-0.001685801427811384
-0.001684771734289825
-0.001683742855675519
-0.001682715024799109
-0.001681688008829951
-0.001680662040598691
-0.001679637003690004
-0.001678613014519215
-0.001677589956671
-0.001676567830145359
-0.001675546518526971
-0.001674526021815836
-0.001673506456427276
-0.00167248782236129
-0.001671470236033201
-0.00167045381385833
-0.00166943809017539
-0.001668423530645669
-0.001667409902438521
-0.001666396972723305
-0.001665384974330664
-0.001664374023675919
-0.001663363771513104
-0.001662354450672865
-0.001661345595493913
-0.001660337788052857
-0.001659330795519054
-0.001658324617892504
-0.001657319255173206
-0.001656314707361162
-0.001655310858041048
-0.001654307707212865
-0.001653305487707257
-0.00165230396669358
-0.001651303377002478
-0.001650303602218628
-0.001649304525926709
-0.001648306497372687
-0.001647309516556561
-0.001646313583478332
-0.001645318698137999
-0.001644324860535562
-0.001643332070671022
-0.001642340212129056
-0.001641349401324987
-0.001640359521843493
-0.00163937034085393
-0.001638382207602262
-0.00163739500567317
-0.001636408385820687
-0.0016354228137061
-0.001634438172914088
-0.001633454230614007
-0.0016324712196365
-0.001631489139981568
-0.00163050799164921
-0.001629527891054749
-0.001628548605367541
-0.001627570251002908
-0.001626592478714883
-0.001625615754164755
-0.00162463984452188
-0.001623664633370936
-0.001622690469957888
-0.001621717121452093
-0.001620744704268873
-0.001619773101992905
-0.001618802198208869
-0.001617831992916763
-0.001616862486116588
-0.001615893794223666
-0.001614925800822675
-0.001613958622328937
-0.001612992025911808
-0.00161202612798661
-0.001611061044968665
-0.001610096893273294
-0.001609133440069854
-0.001608170801773667
-0.001607209094800055
-0.001606248319149017
-0.001605288358405232
-0.001604329328984022
-0.001603371347300708
-0.001602414296939969
-0.001601457945071161
-0.001600502757355571
-0.001599548268131912
-0.001598594710230827
-0.001597642083652318
-0.001596690271981061
-0.001595739391632378
-0.00159478944260627
-0.001593840424902737
-0.001592892222106457
-0.001591944601386786
-0.001590997911989689
-0.001590051921084523
-0.001589106628671288
-0.001588162034749985
-0.001587218139320612
-0.001586275175213814
-0.00158533314242959
-0.001584391691721976
-0.001583450939506292
-0.001582511118613183
-0.001581571996212006
-0.001580633572302759
-0.001579695963300765
-0.001578759169206023
-0.001577823190018535
-0.001576887909322977
-0.001575953443534672
-0.001575020025484264
-0.001574087422341108
-0.001573155750520527
-0.001572224893607199
-0.001571294851601124
-0.001570365740917623
-0.001569437561556697
-0.001568510080687702
-0.001567583298310637
-0.001566657447256148
-0.001565732411108911
-0.001564808073453605
-0.00156388443429023
-0.001562961610034108
-0.001562039600685239
-0.001561118522658944
-0.001560198259539902
-0.001559278811328113
-0.001558360294438899
-0.001557442359626293
-0.001556525356136262
-0.001555609167553484
-0.001554693677462637
-0.001553778885863721
-0.001552864792756736
-0.00155195128172636
-0.001551038352772593
-0.001550126238726079
-0.001549214939586818
-0.001548304571770132
-0.001547394902445376
-0.001546485815197229
-0.001545577542856336
-0.001544670201838017
-0.00154376367572695
-0.001542857964523137
-0.001541953184641898
-0.00154104910325259
-0.001540145720355213
-0.001539243152365088
-0.001538341166451573
-0.001537440111860633
-0.001536539755761623
-0.001535640098154545
-0.001534741371870041
-0.001533843344077468
-0.001532946014776826
-0.001532049383968115
-0.001531153568066657
-0.001530258450657129
-0.001529364148154855
-0.001528470776975155
-0.001527578104287386
-0.00152668624650687
-0.001525795203633606
-0.001524904742836952
-0.001524015213362873
-0.001523126498796046
-0.001522238366305828
-0.00152135081589222
-0.001520464080385864
-0.001519578043371439
-0.001518692704848945
-0.00151780794840306
-0.001516923890449107
-0.001516040647402406
-0.001515158102847636
-0.001514276256784797
-0.001513395109213889
-0.001512514660134912
-0.001511635025963187
-0.00151075585745275
-0.001509877620264888
-0.001509000081568956
-0.001508123241364956
-0.001507247448898852
-0.001506372471340001
-0.001505498308688402
-0.001504624844528735
-0.00150375219527632
-0.00150288047734648
-0.001502009457908571
-0.001501139020547271
-0.001500269398093224
-0.001499400590546429
-0.001498532597906888
-0.001497665420174599
-0.001496798940934241
-0.001495933160185814
-0.00149506819434464
-0.001494204043410718
-0.001493340590968728
-0.00149247795343399
-0.001491615897975862
-0.001490754424594343
-0.001489893649704754
-0.001489033573307097
-0.001488174195401371
-0.001487315399572253
-0.001486457302235067
-0.001485599903389812
-0.001484743203036487
-0.001483887317590415
-0.001483032014220953
-0.0014821772929281
-0.001481323153711855
-0.001480469712987542
-0.001479616621509194
-0.001478764344938099
-0.00147791241761297
-0.001477061421610415
-0.001476211007684469
-0.001475361292250454
-0.001474512158893049
-0.001473663840442896
-0.001472816336899996
-0.001471969415433705
-0.001471123308874667
-0.001470278017222881
-0.001469433307647705
-0.001468589412979782
-0.001467746333219111
-0.001466903951950371
-0.001466062385588884
-0.001465221517719328
-0.001464381581172347
-0.001463542459532619
-0.001462704036384821
-0.001461866195313632
-0.00146102870348841
-0.001460191910155118
-0.001459355931729078
-0.001458520768210292
-0.001457686303183436
-0.00145685242023319
-0.001456019235774875
-0.00145518674980849
-0.001454354845918715
-0.001453523524105549
-0.001452693017199636
-0.001451863208785653
-0.001451033866032958
-0.001450205454602838
-0.001449377625249326
-0.001448550610803068
-0.001447724411264062
-0.001446899026632309
-0.001446074107661843
-0.001445250120013952
-0.001444426830857992
-0.001443604007363319
-0.001442781765945256
-0.001441960223019123
-0.001441139495000243
-0.001440319349057972
-0.001439499668776989
-0.001438680570572615
-0.001437861938029528
-0.001437044120393693
-0.001436226652003825
-0.001435409765690565
-0.001434593577869236
-0.001433778088539839
-0.001432963414117694
-0.00143214943818748
-0.001431336044333875
-0.00143052323255688
-0.001429711002856493
-0.001428899471648037
-0.001428088755346835
-0.001427278737537563
-0.001426469534635544
-0.001425661146640778
-0.001424853573553264
-0.001424046698957682
-0.001423240755684674
-0.001422435627318919
-0.001421631081029773
-0.001420827466063201
-0.001420024549588561
-0.001419222331605852
-0.001418420695699751
-0.001417619758285582
-0.0014168192865327
-0.001416019513271749
-0.001415220205672085
-0.001414421363733709
-0.001413623103871942
-0.001412825309671462
-0.001412027981132269
-0.001411231234669685
-0.001410435186699033
-0.001409639720804989
-0.001408844604156911
-0.001408050186000764
-0.001407256233505905
-0.001406462979502976
-0.001405670191161335
-0.001404878217726946
-0.001404086826369166
-0.00140329624991864
-0.001402506371960044
-0.001401717192493379
-0.001400928595103323
-0.001400140579789877
-0.00139935314655304
-0.001398566295392811
-0.001397780026309192
-0.001396994339302182
-0.001396209467202425
-0.001395425293594599
-0.001394641469232738
-0.001393858226947486
-0.001393075566738844
-0.001392293372191489
-0.001391511759720743
-0.001390730729326606
-0.0013899503974244
-0.001389170764014125
-0.001388391712680459
-0.001387613243423402
-0.001386835589073598
-0.001386058633215725
-0.001385282375849783
-0.001384506933391094
-0.001383732189424336
-0.001382957911118865
-0.001382184447720647
-0.00138141168281436
-0.001380639499984682
-0.001379867899231613
-0.001379097113385797
-0.00137832690961659
-0.001377557520754635
-0.001376788597553968
-0.001376020372845232
-0.001375252730213106
-0.001374485669657588
-0.001373719191178679
-0.001372953178361058
-0.001372187631204724
-0.001371422782540321
-0.001370658283121884
-0.001369894365780056
-0.001369131030514836
-0.001368368277326226
-0.001367605989798903
-0.001366844517178833
-0.001366083393804729
-0.001365322852507234
-0.001364563126116991
-0.001363803748972714
-0.001363044837489724
-0.001362286391668022
-0.00136152864433825
-0.00136077159550041
-0.0013600152451545
-0.001359259709715843
-0.001358504756353796
-0.001357750501483679
-0.001356996945105493
-0.001356243854388595
-0.001355491345748305
-0.001354739419184625
-0.001353988191112876
-0.001353237661533058
-0.001352487714029849
-0.001351738581433892
-0.001350990030914545
-0.001350241829641163
-0.001349494210444391
