0
0
0
0
0
0
0
0
0
0
0
0
0
0
0
0
0
0
0
0
0
0
0
0
0
0
0
0
0
0
0
0
0
0
0
0
0
0
0
0
0
0
0
0
0
0
0
0
0
0
0
0
0
0
0
0
0
0
0
0
0
0
0
0
0
0
0
0
0
0
0
0
0
0
0
0
0
0
0
0
0
0
0
0
0
0
0
0
0
0
0
0
0
0
0
0
0
0
0
0
0
0
0
0
0
0
0
0
0
0
0
0
0
0
0
0
0
0
0
0
0
0
0
0
0
0
0
0
0
0
0
0
0
0
0
0
0
0
0
0
0
0
0
0
0
0
0
0
0
0
0
0
0
0
0
0
0
0
0
0
0
0
0
0
0
0
0
0
0
0
0
0
0
0
0
0
0
0
0
0
0
0
0
0
0
0
0
0
0
0
0
0
0
0
0
0
0
0
0
0
0
0
0
0
0
0
0
0
0
0
0
0
0
0
0
0
0
0
0
0
0
0
0
0
0
0
0
0
0
0
0
0
0
0
0
0
0
0
0
0
0
0
0
0
0
0
0
0
0
0
0
0
0
0
0
0
0
0
0
0
0
0
0
0
0
0
0
0
0
0
0
0
0
0
0
0
0
0
0
0
0
0
0
0
0
0
0
0
0
0
0
0
0
0
0
0
0
0
0
0
0
0
0
0
0
0
0
0
0
0
0
0
0
0
0
0
0
0
0
0
0
0
0
0
0
0
0
0
0
0
0
0
0
0
0
0
0
0
0
0
0
0
0
0
0
0
0
0
0
0
0
0
0
0
0
0
0
0
0
0
0
0
0
0
0
0
0
0
0
0
0
0
0
0
0
0
0
0
0
0
0
0
0
0
0
0
0
0
0
0
0
0
0
0
0
0
0
0
0
0
0
0
0
0
0
0
0
0
0
0
0
0
0
0
0
0
0
0
0
0
0
0
0
0
0
0
0
0
0
0
0
0
0
0
0
0
0
0
0
0
0
0
0
0
0
0
0
0
0
0
0
0
0
0
0
0
0
0
0
0
0
0
0
0
0
0
0
0
0
0
0
0
0
0
0
0
0
0
0
0
0
0
0
0
0
0
0
0
0
0
0
0
0
0
0
0
0
0
0
0
0
0
0
0
0
0
0
0
0
0
0
0
0
0
0
0
0
0
0
0
0
0
0
0
0
0
0
0
0
0
0
0
0
0
0
0
0
0
0
0
0
0
0
0
0
0
0
0
0
0
0
0
0
0
0
0
0
0
0
0
0
0
0
0
0
0
0
0
0
0
0
0
0
0
0
0
0
0
0
0
0
0
0
0
0
0
0
0
0
0
0
0
0
0
0
0
0
0
0
0
0
0
0
0
0
0
0
0
0
0
0
0
0
0
0
0
0
0
0
0
0
0
0
0
0
0
0
0
0
0
0
0
0
0
0
0
0
0
0
0
0
0
0
0
0
0
0
0
0
0
0
0
0
0
0
0
0
0
0
0
0
0
0
0
0
0
0
0
0
0
0
0
0
0
0
0
0
0
0
0
0
0
0
0
0
0
0
0
0
0
0
0
0
0
0
0
0
0
0
0
0
0
0
0
0
0
0
0
0
0
0
0
0
0
0
0
0
0
0
0
0
0
0
0
0
0
0
0
0
0
0
0
0
0
0
0
0
0
0
0
0
0
0
0
0
0
0
0
0
0
0
0
0
0
0
0
0
0
0
0
0
0
0
0
0
0
0
0
0
0
0
0
0
0
0
0
0
0
0
0
0
0
0
0
0
0
0
0
0
0
0
0
0
0
0
0
0
0
0
0
0
0
0
0
0
0
0
0
0
0
0
0
0
0
0
0
0
0
0
0
0
0
0
0
0
0
0
0
0
0
0
0
0
0
0
0
0
0
0
0
0
0
0
0
0
0
0
0
0
0
0
0
0
0
0
0
0
0
0
0
0
0
0
0
0
0
0
0
0
0
0
0
0
0
0
0
0
0
0
0
0
0
0
0
0
0
0
0
0
0
0
0
0
0
0
0
0
0
0
0
0
0
0
0
0
0
0
0
0
0
0
0
0
0
0
0
0
0
0
0
0
0
0
0
0
0
0
0
0
0
0
0
0
0
0
0
0
0
0
0
0
0
0
0
0
0
0
0
0
0
0
0
0
0
0
0
0
0
0
0
0
0
0
0
0
0
0
0
0
0
0
0
0
0
0
0
0
0
0
0
0
0
0
0
0
0
0
0
0
0
0
0
0
0
0
0
0
0
0
0
0
0
0
0
0
0
0
0
0
0
0
0
0
0
0
0
0
0
0
0
0
0
0
0
0
0
0
0
0
0
0
0
0
0
0
0
0
0
0
0
0
0
0
0
0
0
0
0
0
0
0
0
0
0
0
0
0
0
0
0
0
0
0
0
0
0
0
0
0
0
0
0
0
0
0
0
0
0
0
0
0
0
0
0
0
0
0
0
0
0
0
0
0
0
0
0
0
0
0
0
0
0
0
0
0
0
0
0
0
0
0
0
0
0
0
0
0
0
0
0
0
2.802596928649634e-45
1.68155815718978e-44
5.184804318001823e-44
1.261168617892335e-43
2.732532005433393e-43
5.605193857299268e-43
1.121038771459854e-42
2.211248976704561e-42
4.327209657835035e-42
8.416198576734851e-42
1.627468036466843e-41
3.135265184080346e-41
6.019838072892982e-41
1.152133584383221e-40
2.198413082771346e-40
4.182399474531709e-40
7.933843619344963e-40
1.500738807248699e-39
2.830704173247061e-39
5.324233515202142e-39
9.98622738914902e-39
1.867809220238278e-38
3.483817998383258e-38
6.480000946763051e-38
1.201976761824361e-37
2.223427717709947e-37
4.101667418989519e-37
7.545931694295481e-37
1.384473466027239e-36
2.53326296933442e-36
4.622788300670447e-36
8.413181099094488e-36
1.527049670171731e-35
2.764312145230995e-35
4.9907523990424e-35
8.986575677892803e-35
1.613897264848864e-34
2.890779380962016e-34
5.164348004280519e-34
9.201983754942915e-34
1.635373087460906e-33
2.898849149680411e-33
5.12520900151493e-33
9.038129944342865e-33
1.589755751656942e-32
2.789143641464425e-32
4.880943479465966e-32
8.519863742083331e-32
1.483410276493347e-31
2.576281127736733e-31
4.463054414902597e-31
7.712258568513317e-31
1.329367125582213e-30
2.285734471162632e-30
3.920374846546048e-30
6.707394087599893e-30
1.144742440593477e-29
1.948914865030559e-29
3.309880632932368e-29
5.607503320450742e-29
9.476930097730455e-29
1.597754250387946e-28
2.687197810553769e-28
4.508579851616159e-28
7.546290412034842e-28
1.260038992039869e-27
2.098911964574242e-27
3.48792576646136e-27
5.782372005685394e-27
9.563427005984413e-27
1.577948299803484e-26
2.597445941063876e-26
4.265576141624885e-26
6.988583470599075e-26
1.142309170988671e-25
1.862790380349961e-25
3.030629801940946e-25
4.919184749233975e-25
7.966129427290055e-25
1.287058022696676e-24
2.074665920977358e-24
3.33656884573596e-24
5.353728778874969e-24
8.57076626480822e-24
1.368964918004663e-23
2.181608875112821e-23
3.468772546006229e-23
5.502899299494732e-23
8.710165402053282e-23
1.37557020813626e-22
2.167519409137903e-22
3.407762990229522e-22
5.34569408856033e-22
8.366994499975313e-22
1.306675463808228e-21
2.036109116767112e-21
3.165712696603852e-21
4.91112881647288e-21
7.602082250633559e-21
1.174160018961078e-20
1.809537076846736e-20
2.78262911827985e-20
4.269653644170988e-20
6.537044883588628e-20
9.986738297225381e-20
1.522373572380709e-19
2.315666533942e-19
3.514712394722836e-19
5.323096976331737e-19
8.044549108976872e-19
1.213118891337353e-18
1.825455263006524e-18
2.740986002810574e-18
4.10687977661249e-18
6.140282041760251e-18
9.16088549050126e-18
1.363832232920281e-17
2.026097846748611e-17
3.003566919562928e-17
4.443173197932251e-17
6.558879189566487e-17
9.66157543373777e-17
1.420200422675482e-16
2.083224329514952e-16
3.049358844180476e-16
4.454187339398966e-16
6.492579009109137e-16
9.444002315741294e-16
1.370838227715478e-15
1.985677950666338e-15
2.870285702977313e-15
4.140343632991119e-15
5.959964797754751e-15
8.561465135469883e-15
1.227300088001235e-14
1.755709903091159e-14
2.506426903319762e-14
3.570743283302577e-14
5.076500878735749e-14
7.202338768788619e-14
1.019733478430443e-13
1.440803585380651e-13
2.031555940184074e-13
2.858639702989912e-13
4.014185631031481e-13
5.625274009622705e-13
7.866812670037637e-13
1.097901934296597e-12
1.529109521294925e-12
2.125320969562083e-12
2.947962186861108e-12
4.0806689624584e-12
5.637070237679564e-12
7.771208156148735e-12
1.069146680909849e-11
1.467911903141328e-11
2.011301195037341e-11
2.750230251868935e-11
3.752978830484643e-11
5.110913775530079e-11
6.946030556287397e-11
9.420863394948853e-11
1.275148875379273e-10
1.722452735997138e-10
2.321935699267641e-10
3.12370185273636e-10
4.193778657679559e-10
5.618987497513217e-10
7.513238919898413e-10
1.002565586105675e-09
1.335103028132778e-09
1.774324465131372e-09
2.353246708608481e-09
3.114710933616038e-09
4.114184104508922e-09
5.423317794850391e-09
7.134463686497838e-09
9.366391218179615e-09
1.227149670768313e-08
1.604488097939338e-08
2.093575979245088e-08
2.726174841427564e-08
3.542670867773268e-08
4.594300406779439e-08
5.945917180838478e-08
7.679418700945462e-08
9.897993180629783e-08
1.273134984103308e-07
1.634215465173838e-07
2.093393760560502e-07
2.67607447312912e-07
3.413895512949239e-07
4.346161404100712e-07
5.521587240764347e-07
7.000407435953093e-07
8.856920885591535e-07
1.118255227083864e-06
1.408953153259063e-06
1.771528673089051e-06
2.222768898718641e-06
2.783129730232758e-06
3.477474365354283e-06
4.335949597589206e-06
5.395013431552798e-06
6.698646302538691e-06
8.299769433506299e-06
1.026189147523837e-05
1.266103754460346e-05
1.55879733938491e-05
1.915077518788166e-05
2.347778172406834e-05
2.872100412787404e-05
3.505997665342875e-05
4.27061750087887e-05
5.190798765397631e-05
6.295635830610991e-05
7.619110692758113e-05
9.200796921504661e-05
0.0001108664728235453
0.0001332986139459535
0.0001599185052327812
0.0001914327731356025
0.0002286521048517898
0.0002725034719333053
0.0003240435908082873
0.0003844729508273304
0.0004551510792225599
0.00053761200979352
0.0006335810176096857
0.0007449911790899932
0.0008740009507164359
0.001023010932840407
0.001194680691696703
0.001391945406794548
0.001618030713871121
0.00187646655831486
0.00217109895311296
0.002506098244339228
0.002885965863242745
0.003315535141155124
0.003799968399107456
0.004344749730080366
0.004955669399350882
0.005638801027089357
0.006400472484529018
0.007247230503708124
0.008185788989067078
0.009222973138093948
0.01036565378308296
0.0116206668317318
0.01299472339451313
0.01449431292712688
0.01612558774650097
0.01789425127208233
0.01980541832745075
0.02186348848044872
0.02407199703156948
0.02643346972763538
0.02894928306341171
0.03161950781941414
0.03444277122616768
0.03741614148020744
0.04053496941924095
0.04379281774163246
0.04718135669827461
0.05069032311439514
0.054307471960783
0.05801860988140106
0.06180759891867638
0.06565645337104797
0.06954547017812729
0.0734533816576004
0.07735757529735565
0.08123435080051422
0.08505924046039581
0.08880731463432312
0.09245360642671585
0.09597350656986237
0.0993431881070137
0.1025400534272194
0.105543240904808
0.1083340421319008
0.1108963042497635
0.1132169663906097
0.1152863055467606
0.117098294198513
0.1186508536338806
0.1199460998177528
0.1209903359413147
0.121794082224369
0.1223720163106918
0.1227427050471306
0.1229283586144447
0.1229543909430504
0.1228489205241203
0.1226421818137169
0.1223658472299576
0.1220523416996002
0.1217340305447578
0.1214424669742584
0.1212075799703598
0.1210569366812706
0.1210150048136711
0.121102511882782
0.1213359013199806
0.1217268854379654
0.1222821250557899
0.1230030581355095
0.1238858923316002
0.1249217838048935
0.126097097992897
0.1273938715457916
0.1287904232740402
0.130262091755867
0.1317819952964783
0.1333220303058624
0.1348538100719452
0.1363495141267776
0.137782946228981
0.1391303986310959
0.1403714716434479
0.1414896994829178
0.1424731016159058
0.1433145850896835
0.1440121382474899
0.1445687711238861
0.1449923515319824
0.1452952325344086
0.145493671298027
0.1456071436405182
0.1456574648618698
0.1456679850816727
0.1456625014543533
0.1456644088029861
0.1456956267356873
0.1457757949829102
0.1459215432405472
0.146145835518837
0.1464575231075287
0.1468611210584641
0.1473566293716431
0.1479398012161255
0.1486023664474487
0.1493325978517532
0.1501158773899078
0.1509355008602142
0.151773527264595
0.1526116579771042
0.1534320861101151
0.154218316078186
0.1549559980630875
0.1556335240602493
0.1562424153089523
0.1567777246236801
0.1572381258010864
0.1576258689165115
0.157946452498436
0.1582083851099014
0.1584225445985794
0.1586014479398727
0.158758744597435
0.1589083224534988
0.1590635478496552
0.1592366993427277
0.1594382077455521
0.1596763283014297
0.1599566787481308
0.1602821052074432
0.1606526374816895
0.1610655635595322
0.1615157872438431
0.1619961708784103
0.1624980568885803
0.1630117893218994
0.1635273844003677
0.1640350669622421
0.1645258218050003
0.1649919599294662
0.1654274165630341
0.1658280938863754
0.1661919951438904
0.1665191948413849
0.1668117940425873
0.1670735776424408
0.1673098653554916
0.16752690076828
0.1677315533161163
0.1679307371377945
0.1681310683488846
0.1683383136987686
0.1685570925474167
0.1687906682491302
0.1690406948328018
0.1693071722984314
0.1695885062217712
0.1698815673589706
0.170182004570961
0.1704844236373901
0.1707827150821686
0.1710704416036606
0.1713410913944244
0.1715884059667587
0.1718066036701202
0.1719906181097031
0.1721361428499222
0.1722396314144135
0.1722983419895172
0.1723101437091827
0.1722734421491623
0.1721868067979813
0.172048881649971
0.1718580275774002
0.1716121882200241
0.1713087111711502
0.1709441542625427
0.1705141961574554
0.1700136512517929
0.1694366335868835
0.1687765866518021
0.1680265218019485
0.1671792715787888
0.1662278175354004
0.1651655584573746
0.1639866828918457
0.1626864969730377
0.1612616926431656
0.159710630774498
0.1580335348844528
0.1562327444553375
0.1543126702308655
0.1522799432277679
0.1501434147357941
0.1479139924049377
0.1456045806407928
0.1432298570871353
0.1408061534166336
0.138351172208786
0.1358836144208908
0.1334230303764343
0.1309894472360611
0.128602996468544
0.1262836009263992
0.124050572514534
0.1219223141670227
0.1199158355593681
0.1180464401841164
0.1163273081183434
0.1147691756486893
0.1133799776434898
0.1121645793318748
0.1111244782805443
0.1102576926350594
0.1095586121082306
0.1090180352330208
0.1086232885718346
0.1083584353327751
0.1082046255469322
0.1081405431032181
0.1081429645419121
0.1081874296069145
0.1082489714026451
0.1083028614521027
0.1083254814147949
0.1082950457930565
0.1081923842430115
0.1080016121268272
0.1077107265591621
0.1073119565844536
0.1068021133542061
0.1061825975775719
0.1054593548178673
0.1046425923705101
0.1037462651729584
0.1027874797582626
0.1017857268452644
0.1007620096206665
0.09973789006471634
0.0987345352768898
0.09777181595563889
0.09686741232872009
0.09603607654571533
0.09528898447751999
0.09463325887918472
0.09407185018062592
0.09360340237617493
0.09322244673967361
0.09291981905698776
0.09268315136432648
0.09249761700630188
0.09234678745269775
0.09221344441175461
0.09208054095506668
0.09193207323551178
0.09175387769937515
0.09153430163860321
0.09126478433609009
0.09094017744064331
0.09055886417627335
0.09012275189161301
0.08963701128959656
0.08910961449146271
0.08855079114437103
0.08797230571508408
0.08738672733306885
0.08680661767721176
0.08624374866485596
0.08570849150419235
0.0852091908454895
0.08475174009799957
0.08433932811021805
0.08397239446640015
0.08364866673946381
0.08336349576711655
0.08311021327972412
0.08288071304559708
0.08266601711511612
0.08245692402124405
0.08224465698003769
0.08202136307954788
0.08178063482046127
0.08151786029338837
0.08123047649860382
0.08091795444488525
0.08058180660009384
0.08022528886795044
0.07985310256481171
0.07947096228599548
0.07908514887094498
0.07870194315910339
0.07832726836204529
0.07796617597341537
0.07762257009744644
0.07729896157979965
0.07699637860059738
0.07671435922384262
0.0764511302113533
0.07620372623205185
0.07596839219331741
0.07574087381362915
0.07551678270101547
0.0752919614315033
0.07506276667118073
0.07482637465000153
0.07458090037107468
0.07432550936937332
0.07406038790941238
0.07378669828176498
0.07350637018680573
0.07322192192077637
0.07293616235256195
0.07265196740627289
0.07237202674150467
0.07209859788417816
0.07183339446783066
0.07157744467258453
0.07133106887340546
0.07109384983778
0.07086479663848877
0.07064244151115417
0.07042497396469116
0.07021047919988632
0.06999707967042923
0.06978308409452438
0.06956716626882553
0.06934841722249985
0.06912641227245331
0.06890119612216949
0.06867323070764542
0.06844337284564972
0.06821268051862717
0.06798234581947327
0.06775359809398651
0.06752750277519226
0.06730494648218155
0.06708652526140213
0.06687252223491669
0.06666292250156403
0.06645740568637848
0.06625542789697647
0.0660562664270401
0.0658591240644455
0.06566319614648819
0.06546774506568909
0.06527216732501984
0.06507604569196701
0.0648791715502739
0.0646815150976181
0.06448323279619217
0.06428462266921997
0.06408606469631195
0.06388799101114273
0.06369079649448395
0.06349481642246246
0.06330028921365738
0.06310729682445526
0.06291577965021133
0.06272554397583008
0.06253624707460403
0.06234744936227798
0.06215863302350044
0.06196922808885574
0.06177865341305733
0.06158633157610893
0.06139171123504639
0.06119427084922791
0.06099352240562439
0.06078897416591644
0.06058013439178467
0.06036646291613579
0.06014737486839294
0.05992218106985092
0.05969006195664406
0.05945006385445595
0.05920104682445526
0.05894169956445694
0.0586705207824707
0.05838581174612045
0.05808567628264427
0.05776802822947502
0.05743060633540154
0.05707095935940742
0.05668645724654198
0.05627428740262985
0.05583146587014198
0.05535480007529259
0.05484091490507126
0.05428621917963028
0.05368690565228462
0.05303895100951195
0.05233810096979141
0.05157987773418427
0.05075960233807564
0.04987240210175514
0.04891322925686836
0.04787690937519073
0.04675813391804695
0.04555155709385872
0.04425181075930595
0.04285358265042305
0.04135164991021156
0.03974095359444618
0.03801669180393219
0.03617435693740845
0.03420981764793396
0.03211941942572594
0.02990005165338516
0.02754922583699226
0.02506517246365547
0.02244691923260689
0.01969438605010509
0.01680846512317657
0.01379110384732485
0.01064537651836872
0.00737555930390954
0.003987186588346958
0.0004871026321779937
-0.003116507548838854
-0.006814097985625267
-0.01059476286172867
-0.01444625202566385
-0.01835501939058304
-0.0223062802106142
-0.0262841023504734
-0.03027152456343174
-0.03425067663192749
-0.03820295259356499
-0.04210918769240379
-0.04594986140727997
-0.04970532655715942
-0.05335606262087822
-0.05688292160630226
-0.06026738882064819
-0.06349188834428787
-0.06654004007577896
-0.06939695775508881
-0.07204951345920563
-0.07448661327362061
-0.07669941335916519
-0.07868156582117081
-0.08042939007282257
-0.08194204419851303
-0.08322162181138992
-0.08427318930625916
-0.08510487526655197
-0.08572772890329361
-0.08615569025278091
-0.08640540391206741
-0.0864960104227066
-0.08644887804985046
-0.0862872302532196
-0.08603581786155701
-0.08572047203779221
-0.08536764234304428
-0.08500389009714127
-0.08465540409088135
-0.08434747159481049
-0.08410397171974182
-0.08394686132669449
-0.0838957279920578
-0.08396736532449722
-0.08417539298534393
-0.08452995866537094
-0.08503749221563339
-0.08570057898759842
-0.08651790767908096
-0.08748427778482437
-0.08859074115753174
-0.08982487767934799
-0.09117106348276138
-0.09261089563369751
-0.09412366896867752
-0.09568696469068527
-0.0972771942615509
-0.09887026995420456
-0.1004422307014465
-0.1019699349999428
-0.1034316569566727
-0.1048077121376991
-0.1060809791088104
-0.107237383723259
-0.1082662716507912
-0.1091606691479683
-0.1099174842238426
-0.1105375364422798
-0.1110254898667336
-0.1113896891474724
-0.1116418018937111
-0.111796461045742
-0.1118707880377769
-0.111883744597435
-0.1118555292487144
-0.1118069216609001
-0.1117585822939873
-0.1117303147912025
-0.1117405295372009
-0.1118055358529091
-0.1119391024112701
-0.1121519654989243
-0.112451583147049
-0.1128418445587158
-0.1133230701088905
-0.113892063498497
-0.1145422384142876
-0.1152639761567116
-0.1160450056195259
-0.1168708950281143
-0.1177256628870964
-0.1185923293232918
-0.1194536164402962
-0.1202925369143486
-0.1210930496454239
-0.1218405961990356
-0.1225225776433945
-0.1231287643313408
-0.1236515641212463
-0.1240862086415291
-0.124430775642395
-0.1246861517429352
-0.1248557567596436
-0.1249452978372574
-0.1249623522162437
-0.1249158456921577
-0.1248155832290649
-0.12467160820961
-0.1244936734437943
-0.1242907047271729
-0.1240702867507935
-0.1238382086157799
-0.1235981062054634
-0.1233512684702873
-0.1230964511632919
-0.1228298544883728
-0.1225452870130539
-0.1222343444824219
-0.1218867152929306
-0.121490590274334
-0.1210331618785858
-0.1205011159181595
-0.1198812425136566
-0.1191608905792236
-0.1183286011219025
-0.1173745021224022
-0.1162907779216766
-0.1150720119476318
-0.1137153878808022
-0.1122209131717682
-0.1105914041399956
-0.1088324189186096
-0.1069521978497505
-0.1049613505601883
-0.1028725653886795
-0.1007003113627434
-0.09846039861440659
-0.096169613301754
-0.09384527802467346
-0.09150488674640656
-0.08916573971509933
-0.08684465289115906
-0.0845576673746109
-0.08231986314058304
-0.0801452100276947
-0.07804648578166962
-0.07603518664836884
-0.07412157207727432
-0.07231459021568298
-0.07062201201915741
-0.06905040889978409
-0.067605160176754
-0.06629053503274918
-0.06510962545871735
-0.06406433880329132
-0.06315533071756363
-0.06238194555044174
-0.06174209341406822
-0.06123216077685356
-0.06084691360592842
-0.06057940423488617
-0.06042091548442841
-0.06036094576120377
-0.06038723513484001
-0.06048590317368507
-0.0606415830552578
-0.06083768606185913
-0.0610567033290863
-0.06128060072660446
-0.06149125844240189
-0.0616709291934967
-0.06180276349186897
-0.06187131628394127
-0.06186302751302719
-0.06176669523119926
-0.06157387048006058
-0.06127917021512985
-0.06088050827383995
-0.06037919968366623
-0.05977995321154594
-0.0590907447040081
-0.05832254514098167
-0.05748895183205605
-0.05660572648048401
-0.05569024011492729
-0.05476080626249313
-0.05383605509996414
-0.05293425545096397
-0.05207261443138123
-0.05126668512821198
-0.05052980035543442
-0.04987260699272156
-0.04930270090699196
-0.04882441461086273
-0.04843870177865028
-0.048143170773983
-0.04793225601315498
-0.04779753088951111
-0.04772809147834778
-0.04771104827523232
-0.04773211479187012
-0.04777619615197182
-0.04782803356647491
-0.04787282273173332
-0.04789680615067482
-0.04788780584931374
-0.04783565923571587
-0.04773258045315742
-0.04757340624928474
-0.04735569283366203
-0.04707976058125496
-0.04674854502081871
-0.04636738076806068
-0.04594367742538452
-0.04548653215169907
-0.04500622674822807
-0.0445137545466423
-0.04402029141783714
-0.04353668540716171
-0.04307296872138977
-0.04263794422149658
-0.04223880544304848
-0.04188088700175285
-0.04156747087836266
-0.04129971191287041
-0.04107667878270149
-0.04089546203613281
-0.04075139760971069
-0.04063836857676506
-0.0405491515994072
-0.04047579318284988
-0.04041007533669472
-0.04034389182925224
-0.04026966542005539
-0.04018070176243782
-0.04007149860262871
-0.03993796557188034
-0.03977758064866066
-0.03958946838974953
-0.03937436267733574
-0.03913448750972748
-0.03887340426445007
-0.03859573230147362
-0.03830686211585999
-0.03801264241337776
-0.03771902248263359
-0.03743171319365501
-0.03715590015053749
-0.03689595311880112
-0.0366552360355854
-0.03643593937158585
-0.03623901307582855
-0.03606416657567024
-0.03590994700789452
-0.0357738621532917
-0.03565259277820587
-0.03554220125079155
-0.0354384183883667
-0.03533688932657242
-0.03523345291614532
-0.03512438759207726
-0.03500660136342049
-0.03487780317664146
-0.03473659604787827
-0.03458251804113388
-0.03441602736711502
-0.03423841670155525
-0.03405170887708664
-0.03385846316814423
-0.03366160020232201
-0.03346418961882591
-0.0332692451775074
-0.03307952731847763
-0.03289737552404404
-0.03272457420825958
-0.0325622633099556
-0.03241090476512909
-0.03227028250694275
-0.03213953971862793
-0.0320173054933548
-0.03190178796648979
-0.03179091960191727
-0.03168252483010292
-0.03157446905970573
-0.03146479651331902
-0.03135187178850174
-0.03123446367681026
-0.03111179918050766
-0.03098360449075699
-0.03085009194910526
-0.03071190789341927
-0.03057006374001503
-0.03042582981288433
-0.03028064593672752
-0.03013598918914795
-0.02999327890574932
-0.02985376119613647
-0.0297184344381094
-0.02958798594772816
-0.02946277149021626
-0.02934279665350914
-0.02922774478793144
-0.02911701984703541
-0.02900979854166508
-0.02890512719750404
-0.02880198508501053
-0.02869937568902969
-0.02859639003872871
-0.0284922830760479
-0.02838650345802307
-0.02827873826026917
-0.02816890925168991
-0.02805717289447784
-0.02794387564063072
-0.02782952226698399
-0.02771473117172718
-0.02760016545653343
-0.02748647890985012
-0.02737427316606045
-0.02726404182612896
-0.02715614251792431
-0.02705077826976776
-0.02694798819720745
-0.02684765495359898
-0.02674952521920204
-0.02665324881672859
-0.02655839920043945
-0.02646452374756336
-0.0263711828738451
-0.02627797611057758
-0.02618458494544029
-0.02609077654778957
-0.02599642984569073
-0.02590152807533741
-0.02580615878105164
-0.02571049518883228
-0.02561476826667786
-0.02551925554871559
-0.02542423643171787
-0.02532998286187649
-0.02523673139512539
-0.02514466270804405
-0.02505389228463173
-0.0249644611030817
-0.02487634308636189
-0.02478944696485996
-0.02470363304018974
-0.02461872436106205
-0.02453452721238136
-0.02445085160434246
-0.02436752431094646
-0.02428440004587173
-0.02420138008892536
-0.02411840669810772
-0.02403546683490276
-0.02395259961485863
-0.02386987768113613
-0.02378739602863789
-0.02370526641607285
-0.02362360619008541
-0.02354252338409424
-0.02346210926771164
-0.02338242903351784
-0.02330352179706097
-0.02322538942098618
-0.02314800769090652
-0.02307133562862873
-0.02299530245363712
-0.02291983179748058
-0.02284484542906284
-0.02277026325464249
-0.02269602194428444
-0.02262206934392452
-0.02254837192595005
-0.02247491665184498
-0.0224017109721899
-0.02232877723872662
-0.0222561489790678
-0.02218387089669704
-0.02211198210716248
-0.02204053103923798
-0.02196954749524593
-0.02189906127750874
-0.02182908356189728
-0.02175961434841156
-0.02169064991176128
-0.02162217162549496
-0.02155415154993534
-0.02148655615746975
-0.0214193519204855
-0.02135250717401505
-0.02128599770367146
-0.02121980302035809
-0.02115390636026859
-0.02108830213546753
-0.02102299593389034
-0.02095799148082733
-0.02089330554008484
-0.02082895115017891
-0.02076494134962559
-0.02070129476487637
-0.02063801884651184
-0.02057512290775776
-0.02051260881125927
-0.02045047655701637
-0.02038871496915817
-0.02032731659710407
-0.02026626840233803
-0.02020555548369884
-0.02014516480267048
-0.02008508332073689
-0.02002530358731747
-0.01996581442654133
-0.01990661211311817
-0.019847696647048
-0.01978906616568565
-0.01973072439432144
-0.01967267692089081
-0.0196149256080389
-0.01955747418105602
-0.01950032636523247
-0.01944348216056824
-0.01938695088028908
-0.01933072879910469
-0.01927480660378933
-0.01921918615698814
-0.01916385442018509
-0.01910880953073502
-0.01905404403805733
-0.01899955049157143
-0.01894532516598701
-0.01889136247336864
-0.01883766055107117
-0.01878421753644943
-0.01873103529214859
-0.01867811195552349
-0.01862544752657413
-0.01857304759323597
-0.01852091029286385
-0.01846903562545776
-0.01841742359101772
-0.01836607232689857
-0.01831497997045517
-0.01826414093375206
-0.0182135533541441
-0.01816321536898613
-0.01811312139034271
-0.01806326769292355
-0.01801365613937378
-0.01796428114175797
-0.01791513711214066
-0.017866225913167
-0.01781754568219185
-0.0177690964192152
-0.01772087626159191
-0.01767288520932198
-0.01762512139976025
-0.01757758669555187
-0.01753027737140656
-0.01748319528996944
-0.01743633672595024
-0.01738970167934895
-0.01734328828752041
-0.01729708909988403
-0.01725110411643982
-0.01720533519983292
-0.01715977676212788
-0.01711443066596985
-0.01706928946077824
-0.01702435687184334
-0.01697963103652
-0.01693511195480824
-0.01689079776406288
-0.01684668846428394
-0.01680278405547142
-0.01675907708704472
-0.01671556942164898
-0.01667226105928421
-0.01662914454936981
-0.01658621989190578
-0.01654349081218243
-0.01650095358490944
-0.01645860634744167
-0.01641645282506943
-0.01637448742985725
-0.01633270829916
-0.01629111357033253
-0.01624970324337482
-0.0162084773182869
-0.01616743393242359
-0.01612657122313976
-0.01608588732779026
-0.01604538783431053
-0.01600506529211998
-0.0159649234265089
-0.01592495664954185
-0.01588516309857368
-0.01584554649889469
-0.01580609939992428
-0.01576682366430759
-0.01572771742939949
-0.01568877883255482
-0.01565000787377357
-0.01561140269041061
-0.01557296328246593
-0.01553468871861696
-0.01549657806754112
-0.01545863132923841
-0.01542084664106369
-0.01538322307169437
-0.01534575968980789
-0.01530845370143652
-0.01527130696922541
-0.01523431669920683
-0.01519748196005821
-0.01516080182045698
-0.01512427441775799
-0.01508790254592896
-0.01505168247967958
-0.0150156132876873
-0.01497969403862953
-0.01494392100721598
-0.01490829512476921
-0.01487281732261181
-0.0148374829441309
-0.0148022947832942
-0.01476725190877914
-0.01473235245794058
-0.01469759736210108
-0.01466298475861549
-0.01462851651012897
-0.01459419075399637
-0.01456000562757254
-0.01452595926821232
-0.01449204981327057
-0.01445827819406986
-0.01442464161664248
-0.01439114194363356
-0.01435777544975281
-0.0143245430663228
-0.01429144293069839
-0.01425847504287958
-0.01422563940286636
-0.01419293694198132
-0.01416036486625671
-0.01412792317569256
-0.01409561187028885
-0.01406342815607786
-0.01403137296438217
-0.0139994453638792
-0.01396764349192381
-0.01393596641719341
-0.01390441320836544
-0.01387298107147217
-0.01384167093783617
-0.01381048187613487
-0.01377941388636827
-0.01374846789985895
-0.01371764205396175
-0.01368693541735411
-0.01365634985268116
-0.01362588349729776
-0.01359553448855877
-0.01356530468910933
-0.01353519130498171
-0.01350519526749849
-0.01347531378269196
-0.01344554498791695
-0.01341588888317347
-0.01338634360581636
-0.01335690822452307
-0.01332758460193872
-0.01329836901277304
-0.01326926425099373
-0.01324026752263308
-0.01321138069033623
-0.01318260189145803
-0.0131539311259985
-0.01312536839395761
-0.01309691369533539
-0.01306856703013182
-0.01304032746702433
-0.01301219314336777
-0.01298416219651699
-0.01295623555779457
-0.01292841415852308
-0.0129006952047348
-0.0128730796277523
-0.01284556742757559
-0.01281815674155951
-0.01279084663838148
-0.01276363804936409
-0.01273653004318476
-0.01270952075719833
-0.01268261019140482
-0.01265579741448164
-0.0126290787011385
-0.01260245684534311
-0.01257592998445034
-0.01254949811846018
-0.01252316031605005
-0.01249691937118769
-0.01247077528387308
-0.01244472526013851
-0.01241876929998398
-0.01239290740340948
-0.01236713957041502
-0.01234146300703287
-0.01231587864458561
-0.01229038648307323
-0.01226498372852802
-0.01223967224359512
-0.01221444923430681
-0.01218931563198566
-0.0121642705053091
-0.01213931385427713
-0.01211444567888975
-0.01208966411650181
-0.01206497009843588
-0.01204036455601454
-0.01201584562659264
-0.01199141424149275
-0.01196706760674715
-0.01194280665367842
-0.01191863045096397
-0.01189453806728125
-0.01187052950263023
-0.01184660289436579
-0.01182275917381048
-0.01179899554699659
-0.01177531480789185
-0.01175171416252851
-0.0117281936109066
-0.01170475408434868
-0.01168139651417732
-0.01165811810642481
-0.01163491886109114
-0.01161179877817631
-0.01158875785768032
-0.01156579609960318
-0.01154291164129972
-0.01152010448276997
-0.01149737741798162
-0.0114747267216444
-0.01145215146243572
-0.01142965164035559
-0.011407227255404
-0.01138487737625837
-0.01136260293424129
-0.01134040392935276
-0.0113182794302702
-0.01129622850567102
-0.0112742530182004
-0.01125235017389059
-0.01123052183538675
-0.01120876707136631
-0.01118708495050669
-0.01116547267884016
-0.0111439311876893
-0.01112246047705412
-0.0111010605469346
-0.01107972953468561
-0.01105846744030714
-0.01103727333247662
-0.01101614814251661
-0.01099509093910456
-0.0109741035848856
-0.01095318607985973
-0.01093233749270439
-0.01091155875474215
-0.01089085079729557
-0.01087021175771952
-0.01084964070469141
-0.01082913856953382
-0.01080870069563389
-0.01078832801431417
-0.01076801959425211
-0.01074777450412512
-0.0107275927439332
-0.01070747524499893
-0.01068742014467716
-0.01066742930561304
-0.01064750272780657
-0.01062763854861259
-0.01060783769935369
-0.01058810297399759
-0.01056843064725399
-0.01054881978780031
-0.01052927225828171
-0.01050978805869818
-0.01049036346375942
-0.01047100219875574
-0.01045170053839684
-0.01043245941400528
-0.01041327975690365
-0.01039416063576937
-0.01037509925663471
-0.01035609748214483
-0.01033715531229973
-0.01031827181577682
-0.01029944699257612
-0.01028067991137505
-0.01026197243481874
-0.01024332270026207
-0.0102247316390276
-0.0102062001824379
-0.01018772553652525
-0.0101693095639348
-0.01015095040202141
-0.01013264898210764
-0.01011440437287092
-0.01009621564298868
-0.01007808279246092
-0.01006000488996506
-0.01004198100417852
-0.01002401206642389
-0.01000609621405602
-0.009988234378397465
-0.009970425628125668
-0.0099526671692729
-0.00993496086448431
-0.009917307645082474
-0.00989970751106739
-0.00988216046243906
-0.009864666499197483
-0.009847226552665234
-0.009829839691519737
-0.009812507778406143
-0.009795229882001877
-0.009778006002306938
-0.009760835207998753
-0.009743716567754745
-0.009726649150252342
-0.009709632024168968
-0.009692665189504623
-0.009675747714936733
-0.009658880531787872
-0.009642061777412891
-0.009625290520489216
-0.009608568623661995
-0.009591897018253803
-0.009575273841619492
-0.009558700025081635
-0.009542177431285381
-0.009525703266263008
-0.009509279392659664
-0.009492904879152775
-0.009476577863097191
-0.009460297413170338
-0.009444063529372215
-0.009427877143025398
-0.009411738254129887
-0.009395645000040531
-0.009379599243402481
-0.009363598190248013
-0.009347641840577126
-0.009331732988357544
-0.009315871633589268
-0.009300056844949722
-0.009284287691116333
-0.0092685641720891
-0.009252888150513172
-0.009237256832420826
-0.009221670217812061
-0.009206127375364304
-0.009190630167722702
-0.009175173938274384
-0.009159760549664497
-0.009144388139247894
-0.009129058569669724
-0.009113771840929985
-0.009098527953028679
-0.009083326905965805
-0.009068169631063938
-0.009053055197000504
-0.009037984535098076
-0.009022959508001804
-0.009007977321743965
-0.008993039838969707
-0.008978145197033882
-0.008963292464613914
-0.008948481641709805
-0.008933713659644127
-0.008918985724449158
-0.008904299698770046
-0.008889652788639069
-0.008875047788023949
-0.008860481902956963
-0.00884595513343811
-0.008831469342112541
-0.00881702546030283
-0.008802620694041252
-0.008788255043327808
-0.008773929439485073
-0.008759643882513046
-0.008745398372411728
-0.008731193840503693
-0.008717028424143791
-0.008702901192009449
-0.008688812144100666
-0.008674761280417442
-0.008660748600959778
-0.008646773174405098
-0.008632835932075977
-0.008618935011327267
-0.008605072274804115
-0.008591247722506523
-0.008577460423111916
-0.008563710376620293
-0.008549998514354229
-0.008536324836313725
-0.00852268747985363
-0.008509086444973946
-0.008495522662997246
-0.00848199799656868
-0.008468510583043098
-0.008455060422420502
-0.008441644720733166
-0.008428264409303665
-0.008414918556809425
-0.008401607163250446
-0.008388330228626728
-0.008375086821615696
-0.008361877873539925
-0.008348703384399414
-0.008335564285516739
-0.008322461508214474
-0.008309395052492619
-0.008296363055706024
-0.00828336738049984
-0.00827040895819664
-0.00825748685747385
-0.008244598284363747
-0.008231745101511478
-0.008218926377594471
-0.008206140249967575
-0.008193385787308216
-0.008180662989616394
-0.008167971856892109
-0.00815531425178051
-0.008142688311636448
-0.008130094967782497
-0.008117534220218658
-0.008105007000267506
-0.008092513307929039
-0.008080053143203259
-0.00806762557476759
-0.008055231533944607
-0.008042870089411736
-0.008030540309846401
-0.008018243126571178
-0.008005977608263493
-0.007993743754923344
-0.007981539703905582
-0.007969368249177933
-0.00795722845941782
-0.007945118471980095
-0.007933039218187332
-0.007920992560684681
-0.007908975705504417
-0.007896988652646542
-0.007885032333433628
-0.007873106747865677
-0.007861210033297539
-0.007849344052374363
-0.007837510667741299
-0.007825707085430622
-0.007813934236764908
-0.007802191656082869
-0.007790478877723217
-0.007778794970363379
-0.007767139934003353
-0.007755513302981853
-0.00774391507729888
-0.007732346188277006
-0.00772080710157752
-0.007709296885877848
-0.007697815541177988
-0.007686363533139229
-0.00767494086176157
-0.007663547992706299
-0.007652184460312128
-0.007640848867595196
-0.007629541680216789
-0.007618262898176908
-0.007607012521475554
-0.00759578961879015
-0.00758459372445941
-0.007573425304144621
-0.007562283426523209
-0.00755116855725646
-0.007540079765021801
-0.007529017981141806
-0.007517983205616474
-0.007506974507123232
-0.007495993282645941
-0.007485039997845888
-0.007474114652723074
-0.007463216781616211
-0.007452346384525299
-0.007441503461450338
-0.007430687081068754
-0.007419897243380547
-0.007409133017063141
-0.007398394867777824
-0.00738768232986331
-0.007376995403319597
-0.007366333622485399
-0.007355697453022003
-0.007345086894929409
-0.007334501482546329
-0.007323941215872765
-0.007313406560570002
-0.007302898447960615
-0.007292415015399456
-0.007281956728547812
-0.007271521724760532
-0.007261110004037619
-0.00725072156637907
-0.007240354549139738
-0.007230009883642197
-0.007219685707241297
-0.0072093834169209
-0.007199101615697145
-0.007188840769231319
-0.007178600877523422
-0.007168381940573454
-0.007158183958381414
-0.007148005999624729
-0.007137846667319536
-0.007127705030143261
-0.007117579691112041
-0.007107469253242016
-0.007097371388226748
-0.007087286561727524
-0.007077211979776621
-0.007067146711051464
-0.007057089358568192
-0.007047037594020367
-0.007036990020424128
-0.007026944309473038
-0.007016899064183235
-0.007006852421909571
-0.006996802054345608
-0.006986745167523623
-0.006976678036153316
-0.006966597400605679
-0.006956500001251698
-0.006946382112801075
-0.006936240009963512
-0.006926070433109999
-0.006915866862982512
-0.006905624642968178
-0.006895339582115412
-0.006885005626827478
-0.006874616723507643
-0.006864168215543032
-0.006853652652353048
-0.006843063980340958
-0.006832393817603588
-0.006821636110544205
-0.006810783408582211
-0.006799828261137009
-0.006788762286305428
-0.006777576170861721
-0.006766263395547867
-0.006754814181476831
-0.006743221078068018
-0.00673147477209568
-0.006719566415995359
-0.006707488093525171
-0.006695231888443232
-0.006682790350168943
-0.006670154631137848
-0.006657316815108061
-0.006644270848482847
-0.006631009746342897
-0.006617527455091476
-0.006603817921131849
-0.006589876022189856
-0.006575698032975197
-0.006561280693858862
-0.006546622607856989
-0.006531721446663141
-0.006516577675938606
-0.006501194555312395
-0.006485575810074806
-0.006469725631177425
-0.006453651934862137
-0.006437363568693399
-0.006420869845896959
-0.006404183804988861
-0.006387318018823862
-0.006370289251208305
-0.006353112868964672
-0.006335807964205742
-0.006318394094705582
-0.006300891749560833
-0.006283324677497149
-0.00626571848988533
-0.006248098332434893
-0.006230491679161787
-0.006212927401065826
-0.006195434834808111
-0.006178042385727167
-0.006160780787467957
-0.006143679842352867
-0.006126770749688148
-0.006110081914812326
-0.006093641743063927
-0.006077478174120188
-0.006061617750674486
-0.006046084221452475
-0.006030900869518518
-0.006016086786985397
-0.006001660134643316
-0.005987636279314756
-0.0059740268625319
-0.005960841663181782
-0.005948085803538561
-0.0059357606805861
-0.005923865363001823
-0.005912394262850285
-0.005901338532567024
-0.00589068653061986
-0.005880421493202448
-0.005870524793863297
-0.005860975477844477
-0.005851749330759048
-0.005842818878591061
-0.005834155716001987
-0.005825729109346867
-0.005817507393658161
-0.005809458438307047
-0.0058015501126647
-0.005793750286102295
-0.005786028690636158
-0.005778355989605188
-0.005770706105977297
-0.005763054825365543
-0.005755381658673286
-0.00574767030775547
-0.005739908665418625
-0.005732088349759579
-0.005724207032471895
-0.005716267973184586
-0.005708279553800821
-0.005700254812836647
-0.005692211911082268
-0.005684176925569773
-0.0056761777959764
-0.005668248515576124
-0.005660430062562227
-0.005652764812111855
-0.005645299330353737
-0.005638083443045616
-0.005631169304251671
-0.005624609533697367
-0.005618459079414606
-0.005612770095467567
-0.005607595667243004
-0.005602986551821232
-0.005598989315330982
-0.005595648195594549
-0.005593002773821354
-0.00559108704328537
-0.005589928478002548
-0.005589548498392105
-0.005589961539953947
-0.005591173656284809
-0.005593185313045979
-0.005595987662672997
-0.00559956394135952
-0.005603889934718609
-0.005608933512121439
-0.005614654161036015
-0.005621006712317467
-0.005627939477562904
-0.005635394249111414
-0.005643307697027922
-0.00565161369740963
-0.005660241469740868
-0.00566911930218339
-0.005678173154592514
-0.005687328986823559
-0.005696511827409267
-0.005705647636204958
-0.005714664701372385
-0.005723494105041027
-0.005732067860662937
-0.005740322638303041
-0.005748198833316565
-0.005755641497671604
-0.005762598942965269
-0.005769026931375265
-0.005774885881692171
-0.005780139937996864
-0.005784759763628244
-0.005788722075521946
-0.005792007781565189
-0.00579460384324193
-0.005796503741294146
-0.00579770328477025
-0.005798205733299255
-0.00579801807180047
-0.005797152407467365
-0.005795625504106283
-0.00579345878213644
-0.005790677852928638
-0.005787312984466553
-0.005783398170024157
-0.005778971128165722
-0.005774075631052256
-0.005768755916506052
-0.005763062741607428
-0.005757049191743135
-0.005750771146267653
-0.005744286812841892
-0.005737657193094492
-0.005730943288654089
-0.005724209360778332
-0.005717519670724869
-0.005710937082767487
-0.005704524461179972
-0.005698340944945812
-0.00569244334474206
-0.005686884745955467
-0.00568171264603734
-0.005676968954503536
-0.005672688130289316
-0.005668895784765482
-0.005665610078722239
-0.005662839394062757
-0.00566058186814189
-0.005658827256411314
-0.005657553672790527
-0.005656730849295855
-0.005656317342072725
-0.005656263791024685
-0.005656513851135969
-0.005657004192471504
-0.005657665431499481
-0.005658423993736506
-0.005659203976392746
-0.005659930873662233
-0.005660528782755136
-0.005660926457494497
-0.005661055911332369
-0.005660855211317539
-0.005660270806401968
-0.005659258458763361
-0.005657783709466457
-0.005655823275446892
-0.005653365515172482
-0.005650411359965801
-0.005646974314004183
-0.005643079988658428
-0.005638763308525085
-0.005634070839732885
-0.005629058461636305
-0.005623788107186556
-0.005618328228592873
-0.005612750537693501
-0.005607130005955696
-0.005601538810878992
-0.005596049595624208
-0.005590728018432856
-0.005585634615272284
-0.005580821540206671
-0.00557633163407445
-0.005572197493165731
-0.005568440537899733
-0.005565069615840912
-0.005562081933021545
-0.005559464450925589
-0.00555719155818224
-0.00555522833019495
-0.005553530994802713
-0.0055520492605865
-0.005550726782530546
-0.005549503490328789
-0.005548318848013878
-0.005547112785279751
-0.005545825697481632
-0.005544402170926332
-0.005542794708162546
-0.005540961865335703
-0.005538871511816978
-0.005536500830203295
-0.005533835384994745
-0.005530871450901031
-0.005527615081518888
-0.005524083040654659
-0.005520299077033997
-0.005516294855624437
-0.005512109957635403
-0.005507786758244038
-0.00550337228924036
-0.005498913116753101
-0.005494458135217428
-0.005490051582455635
-0.005485737230628729
-0.005481551866978407
-0.005477527156472206
-0.005473687313497066
-0.005470050033181906
-0.005466624163091183
-0.005463410168886185
-0.005460401996970177
-0.005457585211843252
-0.005454939790070057
-0.005452438723295927
-0.005450050812214613
-0.005447742994874716
-0.005445480346679688
-0.005443226546049118
-0.005440947134047747
-0.005438610445708036
-0.0054361866787076
-0.005433651152998209
-0.005430986173450947
-0.005428177304565907
-0.005425218492746353
-0.005422108341008425
-0.005418851971626282
-0.005415459629148245
-0.005411948077380657
-0.005408336874097586
-0.005404648371040821
-0.005400908645242453
-0.00539714377373457
-0.005393379833549261
-0.005389643367379904
-0.005385955795645714
-0.00538233807310462
-0.005378806497901678
-0.005375372245907784
-0.00537204323336482
-0.005368822254240513
-0.005365706514567137
-0.005362689960747957
-0.005359762348234653
-0.005356910172849894
-0.005354117136448622
-0.005351366009563208
-0.005348637700080872
-0.005345914512872696
-0.005343176890164614
-0.005340409930795431
-0.005337598733603954
-0.005334732122719288
-0.005331800319254398
-0.005328798666596413
-0.005325725302100182
-0.005322582088410854
-0.005319373216480017
-0.005316105671226978
-0.00531278969720006
-0.005309436935931444
-0.005306059960275888
-0.005302673205733299
-0.005299290176481009
-0.005295923445373774
-0.005292585119605064
-0.005289284978061914
-0.005286030936986208
-0.00528282904997468
-0.005279681645333767
-0.00527658686041832
-0.005273543763905764
-0.005270548164844513
-0.005267592146992683
-0.005264668259769678
-0.005261767655611038
-0.005258879624307156
-0.005255995318293571
-0.005253104493021965
-0.005250199697911739
-0.005247273482382298
-0.005244320258498192
-0.005241335369646549
-0.00523831881582737
-0.005235268734395504
-0.005232187453657389
-0.00522907730191946
-0.005225943401455879
-0.005222790874540806
-0.00521962670609355
-0.005216457881033421
-0.005213291849941015
-0.005210135132074356
-0.005206994246691465
-0.005203874781727791
-0.005200780462473631
-0.005197714082896709
-0.005194677039980888
-0.005191668402403593
-0.005188686307519674
-0.005185727495700121
-0.005182789172977209
-0.005179865285754204
-0.005176951177418232
-0.005174041725695133
-0.005171133205294609
-0.005168220959603786
-0.00516530079767108
-0.005162370856851339
-0.005159428343176842
-0.005156473722308874
-0.005153505131602287
-0.005150523968040943
-0.005147532559931278
-0.005144532304257154
-0.005141526460647583
-0.005138518754392862
-0.005135512445122004
-0.005132510326802731
-0.005129516590386629
-0.005126534029841423
-0.005123565439134836
-0.005120613146573305
-0.005117677617818117
-0.005114760249853134
-0.005111861042678356
-0.005108979530632496
-0.005106114316731691
-0.005103264003992081
-0.005100426729768515
-0.005097600631415844
-0.005094783380627632
-0.00509197311475873
-0.005089167971163988
-0.005086368415504694
-0.005083573050796986
-0.00508078234270215
-0.005077998153865337
-0.005075221415609121
-0.005072455387562513
-0.005069702863693237
-0.005066966637969017
-0.005064249504357576
-0.005061555188149214
-0.005058886483311653
-0.005056246649473906
-0.00505363941192627
-0.005051068495959044
-0.005048536229878664
-0.005046045873314142
-0.005043600685894489
-0.00504120159894228
-0.005038852337747812
-0.005036554764956236
-0.005034311674535275
-0.005032126791775227
-0.005030002910643816
-0.005027943290770054
-0.005025951657444239
-0.005024031735956669
-0.005022188648581505
-0.005020426586270332
-0.005018749739974737
-0.005017165560275316
-0.005015677772462368
-0.005014293827116489
-0.005013019312173128
-0.005011861212551594
-0.005010825581848621
-0.005009919870644808
-0.005009150132536888
-0.005008523818105459
-0.005008047446608543
-0.005007726140320301
-0.005007566418498755
-0.005007573403418064
-0.005007751286029816
-0.005008104722946882
-0.005008638370782137
-0.005009355489164591
-0.005010259337723255
-0.005011350847780704
-0.005012634210288525
-0.005014110822230577
-0.005015781614929438
-0.005017648916691542
-0.005019711796194315
-0.005021969322115183
-0.005024421028792858
-0.00502706365659833
-0.005029893014580011
-0.005032904446125031
-0.005036092363297939
-0.005039448849856853
-0.005042965058237314
-0.005046631675213575
-0.005050437990576029
-0.005054370034486055
-0.00505841663107276
-0.00506256241351366
-0.005066790152341127
-0.005071083549410105
-0.005075424443930387
-0.005079794675111771
-0.005084173288196325
-0.00508853979408741
-0.005092873238027096
-0.005097152199596167
-0.005101354792714119
-0.005105458665639162
-0.00510944239795208
-0.005113283637911081
-0.005116960965096951
-0.005120452493429184
-0.00512373773381114
-0.00512679573148489
-0.005129608791321516
-0.005132158286869526
-0.005134427919983864
-0.005136401392519474
-0.005138065665960312
-0.005139409098774195
-0.005140421446412802
-0.005141095258295536
-0.005141425412148237
-0.005141407251358032
-0.005141039844602346
-0.005140324123203754
-0.005139263812452555
-0.005137864034622908
-0.005136130843311548
-0.005134073551744223
-0.005131701938807964
-0.005129028111696243
-0.005126064643263817
-0.005122825503349304
-0.005119326990097761
-0.005115584004670382
-0.005111612845212221
-0.005107429809868336
-0.005103050731122494
-0.005098491907119751
-0.005093767307698727
-0.00508889090269804
-0.005083873867988586
-0.005078725051134825
-0.005073452368378639
-0.00506806094199419
-0.005062553100287914
-0.005056926980614662
-0.005051178857684135
-0.005045303609222174
-0.005039290990680456
-0.005033129826188087
-0.005026806145906448
-0.005020302254706621
-0.005013600457459688
-0.005006679799407721
-0.004999518860131502
-0.004992093425244093
-0.004984379280358553
-0.004976351745426655
-0.004967986606061459
-0.004959259647876024
-0.004950148519128561
-0.004940633196383715
-0.004930694587528706
-0.004920317325741053
-0.004909490700811148
-0.004898206330835819
-0.004886462353169918
-0.004874261096119881
-0.004861610941588879
-0.004848526325076818
-0.004835025407373905
-0.004821133334189653
-0.0048068817704916
-0.004792308434844017
-0.004777454305440187
-0.004762367345392704
-0.004747099708765745
-0.004731706809252501
-0.004716248717159033
-0.004700788762420416
-0.00468539260327816
-0.00467012682929635
-0.004655059892684221
-0.00464025791734457
-0.004625789355486631
-0.004611717537045479
-0.00459810346364975
-0.004585004411637783
-0.004572473932057619
-0.004560557659715414
-0.0045492984354496
-0.004538728389889002
-0.004528873600065708
-0.004519752226769924
-0.004511374048888683
-0.004503740463405848
-0.004496844485402107
-0.004490669816732407
-0.004485191777348518
-0.00448037963360548
-0.004476192872971296
-0.004472585860639811
-0.004469504579901695
-0.004466892220079899
-0.004464685451239347
-0.004462817218154669
-0.004461219068616629
-0.004459820222109556
-0.004458548501133919
-0.004457333125174046
-0.004456104710698128
-0.004454796202480793
-0.00445334380492568
-0.004451688379049301
-0.004449776373803616
-0.004447559360414743
-0.004444996360689402
-0.004442052450031042
-0.004438701085746288
-0.004434922244399786
-0.004430705215781927
-0.004426046274602413
-0.004420950077474117
-0.004415427800267935
-0.004409497603774071
-0.004403185565024614
-0.004396522883325815
-0.004389545880258083
-0.004382295068353415
-0.00437481515109539
-0.004367154091596603
-0.004359362181276083
-0.004351489245891571
-0.004343587439507246
-0.004335707519203424
-0.004327897913753986
-0.00432020565494895
-0.004312675911933184
-0.004305348731577396
-0.004298260435461998
-0.004291442222893238
-0.004284920170903206
-0.004278714768588543
-0.004272839054465294
-0.004267302341759205
-0.004262107424438
-0.004257249180227518
-0.004252718295902014
-0.004248498938977718
-0.004244570154696703
-0.004240905866026878
-0.004237475339323282
-0.004234245978295803
-0.004231180995702744
-0.004228242207318544
-0.004225388634949923
-0.004222579766064882
-0.004219775088131428
-0.004216934554278851
-0.004214020911604166
-0.004211000166833401
-0.00420784018933773
-0.004204513039439917
-0.004200995899736881
-0.004197271075099707
-0.004193325992673635
-0.004189152736216784
-0.004184750374406576
-0.004180124029517174
-0.004175284877419472
-0.004170247819274664
-0.004165034275501966
-0.004159669857472181
-0.00415418203920126
-0.004148603416979313
-0.004142967984080315
-0.004137310199439526
-0.004131666384637356
-0.004126071929931641
-0.004120559431612492
-0.004115160088986158
-0.004109901841729879
-0.004104807507246733
-0.004099895711988211
-0.004095180425792933
-0.004090670961886644
-0.004086371511220932
-0.00408227788284421
-0.004078383557498455
-0.004074674565345049
-0.004071134142577648
-0.004067739471793175
-0.004064465407282114
-0.004061283078044653
-0.004058164078742266
-0.004055076278746128
-0.004051987547427416
-0.004048869479447603
-0.00404569273814559
-0.004042431712150574
-0.004039065446704626
-0.004035576246678829
-0.004031949676573277
-0.004028178285807371
-0.004024258349090815
-0.004020193591713905
-0.004015990532934666
-0.004011662676930428
-0.004007225390523672
-0.004002699162811041
-0.003998107742518187
-0.003993474412709475
-0.003988825716078281
-0.003984187729656696
-0.003979586996138096
-0.003975047264248133
-0.003970589023083448
-0.003966231364756823
-0.003961988259106874
-0.003957869950681925
-0.003953883890062571
-0.003950030542910099
-0.003946307115256786
-0.00394270708784461
-0.003939218353480101
-0.003935826476663351
-0.003932513762265444
-0.003929261583834887
-0.003926047589629889
-0.003922851756215096
-0.003919653128832579
-0.003916431218385696
-0.003913168795406818
-0.003909849561750889
-0.003906461410224438
-0.003902995958924294
-0.003899447619915009
-0.00389581429772079
-0.003892097622156143
-0.003888303181156516
-0.003884439589455724
-0.003880518488585949
-0.003876552917063236
-0.00387255847454071
-0.00386855099350214
-0.003864547237753868
-0.003860563039779663
-0.003856614232063293
-0.003852713853120804
-0.003848873311653733
-0.003845101688057184
-0.003841404803097248
-0.003837785450741649
-0.003834243630990386
-0.003830776084214449
-0.003827376291155815
-0.003824036568403244
-0.003820746904239058
-0.003817495191469789
-0.003814269322901964
-0.003811056492850184
-0.003807844128459692
-0.003804621053859591
-0.003801376558840275
-0.003798102028667927
-0.003794790711253881
-0.003791438415646553
-0.003788042813539505
-0.003784603904932737
-0.00378112425096333
-0.003777607576921582
-0.003774060169234872
-0.00377048971131444
-0.003766904352232814
-0.003763312939554453
-0.00375972525216639
-0.003756150370463729
-0.00375259667634964
-0.00374907162040472
-0.003745581256225705
-0.003742130240425467
-0.003738721599802375
-0.003735356032848358
-0.003732033306732774
-0.003728750860318542
-0.003725504735484719
-0.00372229004278779
-0.00371910072863102
-0.003715929808095098
-0.003712770296260715
-0.003709615208208561
-0.003706458490341902
-0.003703294089064002
-0.003700117580592632
-0.003696924541145563
-0.003693712875247002
-0.003690481651574373
-0.003687230870127678
-0.003683961927890778
-0.003680677153170109
-0.003677380736917257
-0.003674076870083809
-0.003670769743621349
-0.003667464712634683
-0.003664166433736682
-0.003660879796370864
-0.003657608525827527
-0.003654356114566326
-0.003651125123724341
-0.003647917183116078
-0.003644733224064112
-0.003641572780907154
-0.003638434689491987
-0.003635317087173462
-0.003632217412814498
-0.003629132406786084
-0.003626058110967278
-0.00362299126572907
-0.003619927912950516
-0.003616865258663893
-0.003613800276070833
-0.003610730869695544
-0.003607654944062233
-0.003604571800678968
-0.003601481672376394
-0.003598385490477085
-0.003595283720642328
-0.00359217869117856
-0.003589072031900287
-0.0035859658382833
-0.003582862671464682
-0.003579764859750867
-0.003576674265787005
-0.003573592752218246
-0.003570522414520383
-0.003567464184015989
-0.00356441899202764
-0.003561386372894049
-0.003558366559445858
-0.003555358620360494
-0.003552362089976668
-0.00354937557131052
-0.003546397900208831
-0.003543427446857095
-0.003540462348610163
-0.003537501441314816
-0.00353454309515655
-0.00353158637881279
-0.003528629895299673
-0.003525673178955913
-0.003522715996950865
-0.003519758582115173
-0.003516801400110126
-0.003513845149427652
-0.003510890295729041
-0.00350793800316751
-0.003504989203065634
-0.003502045292407274
-0.003499107202515006
-0.00349617563188076
-0.003493251278996468
-0.003490334842354059
-0.003487426321953535
-0.003484526183456182
-0.003481634426862001
-0.003478750353679061
-0.003475873498246074
-0.003473003162071109
-0.003470138646662235
-0.003467279486358166
-0.003464424517005682
-0.00346157350577414
-0.003458725521340966
-0.00345588056370616
-0.003453038167208433
-0.0034501978661865
-0.003447359893471003
-0.003444524016231298
-0.003441690932959318
-0.003438860876485705
-0.003436034079641104
-0.003433211008086801
-0.00343039189465344
-0.003427577437832952
-0.003424767637625337
-0.003421962494030595
-0.003419162705540657
-0.00341636803932488
-0.00341357896104455
-0.003410795470699668
-0.003408017568290234
-0.003405245253816247
-0.003402478527277708
-0.003399716224521399
-0.003396959044039249
-0.003394206753000617
-0.00339145865291357
-0.003388714976608753
-0.003385975258424878
-0.003383238567039371
-0.00338050490245223
-0.003377774497494102
-0.00337504711933434
-0.003372322767972946
-0.003369601210579276
-0.003366882679983974
-0.003364167409017682
-0.003361455630511045
-0.003358747344464064
-0.00335604278370738
-0.003353342181071639
-0.003350645769387484
-0.003347954479977489
-0.00334526808001101
-0.003342586802318692
-0.003339910646900535
-0.003337239380925894
-0.003334572538733482
-0.003331910353153944
-0.003329252358525991
-0.003326598787680268
-0.003323948942124844
-0.003321302821859717
-0.003318660194054246
-0.003316021291539073
-0.003313385648652911
-0.003310753498226404
-0.003308124840259552
-0.003305499209091067
-0.003302877303212881
-0.003300258656963706
-0.003297643503174186
-0.003295032074674964
-0.003292424371466041
-0.003289820626378059
-0.003287220373749733
-0.003284624079242349
-0.003282031510025263
-0.003279443364590406
-0.003276859410107136
-0.003274279646575451
-0.003271704306825995
-0.003269132692366838
-0.003266565036028624
-0.003264001104980707
-0.003261439967900515
-0.003258882090449333
-0.003256327705457807
-0.003253776580095291
-0.003251228714361787
-0.00324868387542665
-0.003246142528951168
-0.003243604674935341
-0.003241069847717881
-0.003238538978621364
-0.003236011369153857
-0.003233487484976649
-0.003230967093259096
-0.003228449961170554
-0.003225936321541667
-0.003223426174372435
-0.003220919752493501
-0.003218416823074222
-0.00321591692045331
-0.003213420044630766
-0.003210926428437233
-0.003208436071872711
-0.003205948974937201
-0.003203465370461345
-0.0032009850256145
-0.003198508406057954
-0.003196035511791706
-0.003193566342815757
-0.00319110113196075
-0.003188640112057328
-0.003186183283105493
-0.003183730645105243
-0.003181281965225935
-0.003178837709128857
-0.00317639741115272
-0.003173961071297526
-0.003171528689563274
-0.00316909933462739
-0.003166673239320517
-0.003164249937981367
-0.003161828964948654
-0.003159410087391734
-0.003156993305310607
-0.003154578618705273
-0.003152165561914444
-0.003149754367768764
-0.003147345734760165
-0.003144939430058002
-0.003142536152154207
-0.003140135901048779
-0.003137738676741719
-0.003135345410555601
-0.003132956335321069
-0.003130571218207479
-0.003128189826384187
-0.003125812159851193
-0.003123438684269786
-0.003121068933978677
-0.003118702676147223
-0.003116339445114136
-0.003113979939371347
-0.003111623227596283
-0.00310926977545023
-0.003106919350102544
-0.003104571718722582
-0.003102227114140987
-0.003099885303527117
-0.00309754628688097
-0.003095210529863834
-0.003092877566814423
-0.003090547164902091
-0.003088219789788127
-0.003085895674303174
-0.003083574352785945
-0.003081256058067083
-0.003078940091654658
-0.003076627384871244
-0.003074317239224911
-0.003072010120376945
-0.00306970626115799
-0.003067405428737402
-0.003065107623115182
-0.003062813077121973
-0.003060521557927132
-0.003058233298361301
-0.003055948298424482
-0.003053667023777962
-0.003051388543099165
-0.003049113554880023
-0.003046841360628605
-0.003044571960344911
-0.003042304888367653
-0.003040040377527475
-0.003037778427824378
-0.003035518806427717
-0.003033261513337493
-0.003031006548553705
-0.003028754377737641
-0.003026505466550589
-0.003024259582161903
-0.003022016724571586
-0.003019777592271566
-0.003017542185261846
-0.003015310037881136
-0.003013081382960081
-0.003010856220498681
-0.003008634084835649
-0.00300641474314034
-0.003004198428243399
-0.003001985140144825
-0.002999774413183331
-0.002997566713020205
-0.002995360875502229
-0.002993157831951976
-0.002990956651046872
-0.002988757798448205
-0.002986561274155974
-0.002984366845339537
-0.002982174977660179
-0.002979984972625971
-0.002977797295898199
-0.00297561171464622
-0.002973427996039391
-0.002971246372908354
-0.002969067310914397
-0.002966890810057521
-0.002964716637507081
-0.002962545258924365
-0.002960376441478729
-0.002958210883662105
-0.002956048585474491
-0.002953889546915889
-0.002951734233647585
-0.002949582878500223
-0.002947434782981873
-0.00294529041275382
-0.002943149302154779
-0.002941011684015393
-0.002938877092674375
-0.002936744829639792
-0.002934614662081003
-0.002932487055659294
-0.002930361544713378
-0.002928237896412611
-0.002926116110756993
-0.002923995954915881
-0.002921877661719918
-0.002919761696830392
-0.002917648293077946
-0.002915537217631936
-0.002913428703323007
-0.002911323448643088
-0.002909221220761538
-0.002907122252508998
-0.002905025845393538
-0.002902932465076447
-0.002900842111557722
-0.002898754086345434
-0.002896668622270226
-0.002894585253670812
-0.00289250398054719
-0.002890424802899361
-0.002888347720727324
-0.002886272268369794
-0.0028841991443187
-0.002882128348574042
-0.002880060346797109
-0.002877994906157255
-0.002875932725146413
-0.002873873105272651
-0.002871817210689187
-0.002869764342904091
-0.002867714501917362
-0.002865667687729001
-0.002863623201847076
-0.002861581044271588
-0.002859541215002537
-0.002857503015547991
-0.002855466678738594
-0.002853432204574347
-0.002851399593055248
-0.002849368844181299
-0.002847339957952499
-0.002845313865691423
-0.00284328986890614
-0.002841268666088581
-0.002839250024408102
-0.00283723440952599
-0.002835221588611603
-0.002833211328834295
-0.002831203863024712
-0.002829198958352208
-0.002827196149155498
-0.00282519543543458
-0.002823197282850742
-0.002821200992912054
-0.002819206798449159
-0.002817214699462056
-0.002815224230289459
-0.002813235390931368
-0.002811248647049069
-0.002809263998642564
-0.002807281445711851
-0.002805300988256931
-0.002803322859108448
-0.002801346825435758
-0.002799372654408216
-0.002797400346025825
-0.002795430133119226
-0.002793462248519063
-0.002791496692225337
-0.002789533697068691
-0.002787573728710413
-0.002785616787150502
-0.002783662173897028
-0.002781710820272565
-0.002779762027785182
-0.00277781649492681
-0.00277587422169745
-0.002773934742435813
-0.002771997591480613
-0.002770063001662493
-0.002768130507320166
-0.002766199875622988
-0.002764270873740315
-0.002762343734502792
-0.002760417992249131
-0.002758493646979332
-0.002756571164354682
-0.002754650544375181
-0.002752732019871473
-0.002750815823674202
-0.002748901955783367
-0.002746990416198969
-0.002745082136243582
-0.002743176417425275
-0.002741273492574692
-0.002739372896030545
-0.002737474627792835
-0.002735577989369631
-0.002733683446422219
-0.002731790766119957
-0.0027298997156322
-0.002728010294958949
-0.002726122736930847
-0.002724237041547894
-0.002722352975979447
-0.002720470773056149
-0.002718590432778001
-0.002716711955145001
-0.002714835805818439
-0.002712961751967669
-0.002711090026423335
-0.002709220396354795
-0.002707352861762047
-0.002705487189814448
-0.002703623613342643
-0.002701761899515986
-0.002699902048334479
-0.002698044292628765
-0.002696188632398844
-0.002694335067644715
-0.002692484064027667
-0.002690635388717055
-0.002688789507374167
-0.002686945721507072
-0.002685104962438345
-0.002683266764506698
-0.002681430894881487
-0.002679597586393356
-0.002677766373381019
-0.002675937488675117
-0.002674110699445009
-0.002672286005690694
-0.002670462941750884
-0.002668641973286867
-0.002666822634637356
-0.00266500492580235
-0.00266318884678185
-0.002661374863237143
-0.002659562975168228
-0.002657752949744463
-0.002655944554135203
-0.002654137555509806
-0.002652332186698914
-0.002650528913363814
-0.002648727269843221
-0.002646927256137133
-0.00264512887224555
-0.002643332118168473
-0.002641536761075258
-0.002639743033796549
-0.002637951634824276
-0.002636162098497152
-0.002634374657645822
-0.002632589312270284
-0.002630806295201182
-0.002629025839269161
-0.002627247711643577
-0.00262547261081636
-0.002623699838295579
-0.002621929394081235
-0.002620161511003971
-0.0026183957234025
-0.002616631332784891
-0.002614868804812431
-0.002613108139485121
-0.002611348871141672
-0.002609590999782085
-0.002607834991067648
-0.002606080146506429
-0.002604327164590359
-0.002602576045319438
-0.002600826323032379
-0.00259907846339047
-0.002597332466393709
-0.002595588332042098
-0.002593845827504992
-0.002592105651274323
-0.002590367803350091
-0.002588632050901651
-0.002586898626759648
-0.002585167530924082
-0.002583438763394952
-0.002581712091341615
-0.002579987281933427
-0.002578263869509101
-0.002576542086899281
-0.002574822166934609
-0.002573103876784444
-0.002571386750787497
-0.002569671254605055
-0.002567957155406475
-0.002566244453191757
-0.002564533380791545
-0.002562823938205838
-0.002561116591095924
-0.00255941110663116
-0.002557707950472832
-0.002556006889790297
-0.002554307691752911
-0.002552610822021961
-0.002550916047766805
-0.002549223136156797
-0.002547532087191939
-0.002545843133702874
-0.002544156042858958
-0.002542470581829548
-0.002540786983445287
-0.002539105014875531
-0.002537424443289638
-0.002535745734348893
-0.002534068888053298
-0.002532393904402852
-0.002530720550566912
-0.002529048826545477
-0.002527378965169191
-0.002525710966438055
-0.002524044364690781
-0.002522379392758012
-0.002520716050639749
-0.002519054338335991
-0.002517394255846739
-0.002515736036002636
-0.002514079678803682
-0.002512424485757947
-0.002510771388188004
-0.002509119920432568
-0.002507470082491636
-0.002505822107195854
-0.002504175994545221
-0.00250253127887845
-0.002500887960195541
-0.002499246504157782
-0.002497606677934527
-0.002495968248695135
-0.002494331216439605
-0.002492695581167936
-0.002491061110049486
-0.002489428734406829
-0.002487798454239964
-0.002486170036718249
-0.002484543947502971
-0.002482920419424772
-0.002481298986822367
-0.002479680115357041
-0.002478063106536865
-0.002476448193192482
-0.002474834909662604
-0.002473223255947232
-0.002471612999215722
-0.002470003673806787
-0.002468395512551069
-0.00246678851544857
-0.002465182915329933
-0.002463578712195158
-0.002461976138874888
-0.002460375195369124
-0.002458775881677866
-0.002457178430631757
-0.002455582842230797
-0.002453989116474986
-0.002452397486194968
-0.002450807485729456
-0.002449219115078449
-0.002447632141411304
-0.002446046797558665
-0.002444463316351175
-0.002442881464958191
-0.002441301010549068
-0.002439722418785095
-0.002438145689666271
-0.002436570357531309
-0.002434996422380209
-0.002433424117043614
-0.002431853441521525
-0.002430284395813942
-0.002428716514259577
-0.002427150029689074
-0.002425585174933076
-0.002424021949991584
-0.002422460354864597
-0.002420899923890829
-0.002419340424239635
-0.002417782787233591
-0.002416226314380765
-0.002414671937003732
-0.00241311895661056
-0.002411568071693182
-0.002410019049420953
-0.002408471656963229
-0.002406925894320011
-0.002405382227152586
-0.00240384042263031
-0.002402300480753183
-0.002400762401521206
-0.002399226184934378
-0.002397691830992699
-0.002396158641204238
-0.002394626848399639
-0.002393096219748259
-0.002391566522419453
-0.002390037523582578
-0.002388509456068277
-0.002386982319876552
-0.002385455882176757
-0.002383930841460824
-0.002382407197728753
-0.002380884950980544
-0.002379364566877484
-0.002377846045419574
-0.002376329619437456
-0.002374815288931131
-0.002373303286731243
-0.002371793380007148
-0.002370285801589489
-0.002368780318647623
-0.002367276698350906
-0.002365774475038052
-0.002364273881539702
-0.002362774685025215
-0.002361276419833302
-0.002359779085963964
-0.002358282217755914
-0.002356786513701081
-0.002355291275307536
-0.002353797201067209
-0.002352304290980101
-0.002350813243538141
-0.002349323825910687
-0.002347836503759027
-0.002346351509913802
-0.002344868378713727
-0.002343387110158801
-0.002341907704249024
-0.002340429928153753
-0.002338953781872988
-0.00233747879974544
-0.002336004981771111
-0.002334531862288713
-0.002333059906959534
-0.002331588650122285
-0.002330118091776967
-0.002328648464754224
-0.002327179769054055
-0.002325712237507105
-0.00232424633577466
-0.002322781831026077
-0.002321319188922644
-0.002319858409464359
-0.002318399725481868
-0.002316943369805813
-0.002315488876774907
-0.002314036479219794
-0.002312585944309831
-0.00231113750487566
-0.002309691160917282
-0.00230824644677341
-0.002306802896782756
-0.00230536051094532
-0.002303919289261103
-0.00230247899889946
-0.002301039872691035
-0.002299601677805185
-0.002298164181411266
-0.002296728082001209
-0.002295293612405658
-0.002293859841302037
-0.002292427467182279
-0.002290996490046382
-0.002289566677063704
-0.002288138959556818
-0.002286712871864438
-0.002285288413986564
-0.002283865818753839
-0.002282444853335619
-0.002281025052070618
-0.002279606182128191
-0.002278188709169626
-0.002276772167533636
-0.002275356557220221
-0.00227394187822938
-0.002272528363391757
-0.002271115314215422
-0.002269702963531017
-0.002268292475491762
-0.002266883151605725
-0.002265475457534194
-0.002264069393277168
-0.002262664958834648
-0.002261262387037277
-0.002259861910715699
-0.002258462831377983
-0.002257065381854773
-0.002255669794976711
-0.002254275837913156
-0.002252883277833462
-0.002251491881906986
-0.002250101882964373
-0.002248712815344334
-0.002247324446216226
-0.002245937241241336
-0.002244550734758377
-0.002243165159597993
-0.002241781214252114
-0.00224039820022881
-0.002239016583189368
-0.002237636595964432
-0.002236258005723357
-0.002234880812466145
-0.002233505249023438
-0.002232131315395236
-0.002230758778750896
-0.002229387406259775
-0.002228017197921872
-0.002226648619398475
-0.002225281437858939
-0.002223915653303266
-0.002222550800070167
-0.00222118734382093
-0.002219825284555554
-0.002218464156612754
-0.002217104192823172
-0.002215745858848095
-0.00221438892185688
-0.002213033149018884
-0.002211678773164749
-0.002210325794294477
-0.002208973979577422
-0.00220762356184423
-0.002206274541094899
-0.002204926451668143
-0.002203579759225249
-0.002202234230935574
-0.002200890332460403
-0.002199547598138452
-0.002198206260800362
-0.002196866553276777
-0.002195528242737055
-0.002194191562011838
-0.002192855579778552
-0.002191520761698484
-0.002190187107771635
-0.002188854850828648
-0.002187523758038878
-0.002186193829402328
-0.002184864832088351
-0.00218353676609695
-0.002182209864258766
-0.002180884126573801
-0.002179559320211411
-0.002178234979510307
-0.002176911802962422
-0.002175589790567756
-0.002174268942326307
-0.002172949258238077
-0.002171630971133709
-0.002170314081013203
-0.002168998587876558
-0.002167684258893132
-0.002166371326893568
-0.002165059559047222
-0.002163749653846025
-0.002162441611289978
-0.002161135198548436
-0.002159830182790756
-0.002158527029678226
-0.0021572255063802
-0.002155925612896681
-0.00215462688356638
-0.002153329085558653
-0.002152032684534788
-0.002150737214833498
-0.002149442909285426
-0.002148149535059929
-0.00214685732498765
-0.002145566046237946
-0.002144275931641459
-0.002142987214028835
-0.002141699660569429
-0.002140413271263242
-0.002139128046110272
-0.002137843752279878
-0.002136560389772058
-0.002135277958586812
-0.002133996458724141
-0.002132715424522758
-0.002131435554474592
-0.002130156382918358
-0.002128877909854054
-0.002127600368112326
-0.002126323292031884
-0.002125047612935305
-0.0021237728651613
-0.002122499980032444
-0.00212122849188745
-0.002119958866387606
-0.002118690870702267
-0.002117424737662077
-0.002116160234436393
-0.002114896895363927
-0.00211363541893661
-0.002112374873831868
-0.002111115492880344
-0.002109857043251395
-0.002108599757775664
-0.002107343403622508
-0.002106087515130639
-0.002104833023622632
-0.002103579230606556
-0.002102326368913054
-0.002101074904203415
-0.002099824603646994
-0.002098575234413147
-0.002097327029332519
-0.002096079755574465
-0.002094833413138986
-0.002093588467687368
-0.002092344453558326
-0.002091101370751858
-0.002089858986437321
-0.002088617766276002
-0.002087377710267901
-0.002086138585582376
-0.002084900159388781
-0.002083663130179048
-0.002082427032291889
-0.002081192098557949
-0.002079959027469158
-0.002078727120533586
-0.002077496610581875
-0.002076267963275313
-0.002075040945783257
-0.00207381509244442
-0.002072590868920088
-0.002071368275210261
-0.00207014731131494
-0.002068927977234125
-0.002067710272967815
-0.002066493965685368
-0.002065278589725494
-0.002064064145088196
-0.002062850631773472
-0.002061637816950679
-0.002060425467789173
-0.002059213351458311
-0.002058001700788736
-0.002056790748611093
-0.002055580262094736
-0.002054370241239667
-0.002053160686045885
-0.002051952295005322
-0.002050745068117976
-0.002049538772553205
-0.002048333408311009
-0.002047129208222032
-0.002045925939455628
-0.002044723834842443
-0.00204352312721312
-0.002042323816567659
-0.00204112590290606
-0.002039929386228323
-0.00203873380087316
-0.002037539379671216
-0.002036346355453134
-0.002035154495388269
-0.00203396356664598
-0.002032773569226265
-0.002031584037467837
-0.002030395437031984
-0.00202920800074935
-0.002028021030128002
-0.002026834525167942
-0.0020256491843611
-0.002024465007707477
-0.002023281995207071
-0.002022100379690528
-0.002020919928327203
-0.00201974087394774
-0.002018563216552138
-0.002017387188971043
-0.002016212558373809
-0.002015039324760437
-0.002013866789638996
-0.002012695418670774
-0.002011524746194482
-0.002010355005040765
-0.002009186195209622
-0.002008018316701055
-0.002006851369515061
-0.002005685353651643
-0.002004520269110799
-0.002003356115892529
-0.002002193126827478
-0.002001031534746289
-0.001999871339648962
-0.00199871277436614
-0.001997555140405893
-0.001996398670598865
-0.001995243597775698
-0.001994089456275105
-0.001992936246097088
-0.001991784200072289
-0.001990633318200707
-0.001989483600482345
-0.001988334814086556
-0.001987187191843987
-0.001986040733754635
-0.001984895206987858
-0.001983750611543655
-0.001982606947422028
-0.001981464214622974
-0.001980322413146496
-0.001979181310161948
-0.001978040672838688
-0.001976900501176715
-0.001975761028006673
-0.001974622253328562
-0.001973483944311738
-0.001972346100956202
-0.001971208956092596
-0.001970072975382209
-0.00196893815882504
-0.001967804506421089
-0.001966672251001
-0.00196554115973413
-0.001964410999789834
-0.0019632822368294
-0.001962154638022184
-0.001961028203368187
-0.001959902932867408
-0.001958778128027916
-0.001957654720172286
-0.001956531777977943
-0.001955410232767463
-0.001954289153218269
-0.001953169470652938
-0.001952050719410181
-0.001950933132320642
-0.001949816709384322
-0.001948701334185898
-0.001947587006725371
-0.00194647372700274
-0.001945361378602684
-0.001944250077940524
-0.001943139475770295
-0.001942029455676675
-0.001940920250490308
-0.001939811976626515
-0.001938704517669976
-0.001937597757205367
-0.001936492160893977
-0.001935387728735805
-0.001934284460730851
-0.001933182473294437
-0.001932081766426563
-0.001930982223711908
-0.001929883728735149
-0.001928786281496286
-0.00192768988199532
-0.001926594297401607
-0.001925499411299825
-0.001924405223689973
-0.001923311501741409
-0.001922218478284776
-0.001921126153320074
-0.001920034526847303
-0.001918943482451141
-0.001917853020131588
-0.001916763256303966
-0.001915674307383597
-0.001914586406201124
-0.001913499319925904
-0.001912413281388581
-0.001911328639835119
-0.001910245046019554
-0.001909162383526564
-0.001908081234432757
-0.001907001133076847
-0.00190592254512012
-0.00190484500490129
-0.001903768396005034
-0.001902693184092641
-0.001901618903502822
-0.001900545554235578
-0.001899473369121552
-0.001898402231745422
-0.001897332142107189
-0.001896262867376208
-0.001895194407552481
-0.001894126529805362
-0.001893059466965497
-0.00189199298620224
-0.001890927087515593
-0.001889861654490232
-0.00188879668712616
-0.001887732301838696
-0.00188666838221252
-0.001885605161078274
-0.001884542754851282
-0.001883481163531542
-0.001882420387119055
-0.001881360658444464
-0.001880302093923092
-0.001879244460724294
-0.001878188108094037
-0.001877133036032319
-0.00187607912812382
-0.001875026500783861
-0.00187397503759712
-0.001872924738563597
-0.001871875603683293
-0.001870827632956207
-0.001869780593551695
-0.00186873460188508
-0.001867689308710396
-0.001866644946858287
-0.001865601516328752
-0.00186455890070647
-0.001863517099991441
-0.001862476230598986
-0.001861436292529106
-0.001860397169366479
-0.001859358744695783
-0.001858321018517017
-0.001857284223660827
-0.001856248360127211
-0.001855213427916169
-0.001854179310612381
-0.001853145775385201
-0.001852112822234631
-0.001851080334745347
-0.001850048662163317
-0.001849017688073218
-0.001847987296059728
-0.00184695771895349
-0.001845928840339184
-0.00184490077663213
-0.001843873760662973
-0.001842847908847034
-0.001841823221184313
-0.001840799930505455
-0.001839777920395136
-0.001838757074438035
-0.001837737392634153
-0.001836718991398811
-0.001835701754316688
-0.001834685215726495
-0.001833669259212911
-0.001832653535529971
-0.001831637811847031
-0.001830622320994735
-0.001829606830142438
-0.001828591455705464
-0.001827576314099133
-0.001826561638154089
-0.00182554719503969
-0.001824533334001899
-0.001823520404286683
-0.001822508405894041
-0.00182149768806994
-0.0018204883672297
-0.001819480443373322
-0.001818474032916129
-0.001817469135858119
-0.001816465402953327
-0.001815462834201753
-0.001814461429603398
-0.001813461072742939
-0.001812461647205055
-0.001811463152989745
-0.001810465357266366
-0.001809468376450241
-0.001808472326956689
-0.001807476975955069
-0.001806482556276023
-0.001805488718673587
-0.001804495463147759
-0.001803503022529185
-0.001802511047571898
-0.001801519538275898
-0.001800528727471828
-0.001799538382329047
-0.001798548735678196
-0.001797559671103954
-0.001796571305021644
-0.001795583753846586
-0.001794597133994102
-0.001793611329048872
-0.00179262668825686
-0.001791643328033388
-0.001790661131963134
-0.00178968021646142
-0.001788700465112925
-0.001787721877917647
-0.001786744454875588
-0.001785767963156104
-0.001784792286343873
-0.001783817308023572
-0.001782842911779881
-0.001781868864782155
-0.001780895050615072
-0.001779921469278634
-0.00177894823718816
-0.001777975237928331
-0.001777002471499145
-0.001776030287146568
-0.001775058684870601
-0.001774087664671242
-0.00177311769220978
-0.001772148651070893
-0.001771180774085224
-0.001770213944837451
-0.001769248279742897
-0.001768284128047526
-0.001767321256920695
-0.001766359782777727
-0.001765399938449264
-0.001764441374689341
-0.001763483975082636
-0.001762527506798506
-0.001761572319082916
-0.001760617829859257
-0.001759664039127529
-0.001758710946887732
-0.001757758320309222
-0.001756805810146034
-0.001755853416398168
-0.001754901139065623
-0.001753948745317757
-0.001752996467985213
-0.001752044074237347
-0.001751091913320124
-0.001750139985233545
-0.001749188522808254
-0.00174823752604425
-0.001747287111356854
-0.001746337744407356
-0.001745389541611075
-0.001744442502968013
-0.001743496977724135
-0.001742552849464118
-0.001741610234603286
-0.001740669249556959
-0.001739729894325137
-0.001738791936077178
-0.00173785537481308
-0.001736919628456235
-0.001735984580591321
-0.001735050231218338
-0.001734116231091321
-0.001733182580210268
-0.001732249045744538
-0.00173131562769413
-0.0017303820932284
-0.00172944855876267
-0.001728515257127583
-0.001727582304738462
-0.001726649701595306
-0.001725717564113438
-0.001724786241538823
-0.001723855617456138
-0.00172292604111135
-0.00172199762891978
-0.001721070264466107
-0.001720144064165652
-0.001719219144433737
-0.00171829538885504
-0.001717372797429562
-0.001716451137326658
-0.00171553052496165
-0.001714610727503896
-0.001713691861368716
-0.001712773810140789
-0.001711856224574149
-0.001710939221084118
-0.001710022683255374
-0.001709106611087918
-0.001708191004581749
-0.00170727598015219
-0.001706361537799239
-0.001705447561107576
-0.001704534282907844
-0.001703621936030686
-0.001702710171230137
-0.001701799221336842
-0.001700889319181442
-0.001699980231933296
-0.001699071959592402
-0.001698164618574083
-0.001697258092463017
-0.001696352381259203
-0.001695447484962642
-0.001694543287158012
-0.001693639787845314
-0.001692736987024546
-0.001691834768280387
-0.001690933131612837
-0.001690032193437219
-0.001689132070168853
-0.001688232878223062
-0.001687334384769201
-0.001686436822637916
-0.001685540075413883
-0.001684644375927746
-0.001683749374933541
-0.001682855188846588
-0.00168196193408221
-0.001681069261394441
-0.001680177403613925
-0.001679286011494696
-0.001678395201452076
-0.001677504740655422
-0.001676614861935377
-0.001675724983215332
-0.001674835570156574
-0.00167394638992846
-0.001673057558946311
-0.001672169426456094
-0.001671281759627163
-0.001670394791290164
-0.001669508637860417
-0.001668623299337924
-0.001667738659307361
-0.001666854717768729
-0.00166597159113735
-0.001665089279413223
-0.001664207899011672
-0.001663327333517373
-0.001662447582930326
-0.001661568530835211
-0.001660690177232027
-0.001659812638536096
-0.001658935914747417
-0.001658060005865991
-0.001657184795476496
-0.001656310516409576
-0.001655436935834587
-0.001654564519412816
-0.001653692917898297
-0.00165282201487571
-0.001651951693929732
-0.001651082187891006
-0.001650213380344212
-0.001649345038458705
-0.001648477162234485
-0.001647609868086874
-0.001646743039600551
-0.001645876676775515
-0.001645010779611766
-0.001644145231693983
-0.001643280265852809
-0.001642415882088244
-0.001641552313230932
-0.001640689442865551
-0.001639827387407422
-0.001638966263271868
-0.001638105954043567
-0.001637246343307197
-0.001636387663893402
-0.001635529682971537
-0.001634672284126282
-0.001633815583772957
-0.001632959465496242
-0.001632103696465492
-0.00163124839309603
-0.001630393438972533
-0.001629538950510323
-0.001628685044124722
-0.001627831836231053
-0.001626979326829314
-0.001626127515919507
-0.00162527640350163
-0.00162442633882165
-0.001623576856218278
-0.001622728304937482
-0.001621880568563938
-0.001621033297851682
-0.001620186609216034
-0.001619340619072318
-0.001618495211005211
-0.001617650501430035
-0.001616806606762111
-0.001615963410586119
-0.001615121029317379
-0.001614279462955892
-0.001613438711501658
-0.001612598658539355
-0.001611759536899626
-0.001610920997336507
-0.001610083389095962
-0.001609246246516705
-0.001608409569598734
-0.001607573474757373
-0.0016067378455773
-0.001605902565643191
-0.00160506775137037
-0.001604233286343515
-0.001603399286977947
-0.001602565636858344
-0.001601732335984707
-0.001600899500772357
-0.001600067364051938
-0.001599236042238772
-0.001598405302502215
-0.001597575377672911
-0.001596746034920216
-0.001595917623490095
-0.001595089794136584
-0.001594262896105647
-0.001593436812981963
-0.001592611544765532
-0.001591787091456354
-0.001590963453054428
-0.001590140629559755
-0.001589318737387657
-0.00158849754370749
-0.001587677048519254
-0.001586857484653592
-0.001586038619279861
-0.001585220452398062
-0.001584402751177549
-0.001583585748448968
-0.001582769327796996
-0.001581953256390989
-0.001581137417815626
-0.001580321695655584
-0.001579506206326187
-0.001578690949827433
-0.001577876275405288
-0.001577061833813787
-0.001576247741468251
-0.00157543399836868
-0.001574620953761041
-0.001573808491230011
-0.00157299661077559
-0.001572185312397778
-0.001571374828927219
-0.001570565276779234
-0.001569756539538503
-0.001568948966450989
-0.00156814232468605
-0.001567336614243686
-0.001566531951539218
-0.001565728220157325
-0.001564925420098007
-0.001564123551361263
-0.001563322497531772
-0.00156252202577889
-0.001561722136102617
-0.001560922828502953
-0.001560123753733933
-0.001559324795380235
-0.001558525953441858
-0.001557727111503482
-0.001556928618811071
-0.001556130242533982
-0.001555332099087536
-0.001554534304887056
-0.001553736976347864
-0.001552940346300602
-0.001552144414745271
-0.001551349181681871
-0.001550554647110403
-0.001549760694615543
-0.00154896778985858
-0.001548175700008869
-0.001547384541481733
-0.001546594314277172
-0.001545805018395185
-0.00154501642100513
-0.001544228522107005
-0.001543441438116133
-0.00154265493620187
-0.001541869132779539
-0.001541083795018494
-0.001540298922918737
-0.001539514516480267
-0.001538730575703084
-0.001537946984171867
-0.001537163625471294
-0.001536380616016686
-0.001535597955808043
-0.001534815644845366
-0.001534033915959299
-0.001533252652734518
-0.001532472088001668
-0.001531692105345428
-0.001530912704765797
-0.001530134002678096
-0.001529355999082327
-0.001528578461147845
-0.00152780138887465
-0.001527025131508708
-0.001526249339804053
-0.00152547424659133
-0.001524699735455215
-0.001523925573565066
-0.001523151877336204
-0.001522378879599273
-0.001521606580354273
-0.001520835096016526
-0.001520064426586032
-0.001519294222816825
-0.001518524950370193
-0.001517756492830813
-0.001516988850198686
-0.001516221789643168
-0.001515455427579582
-0.001514689647592604
-0.001513924449682236
-0.001513159601017833
-0.001512395218014717
-0.001511631300672889
-0.00151086796540767
-0.001510105212219059
-0.001509343041107059
-0.001508581452071667
-0.001507820561528206
-0.001507060253061354
-0.001506300643086433
-0.001505541615188122
-0.001504783402197063
-0.001504025771282613
-0.001503268838860095
-0.001502512488514185
-0.001501756720244884
-0.001501001184806228
-0.001500246115028858
-0.001499491394497454
-0.001498736906796694
-0.001497982768341899
-0.00149722897913307
-0.001496475539170206
-0.001495722681283951
-0.001494970289058983
-0.001494218246079981
-0.001493467018008232
-0.001492716488428414
-0.001491966540925205
-0.00149121752474457
-0.001490468974225223
-0.001489721005782485
-0.001488973619416356
-0.001488226698711514
-0.00148748024366796
-0.001486734137870371
-0.001485988148488104
-0.001485242275521159
-0.001484496518969536
-0.001483750995248556
-0.001483006053604186
-0.001482261228375137
-0.001481517218053341
-0.001480773673392832
-0.00148003117647022
-0.001479289610870183
-0.001478549093008041
-0.001477809390053153
-0.001477070967666805
-0.001476333476603031
-0.00147559680044651
-0.001474860706366599
-0.001474125194363296
-0.001473390031605959
-0.001472654868848622
-0.001471919706091285
-0.001471184310503304
-0.001470448914915323
-0.001469713286496699
-0.001468977308832109
-0.001468241447582841
-0.001467505702748895
-0.001466769957914948
-0.001466034562326968
-0.001465299399569631
-0.001464564586058259
-0.001463829888962209
-0.001463095191866159
-0.00146236049477011
-0.001461625681258738
-0.001460890518501401
-0.001460154657252133
-0.001459418097510934
-0.001458680373616517
-0.001457941485568881
-0.001457201200537384
-0.001456459285691381
-0.001455715391784906
-0.001454969285987318
-0.001454220851883292
-0.001453469973057508
-0.001452716416679323
-0.001451959600672126
-0.001451199408620596
-0.001450435374863446
-0.001449667033739388
-0.001448893686756492
-0.001448114868253469
-0.00144732987973839
-0.001446538139134645
-0.001445738831534982
-0.001444930909201503
-0.001444113557226956
-0.001443285727873445
-0.001442446373403072
-0.001441594096831977
-0.001440727617591619
-0.001439845655113459
-0.001438947161659598
-0.001438030041754246
-0.001437092898413539
-0.001436133752577007
-0.001435151090845466
-0.001434142817743123
-0.001433106721378863
-0.00143204047344625
-0.001430941396392882
-0.001429807045497
-0.001428634393960238
-0.001427420298568904
-0.001426161383278668
-0.001424854272045195
-0.001423494657501578
-0.001422078814357519
-0.001420602668076754
-0.001419061329215765
-0.001417450257577002
-0.001415764796547592
-0.001413999707438052
-0.001412149635143578
-0.001410209224559367
-0.001408172422088683
-0.001406033523380756
-0.001403786242008209
-0.001401424175128341
-0.001398940803483129
-0.001396329374983907
-0.001393582904711366
-0.001390693942084908
-0.001387655385769904
-0.001384459785185754
-0.00138109945692122
-0.001377566601149738
-0.00137385365087539
-0.001369952689856291
-0.001365855569019914
-0.001361554721370339
-0.001357042579911649
-0.001352311228401959
-0.001347353449091315
-0.001342162024229765
-0.001336729968897998
-0.001331050996668637
-0.001325118588283658
-0.001318927155807614
-0.001312471460551023
-0.001305746845901012
-0.001298749353736639
-0.001291475375182927
-0.001283922698348761
-0.001276089693419635
-0.00126797566190362
-0.001259580836631358
-0.001250906614586711
-0.001241955207660794
-0.001232730224728584
-0.001223236788064241
-0.001213480834849179
-0.001203469466418028
-0.001193211646750569
-0.001182717154733837
-0.001171997515484691
-0.001161065301857889
-0.001149934832938015
-0.001138621242716908
-0.001127141527831554
-0.001115513849072158
-0.001103757880628109
-0.001091894111596048
-0.001079944660887122
-0.001067932695150375
-0.001055882195942104
-0.001043818425387144
-0.001031767576932907
-0.001019756193272769
-0.001007811282761395
-0.0009959606686607003
-0.0009842324070632458
-0.0009726544958539307
-0.0009612545254640281
-0.0009500600281171501
-0.0009390978957526386
-0.0009283944382332265
-0.0009179748012684286
-0.0009078631410375237
-0.0008980820421129465
-0.0008886525756679475
-0.0008795939502306283
-0.0008709235116839409
-0.0008626562193967402
-0.0008548047044314444
-0.0008473788620904088
-0.0008403862593695521
-0.0008338313200511038
-0.0008277157321572304
-0.000822037982288748
-0.0008167935884557664
-0.0008119749836623669
-0.0008075715741142631
-0.0008035696228034794
-0.0007999523659236729
-0.0007967001874931157
-0.0007937907939776778
-0.0007911990978755057
-0.000788897683378309
-0.0007868572138249874
-0.0007850461988709867
-0.0007834311691112816
-0.0007819776656106114
-0.000780650123488158
-0.0007794122211635113
-0.0007782275206409395
-0.0007770595257170498
-0.0007758722640573978
-0.0007746309274807572
-0.0007733019883744419
-0.0007718535489402711
-0.0007702558650635183
-0.0007684818701818585
-0.0007665071170777082
-0.0007643104763701558
-0.0007618744275532663
-0.0007591849425807595
-0.0007562321843579412
-0.0007530102739110589
-0.0007495177560485899
-0.0007457576575689018
-0.0007417370798066258
-0.0007374676060862839
-0.000732965359929949
-0.0007282504811882973
-0.0007233470096252859
-0.0007182828849181533
-0.000713089422788471
-0.0007078011403791606
-0.0007024551159702241
-0.0006970908143557608
-0.0006917495047673583
-0.0006864736787974834
-0.0006813069339841604
-0.0006762930424883962
-0.000671475485432893
-0.0006668969290331006
-0.0006625987007282674
-0.0006586204981431365
-0.0006549996323883533
-0.0006517707370221615
-0.0006489653023891151
-0.0006466110935434699
-0.0006447323830798268
-0.0006433490198105574
-0.0006424769526347518
-0.0006421276484616101
-0.0006423078593797982
-0.0006430204957723618
-0.0006442636949941516
-0.0006460316944867373
-0.0006483147735707462
-0.0006510997773148119
-0.0006543699419125915
-0.0006581058842130005
-0.0006622856599278748
-0.0006668855785392225
-0.0006718802615068853
-0.0006772438064217567
-0.0006829495541751385
-0.0006889710784889758
-0.0006952821859158576
-0.0007018581964075565
-0.0007086754776537418
-0.0007157124928198755
-0.000722949393093586
-0.0007303691818378866
-0.0007379569578915834
-0.0007457005558535457
-0.0007535906042903662
-0.0007616202929057181
-0.0007697854307480156
-0.000778083922341466
-0.0007865157094784081
-0.0007950825383886695
-0.0008037874358706176
-0.0008126342436298728
-0.0008216272108256817
-0.0008307702955789864
-0.0008400671067647636
-0.0008495196816511452
-0.0008591282530687749
-0.0008688908419571817
-0.0008788026170805097
-0.0008888557204045355
-0.0008990386268123984
-0.0009093358530662954
-0.0009197277249768376
-0.0009301905520260334
-0.0009406963945366442
-0.0009512127726338804
-0.0009617038303986192
-0.000972129637375474
-0.0009824472945183516
-0.0009926109341904521
-0.001002572476863861
-0.00101228232961148
-0.001021690433844924
-0.001030746498145163
-0.001039401162415743
-0.001047606812790036
-0.001055318047292531
-0.001062493305653334
-0.00106909463647753
-0.001075089792720973
-0.001080451300367713
-0.001085158437490463
-0.001089197001419961
-0.001092560240067542
-0.001095248735509813
-0.00109727110248059
-0.001098643173463643
-0.001099389046430588
-0.001099539920687675
-0.001099134562537074
-0.001098218141123652
-0.001096841762773693
-0.001095062354579568
-0.001092941151000559
-0.001090542995370924
-0.001087935408577323
-0.001085187890566885
-0.001082370290532708
-0.001079552341252565
-0.001076801912859082
-0.001074184780009091
-0.001071762992069125
-0.001069594174623489
-0.001067731180228293
-0.001066220458596945
-0.001065102289430797
-0.001064409618265927
-0.001064168056473136
-0.001064395997673273
-0.001065103337168694
-0.001066292752511799
-0.00106795912142843
-0.001070089871063828
-0.001072666025720537
-0.001075661624781787
-0.001079045352526009
-0.001082780538126826
-0.001086826086975634
-0.001091137412004173
-0.001095666899345815
-0.001100365305319428
-0.001105181523598731
-0.001110065029934049
-0.001114965067245066
-0.00111983239185065
-0.001124619506299496
-0.001129281707108021
-0.001133777317591012
-0.001138068386353552
-0.001142121036536992
-0.001145905931480229
-0.001149398740381002
-0.001152579439803958
-0.001155433943495154
-0.001157952821813524
-0.001160131767392159
-0.001161971711553633
-0.001163478358648717
-0.001164662186056376
-0.001165537745691836
-0.001166123896837234
-0.00116644287481904
-0.001166520291008055
-0.001166384550742805
-0.001166066387668252
-0.00116559851448983
-0.001165014691650867
-0.00116434961091727
-0.001163638313300908
-0.001162916072644293
-0.001162216882221401
-0.001161573920398951
-0.001161018735729158
-0.001160580548457801
-0.001160286483354867
-0.001160160172730684
-0.001160222571343184
-0.001160490326583385
-0.001160976942628622
-0.001161691383458674
-0.001162638072855771
-0.001163817476481199
-0.001165225054137409
-0.001166852656751871
-0.001168687245808542
-0.001170711941085756
-0.001172905787825584
-0.001175244804471731
-0.001177701749838889
-0.001180247054435313
-0.001182849169708788
-0.001185475732199848
-0.001188093330711126
-0.001190669019706547
-0.001193170784972608
-0.001195568009279668
-0.00119783217087388
-0.001199938007630408
-0.001201863749884069
-0.001203591469675303
-0.00120510789565742
-0.001206403831019998
-0.001207475666888058
-0.001208324683830142
-0.001208956819027662
-0.001209383248351514
-0.001209619804285467
-0.00120968627743423
-0.001209606416523457
-0.001209407346323133
-0.001209118170663714
-0.00120876997243613
-0.001208395115099847
-0.001208025380037725
-0.0012076924322173
-0.001207426190376282
-0.001207253895699978
-0.001207199995405972
-0.001207285211421549
-0.001207525841891766
-0.001207933644764125
-0.001208515372127295
-0.001209272770211101
-0.001210202230140567
-0.001211295020766556
-0.001212538219988346
-0.001213914481922984
-0.001215402851812541
-0.001216979115270078
-0.001218616962432861
-0.001220288453623652
-0.001221965067088604
-0.00122361839748919
-0.001225220737978816
-0.001226746710017323
-0.00122817256487906
-0.001229478628374636
-0.001230648369528353
-0.001231669681146741
-0.001232534763403237
-0.00123324035666883
-0.001233787857927382
-0.001234183320775628
-0.001234437106177211
-0.001234563766047359
-0.001234580995514989
-0.001234509749338031
-0.001234372728504241
-0.00123419426381588
-0.00123399926815182
-0.001233812887221575
-0.00123365898616612
-0.001233559916727245
-0.001233535935170949
-0.001233604620210826
-0.001233780174516141
-0.00123407319188118
-0.001234490657225251
-0.001235035364516079
-0.00123570638243109
-0.001236499170772731
-0.001237405813299119
-0.001238415250554681
-0.001239514444023371
-0.001240687910467386
-0.001241919002495706
-0.001243190723471344
-0.001244485727511346
-0.001245787483640015
-0.001247080857865512
-0.001248352229595184
-0.001249590539373457
-0.001250787056051195
-0.001251935842446983
-0.001253034803085029
-0.001254084054380655
-0.001255087205208838
-0.001256050425581634
-0.001256982679478824
-0.001257895375601947
-0.00125880166888237
-0.001259715878404677
-0.001260653370991349
-0.001261629513464868
-0.001262659556232393
-0.001263758167624474
-0.001264938735403121
-0.001266213366761804
-0.0012675920734182
-0.001269082305952907
-0.001270689419470727
-0.001272416207939386
-0.001274263020604849
-0.001276227878406644
-0.001278306590393186
-0.001280493219383061
-0.001282779849134386
-0.001285157748498023
-0.001287616905756295
-0.001290147192776203
-0.001292738481424749
-0.001295381225645542
-0.001298066461458802
-0.001300786971114576
-0.001303536701016128
-0.001306311693042517
-0.001309110433794558
-0.001311933156102896
-0.001314782770350575
-0.001317664165981114
-0.001320584327913821
-0.001323552336543798
-0.001326579251326621
-0.001329677295871079
-0.001332859974354506
-0.001336141838692129
-0.001339537790045142
-0.00134306272957474
-0.001346731558442116
-0.001350558712147176
-0.001354557694867253
-0.001358741079457104
-0.001363120041787624
-0.001367704477161169
-0.001372503233142197
-0.00137752341106534
-0.001382770831696689
-0.001388249918818474
-0.00139396358281374
-0.001399913802742958
-0.001406101393513381
-0.001412526937201619
-0.001419189502485096
-0.001426087925210595
-0.001433220808394253
-0.0014405861729756
-0.001448181574232876
-0.001456004218198359
-0.001464051194489002
-0.001472318777814507
-0.001480803126469254
-0.001489499467425048
-0.001498402329161763
-0.001507505192421377
-0.001516800606623292
-0.001526279258541763
-0.001535930321551859
-0.00154574157204479
-0.001555698690935969
-0.001565785729326308
-0.001575984060764313
-0.001586273545399308
-0.001596631482243538
-0.001607033773325384
-0.001617453992366791
-0.001627864199690521
-0.001638235058635473
-0.001648535951972008
-0.001658735680393875
-0.001668802229687572
-0.001678703585639596
-0.001688408432528377
-0.001697885687462986
-0.00170710519887507
-0.001716038328595459
-0.001724658533930779
-0.001732940785586834
-0.001740862615406513
-0.001748404232785106
-0.001755548408254981
-0.001762280706316233
-0.001768589951097965
-0.001774467877112329
-0.00177990912925452
-0.001784911844879389
-0.001789477304555476
-0.001793609349988401
-0.001797315082512796
-0.001800604164600372
-0.0018034887034446
-0.001805983600206673
-0.001808105851523578
-0.001809873967431486
-0.001811309019103646
-0.001812433474697173
-0.001813271199353039
-0.001813847338780761
-0.001814188435673714
-0.001814321149140596
-0.001814273186028004
-0.001814073300920427
-0.001813749317079782
-0.001813329989090562
-0.001812843373045325
-0.001812317525036633
-0.001811779453419149
-0.001811255584470928
-0.001810771296732128
-0.001810350571759045
-0.001810015644878149
-0.001809787238016725
-0.00180968374479562
-0.001809721463359892
-0.00180991436354816
-0.001810273854061961
-0.001810808200389147
-0.001811523223295808
-0.001812421134673059
-0.001813501236028969
-0.00181475980207324
-0.001816190080717206
-0.001817781943827868
-0.001819522585719824
-0.001821395591832697
-0.001823382452130318
