0
0
0
0
0
0
0
0
0
0
0
0
0
0
0
0
0
0
0
0
0
0
0
0
0
0
0
0
0
0
0
0
0
0
0
0
0
0
0
0
0
0
0
0
0
0
0
0
0
0
0
0
0
0
0
0
0
0
0
0
0
0
0
0
0
0
0
0
0
0
0
0
0
0
0
0
0
0
0
0
0
0
0
0
0
0
0
0
0
0
0
0
0
0
0
0
0
0
0
0
0
0
0
0
0
0
0
0
0
0
0
0
0
0
0
0
0
0
0
0
0
0
0
0
0
0
0
0
0
0
0
0
0
0
0
0
0
0
0
0
0
0
0
0
0
0
0
0
0
0
0
0
0
0
0
0
0
0
0
0
0
0
0
0
0
0
0
0
0
0
0
0
0
0
0
0
0
0
0
0
0
0
0
0
0
0
0
0
0
0
0
0
0
0
0
0
0
0
0
0
0
0
0
0
0
0
0
0
0
0
0
0
0
0
0
0
0
0
0
0
0
0
0
0
0
0
0
0
0
0
0
0
0
0
0
0
0
0
0
0
0
0
0
0
0
0
0
0
0
0
0
0
0
0
0
0
0
0
0
0
0
0
0
0
0
0
0
0
0
0
0
0
0
0
0
0
0
0
0
0
0
0
0
0
0
0
0
0
0
0
0
0
0
0
0
0
0
0
0
0
0
0
0
0
0
0
0
0
0
0
0
0
0
0
0
0
0
0
0
0
0
0
0
0
0
0
0
0
0
0
0
0
0
0
0
0
0
0
0
0
0
0
0
0
0
0
0
0
0
0
0
0
0
0
0
0
0
0
0
0
0
0
0
0
0
0
0
0
0
0
0
0
0
0
0
0
0
0
0
0
0
0
0
0
0
0
0
0
0
0
0
0
0
0
0
0
0
0
0
0
0
0
0
0
0
0
0
0
0
0
0
0
0
0
0
0
0
0
0
0
0
0
0
0
0
0
0
0
0
0
0
0
0
0
0
0
0
0
0
0
0
0
0
0
0
0
0
0
0
0
0
0
0
0
0
0
0
0
0
0
0
0
0
0
0
0
0
0
0
0
0
0
0
0
0
0
0
0
0
0
0
0
0
0
0
0
0
0
0
0
0
0
0
0
0
0
0
0
0
0
0
0
0
0
0
0
0
0
0
0
0
0
0
0
0
0
0
0
0
0
0
0
0
0
0
0
0
0
0
0
0
0
0
0
0
0
0
0
0
0
0
0
0
0
0
0
0
0
0
0
0
0
0
0
0
0
0
0
0
0
0
0
0
0
0
0
0
0
0
0
0
0
0
0
0
0
0
0
0
0
0
0
0
0
0
0
0
0
0
0
0
0
0
0
0
0
0
0
0
0
0
0
0
0
0
0
0
0
0
0
0
0
0
0
0
0
0
0
0
0
0
0
0
0
0
0
0
0
0
0
0
0
0
0
0
0
0
0
0
0
0
0
0
0
0
0
0
0
0
0
0
0
0
0
0
0
0
0
0
0
0
0
0
0
0
0
0
0
0
0
0
0
0
0
0
0
0
0
0
0
0
0
0
0
0
0
0
0
0
0
0
0
0
0
0
0
0
0
0
0
0
0
0
0
0
0
0
0
0
0
0
0
0
0
0
0
0
0
0
0
0
0
0
0
0
0
0
0
0
0
0
0
0
0
0
0
0
0
0
0
0
0
0
0
0
0
0
0
0
0
0
0
0
0
0
0
0
0
0
0
0
0
0
0
0
0
0
0
0
0
0
0
0
0
0
0
0
0
0
0
0
0
0
0
0
0
0
0
0
0
0
0
0
0
0
0
0
0
0
0
0
0
0
0
0
0
0
0
0
0
0
0
0
0
0
0
0
0
0
0
0
0
0
0
0
0
0
0
0
0
0
0
0
0
0
0
0
0
0
0
0
0
0
0
0
0
0
0
0
0
0
0
0
0
0
0
0
0
0
0
0
0
0
0
0
0
0
0
0
0
0
0
0
0
0
0
0
0
0
0
0
0
0
0
0
0
0
0
0
0
0
0
0
0
0
0
0
0
0
0
0
0
0
0
0
0
0
0
0
0
0
0
0
0
0
0
0
0
0
0
0
0
0
0
0
0
0
0
0
0
0
0
0
0
0
0
0
0
0
0
0
0
0
0
0
0
0
0
0
0
0
0
0
0
0
0
0
0
0
0
0
0
0
0
0
0
0
0
0
0
0
0
0
0
0
0
0
0
0
0
0
0
0
0
0
0
0
0
0
0
0
0
0
0
0
0
0
0
0
0
0
0
0
0
0
0
0
0
0
0
0
0
0
0
0
0
0
0
0
0
0
0
0
0
0
0
0
0
0
0
0
0
0
0
0
0
0
0
0
0
0
0
0
0
0
0
0
0
0
0
0
0
0
0
0
0
0
0
0
0
0
0
0
0
0
0
0
0
0
0
0
0
0
0
0
0
0
0
0
0
0
0
0
0
0
0
0
0
0
0
0
0
0
0
0
0
0
0
0
0
0
0
0
0
0
0
0
0
0
0
0
0
0
0
0
0
0
0
0
0
0
0
0
0
0
0
0
0
0
0
0
0
0
0
0
0
0
0
0
0
0
0
0
0
0
0
0
0
0
0
0
0
0
0
0
0
0
0
0
0
0
0
0
0
0
0
0
0
0
0
0
0
0
0
0
0
0
0
0
0
0
0
0
0
0
0
0
0
0
0
0
0
0
0
0
0
0
0
0
0
0
0
0
0
0
0
0
0
0
0
0
0
0
0
0
0
0
0
0
0
0
0
0
0
0
0
0
0
0
0
0
0
0
0
0
0
0
0
0
0
0
0
0
0
0
0
0
0
0
0
0
0
0
0
0
0
0
0
0
0
0
0
0
0
0
0
0
0
0
0
0
0
0
0
0
0
0
0
0
0
0
0
0
0
0
0
0
0
0
0
0
0
0
0
0
0
0
0
0
0
0
0
0
0
0
0
0
0
0
0
0
0
0
0
0
0
0
0
0
0
0
0
0
0
0
0
0
0
0
0
0
0
0
0
0
0
0
0
0
0
0
0
0
0
0
0
0
0
0
0
0
0
0
0
0
0
0
0
0
0
0
0
0
0
0
0
0
0
0
0
0
0
0
0
0
0
0
0
0
0
0
0
0
0
0
0
0
0
0
0
0
0
0
0
0
0
0
0
0
0
0
0
0
0
0
0
0
0
0
0
0
0
0
0
0
0
0
0
0
0
0
0
0
0
0
0
0
0
0
0
0
0
0
0
0
0
0
0
0
0
0
0
0
0
0
0
0
0
0
0
0
0
0
0
0
0
0
0
0
0
0
0
0
0
0
0
0
0
2.802596928649634e-45
1.401298464324817e-44
4.203895392974451e-44
8.407790785948902e-44
1.569454280043795e-43
2.83062289793613e-43
5.142765364072079e-43
9.206530910614048e-43
1.625506218616788e-42
2.83342549486478e-42
4.90454462513686e-42
8.442823247557023e-42
1.450063650883321e-41
2.485623216019361e-41
4.252660579532955e-41
7.261528642131202e-41
1.237626803691678e-40
2.105703176371616e-40
3.576435979603728e-40
6.063782792734208e-40
1.026308192674567e-39
1.734059205454174e-39
2.924812575514187e-39
4.924748546395495e-39
8.277988509198495e-39
1.389065408990954e-38
2.32690710727546e-38
3.891304941940586e-38
6.496402304508894e-38
1.082713818979956e-37
1.801437447150734e-37
2.992202476013971e-37
4.961700114276478e-37
8.213710276016652e-37
1.357434907690645e-36
2.239602827410934e-36
3.688898432211152e-36
6.065933258988724e-36
9.958070101380834e-36
1.632040027182503e-35
2.670336021054746e-35
4.361963079440474e-35
7.113451258590782e-35
1.158143526150048e-34
1.882476257464529e-34
3.054801480108775e-34
4.949078254446495e-34
8.004877756809767e-34
1.292633832249667e-33
2.083953854020184e-33
3.354236763214919e-33
5.390060735724653e-33
8.647473498630279e-33
1.385101744368401e-32
2.214992233714892e-32
3.536406281902917e-32
5.637060824975614e-32
8.971087240348448e-32
1.425412208069821e-31
2.26120585372199e-31
3.581336791051374e-31
5.663133994973463e-31
8.94079780721307e-31
1.409303938782763e-30
2.21790581401284e-30
3.484919453012748e-30
5.467070376973824e-30
8.56308175579668e-30
1.339121358897427e-29
2.090862371852805e-29
3.259474833316e-29
5.073265400205413e-29
7.883995246287095e-29
1.223277635707507e-28
1.895066676287187e-28
2.931203023375423e-28
4.526789037757854e-28
6.980050637980467e-28
1.074612286627713e-27
1.651851046594483e-27
2.535226771243304e-27
3.884996669025621e-27
5.944197113704565e-27
9.080829021263815e-27
1.385123115250665e-26
2.10951605781084e-26
3.207818438312483e-26
4.870460508903966e-26
7.383538392452036e-26
1.117620043326549e-25
1.689117351906348e-25
2.548955524036555e-25
3.84062872815542e-25
5.778044240803641e-25
8.679582132504859e-25
1.301837923401671e-24
1.949646455857027e-24
2.915389500335994e-24
4.352910809182387e-24
6.489425002850882e-24
9.659990692857564e-24
1.435793427362642e-23
2.130849146849832e-23
3.157618668171923e-23
4.672115801415379e-23
6.902638943589515e-23
1.018274972431362e-22
1.499906046396126e-22
2.206036521022841e-22
3.239751268417807e-22
4.750744533955761e-22
6.956060351655592e-22
1.016991401075259e-21
1.484650158064974e-21
2.164135511398867e-21
3.14991548560865e-21
4.577918412972143e-21
6.643431215576101e-21
9.62659468295359e-21
1.392866007464602e-20
2.012347222760533e-20
2.903046259069683e-20
4.181797046477626e-20
6.014927834710303e-20
8.638869461055243e-20
1.238919068233188e-19
1.774143957140152e-19
2.53685282028109e-19
3.622117402865842e-19
5.164058061883464e-19
7.351593543459176e-19
1.045042615106632e-18
1.483368723625778e-18
2.102457370635219e-18
2.975559948869893e-18
4.205077282260804e-18
5.933942665139511e-18
8.361365797632006e-18
1.176456550868747e-17
1.652873954364685e-17
2.318830448086227e-17
3.248359110447176e-17
4.543862916048126e-17
6.346769566428699e-17
8.852110382927668e-17
1.232843087489935e-16
1.714493814567312e-16
2.380846560889492e-16
3.301372321812312e-16
4.571148825129392e-16
6.320104042806848e-16
8.725519853122635e-16
1.20289224070304e-15
1.655886943202297e-15
2.276162394213043e-15
3.124241850673676e-15
4.282082314736391e-15
5.860496024692784e-15
8.009083610346305e-15
1.092950498171336e-14
1.489318210586271e-14
2.026487023977161e-14
2.753401551354971e-14
3.735637558836824e-14
5.060917844198522e-14
6.846415524352362e-14
9.248401740616363e-14
1.247496978764792e-13
1.680280128360176e-13
2.259920495097795e-13
3.035105803836369e-13
4.070273848869044e-13
5.450577597772288e-13
7.288369669074257e-13
9.731663174958327e-13
1.297515046794206e-12
1.727453141468771e-12
2.296510854746248e-12
3.048588291532095e-12
4.041076067523575e-12
5.348881927658145e-12
7.069627869227268e-12
9.330337717716741e-12
1.229603571739624e-11
1.61807824083926e-11
2.126181522510429e-11
2.78976217127358e-11
3.655104344191251e-11
4.781870385772713e-11
6.246846095958603e-11
8.14870185217309e-11
1.061402910007558e-10
1.380498354519588e-10
1.792894999130823e-10
2.325073467090988e-10
3.01079300379925e-10
3.893024236312215e-10
5.026372096317289e-10
6.480118663887424e-10
8.342027624230752e-10
1.072309130378812e-09
1.376345593051553e-09
1.763979295965612e-09
2.257445785858181e-09
2.884684713322372e-09
3.680746152312508e-09
4.68952787713306e-09
5.965921090478332e-09
7.578445426759117e-09
9.612499241029582e-09
1.217433620581687e-08
1.539593696975317e-08
1.94409750520208e-08
2.451208303000385e-08
3.085969879634831e-08
3.879283383412258e-08
4.869213299230069e-08
6.102567340349196e-08
7.636806742539193e-08
9.542353041069873e-08
1.190536167428036e-07
1.483105336319568e-07
1.844771446712912e-07
2.291148462063575e-07
2.841206878656521e-07
3.517953928167117e-07
4.3492457280081e-07
5.368747224565595e-07
6.617072472181462e-07
8.143130685311917e-07
1.000571728582145e-06
1.227537836712145e-06
1.503661337665108e-06
1.839044443840976e-06
2.245742280138074e-06
2.738114062594832e-06
3.333232143631903e-06
4.051356427225983e-06
4.916482794214971e-06
5.956979293841869e-06
7.206318969110725e-06
8.703920684638433e-06
1.049611364578595e-05
1.263724971067859e-05
1.519095803814707e-05
1.823158163460903e-05
2.184581171604805e-05
2.613452488731127e-05
3.121487316093408e-05
3.722262044902891e-05
4.431478373589925e-05
5.267255255603231e-05
6.250459409784526e-05
7.405067299259827e-05
8.758570766076446e-05
0.0001034242086461745
0.0001219251716975123
0.0001434975129086524
0.0001686058094492182
0.0001977767096832395
0.0002316058671567589
0.0002707653038669378
0.0003160113410558552
0.0003681931120809168
0.0004282614681869745
0.0004972784663550556
0.0005764272646047175
0.000667022482957691
0.0007705205352976918
0.0008885309216566384
0.001022826298139989
0.001175354467704892
0.001348248450085521
0.001543837017379701
0.001764654531143606
0.002013449789956212
0.002293194644153118
0.002607090398669243
0.002958572702482343
0.003351314226165414
0.003789226058870554
0.0042764563113451
0.004817382898181677
0.005416607484221458
0.006078941281884909
0.006809388287365437
0.007613125257194042
0.008495472371578217
0.009461862966418266
0.01051780488342047
0.01166883576661348
0.01292047370225191
0.0142781613394618
0.0157471988350153
0.01733267866075039
0.01903941668570042
0.02087185904383659
0.02283399552106857
0.02492928318679333
0.02716054581105709
0.0295298770070076
0.03203853964805603
0.03468687832355499
0.03747421875596046
0.04039876163005829
0.04345753043889999
0.04664626717567444
0.04995938390493393
0.05338988080620766
0.0569293349981308
0.06056785956025124
0.06429409235715866
0.06809525191783905
0.07195710390806198
0.07586411386728287
0.07979948073625565
0.08374525606632233
0.08768253028392792
0.09159154444932938
0.0954519584774971
0.09924302995204926
0.1029438748955727
0.1065337359905243
0.1099922880530357
0.1132999360561371
0.1164380833506584
0.119389496743679
0.1221385896205902
0.1246717348694801
0.1269775331020355
0.1290471106767654
0.130874291062355
0.1324558705091476
0.1337917149066925
0.134884849190712
0.1357416063547134
0.1363714784383774
0.136787161231041
0.1370043307542801
0.1370416134595871
0.1369200795888901
0.136663094162941
0.1362959146499634
0.1358452141284943
0.1353386044502258
0.1348041892051697
0.134269967675209
0.133763313293457
0.1333104223012924
0.1329357773065567
0.1326616108417511
0.1325074583292007
0.1324896514415741
0.1326210498809814
0.1329107284545898
0.1333637535572052
0.1339810639619827
0.1347595155239105
0.135691836476326
0.1367669701576233
0.1379702389240265
0.1392838209867477
0.1406871229410172
0.1421574354171753
0.1436704695224762
0.1452010422945023
0.1467237323522568
0.1482135653495789
0.1496468037366867
0.1510014981031418
0.152258113026619
0.1534000784158707
0.1544143110513687
0.1552914679050446
0.1560262441635132
0.1566174179315567
0.1570679545402527
0.1573847383260727
0.1575783938169479
0.1576629132032394
0.1576551198959351
0.1575741022825241
0.157440572977066
0.1572761833667755
0.1571027934551239
0.1569416970014572
0.1568129509687424
0.1567347645759583
0.1567227989435196
0.1567897945642471
0.1569450795650482
0.1571944057941437
0.1575397104024887
0.1579791605472565
0.1585073322057724
0.1591153740882874
0.1597915440797806
0.1605215221643448
0.1612891405820847
0.1620768755674362
0.162866622209549
0.1636403501033783
0.1643806844949722
0.1650716513395309
0.1656991094350815
0.1662512868642807
0.166719064116478
0.1670962125062943
0.1673795580863953
0.1675688624382019
0.1676666885614395
0.1676781475543976
0.1676104515790939
0.1674724519252777
0.1672741919755936
0.1670261323451996
0.1667386889457703
0.1664216369390488
0.1660834848880768
0.1657311171293259
0.1653692722320557
0.1650003343820572
0.1646240800619125
0.1642376929521561
0.1638357788324356
0.163410559296608
0.16295225918293
0.1624493300914764
0.1618891358375549
0.1612583547830582
0.1605435311794281
0.1597317904233932
0.1588112115859985
0.1577715277671814
0.1566044837236404
0.1553042382001877
0.1538675427436829
0.1522940993309021
0.1505865007638931
0.1487502306699753
0.1467934995889664
0.1447270810604095
0.142563983798027
0.1403189450502396
0.138008251786232
0.1356490701436996
0.1332592368125916
0.1308566629886627
0.1284590661525726
0.1260835379362106
0.1237463429570198
0.1214626133441925
0.1192462518811226
0.1171097829937935
0.115064300596714
0.1131194680929184
0.1112835630774498
0.109563522040844
0.107964999973774
0.1064924523234367
0.105149157345295
0.1039372459053993
0.1028577163815498
0.101910412311554
0.1010940000414848
0.1004058495163918
0.09984195977449417
0.09939692169427872
0.09906379133462906
0.09883402287960052
0.0986974909901619
0.09864248335361481
0.09865578263998032
0.09872280061244965
0.09882780164480209
0.09895416349172592
0.09908477962017059
0.09920240193605423
0.0992901548743248
0.09933191537857056
0.09931290149688721
0.09922008216381073
0.09904266893863678
0.09877247363328934
0.09840422868728638
0.09793584048748016
0.09736847132444382
0.0967065617442131
0.09595774114131927
0.09513251483440399
0.09424401819705963
0.09330743551254272
0.09233959019184113
0.0913582518696785
0.09038153290748596
0.08942720293998718
0.08851205557584763
0.08765128254890442
0.08685795962810516
0.08614254742860794
0.08551254123449326
0.08497224003076553
0.08452267944812775
0.08416162431240082
0.08388373255729675
0.08368084579706192
0.0835423618555069
0.08345573395490646
0.08340699970722198
0.08338142186403275
0.0833640843629837
0.08334046602249146
0.08329708874225616
0.08322196453809738
0.08310510218143463
0.08293881267309189
0.08271795511245728
0.0824400782585144
0.08210541307926178
0.08171674609184265
0.08127924799919128
0.08080010116100311
0.08028814941644669
0.07975343614816666
0.0792066901922226
0.07865883409976959
0.07812048494815826
0.07760145515203476
0.0771104097366333
0.07665441185235977
0.07623873651027679
0.07586668431758881
0.07553946226835251
0.07525624334812164
0.07501427829265594
0.07480910420417786
0.07463479787111282
0.07448437064886093
0.07435011863708496
0.07422403991222382
0.07409820705652237
0.07396519929170609
0.07381841540336609
0.07365243136882782
0.07346317172050476
0.07324808090925217
0.07300617545843124
0.07273804396390915
0.07244576513767242
0.07213269919157028
0.0718032643198967
0.07146266847848892
0.07111655920743942
0.07077073305845261
0.07043077796697617
0.0701017752289772
0.06978807598352432
0.06949303299188614
0.06921889632940292
0.06896671652793884
0.06873632222414017
0.06852641701698303
0.06833469122648239
0.06815796345472336
0.06799247115850449
0.06783410161733627
0.06767858564853668
0.06752185523509979
0.06736022979021072
0.06719061732292175
0.06701069325208664
0.066818967461586
0.06661488115787506
0.06639876961708069
0.066171795129776
0.06593583524227142
0.06569332629442215
0.06544707715511322
0.0652000680565834
0.06495524197816849
0.06471533328294754
0.0644826740026474
0.06425910443067551
0.06404581665992737
0.06384336203336716
0.06365162134170532
0.06346984207630157
0.06329675018787384
0.06313065439462662
0.06296958774328232
0.06281141191720963
0.06265401840209961
0.06249547749757767
0.06233414635062218
0.06216875463724136
0.06199847906827927
0.06182298064231873
0.06164239346981049
0.06145726889371872
0.06126854196190834
0.06107741966843605
0.06088528409600258
0.06069357320666313
0.06050369143486023
0.06031687930226326
0.0601341612637043
0.05995625630021095
0.05978357046842575
0.05961616709828377
0.05945378169417381
0.05929588153958321
0.05914169177412987
0.05899029970169067
0.05884071812033653
0.05869194492697716
0.05854308605194092
0.05839336290955544
0.05824220180511475
0.05808925628662109
0.05793438479304314
0.05777769908308983
0.05761949717998505
0.0574602410197258
0.05730050802230835
0.05714092031121254
0.05698212236166
0.05682468414306641
0.05666910111904144
0.05651571974158287
0.05636473372578621
0.05621618404984474
0.05606994777917862
0.05592576414346695
0.05578326061367989
0.05564196035265923
0.05550136789679527
0.05536097288131714
0.05522029101848602
0.0550788901746273
0.05493642017245293
0.0547926127910614
0.05464727804064751
0.05450031906366348
0.05435169488191605
0.05420141667127609
0.05404950305819511
0.05389596149325371
0.05374074727296829
0.05358376726508141
0.05342479795217514
0.05326353758573532
0.05309955775737762
0.05293229967355728
0.05276108160614967
0.05258510261774063
0.05240345001220703
0.0522151030600071
0.05201895534992218
0.05181382223963737
0.0515984520316124
0.05137151107192039
0.05113159492611885
0.05087722465395927
0.05060683935880661
0.05031877011060715
0.05001122877001762
0.04968229308724403
0.04932988807559013
0.04895177111029625
0.04854551330208778
0.04810849204659462
0.04763788729906082
0.04713065922260284
0.04658355191349983
0.0459931269288063
0.04535574838519096
0.04466759786009789
0.04392469674348831
0.04312291368842125
0.04225798323750496
0.04132555425167084
0.04032117873430252
0.03924037143588066
0.03807860985398293
0.03683137521147728
0.03549417853355408
0.03406259790062904
0.03253233060240746
0.03089919872581959
0.02915922924876213
0.02730869129300117
0.02534415386617184
0.02326254546642303
0.02106119878590107
0.01873794198036194
0.01629115082323551
0.01371982414275408
0.01102364249527454
0.008203040808439255
0.00525927497074008
0.002194474684074521
-0.0009882940212264657
-0.004284985829144716
-0.00769053166732192
-0.01119881216436625
-0.01480262912809849
-0.01849369890987873
-0.02226265333592892
-0.02609905414283276
-0.02999141439795494
-0.03392724320292473
-0.03789311647415161
-0.0418747179210186
-0.04585696384310722
-0.04982408508658409
-0.05375975370407104
-0.05764720216393471
-0.06146940216422081
-0.06520922482013702
-0.0688496008515358
-0.07237374782562256
-0.07576528936624527
-0.0790085569024086
-0.08208876103162766
-0.0849921703338623
-0.08770637959241867
-0.09022048115730286
-0.09252525120973587
-0.09461334347724915
-0.09647947549819946
-0.09812050312757492
-0.09953561425209045
-0.1007263958454132
-0.1016968488693237
-0.1024534553289413
-0.10300512611866
-0.1033632084727287
-0.1035413146018982
-0.1035552173852921
-0.103422686457634
-0.1031632572412491
-0.1027979627251625
-0.1023490652441978
-0.1018397137522697
-0.1012935936450958
-0.1007345989346504
-0.1001863479614258
-0.09967190027236938
-0.09921327233314514
-0.09883108735084534
-0.09854420274496078
-0.09836935251951218
-0.09832080453634262
-0.09841015934944153
-0.09864602982997894
-0.0990338996052742
-0.09957602620124817
-0.1002713739871979
-0.1011156067252159
-0.1021011844277382
-0.1032175421714783
-0.1044512763619423
-0.1057864502072334
-0.1072049140930176
-0.1086867228150368
-0.1102105602622032
-0.1117542237043381
-0.1132951155304909
-0.1148107349872589
-0.1162792444229126
-0.1176799014210701
-0.1189935654401779
-0.1202031150460243
-0.1212938502430916
-0.1222537830471992
-0.1230739280581474
-0.1237484440207481
-0.1242747157812119
-0.1246534511446953
-0.1248884722590446
-0.1249866187572479
-0.1249574944376945
-0.124813087284565
-0.1245674267411232
-0.1242360919713974
-0.1238357126712799
-0.1233834624290466
-0.1228964328765869
-0.1223911866545677
-0.1218831241130829
-0.1213860586285591
-0.1209116950631142
-0.1204692870378494
-0.1200652942061424
-0.1197032034397125
-0.1193833351135254
-0.1191028356552124
-0.1188557595014572
-0.1186331957578659
-0.1184235289692879
-0.1182128340005875
-0.1179852858185768
-0.1177236288785934
-0.1174097433686256
-0.1170251965522766
-0.116551861166954
-0.1159724742174149
-0.1152712255716324
-0.1144342571496964
-0.1134501472115517
-0.1123102828860283
-0.1110091805458069
-0.1095447093248367
-0.1079181954264641
-0.106134444475174
-0.1042016446590424
-0.1021311804652214
-0.09993734210729599
-0.09763699024915695
-0.09524913877248764
-0.09279442578554153
-0.09029460698366165
-0.08777207881212234
-0.08524929732084274
-0.08274824172258377
-0.08028997480869293
-0.0778941810131073
-0.07557880133390427
-0.07335975021123886
-0.07125061005353928
-0.06926257908344269
-0.06740435212850571
-0.06568215042352676
-0.06409981101751328
-0.06265889853239059
-0.06135895848274231
-0.06019769236445427
-0.05917129293084145
-0.05827465280890465
-0.05750169605016708
-0.05684561282396317
-0.05629908293485641
-0.05585448816418648
-0.05550407618284225
-0.05524007603526115
-0.05505474656820297
-0.05494042113423347
-0.0548894852399826
-0.0548943467438221
-0.05494733154773712
-0.0550406388938427
-0.05516624823212624
-0.05531581491231918
-0.05548066273331642
-0.05565173923969269
-0.05581963434815407
-0.05597465485334396
-0.05610691383481026
-0.05620650202035904
-0.05626368522644043
-0.05626914650201797
-0.05621423572301865
-0.05609128251671791
-0.05589386820793152
-0.05561712011694908
-0.05525794997811317
-0.05481527745723724
-0.05429021269083023
-0.05368612706661224
-0.05300869792699814
-0.05226583406329155
-0.05146753787994385
-0.05062568932771683
-0.04975371435284615
-0.04886621236801147
-0.04797854274511337
-0.0471063144505024
-0.0462648905813694
-0.04546886682510376
-0.04473159089684486
-0.04406464472413063
-0.04347749054431915
-0.04297708347439766
-0.04256764054298401
-0.04225047305226326
-0.04202393814921379
-0.04188350960612297
-0.0418219305574894
-0.04182948544621468
-0.04189438745379448
-0.04200319573283195
-0.04214132949709892
-0.04229362308979034
-0.04244488477706909
-0.04258044809103012
-0.04268673062324524
-0.04275169223546982
-0.04276528209447861
-0.04271975159645081
-0.04260991513729095
-0.04243326932191849
-0.04219002276659012
-0.04188302904367447
-0.04151757806539536
-0.04110113903880119
-0.04064298048615456
-0.04015376418828964
-0.03964505717158318
-0.03912884742021561
-0.03861705213785172
-0.03812104091048241
-0.03765116259455681
-0.03721639886498451
-0.03682401031255722
-0.03647933527827263
-0.0361856147646904
-0.03594394400715828
-0.03575330972671509
-0.03561071678996086
-0.03551139682531357
-0.0354490764439106
-0.03541629761457443
-0.03540478274226189
-0.03540583327412605
-0.03541071340441704
-0.03541101887822151
-0.03539903089404106
-0.03536801412701607
-0.0353124737739563
-0.03522832691669464
-0.03511302545666695
-0.03496559709310532
-0.03478661179542542
-0.03457808494567871
-0.03434332460165024
-0.03408671543002129
-0.0338134765625
-0.03352939337491989
-0.03324049711227417
-0.03295282274484634
-0.03267210349440575
-0.03240352496504784
-0.03215152025222778
-0.03191959112882614
-0.031710185110569
-0.03152464330196381
-0.03136317059397697
-0.03122489154338837
-0.03110794723033905
-0.03100961074233055
-0.03092646785080433
-0.03085461631417274
-0.03078986518085003
-0.03072795644402504
-0.03066477365791798
-0.03059653379023075
-0.03051996417343616
-0.03043242543935776
-0.03033202886581421
-0.03021767735481262
-0.03008909150958061
-0.02994679100811481
-0.02979201450943947
-0.0296266358345747
-0.02945303171873093
-0.02927393838763237
-0.02909228950738907
-0.02891105785965919
-0.02873309701681137
-0.02856099419295788
-0.02839694358408451
-0.02824265509843826
-0.02809927985072136
-0.02796737477183342
-0.02784690260887146
-0.02773725241422653
-0.02763731591403484
-0.02754555083811283
-0.02746009640395641
-0.02737889252603054
-0.0272998008877039
-0.02722072415053844
-0.02713972888886929
-0.02705513313412666
-0.02696559764444828
-0.02687018923461437
-0.0267684068530798
-0.02666018903255463
-0.02654590271413326
-0.0264262892305851
-0.02630241401493549
-0.02617558278143406
-0.0260472483932972
-0.02591892145574093
-0.02579208463430405
-0.02566808648407459
-0.02554807625710964
-0.02543295174837112
-0.02532330341637135
-0.02521939761936665
-0.025121184065938
-0.02502830140292645
-0.02494012378156185
-0.02485581673681736
-0.02477438561618328
-0.02469475939869881
-0.02461585588753223
-0.02453664690256119
-0.02445622719824314
-0.0243738666176796
-0.02428903244435787
-0.02420143783092499
-0.02411101385951042
-0.0240179318934679
-0.02392256446182728
-0.02382544614374638
-0.02372723817825317
-0.02362867258489132
-0.02353050000965595
-0.02343344315886497
-0.02333813905715942
-0.02324511297047138
-0.02315473929047585
-0.02306723594665527
-0.0229826420545578
-0.02290084026753902
-0.02282156981527805
-0.02274444699287415
-0.0226689986884594
-0.02259470708668232
-0.02252104319632053
-0.0224475022405386
-0.02237364090979099
-0.02229909785091877
-0.02222361788153648
-0.02214706689119339
-0.022069426253438
-0.02199079468846321
-0.02191136963665485
-0.02183142490684986
-0.0217512845993042
-0.02167130447924137
-0.02159183658659458
-0.02151320688426495
-0.02143569476902485
-0.02135950699448586
-0.02128477953374386
-0.02121156267821789
-0.02113982476294041
-0.02106945775449276
-0.02100029587745667
-0.02093212492763996
-0.02086470648646355
-0.02079779282212257
-0.02073114179074764
-0.02066454663872719
-0.02059783972799778
-0.02053090184926987
-0.02046367339789867
-0.0203961506485939
-0.02032838203012943
-0.02026046440005302
-0.02019252628087997
-0.02012471482157707
-0.02005719393491745
-0.01999012008309364
-0.0199236273765564
-0.01985783502459526
-0.0197928175330162
-0.01972862146794796
-0.01966524682939053
-0.01960266754031181
-0.019540810957551
-0.01947959139943123
-0.01941890455782413
-0.01935863867402077
-0.01929868385195732
-0.01923894695937634
-0.01917934231460094
-0.01911981217563152
-0.01906032487750053
-0.01900087483227253
-0.0189414769411087
-0.01888216659426689
-0.01882300339639187
-0.01876404695212841
-0.01870536990463734
-0.01864703558385372
-0.01858910545706749
-0.01853162609040737
-0.01847462728619576
-0.01841812580823898
-0.01836211793124676
-0.01830658689141273
-0.01825150288641453
-0.01819682493805885
-0.01814250461757183
-0.01808849722146988
-0.01803475059568882
-0.01798122748732567
-0.01792789623141289
-0.01787473447620869
-0.01782172918319702
-0.01776888221502304
-0.01771620288491249
-0.01766370795667171
-0.01761142909526825
-0.01755939051508904
-0.01750762015581131
-0.01745614036917686
-0.01740497350692749
-0.01735414005815983
-0.01730364188551903
-0.01725348271429539
-0.01720365323126316
-0.0171541403979063
-0.01710493117570877
-0.01705600507557392
-0.01700733602046967
-0.01695890352129936
-0.01691068895161152
-0.01686267927289009
-0.01681486330926418
-0.01676723919808865
-0.01671980321407318
-0.01667256094515324
-0.01662551984190941
-0.01657869108021259
-0.01653208211064339
-0.01648570410907269
-0.01643956825137138
-0.01639367826282978
-0.01634804159402847
-0.01630265451967716
-0.016257518902421
-0.01621263287961483
-0.01616798713803291
-0.01612357422709465
-0.01607938669621944
-0.0160354170948267
-0.01599165610969067
-0.0159480944275856
-0.01590472459793091
-0.01586154475808144
-0.01581854745745659
-0.01577573828399181
-0.01573311537504196
-0.01569068245589733
-0.01564844138920307
-0.01560640055686235
-0.01556455995887518
-0.01552292332053185
-0.01548149064183235
-0.01544026285409927
-0.01539923995733261
-0.01535841822624207
-0.01531779486685991
-0.01527736522257328
-0.01523712836205959
-0.01519707683473825
-0.01515720877796412
-0.01511752046644688
-0.01507801003754139
-0.01503867283463478
-0.01499950978904963
-0.01496051996946335
-0.0149217015132308
-0.01488305535167456
-0.01484458334743977
-0.0148062827065587
-0.01476815529167652
-0.01473020203411579
-0.01469242293387651
-0.01465481799095869
-0.01461738534271717
-0.01458012498915195
-0.01454303413629532
-0.01450611092150211
-0.01446935068815947
-0.01443275436758995
-0.01439631823450327
-0.01436004042625427
-0.01432392094284296
-0.01428795605897903
-0.01425214763730764
-0.01421649474650621
-0.01418099738657475
-0.01414565276354551
-0.01411046274006367
-0.01407542545348406
-0.01404054090380669
-0.01400580815970898
-0.01397122628986835
-0.01393679343163967
-0.01390250958502293
-0.0138683719560504
-0.01383438054472208
-0.0138005344197154
-0.01376683358103037
-0.01373327523469925
-0.0136998612433672
-0.01366658881306648
-0.01363345701247454
-0.01360046491026878
-0.0135676097124815
-0.01353489328175783
-0.01350231375545263
-0.01346986833959818
-0.01343755796551704
-0.01340538263320923
-0.01337334141135216
-0.01334143336862326
-0.01330965757369995
-0.01327801123261452
-0.01324649900197983
-0.01321511715650558
-0.01318386476486921
-0.01315274089574814
-0.01312174648046494
-0.01309087965637445
-0.01306013949215412
-0.01302952412515879
-0.0129990316927433
-0.01296866312623024
-0.0129384147003293
-0.01290828920900822
-0.01287828665226698
-0.01284840703010559
-0.01281865127384663
-0.01278901658952236
-0.01275950483977795
-0.01273011323064566
-0.01270084083080292
-0.01267168577760458
-0.01264264434576035
-0.01261371653527021
-0.01258490141481161
-0.01255619805306196
-0.01252760458737612
-0.01249912194907665
-0.01247075013816357
-0.01244248915463686
-0.01241433992981911
-0.01238630246371031
-0.01235837489366531
-0.01233055908232927
-0.01230285316705704
-0.01227525714784861
-0.01224776916205883
-0.01222038827836514
-0.01219311356544495
-0.01216594409197569
-0.01213887985795736
-0.01211191900074482
-0.01208506152033806
-0.01205830555409193
-0.01203165110200644
-0.01200509816408157
-0.0119786448776722
-0.01195229403674603
-0.01192604377865791
-0.01189989317208529
-0.01187384221702814
-0.01184788905084133
-0.01182203460484743
-0.01179627794772387
-0.01177061814814806
-0.01174505520612001
-0.01171958725899458
-0.0116942161694169
-0.01166893914341927
-0.01164375711232424
-0.01161866914480925
-0.01159367430955172
-0.01156877167522907
-0.01154396217316389
-0.01151924394071102
-0.01149461697787046
-0.01147008221596479
-0.01144563779234886
-0.01142128556966782
-0.01139702554792166
-0.01137285586446524
-0.01134877558797598
-0.01132478285580873
-0.01130087580531836
-0.01127705443650484
-0.01125332061201334
-0.01122966967523098
-0.01120610255748034
-0.01118262019008398
-0.01115922257304192
-0.01113590970635414
-0.01111267972737551
-0.01108953356742859
-0.01106647215783596
-0.0110434964299202
-0.01102060358971357
-0.01099779363721609
-0.0109750647097826
-0.01095241867005825
-0.01092985179275274
-0.01090736594051123
-0.01088496018201113
-0.01086263358592987
-0.01084038428962231
-0.01081821508705616
-0.01079612225294113
-0.0107741067185998
-0.01075216848403215
-0.01073030475527048
-0.01070851739495993
-0.01068680733442307
-0.01066517364233732
-0.01064361538738012
-0.01062213070690632
-0.01060072053223848
-0.01057938486337662
-0.010558120906353
-0.01053693238645792
-0.01051581744104624
-0.01049477607011795
-0.01047380734235048
-0.01045291032642126
-0.01043208502233028
-0.01041133236140013
-0.01039065141230822
-0.01037004124373198
-0.01034950185567141
-0.01032903511077166
-0.01030863728374243
-0.01028830744326115
-0.01026804838329554
-0.01024785824120045
-0.01022773701697588
-0.01020768471062183
-0.01018769759684801
-0.01016777940094471
-0.01014792826026678
-0.01012814324349165
-0.01010842155665159
-0.01008876692503691
-0.0100691756233573
-0.01004964858293533
-0.01003018487244844
-0.01001078449189663
-0.009991448372602463
-0.00997217558324337
-0.009952966123819351
-0.009933821856975555
-0.009914741851389408
-0.009895726107060909
-0.009876773692667484
-0.009857886470854282
-0.00983906164765358
-0.009820298291742802
-0.009801598265767097
-0.009782960638403893
-0.009764384478330612
-0.009745867922902107
-0.009727410040795803
-0.009709009900689125
-0.009690669365227222
-0.009672386571764946
-0.00965416245162487
-0.00963599793612957
-0.009617891162633896
-0.009599842131137848
-0.009581850841641426
-0.009563918225467205
-0.009546044282615185
-0.009528226219117641
-0.009510466828942299
-0.009492763318121433
-0.009475117549300194
-0.009457525797188282
-0.009439991787075996
-0.009422510862350464
-0.009405085816979408
-0.00938771478831768
-0.009370400570333004
-0.00935314130038023
-0.009335936047136784
-0.009318786673247814
-0.009301693178713322
-0.009284651838243008
-0.009267666377127171
-0.009250734001398087
-0.009233856573700905
-0.009217032231390476
-0.009200260043144226
-0.00918353907763958
-0.009166869334876537
-0.009150249883532524
-0.009133682586252689
-0.009117168374359608
-0.009100704453885555
-0.009084290824830532
-0.009067929349839687
-0.009051620028913021
-0.009035359136760235
-0.009019149467349052
-0.009002990089356899
-0.008986879140138626
-0.008970816619694233
-0.008954804390668869
-0.00893883965909481
-0.008922923356294632
-0.008907054550945759
-0.008891233243048191
-0.008875459432601929
-0.008859733119606972
-0.008844053372740746
-0.00882842019200325
-0.008812836371362209
-0.008797299116849899
-0.008781809359788895
-0.00876636803150177
-0.008750974200665951
-0.008735626004636288
-0.008720323443412781
-0.008705067448318005
-0.008689857088029385
-0.008674691431224346
-0.008659571409225464
-0.008644495159387589
-0.008629464544355869
-0.008614481426775455
-0.008599542081356049
-0.008584647439420223
-0.00856979563832283
-0.008554986678063869
-0.008540218695998192
-0.008525493554770947
-0.008510809391736984
-0.008496168069541454
-0.008481568656861782
-0.008467012085020542
-0.008452498354017735
-0.008438027463853359
-0.008423597551882267
-0.008409213274717331
-0.008394871838390827
-0.008380572311580181
-0.008366315625607967
-0.008352101780474186
-0.008337929844856262
-0.008323799818754196
-0.008309710770845413
-0.008295663632452488
-0.008281655609607697
-0.008267688564956188
-0.008253761567175388
-0.008239872753620148
-0.008226023986935616
-0.008212215267121792
-0.008198445662856102
-0.008184716105461121
-0.008171024732291698
-0.008157373405992985
-0.008143761195242405
-0.008130187168717384
-0.008116651326417923
-0.008103152737021446
-0.008089692331850529
-0.00807627011090517
-0.008062886074185371
-0.008049541153013706
-0.008036233484745026
-0.008022964000701904
-0.008009731769561768
-0.007996536791324615
-0.007983378134667873
-0.007970256730914116
-0.007957171648740768
-0.007944121956825256
-0.007931108586490154
-0.007918132469058037
-0.007905191741883755
-0.007892288267612457
-0.007879420183598995
-0.007866587489843369
-0.007853791117668152
-0.007841030135750771
-0.007828304544091225
-0.00781561341136694
-0.00780295766890049
-0.007790336385369301
-0.00777775002643466
-0.007765197195112705
-0.007752678357064724
-0.007740193046629429
-0.007727742195129395
-0.007715325336903334
-0.007702942937612534
-0.007690595462918282
-0.007678281981498003
-0.00766600389033556
-0.00765375979244709
-0.007641549222171307
-0.007629371713846922
-0.007617226336151361
-0.007605113089084625
-0.007593032438308001
-0.0075809839181602
-0.007568967528641224
-0.007556983269751072
-0.007545030675828457
-0.007533110212534666
-0.007521222345530987
-0.007509367540478706
-0.00749754486605525
-0.007485755253583193
-0.007473998237401247
-0.007462272420525551
-0.00745057687163353
-0.007438912056386471
-0.007427277509123087
-0.007415672298520803
-0.007404095958918333
-0.007392548955976963
-0.007381031289696693
-0.007369543891400099
-0.007358087226748466
-0.007346660364419222
-0.00733526423573494
-0.007323899306356907
-0.007312566041946411
-0.007301263976842165
-0.007289992645382881
-0.00727875204756856
-0.007267542649060488
-0.007256363518536091
-0.007245213724672794
-0.007234094198793173
-0.007223004009574652
-0.007211941760033369
-0.007200906984508038
-0.007189900614321232
-0.007178920786827803
-0.007167969364672899
-0.007157045416533947
-0.007146148476749659
-0.007135279010981321
-0.007124436553567648
-0.0071136225014925
-0.007102835923433304
-0.007092077285051346
-0.007081346586346626
-0.007070643827319145
-0.00705996947363019
-0.007049323059618473
-0.007038704119622707
-0.007028111722320318
-0.007017546333372593
-0.007007007952779531
-0.006996496114879847
-0.006986011750996113
-0.006975553929805756
-0.006965123116970062
-0.00695471977815032
-0.006944343913346529
-0.006933995522558689
-0.006923674140125513
-0.006913378369063139
-0.006903108675032854
-0.006892865058034658
-0.006882646586745977
-0.006872452795505524
-0.006862284149974585
-0.006852139253169298
-0.006842017639428377
-0.006831919774413109
-0.006821846589446068
-0.006811797618865967
-0.006801772862672806
-0.006791773252189159
-0.006781799253076315
-0.006771850865334272
-0.006761927623301744
-0.006752029526978731
-0.00674215704202652
-0.006732309702783823
-0.006722487043589354
-0.006712688133120537
-0.006702912971377373
-0.006693162024021149
-0.006683434825390577
-0.006673731841146946
-0.00666405213996768
-0.006654397118836641
-0.00664476677775383
-0.006635161116719246
-0.006625580135732889
-0.006616023369133472
-0.006606490816920996
-0.006596982013434172
-0.006587496027350426
-0.006578033324331045
-0.006568592507392168
-0.006559174042195082
-0.006549777463078499
-0.006540402304381132
-0.006531048566102982
-0.006521716713905334
-0.006512407679110765
-0.006503121461719275
-0.006493857596069574
-0.00648461701348424
-0.006475398782640696
-0.006466202903538942
-0.006457030773162842
-0.006447880994528532
-0.006438753567636013
-0.006429646164178848
-0.00642055831849575
-0.006411490961909294
-0.006402443628758192
-0.006393416319042444
-0.006384408101439476
-0.006375420372933149
-0.006366452667862177
-0.006357505451887846
-0.006348578725010157
-0.006339672021567822
-0.006330785807222128
-0.006321920547634363
-0.006313075311481953
-0.006304249167442322
-0.006295442581176758
-0.006286654621362686
-0.00627788482233882
-0.006269132252782583
-0.006260396912693977
-0.006251678336411715
-0.006242975126951933
-0.00623428774997592
-0.006225614342838526
-0.006216955371201038
-0.006208309438079596
-0.006199675612151623
-0.006191052496433258
-0.006182439625263214
-0.006173835601657629
-0.006165239494293928
-0.006156650371849537
-0.006148066837340593
-0.006139487028121948
-0.006130910944193602
-0.006122336257249117
-0.006113761570304632
-0.006105184089392424
-0.006096601951867342
-0.006088013295084238
-0.006079415325075388
-0.006070805713534355
-0.006062181666493416
-0.006053540389984846
-0.006044878624379635
-0.006036191713064909
-0.006027476396411657
-0.006018729414790869
-0.006009947042912245
-0.0060011250898242
-0.005992259364575148
-0.005983345676213503
-0.005974379368126392
-0.00596535624936223
-0.005956270731985569
-0.005947117228060961
-0.005937891080975533
-0.005928585305809975
-0.005919195245951414
-0.005909713916480541
-0.005900135263800621
-0.005890452768653631
-0.005880660377442837
-0.005870751570910215
-0.005860720295459032
-0.005850559566169977
-0.005840263795107603
-0.005829827394336462
-0.005819244775921106
-0.005808511283248663
-0.005797620862722397
-0.005786570254713297
-0.005775354336947203
-0.005763968452811241
-0.005752409342676401
-0.005740673281252384
-0.005728757940232754
-0.00571666331961751
-0.005704387556761503
-0.005691931582987309
-0.005679295863956213
-0.005666483193635941
-0.005653496831655502
-0.005640340968966484
-0.005627020727843046
-0.005613542627543211
-0.00559991504997015
-0.005586145911365747
-0.005572245456278324
-0.005558224394917488
-0.005544094834476709
-0.005529870744794607
-0.005515565630048513
-0.005501197185367346
-0.00548678170889616
-0.005472336895763874
-0.005457882769405842
-0.005443439353257418
-0.005429028533399105
-0.005414671264588833
-0.005400389898568392
-0.005386206787079573
-0.005372144747525454
-0.005358226597309113
-0.005344475619494915
-0.005330914165824652
-0.005317564122378826
-0.005304447375237942
-0.005291585344821215
-0.005278996657580137
-0.005266699474304914
-0.005254711024463177
-0.00524304760619998
-0.005231722723692656
-0.005220748484134674
-0.005210136063396931
-0.005199891980737448
-0.00519002228975296
-0.005180530250072479
-0.005171418190002441
-0.00516268378123641
-0.005154324695467949
-0.00514633534476161
-0.005138708278536797
-0.005131434183567762
-0.005124502349644899
-0.005117899272590876
-0.005111610982567072
-0.005105622578412294
-0.005099917761981487
-0.005094479769468307
-0.005089290905743837
-0.005084333475679159
-0.005079591181129217
-0.005075048189610243
-0.005070689599961042
-0.005066501442342997
-0.005062471143901348
-0.005058588925749063
-0.005054846405982971
-0.005051238462328911
-0.005047761835157871
-0.00504441699013114
-0.00504120672121644
-0.00503813661634922
-0.005035216454416513
-0.00503245647996664
-0.005029872059822083
-0.00502748042345047
-0.005025299731642008
-0.0050233518704772
-0.005021658260375261
-0.005020242650061846
-0.00501912971958518
-0.005018344614654779
-0.005017911549657583
-0.005017853807657957
-0.005018193274736404
-0.005018951836973429
-0.005020145326852798
-0.005021788645535707
-0.005023893434554338
-0.005026465747505426
-0.005029506515711546
-0.005033012945204973
-0.005036976188421249
-0.005041381344199181
-0.005046207457780838
-0.005051427986472845
-0.00505701033398509
-0.005062917247414589
-0.00506910402327776
-0.005075521301478148
-0.005082115530967712
-0.005088828969746828
-0.005095599684864283
-0.00510236294940114
-0.005109052173793316
-0.005115598440170288
-0.00512193376198411
-0.005127990152686834
-0.005133701488375664
-0.00513900350779295
-0.005143837537616491
-0.00514814630150795
-0.005151879973709583
-0.005154992453753948
-0.005157446954399347
-0.005159213207662106
-0.005160266999155283
-0.005160594824701548
-0.005160191562026739
-0.005159060005098581
-0.005157211795449257
-0.005154667422175407
-0.005151455290615559
-0.005147611722350121
-0.005143181420862675
-0.005138215143233538
-0.005132769700139761
-0.005126907024532557
-0.005120692774653435
-0.005114195868372917
-0.005107488483190536
-0.0051006437279284
-0.005093731917440891
-0.00508682569488883
-0.005079993512481451
-0.005073301028460264
-0.005066808313131332
-0.005060573108494282
-0.005054645240306854
-0.005049068480730057
-0.005043879151344299
-0.005039106123149395
-0.005034771747887135
-0.005030888598412275
-0.005027461796998978
-0.005024489481002092
-0.005021960940212011
-0.005019859876483679
-0.005018162075430155
-0.005016837269067764
-0.005015849601477385
-0.00501515856012702
-0.005014720372855663
-0.005014486145228148
-0.005014405585825443
-0.005014428868889809
-0.00501450477167964
-0.005014581605792046
-0.005014610011130571
-0.005014542490243912
-0.00501433527097106
-0.005013946443796158
-0.005013340152800083
-0.005012483801692724
-0.005011352244764566
-0.005009923595935106
-0.005008183419704437
-0.005006123334169388
-0.005003740545362234
-0.005001038312911987
-0.004998025484383106
-0.004994715563952923
-0.004991129506379366
-0.004987291991710663
-0.004983230959624052
-0.004978979006409645
-0.004974571522325277
-0.004970046691596508
-0.004965443164110184
-0.004960800986737013
-0.004956159275025129
-0.00495155667886138
-0.004947029519826174
-0.004942611325532198
-0.004938333760946989
-0.004934224300086498
-0.004930305294692516
-0.004926595371216536
-0.004923107102513313
-0.004919848404824734
-0.004916820675134659
-0.004914020653814077
-0.004911440424621105
-0.004909065552055836
-0.004906877875328064
-0.004904855974018574
-0.004902972374111414
-0.004901197273284197
-0.004899499472230673
-0.004897847305983305
-0.004896204452961683
-0.004894538782536983
-0.004892817698419094
-0.004891010466963053
-0.004889089614152908
-0.004887031391263008
-0.004884814843535423
-0.004882424604147673
-0.004879850428551435
-0.004877087660133839
-0.004874136298894882
-0.004871001932770014
-0.004867694806307554
-0.004864230286329985
-0.004860627464950085
-0.004856910090893507
-0.004853103309869766
-0.004849235061556101
-0.004845335148274899
-0.004841433372348547
-0.004837560001760721
-0.004833742510527372
-0.004830005578696728
-0.004826373420655727
-0.004822864197194576
-0.004819492809474468
-0.004816269036382437
-0.00481319846585393
-0.004810280632227659
-0.00480751134455204
-0.004804878961294889
-0.004802369046956301
-0.004799964837729931
-0.004797645378857851
-0.004795386921614408
-0.004793164785951376
-0.004790954757481813
-0.004788731224834919
-0.00478647043928504
-0.004784151446074247
-0.0047817537561059
-0.004779262933880091
-0.00477666687220335
-0.004773957189172506
-0.004771129228174686
-0.004768184386193752
-0.004765127785503864
-0.004761968739330769
-0.004758718889206648
-0.004755394533276558
-0.004752012901008129
-0.004748594481498003
-0.004745158832520247
-0.004741726908832788
-0.004738318268209696
-0.004734952002763748
-0.004731643479317427
-0.004728407133370638
-0.004725252278149128
-0.004722186829894781
-0.004719214048236609
-0.004716332536190748
-0.004713539965450764
-0.004710828885436058
-0.004708189517259598
-0.0047056102193892
-0.004703075625002384
-0.004700570367276669
-0.004698079079389572
-0.004695584531873465
-0.004693072754889727
-0.004690530709922314
-0.004687945824116468
-0.004685308784246445
-0.004682612605392933
-0.004679853096604347
-0.004677028395235538
-0.004674140363931656
-0.00467119412496686
-0.00466819666326046
-0.004665155429393053
-0.004662082064896822
-0.004658986814320087
-0.004655882716178894
-0.004652780946344137
-0.004649693612009287
-0.004646631889045238
-0.004643603228032589
-0.00464061601087451
-0.004637675825506449
-0.004634785931557417
-0.004631948657333851
-0.004629161674529314
-0.004626423586159945
-0.00462372787296772
-0.004621068947017193
-0.004618438426405191
-0.004615827463567257
-0.004613226745277643
-0.004610626492649317
-0.004608018323779106
-0.00460539385676384
-0.004602747038006783
-0.004600073210895061
-0.004597368184477091
-0.004594630561769009
-0.004591859877109528
-0.004589059390127659
-0.004586232360452414
-0.00458338251337409
-0.004580515902489424
-0.004577637650072575
-0.00457475520670414
-0.004571874160319567
-0.004569001030176878
-0.004566141869872808
-0.004563301801681519
-0.004560484085232019
-0.004557692911475897
-0.004554929677397013
-0.004552194382995367
-0.004549485631287098
-0.004546802956610918
-0.004544142168015242
-0.00454149954020977
-0.004538871813565493
-0.004536253865808249
-0.00453364010900259
-0.004531026352196932
-0.004528407473117113
-0.00452578067779541
-0.004523142706602812
-0.004520493093878031
-0.004517829976975918
-0.004515154287219048
-0.004512466490268707
-0.004509769380092621
-0.004507064819335938
-0.004504356067627668
-0.004501646850258112
-0.004498940426856279
-0.004496240057051182
-0.004493548069149256
-0.004490867257118225
-0.004488199949264526
-0.004485547542572021
-0.004482910968363285
-0.004480292089283466
-0.004477689974009991
-0.004475105088204145
-0.004472537431865931
-0.004469986073672771
-0.004467449616640806
-0.004464926198124886
-0.00446241395547986
-0.00445991288870573
-0.004457421135157347
-0.004454937763512135
-0.004452463239431381
-0.004449996165931225
-0.004447537939995527
-0.004445089492946863
-0.00444265129044652
-0.004440226592123508
-0.004437818191945553
-0.004435427952557802
-0.004433059133589268
-0.004430714994668961
-0.004428398795425892
-0.00442611426115036
-0.004423865117132664
-0.004421654623001814
-0.004419486038386822
-0.004417362157255411
-0.004415286239236593
-0.004413260612636805
-0.004411289002746344
-0.004409372806549072
-0.004407514818012714
-0.004405716899782419
-0.004403981380164623
-0.004402311518788338
-0.004400710109621286
-0.00439918041229248
-0.004397724755108356
-0.004396346863359213
-0.004395050927996635
-0.00439384113997221
-0.004392722155898809
-0.004391698632389307
-0.004390775226056576
-0.004389957990497351
-0.004389251582324505
-0.004388661123812199
-0.004388191271573305
-0.004387847613543272
-0.004387633875012398
-0.00438755564391613
-0.004387616645544767
-0.004387820139527321
-0.004388170316815376
-0.004388669040054083
-0.004389319103211164
-0.004390121437609196
-0.004391077440232038
-0.00439218757674098
-0.004393451847136021
-0.004394868854433298
-0.004396438132971525
-0.004398157354444265
-0.004400023724883795
-0.004402034915983677
-0.004404186271131039
-0.004406473599374294
-0.004408890847116709
-0.004411432426422834
-0.004414090421050787
-0.004416856914758682
-0.004419723991304636
-0.004422682337462902
-0.004425720311701298
-0.004428826738148928
-0.004431989509612322
-0.004435194656252861
-0.004438427742570639
-0.004441673401743174
-0.004444916266947985
-0.004448139574378729
-0.00445132702589035
-0.004454459063708782
-0.004457518924027681
-0.004460487049072981
-0.004463345278054476
-0.004466073587536812
-0.004468653816729784
-0.004471067804843187
-0.004473296459764242
-0.004475321155041456
-0.004477125592529774
-0.00447869161143899
-0.004480003379285336
-0.004481046460568905
-0.004481805954128504
-0.00448227021843195
-0.004482427146285772
-0.004482266027480364
-0.004481778014451265
-0.004480955190956593
-0.004479791969060898
-0.004478283692151308
-0.004476427100598812
-0.00447422219440341
-0.00447166757658124
-0.004468764644116163
-0.004465515725314617
-0.004461925011128187
-0.004457997623831034
-0.004453739617019892
-0.004449160303920507
-0.004444268997758627
-0.004439074546098709
-0.004433587193489075
-0.004427818115800619
-0.004421779420226812
-0.004415480885654688
-0.004408934619277716
-0.00440215365961194
-0.004395147319883108
-0.004387928172945976
-0.004380505997687578
-0.004372889641672373
-0.004365087486803532
-0.004357107449322939
-0.004348956514149904
-0.004340640269219875
-0.004332162905484438
-0.004323527682572603
-0.004314737860113382
-0.004305793903768063
-0.004296697676181793
-0.004287449177354574
-0.004278047475963831
-0.004268492106348276
-0.004258781671524048
-0.004248916171491146
-0.004238895140588284
-0.00422871857881546
-0.0042183892801404
-0.004207909107208252
-0.004197283182293177
-0.004186517093330622
-0.004175618290901184
-0.004164597019553185
-0.004153464920818806
-0.004142236430197954
-0.004130929708480835
-0.004119564313441515
-0.004108162596821785
-0.004096749238669872
-0.004085351247340441
-0.004073998890817165
-0.004062723368406296
-0.004051558673381805
-0.004040538799017668
-0.004029700066894293
-0.004019079729914665
-0.004008714575320482
-0.003998642787337303
-0.003988899290561676
-0.003979519009590149
-0.003970535006374121
-0.003961978480219841
-0.003953876439481974
-0.003946252632886171
-0.003939126152545214
-0.003932512365281582
-0.003926420118659735
-0.003920854534953833
-0.003915814217180014
-0.003911291714757681
-0.003907274454832077
-0.003903742413967848
-0.003900671843439341
-0.003898032242432237
-0.00389578752219677
-0.003893897635862231
-0.003892316250130534
-0.003890994004905224
-0.003889878513291478
-0.003888915292918682
-0.003888047067448497
-0.003887216560542583
-0.003886365331709385
-0.003885436337441206
-0.003884374396875501
-0.00388312665745616
-0.003881643759086728
-0.003879880765452981
-0.003877798561006784
-0.003875363152474165
-0.003872547065839171
-0.003869329579174519
-0.003865697653964162
-0.003861644770950079
-0.003857173258438706
-0.003852291498333216
-0.003847016021609306
-0.003841369645670056
-0.00383538194000721
-0.003829088993370533
-0.003822531318292022
-0.003815753851085901
-0.003808806417509913
-0.003801740240305662
-0.0037946084048599
-0.003787464462220669
-0.003780362661927938
-0.003773354925215244
-0.003766490845009685
-0.00375981698743999
-0.003753375727683306
-0.003747202921658754
-0.003741330932825804
-0.003735784441232681
-0.003730582073330879
-0.00372573547065258
-0.003721248591318727
-0.003717118641361594
-0.003713336773216724
-0.003709886223077774
-0.003706744639202952
-0.003703884314745665
-0.003701272653415799
-0.003698872402310371
-0.003696643281728029
-0.003694543382152915
-0.003692528232932091
-0.00369055406190455
-0.003688577562570572
-0.003686556592583656
-0.003684452036395669
-0.003682227339595556
-0.003679850837215781
-0.003677294356748462
-0.003674535779282451
-0.003671558806672692
-0.003668351098895073
-0.003664907766506076
-0.003661229507997632
-0.00365732260979712
-0.003653198480606079
-0.00364887504838407
-0.003644372802227736
-0.003639717353507876
-0.003634936874732375
-0.003630062332376838
-0.003625126322731376
-0.003620162606239319
-0.003615203546360135
-0.003610282205045223
-0.003605428850278258
-0.003600671654567122
-0.00359603576362133
-0.003591543063521385
-0.00358721031807363
-0.003583051264286041
-0.00357907428406179
-0.003575283335521817
-0.003571677254512906
-0.003568251151591539
-0.003564995713531971
-0.003561897668987513
-0.00355893955565989
-0.00355610204860568
-0.00355336326174438
-0.003550699213519692
-0.003548084758222103
-0.003545495681464672
-0.003542907303199172
-0.003540295409038663
-0.003537638112902641
-0.003534915391355753
-0.003532110480591655
-0.003529209876433015
-0.003526202868670225
-0.003523082472383976
-0.0035198456607759
-0.003516492899507284
-0.003513028612360358
-0.003509460017085075
-0.003505796892568469
-0.003502052742987871
-0.003498242469504476
-0.003494382603093982
-0.003490491304546595
-0.003486587200313807
-0.003482688451185822
-0.003478813217952847
-0.003474977798759937
-0.003471197560429573
-0.003467486472800374
-0.003463855711743236
-0.003460313891991973
-0.003456866601482034
-0.003453517099842429
-0.003450265154242516
-0.003447108436375856
-0.00344404112547636
-0.00344105577096343
-0.003438142826780677
-0.003435290418565273
-0.003432485274970531
-0.003429713426157832
-0.003426960902288556
-0.003424213267862797
-0.003421456553041935
-0.003418678184971213
-0.003415866754949093
-0.003413012716919184
-0.003410108620300889
-0.003407148877158761
-0.003404130693525076
-0.003401052905246615
-0.003397917142137885
-0.00339472689665854
-0.003391487989574671
-0.003388208104297519
-0.003384895157068968
-0.003381559392437339
-0.003378211287781596
-0.003374861087650061
-0.003371519735082984
-0.003368197707459331
-0.003364903852343559
-0.003361646551638842
-0.003358433255925775
-0.003355269087478518
-0.003352157771587372
-0.003349101403728127
-0.003346099518239498
-0.003343151183798909
-0.003340252209454775
-0.003337397938594222
-0.003334581851959229
-0.003331796731799841
-0.003329034661874175
-0.003326287493109703
-0.00332354661077261
-0.003320803865790367
-0.003318051574751735
-0.003315283451229334
-0.003312493674457073
-0.003309678053483367
-0.003306833328679204
-0.003303958335891366
-0.003301052376627922
-0.003298117313534021
-0.003295155707746744
-0.003292171750217676
-0.003289169864729047
-0.003286156337708235
-0.003283136989921331
-0.003280118806287646
-0.003277107840403914
-0.003274109913036227
-0.003271130844950676
-0.003268175991252065
-0.003265248611569405
-0.003262351267039776
-0.003259486053138971
-0.003256653435528278
-0.003253852715715766
-0.003251081798225641
-0.003248338121920824
-0.003245617961511016
-0.003242916893213987
-0.003240229794755578
-0.003237552009522915
-0.003234878182411194
-0.003232203889638186
-0.003229525405913591
-0.003226839005947113
-0.003224141197279096
-0.00322143011726439
-0.003218704601749778
-0.003215964417904615
-0.00321321003139019
-0.003210442839190364
-0.003207665169611573
-0.003204879583790898
-0.00320208934135735
-0.003199297934770584
-0.003196508856490254
-0.003193725598976016
-0.003190951654687524
-0.003188190050423145
-0.003185443114489317
-0.003182713175192475
-0.003180001629516482
-0.003177308943122625
-0.003174635116010904
-0.003171979915350676
-0.003169341245666146
-0.003166717709973454
-0.003164106979966164
-0.00316150626167655
-0.003158912761136889
-0.003156323917210102
-0.003153736935928464
-0.003151149488985538
-0.003148559480905533
-0.003145965747535229
-0.003143366659060121
-0.003140761749818921
-0.003138150554150343
-0.003135533770546317
-0.003132912330329418
-0.003130287164822221
-0.003127660136669874
-0.003125033341348171
-0.003122408408671618
-0.00311978766694665
-0.003117172745987773
-0.003114565508440137
-0.003111968049779534
-0.003109381068497896
-0.003106805495917797
-0.003104241797700524
-0.003101689973846078
-0.003099149558693171
-0.003096619620919228
-0.003094099229201674
-0.003091587219387293
-0.003089081728830934
-0.003086581360548735
-0.003084085183218122
-0.003081591799855232
-0.003079099580645561
-0.003076608059927821
-0.003074116306379437
-0.003071623854339123
-0.00306913023814559
-0.003066635457798839
-0.003064139513298869
-0.003061643103137612
-0.003059147391468287
-0.003056652843952179
-0.003054160391911864
-0.003051671199500561
-0.003049185499548912
-0.003046704921871424
-0.003044230164960027
-0.003041761694476008
-0.003039300441741943
-0.003036846406757832
-0.003034399822354317
-0.003031960688531399
-0.003029529005289078
-0.003027103608474135
-0.003024684265255928
-0.003022270277142525
-0.003019860712811351
-0.003017454640939832
-0.003015052061527967
-0.003012651344761252
-0.003010252257809043
-0.003007854102179408
-0.003005456645041704
-0.003003060119226575
-0.003000664757564664
-0.002998271025717258
-0.002995879389345646
-0.00299349008128047
-0.002991103334352374
-0.002988720079883933
-0.002986340317875147
-0.002983964746817946
-0.002981593599542975
-0.002979227574542165
-0.002976866904646158
-0.002974511589854956
-0.002972161630168557
-0.002969817025586963
-0.002967477543279529
-0.002965143416076899
-0.002962814178317785
-0.002960489364340901
-0.002958168042823672
-0.002955850213766098
-0.002953535178676248
-0.002951222704723477
-0.002948912093415856
-0.002946603577584028
-0.002944297390058637
-0.002941993530839682
-0.002939691767096519
-0.00293739209882915
-0.002935095224529505
-0.00293280091136694
-0.002930510090664029
-0.002928222296759486
-0.002925937762483954
-0.002923656487837434
-0.002921378472819924
-0.002919104183092713
-0.002916833385825157
-0.002914565848186612
-0.002912301803007722
-0.002910041250288486
-0.00290778442285955
-0.002905530855059624
-0.002903281711041927
-0.002901036292314529
-0.002898795064538717
-0.002896557794883847
-0.002894324716180563
-0.002892095828428864
-0.002889870433136821
-0.002887648297473788
-0.002885429421439767
-0.002883213106542826
-0.002880999352782965
-0.002878787461668253
-0.002876578131690621
-0.002874369965866208
-0.002872164128348231
-0.002869960386306047
-0.0028677589725703
-0.002865560352802277
-0.00286336406134069
-0.002861171262338758
-0.002858981490135193
-0.00285679567605257
-0.002854613587260246
-0.002852434990927577
-0.002850260119885206
-0.002848088974133134
-0.00284592155367136
-0.002843757392838597
-0.002841596491634846
-0.002839439315721393
-0.002837285399436951
-0.002835134277120233
-0.002832986414432526
-0.002830840880051255
-0.002828697906807065
-0.002826557494699955
-0.002824419643729925
-0.002822284586727619
-0.00282015185803175
-0.002818022156134248
-0.00281589524820447
-0.002813771599903703
-0.002811650978401303
-0.002809533849358559
-0.002807420212775469
-0.002805310068652034
-0.00280320318415761
-0.002801099326461554
-0.002798998728394508
-0.002796900924295187
-0.002794805448502302
-0.002792712766677141
-0.002790621947497129
-0.002788533689454198
-0.002786447526887059
-0.002784363692626357
-0.002782282885164022
-0.002780204638838768
-0.002778129186481237
-0.002776056993752718
-0.002773987129330635
-0.002771920058876276
-0.002769855782389641
-0.002767793601378798
-0.002765733748674393
-0.002763675758615136
-0.00276162032969296
-0.00275956722907722
-0.002757516456767917
-0.002755468245595694
-0.002753422362729907
-0.002751379041001201
-0.002749338746070862
-0.002747301245108247
-0.002745267003774643
-0.002743235323578119
-0.002741207368671894
-0.002739182207733393
-0.002737160306423903
-0.002735141199082136
-0.002733124885708094
-0.002731111366301775
-0.002729100408032537
-0.002727092010900378
-0.002725086407735944
-0.002723083132877946
-0.002721082419157028
-0.002719084499403834
-0.002717089140787721
-0.002715096808969975
-0.002713107038289309
-0.002711120061576366
-0.002709136344492435
-0.002707155421376228
-0.002705177525058389
-0.002703202189877629
-0.002701229648664594
-0.002699259668588638
-0.002697292016819119
-0.002695326693356037
-0.002693363465368748
-0.002691402332857251
-0.002689443295821548
-0.002687486121430993
-0.002685530809685588
-0.002683577127754688
-0.002681625308468938
-0.002679675351828337
-0.002677727956324816
-0.002675782889127731
-0.002673840150237083
-0.002671900438144803
-0.002669963520020247
-0.002668029861524701
-0.00266609899699688
-0.002664171392098069
-0.00266224704682827
-0.002660325961187482
-0.002658407669514418
-0.002656492637470365
-0.002654580166563392
-0.002652670256793499
-0.002650762675330043
-0.002648856956511736
-0.002646953333169222
-0.002645051805302501
-0.002643151907250285
-0.002641254104673862
-0.002639358397573233
-0.002637464785948396
-0.002635573502629995
-0.002633684081956744
-0.00263179698958993
-0.002629912691190839
-0.002628030721098185
-0.002626150846481323
-0.002624273533001542
-0.002622398314997554
-0.002620525192469358
-0.0026186543982476
-0.002616785932332277
-0.002614919561892748
-0.002613055054098368
-0.002611192408949137
-0.002609331626445055
-0.002607472706586123
-0.002605615649372339
-0.002603760687634349
-0.002601908054202795
-0.00260005728341639
-0.002598209073767066
-0.002596363192424178
-0.00259451987221837
-0.002592679113149643
-0.002590841380879283
-0.00258900667540729
-0.002587175229564309
-0.002585346344858408
-0.002583520486950874
-0.002581697190180421
-0.002579876221716404
-0.002578057581558824
-0.002576241502538323
-0.002574427286162972
-0.002572614932432771
-0.002570805139839649
-0.00256899674423039
-0.002567190444096923
-0.002565386239439249
-0.002563583664596081
-0.002561783418059349
-0.00255998526699841
-0.002558189444243908
-0.002556395716965199
-0.002554604317992926
-0.002552814548835158
-0.002551026875153184
-0.002549240831285715
-0.002547456417232752
-0.002545673865824938
-0.002543893177062273
-0.002542114350944757
-0.002540337387472391
-0.002538562286645174
-0.00253678928129375
-0.002535018604248762
-0.002533250488340855
-0.002531484700739384
-0.002529721474274993
-0.002527960343286395
-0.002526202006265521
-0.00252444576472044
-0.002522691618651152
-0.0025209398008883
-0.002519190078601241
-0.002517441753298044
-0.00251569552347064
-0.002513951156288385
-0.00251220865175128
-0.002510468009859324
-0.002508728997781873
-0.002506992314010859
-0.002505257725715637
-0.002503525698557496
-0.002501795999705791
-0.002500068629160523
-0.002498343121260405
-0.00249662040732801
-0.002494899788871408
-0.002493181498721242
-0.002491464838385582
-0.002489749807864428
-0.002488036872819066
-0.00248632556758821
-0.002484616125002503
-0.002482908079400659
-0.002481201430782676
-0.002479496877640486
-0.002477794419974089
-0.002476093824952841
-0.002474395092576742
-0.002472698455676436
-0.002471004379913211
-0.002469312632456422
-0.002467622980475426
-0.002465935423970222
-0.002464249962940812
-0.002462566597387195
-0.002460885560140014
-0.002459206385537982
-0.002457529306411743
-0.002455854322761297
-0.002454180968925357
-0.002452509477734566
-0.002450839383527637
-0.0024491713847965
-0.002447505015879869
-0.002445840043947101
-0.002444176701828837
-0.00244251498952508
-0.00244085444137454
-0.002439195290207863
-0.002437537536025047
-0.002435881644487381
-0.00243422738276422
-0.002432574750855565
-0.002430923981592059
-0.002429275074973702
-0.002427628031000495
-0.002425983315333724
-0.002424340462312102
-0.002422699937596917
-0.002421061741188169
-0.002419426338747144
-0.002417793031781912
-0.00241616228595376
-0.002414534334093332
-0.002412908477708697
-0.002411285182461143
-0.002409664215520024
-0.002408045111224055
-0.002406428335234523
-0.002404812723398209
-0.002403198974207044
-0.002401586621999741
-0.002399975666776299
-0.00239836610853672
-0.002396757714450359
-0.002395150251686573
-0.002393543953076005
-0.002391938818618655
-0.00239033461548388
-0.00238873204216361
-0.002387131098657846
-0.002385532250627875
-0.00238393503241241
-0.002382340375334024
-0.002380747813731432
-0.002379158046096563
-0.002377570373937488
-0.002375984564423561
-0.002374400850385427
-0.002372818998992443
-0.002371239010244608
-0.002369660418480635
-0.002368083456531167
-0.002366508357226849
-0.002364934654906392
-0.002363362349569798
-0.002361791441217065
-0.002360222628340125
-0.002358655445277691
-0.00235709035769105
-0.002355526899918914
-0.002353965071961284
-0.002352405106648803
-0.002350847003981471
-0.002349290763959289
-0.002347736153751612
-0.00234618317335844
-0.0023446308914572
-0.002343080239370465
-0.002341530751436949
-0.002339982427656651
-0.002338435966521502
-0.002336890902370214
-0.00233534793369472
-0.002333806594833732
-0.002332267118617892
-0.002330729737877846
-0.002329194685444236
-0.002327661495655775
-0.002326130168512464
-0.002324600936844945
-0.002323073800653219
-0.002321548061445355
-0.002320024184882641
-0.002318501938134432
-0.002316981321200728
-0.002315462101250887
-0.002313944511115551
-0.002312428783625364
-0.00231091515161097
-0.002309403382241726
-0.002307893242686987
-0.00230638450011611
-0.002304877154529095
-0.002303371438756585
-0.002301866887137294
-0.002300363732501864
-0.002298861974850297
-0.002297361614182591
-0.002295862883329391
-0.002294365549460053
-0.002292870078235865
-0.002291376469656825
-0.002289884723722935
-0.002288395073264837
-0.002286906819790602
-0.002285420196130872
-0.002283935202285647
-0.002282451838254929
-0.002280969871208072
-0.002279489301145077
-0.002278010360896587
-0.00227653281763196
-0.002275056671351194
-0.002273581922054291
-0.002272108569741249
-0.002270636614412069
-0.002269165823236108
-0.002267696196213365
-0.002266228431835771
-0.002264762297272682
-0.002263297792524099
-0.002261835150420666
-0.002260374138131738
-0.002258914755657315
-0.002257457002997398
-0.002256000880151987
-0.002254546619951725
-0.002253094222396612
-0.002251643454656005
-0.00225019408389926
-0.002248746110126376
-0.002247299766167998
-0.002245854353532195
-0.002244410570710897
-0.002242967952042818
-0.002241526730358601
-0.002240087138488889
-0.002238648943603039
-0.002237212145701051
-0.002235776744782925
-0.002234342508018017
-0.002232909435406327
-0.0022314777597785
-0.00223004724830389
-0.002228618366643786
-0.002227191114798188
-0.002225765725597739
-0.002224341966211796
-0.002222919836640358
-0.002221499569714069
-0.002220081863924861
-0.002218666253611445
-0.002217252505943179
-0.002215840853750706
-0.002214430831372738
-0.002213022205978632
-0.002211615210399032
-0.00221020937897265
-0.002208804944530129
-0.002207401674240828
-0.002205999102443457
-0.002204598160460591
-0.002203197916969657
-0.002201798604801297
-0.002200400456786156
-0.002199003240093589
-0.002197606954723597
-0.002196211833506823
-0.002194817643612623
-0.002193424850702286
-0.002192033221945167
-0.002190643455833197
-0.002189255319535732
-0.00218786858022213
-0.00218648393638432
-0.00218510115519166
-0.002183720469474792
-0.002182341879233718
-0.002180965151637793
-0.002179590286687016
-0.00217821728438139
-0.002176845911890268
-0.002175475470721722
-0.002174106426537037
-0.00217273854650557
-0.002171371132135391
-0.002170004649087787
-0.002168639097362757
-0.002167274011299014
-0.002165909856557846
-0.002164546633139253
-0.002163184573873878
-0.002161824144423008
-0.002160466043278575
-0.002159109804779291
-0.002157755894586444
-0.002156404312700033
-0.002155054826289415
-0.002153707202523947
-0.002152361674234271
-0.002151017775759101
-0.002149675274267793
-0.002148333936929703
-0.002146993298083544
-0.002145653590559959
-0.00214431481435895
-0.002142976736649871
-0.002141639124602079
-0.002140302211046219
-0.002138966228812933
-0.002137630945071578
-0.002136296592652798
-0.002134963404387236
-0.002133631380274892
-0.002132300520315766
-0.002130971057340503
-0.002129642991349101
-0.002128316788002849
-0.002126992447301745
-0.002125669736415148
-0.002124348888173699
-0.002123029669746757
-0.002121712313964963
-0.002120396820828319
-0.002119083190336823
-0.002117770723998547
-0.002116459654644132
-0.002115149982273579
-0.0021138412412256
-0.002112533431500196
-0.002111226553097367
-0.002109920606017113
-0.002108615124598145
-0.002107310807332397
-0.002106007887050509
-0.002104706130921841
-0.002103405771777034
-0.002102107275277376
-0.002100811107084155
-0.00209951656870544
-0.002098223892971873
-0.002096932847052813
-0.002095643430948257
-0.002094355644658208
-0.00209306925535202
-0.002091784030199051
-0.002090499503538013
-0.002089215908199549
-0.002087932545691729
-0.002086649881675839
-0.00208536721765995
-0.002084085252135992
-0.002082803752273321
-0.002081523183733225
-0.002080243546515703
-0.0020789650734514
-0.002077687997370958
-0.002076412318274379
-0.002075138036161661
-0.002073865616694093
-0.002072595059871674
-0.002071326598525047
-0.00207005999982357
-0.002068795030936599
-0.002067531691864133
-0.00206627044826746
-0.002065010834485292
-0.002063752850517631
-0.002062496496364474
-0.002061241306364536
-0.002059986814856529
-0.00205873348750174
-0.002057481091469526
-0.002056229626759887
-0.002054978627711535
-0.002053728327155113
-0.002052478957921267
-0.002051230752840638
-0.002049983944743872
-0.002048738766461611
-0.002047495217993855
-0.002046253066509962
-0.002045012079179287
-0.002043772954493761
-0.002042534993961453
-0.002041298197582364
-0.002040062332525849
-0.002038827631622553
-0.002037593629211187
-0.002036360558122396
-0.002035128185525537
-0.002033896744251251
-0.00203266553580761
-0.002031435491517186
-0.002030206611379981
-0.002028978662565351
-0.002027751645073295
-0.002026526024565101
-0.002025302033871412
-0.002024079672992229
-0.002022858709096909
-0.002021639375016093
-0.00202042143791914
-0.002019204897806048
-0.002017989289015532
-0.002016774611547589
-0.002015561331063509
-0.002014349214732647
-0.002013138262555003
-0.002011928241699934
-0.002010719152167439
-0.00200951099395752
-0.002008303999900818
-0.002007098635658622
-0.002005894668400288
-0.002004692098125815
-0.002003490924835205
-0.002002291148528457
-0.002001092536374927
-0.001999895321205258
-0.001998699503019452
-0.00199750461615622
-0.001996311126276851
-0.001995118800550699
-0.00199392787180841
-0.001992737408727407
-0.00199154787696898
-0.001990359276533127
-0.001989171374589205
-0.001987984171137214
-0.00198679743334651
-0.001985611394047737
-0.001984426518902183
-0.001983242575079203
-0.001982059562578797
-0.001980877947062254
-0.001979697262868285
-0.001978517509996891
-0.001977338921278715
-0.001976161496713758
-0.001974985701963305
-0.001973810838535428
-0.001972637604922056
-0.001971465768292546
-0.001970295095816255
-0.001969125354662538
-0.00196795747615397
-0.00196679076179862
-0.001965625211596489
-0.001964460825547576
-0.001963297836482525
-0.001962136244401336
-0.001960975583642721
-0.001959816087037325
-0.001958657521754503
-0.001957499654963613
-0.001956342486664653
-0.00195518578402698
-0.001954030012711883
-0.001952874707058072
-0.001951720449142158
-0.001950567355379462
-0.001949415425769985
-0.001948265009559691
-0.001947116106748581
-0.001945968833751976
-0.001944823423400521
-0.001943679875694215
-0.001942537724971771
-0.001941396971233189
-0.001940257381647825
-0.001939118490554392
-0.001937980530783534
-0.001936842920258641
-0.001935705658979714
-0.001934568863362074
-0.001933432416990399
-0.001932296901941299
-0.001931161852553487
-0.001930027850903571
-0.001928894896991551
-0.001927763107232749
-0.001926632598042488
-0.00192550360225141
-0.001924376119859517
-0.001923250267282128
-0.001922126160934567
-0.001921003218740225
-0.0019198814406991
-0.001918760593980551
-0.001917640562169254
-0.00191652134526521
-0.001915402710437775
-0.001914284774102271
-0.001913167536258698
-0.001912051229737699
-0.001910935738123953
-0.00190982106141746
-0.001908707316033542
-0.00190759461838752
-0.001906483084894717
-0.001905372831970453
-0.001904263743199408
-0.001903155934996903
-0.001902049640193582
-0.001900944858789444
-0.001899841125123203
-0.001898738672025502
-0.001897637383081019
-0.001896537025459111
-0.001895437715575099
-0.001894339569844306
-0.001893242239020765
-0.001892145955935121
-0.001891050487756729
-0.00188995583448559
-0.001888861996121705
-0.001887768972665071
-0.001886676764115691
-0.001885585486888885
-0.001884495140984654
-0.001883405726402998
-0.00188231747597456
-0.001881229924038053
-0.001880143419839442
-0.001879057730548084
-0.001877973088994622
-0.001876889378763735
-0.001875806599855423
-0.001874724635854363
-0.001873643486760557
-0.001872563152574003
-0.00187148351687938
-0.001870404812507331
-0.001869327039457858
-0.001868250081315637
-0.001867174170911312
-0.001866099541075528
-0.001865026075392962
-0.001863953657448292
-0.00186288240365684
-0.001861812197603285
-0.001860743039287627
-0.001859674928709865
-0.001858607982285321
-0.00185754185076803
-0.001856476650573313
-0.001855412614531815
-0.001854349626228213
-0.001853287336416543
-0.001852226094342768
-0.001851165667176247
-0.001850105822086334
-0.001849046791903675
-0.001847988576628268
-0.001846931059844792
-0.001845874474383891
-0.00184481858741492
-0.001843763631768525
-0.001842709840275347
-0.001841657096520066
-0.00184060528408736
-0.001839554635807872
-0.001838504686020315
-0.001837456016801298
-0.001836408395320177
-0.001835362054407597
-0.001834316994063556
-0.001833272981457412
-0.001832230133004487
-0.001831188215874135
-0.001830147346481681
-0.001829107641242445
-0.001828068867325783
-0.001827031141147017
-0.001825994346290827
-0.001824958599172533
-0.001823923783376813
-0.001822889898903668
-0.001821856945753098
-0.001820824923925102
-0.001819793717004359
-0.001818763208575547
-0.001817733515053988
-0.001816704636439681
-0.001815676456317306
-0.001814649207517505
-0.001813622773624957
-0.001812596805393696
-0.001811571535654366
-0.001810546847991645
-0.001809522858820856
-0.001808499684557319
-0.001807477208785713
-0.001806455431506038
-0.001805434469133615
-0.001804414438083768
-0.001803395338356495
-0.001802377053536475
-0.001801359816454351
-0.001800343859940767
-0.001799329067580402
-0.001798315555788577
-0.001797303440980613
-0.001796292373910546
-0.001795282587409019
-0.001794273965060711
-0.001793266041204333
-0.00179225904867053
-0.001791252638213336
-0.001790247159078717
-0.001789242378436029
-0.001788238296285272
-0.001787234912626445
-0.001786232693120837
-0.00178523117210716
-0.001784230466000736
-0.001783230807632208
-0.001782231964170933
-0.001781234052032232
-0.001780237071216106
-0.001779241021722555
-0.001778245903551579
-0.001777251716703176
-0.001776258344762027
-0.001775265671312809
-0.0017742735799402
-0.001773282303474844
-0.001772291492670774
-0.001771301380358636
-0.001770311850123107
-0.001769323134794831
-0.001768335234373808
-0.001767348265275359
-0.001766362227499485
-0.001765377586707473
-0.001764393877238035
-0.001763411099091172
-0.001762429485097528
-0.001761449035257101
-0.001760469633154571
-0.001759491162374616
-0.001758513622917235
-0.001757536781951785
-0.001756560755893588
-0.001755585311912
-0.001754610682837665
-0.001753636635839939
-0.0017526630545035
-0.001751690055243671
-0.001750717521645129
-0.001749745802953839
-0.001748774782754481
-0.001747804693877697
-0.001746835419908166
-0.001745867193676531
-0.001744900015182793
-0.001743934000842273
-0.00174296903423965
-0.001742005115374923
-0.001741042360663414
-0.001740080420859158
-0.001739119295962155
-0.001738158636726439
-0.001737198675982654
-0.001736239297315478
-0.001735280500724912
-0.001734322053380311
-0.001733364071696997
-0.001732406788505614
-0.001731450320221484
-0.001730494783259928
-0.001729540410451591
-0.001728587318211794
-0.001727635506540537
-0.001726684859022498
-0.001725735492072999
-0.001724787405692041
-0.001723840250633657
-0.001722894026897848
-0.001721948618069291
-0.001721003907732666
-0.001720059546642005
-0.001719115534797311
-0.001718171872198582
-0.001717228558845818
-0.001716285711154342
-0.001715343445539474
-0.001714401762001216
-0.001713460776954889
-0.001712520606815815
-0.001711581367999315
-0.001710643176920712
-0.001709706149995327
-0.001708769937977195
-0.001707834890112281
-0.00170690065715462
-0.001705967355519533
-0.001705034868791699
-0.001704102964140475
-0.001703171641565859
-0.001702240784652531
-0.00170131039340049
-0.001700380584225059
-0.001699451473541558
-0.001698523294180632
-0.001697596278972924
-0.001696670311503112
-0.001695745508186519
-0.001694821869023144
-0.001693899626843631
-0.001692978665232658
-0.001692058867774904
-0.001691140234470367
-0.001690222765319049
-0.001689306227490306
-0.001688390271738172
-0.001687475014477968
-0.001686560222879052
-0.00168564566411078
-0.001684731454588473
-0.00168381747789681
-0.001682903617620468
-0.001681989757344127
-0.001681075897067785
-0.001680162386037409
-0.001679249457083642
-0.001678337110206485
-0.001677425461821258
-0.001676514628343284
-0.001675604842603207
-0.001674696221016347
-0.001673788763582706
-0.001672882353886962
-0.001671977224759758
-0.001671073259785771
-0.001670170342549682
-0.00166926858946681
-0.001668367767706513
-0.001667467760853469
-0.001666568568907678
-0.001665670075453818
-0.001664772047661245
-0.001663874485529959
-0.001662977389059961
-0.001662080874666572
-0.001661185175180435
-0.00166029017418623
-0.001659395755268633
-0.001658502034842968
-0.001657608896493912
-0.001656716340221465
-0.00165582459885627
-0.001654933905228972
-0.001654044375754893
-0.001653155777603388
-0.001652268110774457
-0.001651381608098745
-0.001650495803914964
-0.001649610931053758
-0.001648726873099804
-0.001647843397222459
-0.001646960619837046
-0.001646078540943563
-0.001645196927711368
-0.00164431578014046
-0.001643434981815517
-0.00164255453273654
-0.001641674432903528
-0.001640794682316482
-0.001639915280975401
-0.001639036345295608
-0.001638158108107746
-0.001637280452996492
-0.001636403379961848
-0.001635527121834457
-0.00163465179502964
-0.001633777399547398
-0.001632904051803052
-0.001632031751796603
-0.00163116049952805
-0.001630290178582072
-0.001629420905373991
-0.001628552563488483
-0.001627684920094907
-0.001626817975193262
-0.001625951728783548
-0.001625086297281086
-0.001624221447855234
-0.001623356947675347
-0.001622492913156748
-0.001621629227884114
-0.001620766124688089
-0.001619903487153351
-0.001619041431695223
-0.001618179958313704
-0.001617319299839437
-0.001616459456272423
-0.001615600544027984
-0.001614742446690798
-0.00161388551350683
-0.001613029628060758
-0.001612174790352583
-0.001611321116797626
-0.001610468374565244
-0.001609616680070758
-0.001608766266144812
-0.001607916667126119
-0.001607067999430001
-0.00160621979739517
-0.001605371944606304
-0.001604524557478726
-0.001603677286766469
-0.001602830016054213
-0.001601982861757278
-0.001601135823875666
-0.001600288902409375
-0.001599442213773727
-0.001598595757968724
-0.001597749534994364
-0.001596903894096613
-0.001596059068106115
-0.001595214940607548
-0.001594371977262199
-0.001593530178070068
-0.001592689659446478
-0.001591850537806749
-0.001591013045981526
-0.001590176951140165
-0.001589342020452023
-0.001588508021086454
-0.001587675069458783
-0.00158684269990772
-0.001586010796017945
-0.001585179241374135
-0.001584347919560969
-0.001583516830578446
-0.001582685858011246
-0.001581855118274689
-0.001581024494953454
-0.001580194104462862
-0.00157936429604888
-0.001578535186126828
-0.001577706541866064
-0.001576878712512553
-0.001576051698066294
-0.00157522561494261
-0.001574400113895535
-0.00157357519492507
-0.001572751090861857
-0.001571927685290575
-0.001571105094626546
-0.001570282969623804
-0.001569461892358959
-0.001568641630001366
-0.001567822182551026
-0.001567003666423261
-0.001566186081618071
-0.001565369428135455
-0.001564553705975413
-0.001563738798722625
-0.001562924706377089
-0.001562111312523484
-0.001561298500746489
-0.001560486271046102
-0.001559674623422325
-0.001558863441459835
-0.00155805260874331
-0.001557242008857429
-0.001556431874632835
-0.001555622089654207
-0.001554812537506223
-0.001554003451019526
-0.001553194830194116
-0.001552386791445315
-0.001551579334773123
-0.001550772343762219
-0.001549965934827924
-0.00154916022438556
-0.001548355096019804
-0.00154755066614598
-0.001546746934764087
-0.001545943669043481
-0.00154514133464545
-0.001544339815154672
-0.001543538877740502
-0.00154273840598762
-0.001541938516311347
-0.001541139208711684
-0.001540340483188629
-0.001539542339742184
-0.001538744545541704
-0.001537947333417833
-0.001537150936201215
-0.001536355237476528
-0.001535560353659093
-0.00153476616833359
-0.001533973030745983
-0.001533180708065629
-0.00153238931670785
-0.001531598973087966
-0.001530809444375336
-0.001530020846985281
-0.001529233064502478
-0.001528445980511606
-0.001527659362182021
-0.001526873209513724
-0.001526087406091392
-0.001525301951915026
-0.001524516846984625
-0.001523731974884868
-0.001522947335615754
-0.001522162929177284
-0.00152137887198478
-0.001520595164038241
-0.001519811921752989
-0.001519029028713703
-0.001518246368505061
-0.001517464057542384
-0.00151668197941035
-0.001515899901278317
-0.001515117706730962
-0.001514335395768285
-0.001513552735559642
-0.001512769609689713
-0.001511986018158495
-0.001511201844550669
-0.001510416739620268
-0.001509630586951971
-0.001508843502961099
-0.001508055138401687
-0.001507265260443091
-0.00150647375266999
-0.001505680498667061
-0.001504884916357696
-0.001504086772911251
-0.001503285369835794
-0.001502480357885361
-0.001501671504229307
-0.001500858110375702
-0.001500040059909225
-0.001499216537922621
-0.001498387078754604
-0.001497551100328565
-0.00149670778773725
-0.001495856209658086
-0.001494995900429785
-0.001494125463068485
-0.001493243966251612
-0.001492350362241268
-0.001491443021222949
-0.001490520313382149
-0.001489580259658396
-0.001488621346652508
-0.001487641595304012
-0.001486638560891151
-0.00148561003152281
-0.001484553795307875
-0.001483466941863298
-0.001482347026467323
-0.001481191022321582
-0.001479996019043028
-0.00147875864058733
-0.001477475045248866
-0.00147614162415266
-0.001474753953516483
-0.001473307493142784
-0.001471797470003366
-0.001470218994654715
-0.001468566595576704
-0.001466834452003241
-0.001465016743168235
-0.001463106833398342
-0.001461098319850862
-0.001458984101191163
-0.001456756726838648
-0.001454408862628043
-0.001451932592317462
-0.001449319534003735
-0.001446561189368367
-0.001443648594431579
-0.001440572668798268
-0.001437323866412044
-0.001433892524801195
-0.0014302683994174
-0.001426441129297018
-0.001422399887815118
-0.001418134430423379
-0.001413633464835584
-0.001408886164426804
-0.001403881586156785
-0.001398608670569956
-0.00139305682387203
-0.001387215568684042
-0.001381074660457671
-0.001374624436721206
-0.001367855002172291
-0.001360757276415825
-0.00135332252830267
-0.001345542841590941
-0.001337410882115364
-0.001328920247033238
-0.001320065115578473
-0.00131084059830755
-0.001301243202760816
-0.001291270367801189
-0.001280920580029488
-0.001270194188691676
-0.001259092707186937
-0.001247619395144284
-0.001235779142007232
-0.001223578350618482
-0.001211025752127171
-0.001198131474666297
-0.001184907858259976
-0.001171368989162147
-0.00115753139834851
-0.001143412897363305
-0.001129034091718495
-0.001114416867494583
-0.001099585671909153
-0.001084566349163651
-0.001069386722519994
-0.001054076361469924
-0.001038666465319693
-0.001023189863190055
-0.001007680664770305
-0.0009921741439029574
-0.0009767067385837436
-0.0009613158763386309
-0.0009460394503548741
-0.0009309158776886761
-0.0009159835171885788
-0.000901280902326107
-0.0008868459844961762
-0.0008727162494324148
-0.000858927785884589
-0.0008455156348645687
-0.0008325131493620574
-0.0008199517615139484
-0.0008078605169430375
-0.0007962659001350403
-0.0007851913687773049
-0.000774657295551151
-0.0007646807353012264
-0.0007552749593742192
-0.0007464491063728929
-0.0007382084731943905
-0.0007305542239919305
-0.000723482808098197
-0.0007169866003096104
-0.0007110533188097179
-0.0007056661997921765
-0.0007008040556684136
-0.0006964414496906102
-0.0006925489287823439
-0.0006890927325002849
-0.0006860356661491096
-0.0006833372754044831
-0.0006809538463130593
-0.0006788393366150558
-0.0006769453757442534
-0.0006752219051122665
-0.000673617934808135
-0.0006720817182213068
-0.0006705612177029252
-0.0006690050940960646
-0.0006673631141893566
-0.0006655866745859385
-0.0006636294419877231
-0.0006614477024413645
-0.0006590012344531715
-0.0006562536000274122
-0.0006531726685352623
-0.0006497311405837536
-0.000645906780846417
-0.0006416828255169094
-0.00063704838976264
-0.0006319982931017876
-0.0006265334086492658
-0.0006206606631167233
-0.000614392920397222
-0.0006077488651499152
-0.0006007527699694037
-0.0005934342625550926
-0.000585827452596277
-0.0005779710481874645
-0.0005699074827134609
-0.0005616821581497788
-0.0005533430958166718
-0.0005449402378872037
-0.0005365243996493518
-0.0005281468038447201
-0.0005198580911383033
-0.0005117077380418777
-0.000503743183799088
-0.0004960091901011765
-0.0004885470261797309
-0.0004813939158339053
-0.0004745825717691332
-0.0004681402933783829
-0.0004620889958459884
-0.0004564448026940227
-0.0004512176383286715
-0.0004464113735593855
-0.0004420235345605761
-0.0004380456230137497
-0.0004344633489381522
-0.0004312569508329034
-0.0004284015449229628
-0.0004258679400663823
-0.0004236230452079326
-0.0004216308007016778
-0.0004198527312837541
-0.0004182489356026053
-0.0004167789302300662
-0.000415402464568615
-0.0004140805685892701
-0.0004127763968426734
-0.000411455926951021
-0.0004100888036191463
-0.0004086492408532649
-0.0004071164585184306
-0.0004054752935189754
-0.0004037167818751186
-0.0004018382751382887
-0.0003998437605332583
-0.0003977438900619745
-0.0003955560096073896
-0.0003933038969989866
-0.0003910175582859665
-0.0003887324710376561
-0.0003864892642013729
-0.0003843329905066639
-0.0003823123115580529
-0.0003804785665124655
-0.0003788851026911288
-0.0003775860241148621
-0.0003766354930121452
-0.0003760864783544093
-0.0003759900573641062
-0.0003763943095691502
-0.0003773435892071575
-0.0003788777976296842
-0.0003810315392911434
-0.0003838338307105005
-0.0003873073437716812
-0.0003914683184120804
-0.0003963262715842575
-0.0004018839390482754
-0.0004081374499946833
-0.0004150763270445168
-0.0004226838354952633
-0.0004309377109166235
-0.0004398103046696633
-0.0004492694861255586
-0.0004592790210153908
-0.0004697995027527213
-0.0004807889636140317
-0.0004922038642689586
-0.0005039996467530727
-0.0005161314038559794
-0.0005285546649247408
-0.0005412259488366544
-0.0005541033460758626
-0.000567146809771657
-0.0005803186213597655
-0.000593583332374692
-0.000606908171903342
-0.0006202627555467188
-0.0006336189690046012
-0.0006469509098678827
-0.0006602347129955888
-0.0006734476191923022
-0.0006865680916234851
-0.0006995751173235476
-0.0007124476251192391
-0.0007251643110066652
-0.0007377029396593571
-0.0007500401698052883
-0.0007621510303579271
-0.0007740087457932532
-0.0007855844451114535
-0.0007968474528752267
-0.0008077651145868003
-0.0008183029713109136
-0.0008284252253361046
-0.0008380947983823717
-0.000847274495754391
-0.0008559271227568388
-0.0008640166488476098
-0.0008715086150914431
-0.0008783710654824972
-0.0008845759439282119
-0.0008900992688722908
-0.0008949225302785635
-0.0008990330388769507
-0.0009024249739013612
-0.0009050998487509787
-0.0009070673258975148
-0.0009083452168852091
-0.0009089597733691335
-0.0009089456289075315
-0.0009083458571694791
-0.0009072113898582757
-0.0009056007838808
-0.0009035791736096144
-0.0009012177470140159
-0.0008985924068838358
-0.0008957827230915427
-0.0008928707102313638
-0.0008899396634660661
-0.0008870727615430951
-0.0008843513787724078
-0.0008818538626655936
-0.0008796542533673346
-0.0008778210030868649
-0.0008764156373217702
-0.0008754918817430735
-0.000875094614457339
-0.0008752592257224023
-0.0008760111522860825
-0.0008773651206865907
-0.0008793253800831735
-0.0008818857604637742
-0.0008850294398143888
-0.0008887301664799452
-0.0008929520263336599
-0.0008976507233455777
-0.0009027746855281293
-0.0009082657634280622
-0.0009140605689026415
-0.0009200919303111732
-0.0009262897074222565
-0.0009325823630206287
-0.0009388984180986881
-0.0009451673831790686
-0.0009513212717138231
-0.0009572957060299814
-0.0009630306158214808
-0.0009684714605100453
-0.0009735698695294559
-0.0009782846318557858
-0.0009825819870457053
-0.0009864357998594642
-0.0009898280259221792
-0.0009927491191774607
-0.0009951973333954811
-0.0009971786057576537
-0.0009987071389332414
-0.0009998037712648511
-0.001000496442429721
-0.001000818680040538
-0.001000809366814792
-0.00100051227491349
-0.0009999745525419712
-0.0009992461418733001
-0.0009983789641410112
-0.0009974261047318578
-0.0009964401833713055
-0.0009954734705388546
-0.0009945766068994999
-0.0009937968570739031
-0.0009931788081303239
-0.0009927626233547926
-0.0009925835765898228
-0.0009926719358190894
-0.0009930513333529234
-0.0009937394643202424
-0.00099474738817662
-0.0009960791794583201
-0.0009977322770282626
-0.0009996972512453794
-0.001001957920379937
-0.001004492398351431
-0.001007272279821336
-0.001010264735668898
-0.001013432047329843
-0.00101673265453428
-0.001020122552290559
-0.001023555756546557
-0.001026985701173544
-0.001030365936458111
-0.001033651176840067
-0.001036798930726945
-0.001039769500494003
-0.001042528194375336
-0.001045044744387269
-0.001047295052558184
-0.001049261540174484
-0.001050933380611241
-0.001052307197824121
-0.001053386833518744
-0.001054183230735362
-0.001054714317433536
-0.001055004308000207
-0.001055083237588406
-0.001054986147210002
-0.001054752268828452
-0.001054423511959612
-0.001054043998010457
-0.001053658197633922
-0.001053310348652303
-0.001053042593412101
-0.001052894745953381
-0.001052902196533978
-0.001053096144460142
-0.001053501502610743
-0.001054137479513884
-0.001055016531608999
-0.001056144130416214
-0.001057518646121025
-0.001059132046066225
-0.001060969545505941
-0.001063010655343533
-0.00106522929854691
-0.001067595789209008
-0.001070076948963106
-0.001072637387551367
-0.001075240899808705
-0.001077851629815996
-0.001080434769392014
-0.001082958769984543
-0.001085394993424416
-0.001087719807401299
-0.001089914236217737
-0.001091965474188328
-0.001093866652809083
-0.001095617190003395
-0.001097222906537354
-0.001098695094697177
-0.001100050983950496
-0.001101312343962491
-0.001102505251765251
-0.001103658461943269
-0.001104803173802793
-0.00110597163438797
-0.001107196207158267
-0.001108507975004613
-0.001109936041757464
-0.001111506717279553
-0.001113242469727993
-0.001115161110647023
-0.001117276027798653
-0.001119595253840089
-0.001122121582739055
-0.001124852104112506
-0.001127779367379844
-0.001130891032516956
-0.001134170684963465
-0.001137598883360624
-0.001141153043136001
-0.001144809299148619
-0.001148542971350253
-0.001152329612523317
-0.001156145706772804
-0.001159969600848854
-0.001163782901130617
-0.001167570007964969
-0.001171319745481014
-0.001175025012344122
