0
0
0
0
0
0
0
0
0
0
0
0
0
0
0
0
0
0
0
0
0
0
0
0
0
0
0
0
0
0
0
0
0
0
0
0
0
0
0
0
0
0
0
0
0
0
0
0
0
0
0
0
0
0
0
0
0
0
0
0
0
0
0
0
0
0
0
0
0
0
0
0
0
0
0
0
0
0
0
0
0
0
0
0
0
0
0
0
0
0
0
0
0
0
0
0
0
0
0
0
0
0
0
0
0
0
0
0
0
0
0
0
0
0
0
0
0
0
0
0
0
0
0
0
0
0
0
0
0
0
0
0
0
0
0
0
0
0
0
0
0
0
0
0
0
0
0
0
0
0
0
0
0
0
0
0
0
0
0
0
0
0
0
0
0
0
0
0
0
0
0
0
0
0
0
0
0
0
0
0
0
0
0
0
0
0
0
0
0
0
0
0
0
0
0
0
0
0
0
0
0
0
0
0
0
0
0
0
0
0
0
0
0
0
0
0
0
0
0
0
0
0
0
0
0
0
0
0
0
0
0
0
0
0
0
0
0
0
0
0
0
0
0
0
0
0
0
0
0
0
0
0
0
0
0
0
0
0
0
0
0
0
0
0
0
0
0
0
0
0
0
0
0
0
0
0
0
0
0
0
0
0
0
0
0
0
0
0
0
0
0
0
0
0
0
0
0
0
0
0
0
0
0
0
0
0
0
0
0
0
0
0
0
0
0
0
0
0
0
0
0
0
0
0
0
0
0
0
0
0
0
0
0
0
0
0
0
0
0
0
0
0
0
0
0
0
0
0
0
0
0
0
0
0
0
0
0
0
0
0
0
0
0
0
0
0
0
0
0
0
0
0
0
0
0
0
0
0
0
0
0
0
0
0
0
0
0
0
0
0
0
0
0
0
0
0
0
0
0
0
0
0
0
0
0
0
0
0
0
0
0
0
0
0
0
0
0
0
0
0
0
0
0
0
0
0
0
0
0
0
0
0
0
0
0
0
0
0
0
0
0
0
0
0
0
0
0
0
0
0
0
0
0
0
0
0
0
0
0
0
0
0
0
0
0
0
0
0
0
0
0
0
0
0
0
0
0
0
0
0
0
0
0
0
0
0
0
0
0
0
0
0
0
0
0
0
0
0
0
0
0
0
0
0
0
0
0
0
0
0
0
0
0
0
0
0
0
0
0
0
0
0
0
0
0
0
0
0
0
0
0
0
0
0
0
0
0
0
0
0
0
0
0
0
0
0
0
0
0
0
0
0
0
0
0
0
0
0
0
0
0
0
0
0
0
0
0
0
0
0
0
0
0
0
0
0
0
0
0
0
0
0
0
0
0
0
0
0
0
0
0
0
0
0
0
0
0
0
0
0
0
0
0
0
0
0
0
0
0
0
0
0
0
0
0
0
0
0
0
0
0
0
0
0
0
0
0
0
0
0
0
0
0
0
0
0
0
0
0
0
0
0
0
0
0
0
0
0
0
0
0
0
0
0
0
0
0
0
0
0
0
0
0
0
0
0
0
0
0
0
0
0
0
0
0
0
0
0
0
0
0
0
0
0
0
0
0
0
0
0
0
0
0
0
0
0
0
0
0
0
0
0
0
0
0
0
0
0
0
0
0
0
0
0
0
0
0
0
0
0
0
0
0
0
0
0
0
0
0
0
0
0
0
0
0
0
0
0
0
0
0
0
0
0
0
0
0
0
0
0
0
0
0
0
0
0
0
0
0
0
0
0
0
0
0
0
0
0
0
0
0
0
0
0
0
0
0
0
0
0
0
0
0
0
0
0
0
0
0
0
0
0
0
0
0
0
0
0
0
0
0
0
0
0
0
0
0
0
0
0
0
0
0
0
0
0
0
0
0
0
0
0
0
0
0
0
0
0
0
0
0
0
0
0
0
0
0
0
0
0
0
0
0
0
0
0
0
0
0
0
0
0
0
0
0
0
0
0
0
0
0
0
0
0
0
0
0
0
0
0
0
0
0
0
0
0
0
0
0
0
0
0
0
0
0
0
0
0
0
0
0
0
0
0
0
0
0
0
0
0
0
0
0
0
0
0
0
0
0
0
0
0
0
0
0
0
0
0
0
0
0
0
0
0
0
0
0
0
0
0
0
0
0
0
0
0
0
0
0
0
0
0
0
0
0
0
0
0
0
0
0
0
0
0
0
0
0
0
0
0
0
0
0
0
0
0
0
0
0
0
0
0
0
0
0
0
0
0
0
0
0
0
0
0
0
0
0
0
0
0
0
0
0
0
0
0
0
0
0
0
0
0
0
0
0
0
0
0
0
0
0
0
0
0
0
0
0
0
0
0
0
0
0
0
0
0
0
0
0
0
0
0
0
0
0
0
0
0
0
0
0
0
0
0
0
0
0
0
0
0
0
0
0
0
0
0
0
0
0
0
0
0
0
0
0
0
0
0
0
0
0
0
0
0
0
0
0
0
0
0
0
0
0
0
0
0
0
0
0
0
0
0
0
0
0
0
0
0
0
0
0
0
0
0
0
0
0
0
0
0
0
0
0
0
0
0
0
0
0
0
0
0
0
0
0
0
0
0
0
0
0
0
0
0
0
0
0
0
0
0
0
0
0
0
0
0
0
0
0
0
0
0
0
0
0
0
0
0
0
0
0
0
0
0
0
0
0
0
0
0
0
0
0
0
0
0
0
0
0
0
0
0
0
0
0
0
0
0
0
0
0
0
0
0
0
0
0
0
0
0
0
0
0
0
0
0
0
0
0
0
0
0
0
0
0
0
0
0
0
0
0
0
0
0
0
0
0
0
0
0
0
0
0
0
0
0
0
0
0
0
0
0
0
0
0
0
0
0
0
0
0
0
0
0
0
0
0
0
0
0
0
0
0
0
0
0
0
0
0
0
0
0
0
0
0
0
0
0
0
0
0
0
0
0
0
0
0
0
0
0
0
0
0
0
0
0
0
0
0
0
0
0
0
0
0
1.121038771459854e-44
3.923635700109488e-44
8.407790785948902e-44
1.68155815718978e-43
3.222986467947079e-43
6.165713243029195e-43
1.179893306961496e-42
2.261695721420255e-42
4.36364341790748e-42
8.406389487484578e-42
1.616257648752244e-41
3.100933371704388e-41
5.93618055457279e-41
1.133790587485209e-40
2.160493946326716e-40
4.107387967736401e-40
7.790378682567388e-40
1.47409872214342e-39
2.782718108634722e-39
5.240679692968311e-39
9.846548760822051e-39
1.845693927874303e-38
3.451566273447743e-38
6.439541536462293e-38
1.19860860083551e-37
2.225794454764253e-37
4.123625878029366e-37
7.621869067012137e-37
1.405506843872877e-36
2.585801482714556e-36
4.746237090183606e-36
8.691545249921566e-36
1.587958702040742e-35
2.89452512126156e-35
5.263962426140573e-35
9.550951293503589e-35
1.728941198007162e-34
3.122588474065354e-34
5.626670391636406e-34
1.011559633150123e-33
1.814412448363656e-33
3.247029841710003e-33
5.79753483217766e-33
1.032781402045594e-32
1.835619064402261e-32
3.255119299958774e-32
5.759205267475207e-32
1.016647800855275e-31
1.79057247518666e-31
3.146500036685025e-31
5.516695610725426e-31
9.650433402454198e-31
1.684348740095508e-30
2.933159896092706e-30
5.096344661323356e-30
8.834911721119248e-30
1.528153338961634e-29
2.637265248035924e-29
4.541128850085343e-29
7.801853130452765e-29
1.337385253423183e-28
2.287394254139665e-28
3.903480589073883e-28
6.64645838638321e-28
1.129163289337509e-27
1.914044645514433e-27
3.237256739735628e-27
5.463017768981002e-27
9.198546481696629e-27
1.545388682238068e-26
2.590531082191548e-26
4.332845022722442e-26
7.23088517912562e-26
1.204049862773859e-25
2.000472616068997e-25
3.316320955666426e-25
5.485509965244402e-25
9.0534578281537e-25
1.490903427695086e-24
2.449755081913655e-24
4.016377224988766e-24
6.570305333741382e-24
1.072448196494551e-23
1.746655426662017e-23
2.838433555233742e-23
4.602473582980657e-23
7.446382463985357e-23
1.202101966997566e-22
1.936330909761785e-22
3.11214967222807e-22
4.990963660539359e-22
7.986410133973247e-22
1.275153642264653e-21
2.031502673951601e-21
3.229360165382295e-21
5.122241626226465e-21
8.106778746564546e-21
1.280211035838912e-20
2.017250852829324e-20
3.171637620079333e-20
4.975683316257968e-20
7.788744926261526e-20
1.216544349651512e-19
1.895982362243414e-19
2.948400765926422e-19
4.574932791792838e-19
7.083189978297969e-19
1.094256346035933e-18
1.686767783361622e-18
2.594403187616431e-18
3.981672756012789e-18
6.097326966140678e-18
9.316636982400095e-18
1.420445301224022e-17
2.16090297486801e-17
3.280132772136563e-17
4.968127491821269e-17
7.508253569183808e-17
1.132217426240697e-16
1.703590250604883e-16
2.557670511980339e-16
3.831492127016152e-16
5.727099982203256e-16
8.541708939008123e-16
1.271151978944304e-15
1.887524196254983e-15
2.796594471840899e-15
4.134356804119926e-15
6.098560563749236e-15
8.976089457216757e-15
1.318216877614544e-14
1.931638815642466e-14
2.824252977480773e-14
4.120210506867832e-14
5.997532657141258e-14
8.710891572947729e-14
1.262375485177811e-13
1.825365352576755e-13
2.633573697660707e-13
3.791183133487058e-13
5.445488894875727e-13
7.804245531067844e-13
1.115978837118448e-12
1.592249552692659e-12
2.26670657070549e-12
3.219641567242526e-12
4.562961553739031e-12
6.452262335532311e-12
9.103365630758198e-12
1.281491145838087e-11
1.799913690314625e-11
2.522371027324777e-11
3.526843053713868e-11
4.9201902968532e-11
6.848491218569563e-11
9.510946197277548e-11
1.317853048909967e-10
1.82189416331191e-10
2.512989816239042e-10
3.458343056372826e-10
4.748468840354292e-10
6.504974892074245e-10
8.890834179986484e-10
1.212390188243262e-09
1.649466563335977e-09
2.238947915955691e-09
3.032089024301854e-09
4.096711414547372e-09
5.522328372364882e-09
7.426778747543494e-09
9.964787217597859e-09
1.333898147493073e-08
1.781402936273935e-08
2.373471907901603e-08
3.154904248958701e-08
4.183752011499564e-08
5.535042646442889e-08
7.305478533226051e-08
9.61936379439976e-08
1.263605184931293e-07
1.655926098464988e-07
2.164872228149761e-07
2.823464910761686e-07
3.673570461160125e-07
4.768119481468602e-07
6.173841029522009e-07
7.97462291757256e-07
1.02756177966512e-06
1.320825504080858e-06
1.693632270871603e-06
2.16633429772628e-06
2.764144483080599e-06
3.518205858199508e-06
4.466868631425314e-06
5.657212113874266e-06
7.146857115003513e-06
9.006103027786594e-06
1.132044872065308e-05
1.419354612153256e-05
1.775064993125852e-05
2.214262167399283e-05
2.755056266323663e-05
3.41911509167403e-05
4.232274659443647e-05
5.225234053796157e-05
6.434341776184738e-05
7.902483775978908e-05
9.680075163487345e-05
0.0001182616251753643
0.0001440963824279606
0.0001751057570800185
0.0002122167934430763
0.0002564984897617251
0.0003091783437412232
0.0003716601640917361
0.0004455420130398124
0.0005326356622390449
0.0006349848699755967
0.0007548849680460989
0.0008949007606133819
0.001057883608154953
0.001246986794285476
0.001465677749365568
0.00171774800401181
0.0020073177292943
0.002338835038244724
0.002717069583013654
0.003147098235785961
0.00363428215496242
0.004184234421700239
0.004802774637937546
0.005495878867805004
0.006269603502005339
0.007130012381821871
0.008083079010248184
0.009134573861956596
0.01028995122760534
0.01155420951545238
0.01293174549937248
0.01442620158195496
0.01604030467569828
0.01777570322155952
0.01963279768824577
0.02161057852208614
0.02370648644864559
0.02591626718640327
0.02823385968804359
0.03065130487084389
0.03315870091319084
0.03574418276548386
0.03839394077658653
0.04109232127666473
0.04382195696234703
0.04656395316123962
0.04929814487695694
0.0520034097135067
0.05465801805257797
0.0572400726377964
0.05972796678543091
0.06210086867213249
0.06433925032615662
0.06642540544271469
0.06834401190280914
0.07008255273103714
0.07163185626268387
0.0729864165186882
0.07414474338293076
0.07510958611965179
0.07588799297809601
0.07649129629135132
0.07693497836589813
0.07723834365606308
0.07742409408092499
0.07751775532960892
0.07754698395729065
0.07754073292016983
0.07752843201160431
0.07753901928663254
0.07760002464056015
0.07773657143115997
0.07797054201364517
0.07831975817680359
0.07879732549190521
0.0794111043214798
0.08016341924667358
0.08105091005563736
0.0820646658539772
0.08319053798913956
0.08440971374511719
0.08569951355457306
0.08703427761793137
0.08838651329278946
0.08972804993391037
0.09103131294250488
0.09227055311203003
0.09342296421527863
0.09446977078914642
0.09539706259965897
0.09619642049074173
0.09686532616615295
0.09740722179412842
0.09783129394054413
0.09815198928117752
0.09838822484016418
0.09856241196393967
0.09869925677776337
0.09882441163063049
0.09896316379308701
0.09913909435272217
0.09937281161546707
0.09968090057373047
0.1000750884413719
0.1005616262555122
0.1011410877108574
0.1018084660172462
0.1025534868240356
0.1033614054322243
0.1042139306664467
0.1050904244184494
0.1059691458940506
0.1068286523222923
0.1076490804553032
0.108413390815258
0.1091082841157913
0.1097250357270241
0.110259898006916
0.1107142046093941
0.1110941916704178
0.1114104390144348
0.1116770505905151
0.1119105890393257
0.112128958106041
0.1123501062393188
0.1125908493995667
0.1128657013177872
0.1131859794259071
0.1135591268539429
0.1139883100986481
0.1144723370671272
0.1150058954954147
0.1155800819396973
0.1161832064390182
0.1168017014861107
0.1174212396144867
0.1180278062820435
0.118608720600605
0.1191535815596581
0.1196549534797668
0.1201088055968285
0.1205147057771683
0.120875708758831
0.1211979985237122
0.1214902251958847
0.1217627823352814
0.1220268607139587
0.122293546795845
0.1225729435682297
0.1228734031319618
0.1232009306550026
0.1235587522387505
0.1239472627639771
0.1243640407919884
0.1248042434453964
0.125261127948761
0.125726655125618
0.1261923164129257
0.1266498267650604
0.1270918846130371
0.1275126338005066
0.1279082894325256
0.1282771527767181
0.1286198198795319
0.1289389431476593
0.1292389184236526
0.1295253783464432
0.1298046261072159
0.1300830394029617
0.1303665190935135
0.1306599229574203
0.1309667527675629
0.1312889009714127
0.1316264867782593
0.1319780349731445
0.1323406249284744
0.1327103823423386
0.1330827474594116
0.1334530860185623
0.1338170021772385
0.13417087495327
0.1345120370388031
0.1348390281200409
0.1351517140865326
0.135451152920723
0.1357394903898239
0.1360195577144623
0.1362946778535843
0.1365682482719421
0.1368434429168701
0.137122854590416
0.1374083012342453
0.1377007365226746
0.1380001753568649
0.1383057087659836
0.1386157423257828
0.1389282047748566
0.1392406672239304
0.1395507901906967
0.1398564428091049
0.1401559710502625
0.1404482871294022
0.140733003616333
0.1410103738307953
0.1412812471389771
0.1415469646453857
0.1418090909719467
0.1420693546533585
0.1423293948173523
0.1425905823707581
0.1428539007902145
0.1431198567152023
0.1433885395526886
0.1436595469713211
0.1439320892095566
0.144205167889595
0.1444776505231857
0.1447483748197556
0.1450163275003433
0.1452807188034058
0.1455411165952682
0.1457974016666412
0.146049752831459
0.1462986767292023
0.1465448141098022
0.1467889696359634
0.1470319181680679
0.1472744196653366
0.1475170105695724
0.1477600485086441
0.1480036377906799
0.1482476592063904
0.1484917402267456
0.1487354338169098
0.1489781737327576
0.1492193043231964
0.1494582742452621
0.1496945917606354
0.1499278545379639
0.1501578390598297
0.1503843516111374
0.1506073772907257
0.1508269309997559
0.1510430127382278
0.1512556076049805
0.151464506983757
0.1516694128513336
0.1518698334693909
0.1520650237798691
0.152254045009613
0.1524357050657272
0.1526085585355759
0.1527709811925888
0.1529211550951004
0.1530570387840271
0.1531764417886734
0.1532769948244095
0.1533560752868652
0.153410866856575
0.1534382551908493
0.1534349024295807
0.1533971726894379
0.1533211022615433
0.1532023251056671
0.1530361920595169
0.1528177261352539
0.1525415927171707
0.152202308177948
0.1517941057682037
0.1513111591339111
0.1507476717233658
0.1500978916883469
0.149356335401535
0.1485178917646408
0.1475779563188553
0.1465325653553009
0.1453786641359329
0.144114151597023
0.1427380740642548
0.1412508338689804
0.1396543234586716
0.1379520148038864
0.1361491829156876
0.1342529505491257
0.1322723925113678
0.130218580365181
0.1281045377254486
0.1259452104568481
0.1237573400139809
0.1215592548251152
0.1193706765770912
0.1172123178839684
0.1151055321097374
0.1130718365311623
0.111132450401783
0.109307698905468
0.1076164320111275
0.1060754507780075
0.1046989038586617
0.1034977287054062
0.1024791374802589
0.1016461998224258
0.1009974852204323
0.1005268916487694
0.1002235487103462
0.1000719293951988
0.1000520884990692
0.1001401469111443
0.1003088876605034
0.1005285382270813
0.1007677465677261
0.1009946092963219
0.1011778488755226
0.1012879908084869
0.1012985780835152
0.1011872664093971
0.1009368896484375
0.1005362942814827
0.09998095035552979
0.09927335381507874
0.09842310100793839
0.09744653850793839
0.09636624902486801
0.09521008282899857
0.09400992095470428
0.09280025213956833
0.09161645919084549
0.0904930904507637
0.089462049305439
0.08855084329843521
0.08778110146522522
0.08716725558042526
0.08671566098928452
0.08642404526472092
0.08628154546022415
0.08626914769411087
0.08636064827442169
0.08652409911155701
0.08672362565994263
0.08692148327827454
0.08708035945892334
0.08716567605733871
0.08714772760868073
0.08700363337993622
0.08671886473894119
0.08628825098276138
0.08571641892194748
0.08501747250556946
0.08421414345502853
0.08333627879619598
0.0824187844991684
0.08149920403957367
0.08061500638723373
0.07980089634656906
0.07908622920513153
0.07849277555942535
0.07803302258253098
0.0777091383934021
0.07751268148422241
0.07742504775524139
0.07741884887218475
0.07745984196662903
0.07750947028398514
0.07752777636051178
0.07747641205787659
0.07732158899307251
0.07703663408756256
0.07660399377346039
0.07601644098758698
0.07527752965688705
0.07440096139907837
0.07340921461582184
0.07233128696680069
0.0711999386548996
0.07004848122596741
0.06890756636857986
0.06780215352773666
0.06674894690513611
0.06575460731983185
0.06481482088565826
0.06391440331935883
0.06302845478057861
0.06212431192398071
0.06116442754864693
0.06010956689715385
0.05892235040664673
0.05757055059075356
0.05603000149130821
0.05428676679730415
0.05233831703662872
0.05019373074173927
0.04787272214889526
0.04540374875068665
0.04282129183411598
0.04016264155507088
0.03746446222066879
0.03475958481431007
0.03207424283027649
0.02942615374922752
0.02682356163859367
0.02426540292799473
0.02174254506826401
0.01923994906246662
0.01673955284059048
0.01422351785004139
0.01167749054729939
0.009093493223190308
0.006472123321145773
0.003823791397735476
0.001168827991932631
-0.001463551307097077
-0.004037342965602875
-0.006512689869850874
-0.008849346078932285
-0.01101028360426426
-0.01296507753431797
-0.01469265017658472
-0.01618312671780586
-0.01743856444954872
-0.01847252435982227
-0.01930849440395832
-0.01997742615640163
-0.02051463164389133
-0.02095643244683743
-0.02133694477379322
-0.02168538048863411
-0.02202415652573109
-0.02236801013350487
-0.02272417582571507
-0.02309358678758144
-0.023472860455513
-0.02385678514838219
-0.02424095943570137
-0.02462417632341385
-0.02501022256910801
-0.02540883235633373
-0.02583562396466732
-0.02631103992462158
-0.0268583782017231
-0.0275011844933033
-0.02826032787561417
-0.02915114350616932
-0.03018106520175934
-0.03134799748659134
-0.03263973072171211
-0.03403444215655327
-0.03550228849053383
-0.03700787946581841
-0.03851334378123283
-0.03998162224888802
-0.04137963801622391
-0.04268087819218636
-0.04386720061302185
-0.04492963850498199
-0.0458681546151638
-0.0466904453933239
-0.0474100187420845
-0.04804383218288422
-0.04860984534025192
-0.0491248220205307
-0.0496026910841465
-0.05005363747477531
-0.05048398301005363
-0.05089686065912247
-0.05129345878958702
-0.05167460441589355
-0.05204237252473831
-0.05240143463015556
-0.05275985226035118
-0.05312921106815338
-0.05352398753166199
-0.05396021157503128
-0.05445368587970734
-0.05501792579889297
-0.05566216632723808
-0.05638977512717247
-0.05719727650284767
-0.05807417258620262
-0.05900363251566887
-0.05996394157409668
-0.06093057990074158
-0.06187861785292625
-0.06278515607118607
-0.06363145262002945
-0.06440452486276627
-0.06509800255298615
-0.06571220606565475
-0.06625337153673172
-0.06673237681388855
-0.06716297566890717
-0.06755996495485306
-0.06793748587369919
-0.06830766052007675
-0.0686798021197319
-0.06906012445688248
-0.06945212185382843
-0.06985722482204437
-0.07027578353881836
-0.07070797681808472
-0.07115465402603149
-0.07161766290664673
-0.07209993898868561
-0.07260500639677048
-0.07313629984855652
-0.07369621098041534
-0.07428514957427979
-0.07490084320306778
-0.07553794234991074
-0.07618813961744308
-0.07684075087308884
-0.07748373597860336
-0.07810491323471069
-0.07869343459606171
-0.07924099266529083
-0.07974286377429962
-0.08019844442605972
-0.0806112214922905
-0.08098834007978439
-0.08133963495492935
-0.08167640864849091
-0.08201009035110474
-0.08235099166631699
-0.08270726352930069
-0.08308430016040802
-0.08348448574542999
-0.08390745520591736
-0.08435063064098358
-0.08480995148420334
-0.08528070896863937
-0.08575830608606339
-0.086238794028759
-0.08671917766332626
-0.08719742298126221
-0.08767224103212357
-0.0881427675485611
-0.08860813826322556
-0.08906719088554382
-0.08951827883720398
-0.08995926380157471
-0.09038782119750977
-0.09080177545547485
-0.09119950979948044
-0.09158048033714294
-0.09194552153348923
-0.09229695051908493
-0.09263846278190613
-0.09297475218772888
-0.09331106394529343
-0.09365244954824448
-0.09400317817926407
-0.09436614066362381
-0.09474251419305801
-0.09513162821531296
-0.09553107619285583
-0.0959370955824852
-0.09634509682655334
-0.09675024449825287
-0.09714803844690323
-0.09753478318452835
-0.09790787845849991
-0.09826593846082687
-0.09860866516828537
-0.09893659502267838
-0.09925077110528946
-0.09955232590436935
-0.09984219819307327
-0.1001208573579788
-0.1003881990909576
-0.1006435081362724
-0.1008855998516083
-0.1011129319667816
-0.1013237610459328
-0.1015162542462349
-0.1016885340213776
-0.1018386408686638
-0.1019643843173981
-0.1020632237195969
-0.1021320894360542
-0.1021672710776329
-0.1021643504500389
-0.1021183133125305
-0.1020236387848854
-0.1018745452165604
-0.1016652882099152
-0.1013903990387917
-0.1010449081659317
-0.1006245389580727
-0.1001257747411728
-0.09954579919576645
-0.09888244420289993
-0.09813404083251953
-0.09729921817779541
-0.09637691080570221
-0.09536620229482651
-0.09426643699407578
-0.09307730942964554
-0.09179911017417908
-0.09043288230895996
-0.08898074924945831
-0.08744605630636215
-0.08583360910415649
-0.08414975553750992
-0.08240239322185516
-0.08060092478990555
-0.078756183385849
-0.07688023895025253
-0.07498627156019211
-0.0730883777141571
-0.07120136171579361
-0.06934059411287308
-0.06752175837755203
-0.06576064974069595
-0.06407289206981659
-0.06247367337346077
-0.06097731366753578
-0.05959693342447281
-0.05834402143955231
-0.05722807347774506
-0.05625618621706963
-0.05543278530240059
-0.05475936457514763
-0.05423436313867569
-0.0538531094789505
-0.05360788106918335
-0.05348803102970123
-0.05348021537065506
-0.05356866493821144
-0.05373552441596985
-0.05396125465631485
-0.05422507971525192
-0.05450550839304924
-0.05478082969784737
-0.0550297424197197
-0.05523192510008812
-0.05536870658397675
-0.05542364716529846
-0.05538315698504448
-0.05523697659373283
-0.0549786165356636
-0.05460565164685249
-0.05411986634135246
-0.05352723971009254
-0.05283776670694351
-0.05206511542201042
-0.05122615769505501
-0.05034034326672554
-0.04942893236875534
-0.048514224588871
-0.04761866107583046
-0.04676394164562225
-0.0459701269865036
-0.04525483027100563
-0.04463246092200279
-0.04411358758807182
-0.04370445013046265
-0.0434066615998745
-0.04321712255477905
-0.04312810674309731
-0.04312761873006821
-0.04319991916418076
-0.04332628101110458
-0.0434858649969101
-0.04365672916173935
-0.04381689429283142
-0.04394543543457985
-0.04402349889278412
-0.04403525218367577
-0.04396864771842957
-0.04381600767374039
-0.04357437044382095
-0.04324562102556229
-0.04283633828163147
-0.04235741496086121
-0.04182342439889908
-0.04125180467963219
-0.04066187515854836
-0.04007374495267868
-0.0395071879029274
-0.03898051008582115
-0.0385095477104187
-0.03810675442218781
-0.0377805083990097
-0.03753465786576271
-0.03736837953329086
-0.0372762456536293
-0.0372486338019371
-0.03727236390113831
-0.03733156248927116
-0.03740869462490082
-0.03748567402362823
-0.03754500299692154
-0.03757090121507645
-0.03755025938153267
-0.037473414093256
-0.03733475878834724
-0.03713298216462135
-0.03687109798192978
-0.03655615076422691
-0.03619866818189621
-0.03581187874078751
-0.03541074693202972
-0.03501091524958611
-0.03462762013077736
-0.0342746265232563
-0.03396330401301384
-0.03370186313986778
-0.03349484503269196
-0.0333428867161274
-0.03324276208877563
-0.03318770229816437
-0.03316798061132431
-0.03317170590162277
-0.03318574652075768
-0.03319675475358963
-0.03319216519594193
-0.03316111490130424
-0.03309521824121475
-0.03298915550112724
-0.03284096345305443
-0.0326521247625351
-0.03242730721831322
-0.03217393532395363
-0.0319015234708786
-0.03162082657217979
-0.03134297952055931
-0.03107857704162598
-0.03083684295415878
-0.03062491863965988
-0.03044733963906765
-0.03030577301979065
-0.03019894286990166
-0.03012284822762012
-0.03007118962705135
-0.0300359632819891
-0.03000820241868496
-0.02997876144945621
-0.02993910387158394
-0.02988201566040516
-0.02980215661227703
-0.02969647943973541
-0.0295643825083971
-0.02940769121050835
-0.0292303878813982
-0.02903818711638451
-0.02883796021342278
-0.02863707207143307
-0.02844271063804626
-0.02826123870909214
-0.02809766121208668
-0.02795521356165409
-0.02783514559268951
-0.02773668803274632
-0.02765720337629318
-0.02759250998497009
-0.02753733098506927
-0.02748583629727364
-0.02743220515549183
-0.02737118490040302
-0.02729853987693787
-0.02721142768859863
-0.02710859477519989
-0.02699043229222298
-0.0268588550388813
-0.02671704813838005
-0.02656910568475723
-0.02641958184540272
-0.02627302892506123
-0.02613354846835136
-0.02600440382957458
-0.02588774263858795
-0.02578443475067616
-0.02569404430687428
-0.02561493776738644
-0.02554451115429401
-0.02547949366271496
-0.02541631460189819
-0.02535147964954376
-0.02528192661702633
-0.02520531043410301
-0.02512020990252495
-0.0250262226909399
-0.02492395043373108
-0.02481489069759846
-0.02470123209059238
-0.02458557672798634
-0.02447065152227879
-0.02435901761054993
-0.02425280399620533
-0.02415349707007408
-0.02406183443963528
-0.02397775091230869
-0.02390043810009956
-0.02382846735417843
-0.0237599816173315
-0.02369292452931404
-0.02362526580691338
-0.02355522476136684
-0.0234814565628767
-0.02340316399931908
-0.02332015708088875
-0.0232328325510025
-0.02314210124313831
-0.0230492502450943
-0.02295578084886074
-0.02286322228610516
-0.02277295850217342
-0.02268608659505844
-0.02260330505669117
-0.02252485789358616
-0.02245054021477699
-0.02237974293529987
-0.02231155149638653
-0.02224487066268921
-0.02217855304479599
-0.02211154252290726
-0.02204298973083496
-0.02197233214974403
-0.02189934253692627
-0.02182413451373577
-0.02174712345004082
-0.02166896127164364
-0.02159043774008751
-0.02151238173246384
-0.02143555693328381
-0.02136058360338211
-0.02128786407411098
-0.02121755108237267
-0.02114955708384514
-0.02108356356620789
-0.02101908624172211
-0.02095554396510124
-0.02089232951402664
-0.02082888782024384
-0.02076478861272335
-0.02069975063204765
-0.02063367888331413
-0.02056665532290936
-0.02049892395734787
-0.02043083868920803
-0.02036281675100327
-0.02029528468847275
-0.02022862061858177
-0.02016310766339302
-0.02009891346096992
-0.02003606967628002
-0.01997447945177555
-0.01991394534707069
-0.01985419169068336
-0.01979491487145424
-0.01973581314086914
-0.01967663317918777
-0.01961718872189522
-0.01955738663673401
-0.01949723064899445
-0.01943680830299854
-0.01937628164887428
-0.01931584812700748
-0.01925571821630001
-0.01919609308242798
-0.01913712918758392
-0.01907892338931561
-0.01902150735259056
-0.0189648512750864
-0.01890886574983597
-0.01885341666638851
-0.01879835873842239
-0.01874354295432568
-0.01868883892893791
-0.01863415353000164
-0.01857943460345268
-0.01852468214929104
-0.01846992969512939
-0.01841525174677372
-0.01836074143648148
-0.01830650307238102
-0.01825262606143951
-0.01819918863475323
-0.01814622990787029
-0.01809376664459705
-0.01804177835583687
-0.0179902222007513
-0.01793903484940529
-0.017888143658638
-0.01783747598528862
-0.01778697408735752
-0.01773659698665142
-0.01768632419407368
-0.01763615757226944
-0.01758611761033535
-0.01753624156117439
-0.01748657412827015
-0.01743715815246105
-0.01738803647458553
-0.01733924075961113
-0.01729078590869904
-0.01724267192184925
-0.01719488576054573
-0.01714739575982094
-0.01710017211735249
-0.01705318503081799
-0.01700640097260475
-0.01695979386568069
-0.01691334508359432
-0.01686705462634563
-0.01682092621922493
-0.01677497290074825
-0.01672921516001225
-0.01668366976082325
-0.01663835346698761
-0.01659328676760197
-0.01654847525060177
-0.01650392077863216
-0.01645961962640285
-0.0164155587553978
-0.01637172885239124
-0.0163281112909317
-0.01628469116985798
-0.01624145917594433
-0.01619840227067471
-0.01615551300346851
-0.01611279509961605
-0.01607025414705276
-0.01602789387106895
-0.01598572172224522
-0.0159437470138073
-0.01590197905898094
-0.01586042158305645
-0.01581907272338867
-0.01577792875468731
-0.01573698781430721
-0.01569624431431293
-0.01565569080412388
-0.01561531610786915
-0.01557511836290359
-0.01553509011864662
-0.0154952323064208
-0.01545554213225842
-0.01541602239012718
-0.01537667587399483
-0.01533750165253878
-0.0152985043823719
-0.01525968406349421
-0.01522104442119598
-0.01518258359283209
-0.0151442987844348
-0.0151061899960041
-0.01506825257092714
-0.01503048092126846
-0.01499287411570549
-0.0149554256349802
-0.01491813641041517
-0.01488100551068783
-0.01484403014183044
-0.01480721309781075
-0.01477055344730616
-0.0147340539842844
-0.01469771284610033
-0.01466153096407652
-0.01462550554424524
-0.01458963844925165
-0.0145539278164506
-0.01451836992055178
-0.01448296569287777
-0.01444771233946085
-0.01441260892897844
-0.01437765266746283
-0.01434284169226885
-0.01430817693471909
-0.01427365746349096
-0.01423928327858448
-0.01420505344867706
-0.01417096704244614
-0.01413702219724655
-0.01410321891307831
-0.01406955812126398
-0.01403603795915842
-0.01400265749543905
-0.01396941486746073
-0.0139363082125783
-0.01390333753079176
-0.01387050189077854
-0.01383780036121607
-0.01380523294210434
-0.01377279870212078
-0.01374049857258797
-0.01370833162218332
-0.01367629785090685
-0.01364439725875854
-0.01361262705177069
-0.0135809862986207
-0.01354947406798601
-0.0135180875658989
-0.01348682679235935
-0.01345569081604481
-0.01342467684298754
-0.01339378580451012
-0.01336301863193512
-0.01333237159997225
-0.01330184750258923
-0.0132714444771409
-0.01324116345494986
-0.01321100164204836
-0.01318095903843641
-0.01315103471279144
-0.0131212268024683
-0.01309153623878956
-0.01306196115911007
-0.01303250249475241
-0.01300316024571657
-0.01297393254935741
-0.01294481847435236
-0.01291581802070141
-0.01288693025708199
-0.01285815704613924
-0.0128294974565506
-0.01280094869434834
-0.0127725088968873
-0.0127441780641675
-0.0127159571275115
-0.01268784329295158
-0.01265983562916517
-0.01263193599879742
-0.01260414347052574
-0.012576456181705
-0.01254887413233519
-0.01252139639109373
-0.01249402202665806
-0.01246675103902817
-0.01243958342820406
-0.01241251733154058
-0.01238555274903774
-0.01235869061201811
-0.01233192905783653
-0.01230526808649302
-0.01227870956063271
-0.01225225068628788
-0.01222589146345854
-0.01219963189214468
-0.01217347010970116
-0.01214740518480539
-0.01212143711745739
-0.01209556497633457
-0.01206978689879179
-0.01204410288482904
-0.01201851200312376
-0.01199301425367594
-0.01196760777384043
-0.01194229256361723
-0.01191707048565149
-0.01189193874597549
-0.01186689734458923
-0.01184194721281528
-0.01181708741933107
-0.01179231703281403
-0.01176763605326414
-0.01174304354935884
-0.01171854045242071
-0.01169412862509489
-0.01166980620473623
-0.01164557226002216
-0.01162142865359783
-0.01159737259149551
-0.01157340221107006
-0.0115495165809989
-0.01152571570128202
-0.01150199957191944
-0.01147836539894342
-0.01145481318235397
-0.01143134385347366
-0.01140795648097992
-0.01138465106487274
-0.01136142946779728
-0.01133828889578581
-0.01131522934883833
-0.01129225175827742
-0.01126935426145792
-0.01124653685837984
-0.01122380048036575
-0.01120114047080278
-0.01117856055498123
-0.0111560570076108
-0.01113363076001406
-0.01111128181219101
-0.01108901016414165
-0.01106681581586599
-0.01104469783604145
-0.01102265622466803
-0.01100069191306829
-0.01097880303859711
-0.01095698866993189
-0.01093525066971779
-0.01091358624398708
-0.01089199725538492
-0.01087048277258873
-0.01084904000163078
-0.01082766987383366
-0.0108063705265522
-0.01078514289110899
-0.01076398603618145
-0.01074289903044701
-0.01072188094258308
-0.01070093363523483
-0.01068005617707968
-0.01065924856811762
-0.01063851080834866
-0.01061784196645021
-0.01059724390506744
-0.01057671662420034
-0.01055625919252634
-0.01053587254136801
-0.01051555573940277
-0.01049530692398548
-0.01047512516379356
-0.01045500952750444
-0.01043495815247297
-0.01041497197002172
-0.01039504818618298
-0.01037518959492445
-0.01035539340227842
-0.01033566333353519
-0.01031599659472704
-0.01029639411717653
-0.01027685403823853
-0.01025737635791302
-0.01023796200752258
-0.0102186119183898
-0.01019932515919209
-0.01018010172992945
-0.01016093976795673
-0.01014184113591909
-0.01012280490249395
-0.01010383199900389
-0.01008492056280375
-0.01006606966257095
-0.01004727929830551
-0.01002854760736227
-0.01000987645238638
-0.009991263970732689
-0.009972712025046349
-0.009954219684004784
-0.009935785084962845
-0.009917410090565681
-0.009899092838168144
-0.009880836121737957
-0.009862636215984821
-0.009844493120908737
-0.009826406836509705
-0.009808377362787724
-0.009790404699742794
-0.009772486984729767
-0.009754623286426067
-0.009736813604831696
-0.009719058871269226
-0.009701358154416084
-0.009683713316917419
-0.009666123427450657
-0.009648587554693222
-0.009631107561290264
-0.009613684378564358
-0.009596314281225204
-0.009578999131917953
-0.009561737067997456
-0.009544529020786285
-0.009527374990284443
-0.009510273113846779
-0.009493222460150719
-0.009476223960518837
-0.009459277614951134
-0.009442382492125034
-0.009425538592040539
-0.009408745914697647
-0.009392004460096359
-0.009375313296914101
-0.009358672425150871
-0.009342080913484097
-0.009325539693236351
-0.009309049695730209
-0.009292609989643097
-0.009276218712329865
-0.009259877726435661
-0.009243587031960487
-0.009227343834936619
-0.009211151860654354
-0.009195008315145969
-0.009178914129734039
-0.009162869304418564
-0.009146871976554394
-0.009130921214818954
-0.009115018881857395
-0.009099163115024567
-0.009083354845643044
-0.009067592211067677
-0.009051877073943615
-0.009036209434270859
-0.009020587429404259
-0.00900501012802124
-0.008989477530121803
-0.008973989635705948
-0.008958548307418823
-0.008943150751292706
-0.008927797898650169
-0.008912489749491215
-0.008897224441170692
-0.008882004767656326
-0.008866829797625542
-0.008851700462400913
-0.008836613968014717
-0.008821573108434677
-0.008806575089693069
-0.008791619911789894
-0.008776710368692875
-0.008761843666434288
-0.008747021667659283
-0.008732241578400135
-0.00871750432997942
-0.008702809922397137
-0.008688158355653286
-0.008673547767102718
-0.008658979088068008
-0.008644451387226582
-0.008629963733255863
-0.008615517057478428
-0.008601111359894276
-0.008586746640503407
-0.008572423830628395
-0.008558141998946667
-0.008543899282813072
-0.008529697544872761
-0.008515537716448307
-0.008501417934894562
-0.008487338200211525
-0.008473296649754047
-0.008459295146167278
-0.008445331826806068
-0.008431408554315567
-0.008417524397373199
-0.008403678424656391
-0.008389871567487717
-0.008376103825867176
-0.00836237333714962
-0.008348681032657623
-0.00833502784371376
-0.008321412838995457
-0.008307834155857563
-0.008294294588267803
-0.008280794136226177
-0.008267330005764961
-0.008253904059529305
-0.008240514434874058
-0.008227162063121796
-0.008213846944272518
-0.008200569078326225
-0.008187327533960342
-0.00817412231117487
-0.008160952478647232
-0.008147817105054855
-0.008134715259075165
-0.008121647872030735
-0.008108614943921566
-0.008095615543425083
-0.008082649670541286
-0.008069718256592751
-0.008056819438934326
-0.008043956011533737
-0.008031126111745834
-0.008018330670893192
-0.008005569688975811
-0.007992844097316265
-0.007980151101946831
-0.007967490702867508
-0.007954863831400871
-0.007942267693579197
-0.00792970322072506
-0.007917167618870735
-0.007904660888016224
-0.007892181165516376
-0.007879729382693768
-0.007867303676903248
-0.007854903116822243
-0.007842527702450752
-0.007830178365111351
-0.007817851379513741
-0.007805546745657921
-0.007793262135237455
-0.007780996151268482
-0.007768746931105852
-0.007756511680781841
-0.007744287140667439
-0.00773207051679492
-0.007719858083873987
-0.007707646582275629
-0.007695432286709547
-0.007683211471885443
-0.007670980412513018
-0.007658735848963261
-0.007646472193300724
-0.007634184788912535
-0.007621868513524532
-0.007609516847878695
-0.007597123272716999
-0.007584681734442711
-0.007572182919830084
-0.007559617515653372
-0.007546976208686829
-0.007534249685704708
-0.00752142583951354
-0.007508492562919855
-0.007495439611375332
-0.007482253480702639
-0.007468919735401869
-0.007455424405634403
-0.007441754452884197
-0.007427894975990057
-0.007413831073790789
-0.007399545051157475
-0.007385021075606346
-0.00737024238333106
-0.0073551912792027
-0.007339848671108484
-0.007324196398258209
-0.007308215368539095
-0.007291887886822224
-0.007275194395333529
-0.007258116267621517
-0.007240635342895985
-0.007222734391689301
-0.007204396650195122
-0.00718560628592968
-0.007166347000747919
-0.007146606687456369
-0.007126373238861561
-0.007105637807399035
-0.007084391545504332
-0.00706262793391943
-0.00704034510999918
-0.007017543073743582
-0.006994223222136497
-0.006970393471419811
-0.006946060806512833
-0.006921239662915468
-0.006895945407450199
-0.006870196666568518
-0.006844016723334789
-0.006817433517426252
-0.006790478713810444
-0.006763188634067774
-0.006735602859407663
-0.006707765161991119
-0.006679722107946873
-0.00665152445435524
-0.006623227149248123
-0.00659488607198
-0.006566560827195644
-0.00653831334784627
-0.006510206498205662
-0.006482305470854044
-0.006454674992710352
-0.006427378859370947
-0.006400481332093477
-0.006374044343829155
-0.006348129361867905
-0.006322793662548065
-0.00629809033125639
-0.006274070125073195
-0.006250778213143349
-0.006228251382708549
-0.006206522695720196
-0.006185616366565228
-0.006165549624711275
-0.006146334577351809
-0.006127971690148115
-0.006110453978180885
-0.006093766074627638
-0.00607788423076272
-0.006062775850296021
-0.006048400420695543
-0.006034709978848696
-0.006021647248417139
-0.006009149830788374
-0.005997148342430592
-0.00598556874319911
-0.0059743314050138
-0.005963354837149382
-0.005952554754912853
-0.005941845942288637
-0.005931143648922443
-0.005920365452766418
-0.005909432657063007
-0.005898268893361092
-0.005886805709451437
-0.005874981638044119
-0.005862741265445948
-0.005850038956850767
-0.005836839787662029
-0.005823118612170219
-0.005808860994875431
-0.005794063676148653
-0.00577873457223177
-0.005762891843914986
-0.005746565759181976
-0.005729794967919588
-0.005712627898901701
-0.005695120897144079
-0.005677338689565659
-0.005659351591020823
-0.005641233175992966
-0.005623060278594494
-0.005604912992566824
-0.005586867686361074
-0.005569001659750938
-0.005551387090235949
-0.005534091498702765
-0.005517174955457449
-0.005500690080225468
-0.005484678316861391
-0.005469173658639193
-0.005454197525978088
-0.005439760163426399
-0.005425861105322838
-0.00541248731315136
-0.005399616900831461
-0.005387216340750456
-0.005375244189053774
-0.005363649222999811
-0.005352375563234091
-0.005341361742466688
-0.005330542102456093
-0.005319849587976933
-0.00530921807512641
-0.00529858423396945
-0.005287887528538704
-0.005277073010802269
-0.005266093648970127
-0.005254910793155432
-0.005243494641035795
-0.005231827031821012
-0.005219900980591774
-0.005207720678299665
-0.005195301026105881
-0.005182669032365084
-0.005169861018657684
-0.005156924948096275
-0.005143915303051472
-0.005130893085151911
-0.005117926746606827
-0.005105087999254465
-0.005092449951916933
-0.005080087576061487
-0.005068074446171522
-0.005056480877101421
-0.005045372061431408
-0.005034809932112694
-0.005024848971515894
-0.005015535745769739
-0.005006907973438501
-0.004998996388167143
-0.004991823341697454
-0.004985401872545481
-0.004979738499969244
-0.004974833223968744
-0.004970680456608534
-0.004967269953340292
-0.004964586347341537
-0.004962615203112364
-0.004961339291185141
-0.004960743244737387
-0.004960812162607908
-0.004961535334587097
-0.004962906241416931
-0.00496491976082325
-0.004967577289789915
-0.004970885347574949
-0.00497485464438796
-0.004979499150067568
-0.004984836559742689
-0.004990885499864817
-0.00499766506254673
-0.005005192942917347
-0.005013486370444298
-0.005022556520998478
-0.005032408516854048
-0.005043040495365858
-0.005054439883679152
-0.005066585261374712
-0.005079443566501141
-0.005092968232929707
-0.005107101984322071
-0.005121773574501276
-0.005136899650096893
-0.005152384750545025
-0.005168122239410877
-0.005183995235711336
-0.005199880339205265
-0.005215647630393505
-0.005231162067502737
-0.005246288143098354
-0.005260890815407038
-0.00527483643963933
-0.005287999287247658
-0.005300260614603758
-0.005311512388288975
-0.005321656819432974
-0.005330611485987902
-0.005338309798389673
-0.005344700068235397
-0.005349749699234962
-0.005353443790227175
-0.005355783738195896
-0.005356790963560343
-0.005356502253562212
-0.005354973021894693
-0.005352273117750883
-0.005348487291485071
-0.005343713331967592
-0.005338059272617102
-0.005331642925739288
-0.005324589088559151
-0.005317029543220997
-0.005309098400175571
-0.005300930701196194
-0.005292662885040045
-0.00528442719951272
-0.005276352632790804
-0.005268561653792858
-0.00526116881519556
-0.005254279356449842
-0.00524798734113574
-0.00524237472563982
-0.005237509962171316
-0.00523344473913312
-0.005230216309428215
-0.005227846093475819
-0.005226338282227516
-0.005225678905844688
-0.00522583769634366
-0.005226768553256989
-0.005228408612310886
-0.005230681039392948
-0.005233495030552149
-0.005236749071627855
-0.005240330938249826
-0.005244122352451086
-0.005247999913990498
-0.005251838825643063
-0.00525551475584507
-0.005258907098323107
-0.005261902697384357
-0.005264396779239178
-0.005266297608613968
-0.005267529282718897
-0.005268031265586615
-0.005267762579023838
-0.005266701802611351
-0.005264849402010441
-0.005262224469333887
-0.005258867051452398
-0.00525483675301075
-0.005250210408121347
-0.005245078820735216
-0.005239546298980713
-0.00523372832685709
-0.005227744579315186
-0.005221717525273561
-0.00521576777100563
-0.00521001173183322
-0.005204556044191122
-0.005199497099965811
-0.005194915924221277
-0.005190875846892595
-0.005187422502785921
-0.005184580571949482
-0.005182354245334864
-0.00518072722479701
-0.005179663188755512
-0.005179107654839754
-0.005178989376872778
-0.005179224535822868
-0.005179718602448702
-0.005180369596928358
-0.00518107321113348
-0.005181724205613136
-0.00518222339451313
-0.005182477645576
-0.00518240500241518
-0.005181937478482723
-0.005181022454053164
-0.005179624073207378
-0.005177726503461599
-0.005175330676138401
-0.00517245614901185
-0.00516913877800107
-0.005165431182831526
-0.005161396227777004
-0.005157108884304762
-0.00515265017747879
-0.005148104857653379
-0.005143558140844107
-0.005139091517776251
-0.00513478135690093
-0.00513069424778223
-0.00512688560411334
-0.005123398266732693
-0.005120259709656239
-0.005117482505738735
-0.005115064792335033
-0.005112988874316216
-0.005111224483698606
-0.005109728313982487
-0.005108448676764965
-0.005107325501739979
-0.005106294527649879
-0.005105289164930582
-0.005104245617985725
-0.005103101953864098
-0.005101803690195084
-0.005100303329527378
-0.005098565481603146
-0.005096565466374159
-0.005094290710985661
-0.005091739818453789
-0.005088924430310726
-0.005085867363959551
-0.005082601215690374
-0.005079166032373905
-0.005075608380138874
-0.005071977153420448
-0.005068325437605381
-0.005064702127128839
-0.005061155185103416
-0.005057725124061108
-0.005054446402937174
-0.00505134416744113
-0.005048434715718031
-0.0050457245670259
-0.005043210927397013
-0.005040881223976612
-0.005038714036345482
-0.005036680493503809
-0.005034747999161482
-0.005032879300415516
-0.005031035281717777
-0.005029178224503994
-0.005027270875871181
-0.005025281105190516
-0.00502318236976862
-0.005020954646170139
-0.005018585827201605
-0.005016069859266281
-0.005013409070670605
-0.005010613705962896
-0.005007700063288212
-0.005004688631743193
-0.005001605022698641
-0.004998477641493082
-0.004995334893465042
-0.004992205649614334
-0.004989117849618196
-0.004986094776540995
-0.004983156453818083
-0.004980317316949368
-0.00497758574783802
-0.004974964074790478
-0.004972449503839016
-0.004970034118741751
-0.004967703949660063
-0.004965443629771471
-0.004963233135640621
-0.004961052443832159
-0.004958880599588156
-0.00495669711381197
-0.004954483825713396
-0.004952227231115103
-0.004949917551130056
-0.004947548732161522
-0.004945119842886925
-0.004942634608596563
-0.004940100945532322
-0.004937530495226383
-0.004934939555823803
-0.004932344891130924
-0.004929765593260527
-0.004927221685647964
-0.004924730863422155
-0.004922311753034592
-0.004919977858662605
-0.004917743150144815
-0.004915616475045681
-0.004913605283945799
-0.00491171283647418
-0.0049099400639534
-0.004908284638077021
-0.004906744696199894
-0.004905315581709146
-0.00490399356931448
-0.004902774468064308
-0.00490165688097477
-0.004900639411062002
-0.004899723455309868
-0.004898914601653814
-0.004898219369351864
-0.004897648934274912
-0.004897216334939003
-0.004896936472505331
-0.004896827973425388
-0.004896909464150667
-0.004897202830761671
-0.004897728562355042
-0.00489850714802742
-0.004899559076875448
-0.004900903441011906
-0.00490255793556571
-0.004904537461698055
-0.004906855523586273
-0.004909523762762547
-0.004912551958113909
-0.004915947094559669
-0.004919715225696564
-0.004923860542476177
-0.004928384907543659
-0.004933292046189308
-0.004938582424074411
-0.004944257903844118
-0.004950318951159716
-0.004956766963005066
-0.004963601939380169
-0.004970824811607599
-0.004978434648364782
-0.004986429587006569
-0.004994807299226522
-0.005003561265766621
-0.005012684967368841
-0.005022167228162289
-0.00503199640661478
-0.005042155738919973
-0.005052625667303801
-0.005063381511718035
-0.005074397195130587
-0.005085641052573919
-0.005097079090774059
-0.005108674988150597
-0.005120388232171535
-0.005132177378982306
-0.005143997259438038
-0.005155804101377726
-0.0051675527356565
-0.00517919659614563
-0.005190690513700247
-0.005201986990869045
-0.005213041789829731
-0.005223811604082584
-0.005234253592789173
-0.005244328640401363
-0.005253997631371021
-0.005263226106762886
-0.005271980073302984
-0.005280229728668928
-0.005287948064506054
-0.005295112263411283
-0.005301701836287975
-0.005307703278958797
-0.00531310448423028
-0.00531790079548955
-0.005322090815752745
-0.0053256805986166
-0.005328680854290724
-0.005331108346581459
-0.005332984961569309
-0.005334338638931513
-0.005335201974958181
-0.005335614085197449
-0.005335618276149035
-0.005335262045264244
-0.005334596615284681
-0.005333676002919674
-0.005332558415830135
-0.005331301596015692
-0.005329965613782406
-0.005328610073775053
-0.005327292717993259
-0.005326072219759226
-0.005325003527104855
-0.005324136931449175
-0.005323518067598343
-0.005323190707713366
-0.005323190242052078
-0.005323547869920731
-0.005324285477399826
-0.005325421690940857
-0.005326965823769569
-0.0053289202041924
-0.005331280641257763
-0.005334035027772188
-0.005337163340300322
-0.005340640433132648
-0.005344434175640345
-0.005348506383597851
-0.005352814216166735
-0.005357310641556978
-0.005361943505704403
-0.005366657860577106
-0.005371398292481899
-0.005376106593757868
-0.005380725488066673
-0.005385199096053839
-0.005389472004026175
-0.00539349252358079
-0.005397213622927666
-0.005400591995567083
-0.005403590388596058
-0.005406178534030914
-0.005408331751823425
-0.005410031415522099
-0.005411267746239901
-0.005412037018686533
-0.005412344355136156
-0.005412198137491941
-0.005411615129560232
-0.005410617217421532
-0.005409230478107929
-0.005407484248280525
-0.005405412055552006
-0.005403045564889908
-0.005400419700890779
-0.00539756752550602
-0.005394520703703165
-0.005391307175159454
-0.00538795068860054
-0.005384473130106926
-0.005380886606872082
-0.005377199035137892
-0.005373410414904356
-0.005369515623897314
-0.005365500692278147
-0.005361343733966351
-0.005357017274945974
-0.005352484527975321
-0.005347705911844969
-0.0053426343947649
-0.005337219219654799
-0.005331404972821474
-0.005325134843587875
-0.005318351555615664
-0.0053109978325665
-0.005303018726408482
-0.005294362548738718
-0.005284980405122042
-0.005274831783026457
-0.005263881292194128
-0.005252101924270391
-0.005239475518465042
-0.005225992761552334
-0.005211655516177416
-0.005196473095566034
-0.00518046785145998
-0.00516367144882679
-0.005146124865859747
-0.005127879325300455
-0.00510899443179369
-0.005089536774903536
-0.005069580860435963
-0.005049206782132387
-0.005028500221669674
-0.005007548257708549
-0.004986441694200039
-0.004965272266417742
-0.004944130312651396
-0.004923106636852026
-0.004902288317680359
-0.00488175917416811
-0.004861599300056696
-0.004841884598135948
-0.004822684451937675
-0.004804063588380814
-0.004786079749464989
-0.004768783692270517
-0.00475222198292613
-0.004736432805657387
-0.004721449222415686
-0.004707296844571829
-0.004693996161222458
-0.004681561142206192
-0.004669999238103628
-0.004659312311559916
-0.004649496637284756
-0.00464054336771369
-0.004632437601685524
-0.004625158384442329
-0.004618679638952017
-0.004612968768924475
-0.004607988521456718
-0.004603694658726454
-0.004600037354975939
-0.004596960730850697
-0.00459440378472209
-0.004592300392687321
-0.004590578377246857
-0.004589160904288292
-0.004587967414408922
-0.004586914554238319
-0.004585916176438332
-0.004584884736686945
-0.00458373362198472
-0.004582376219332218
-0.004580731503665447
-0.00457871938124299
-0.004576266743242741
-0.004573308397084475
-0.004569786600768566
-0.004565654322504997
-0.004560876172035933
-0.004555427469313145
-0.004549299366772175
-0.00454249419271946
-0.004535030107945204
-0.004526937380433083
-0.00451826024800539
-0.004509056452661753
-0.004499394446611404
-0.0044893529266119
-0.00447901850566268
-0.004468486644327641
-0.004457855131477118
-0.004447225481271744
-0.004436696413904428
-0.004426367580890656
-0.004416331183165312
-0.004406672436743975
-0.004397466778755188
-0.004388778936117887
-0.004380660131573677
-0.004373146221041679
-0.004366260021924973
-0.004360006656497717
-0.00435437448322773
-0.004349337425082922
-0.004344854038208723
-0.004340867977589369
-0.004337309394031763
-0.004334099590778351
-0.004331148695200682
-0.004328362178057432
-0.004325639922171831
-0.004322880879044533
-0.004319984465837479
-0.004316852428019047
-0.004313393961638212
-0.004309525713324547
-0.004305172245949507
-0.004300269763916731
-0.00429476797580719
-0.00428862776607275
-0.004281825385987759
-0.004274350591003895
-0.004266204778105021
-0.004257403314113617
-0.004247971344739199
-0.004237944260239601
-0.004227363970130682
-0.004216277971863747
-0.004204738885164261
-0.00419279932975769
-0.004180511925369501
-0.004167925100773573
-0.0041550830937922
-0.004142024088650942
-0.004128778353333473
-0.004115364048629999
-0.004101791884750128
-0.004088060464709997
-0.004074158612638712
-0.004060062579810619
-0.004045740701258183
-0.004031151533126831
-0.004016244783997536
-0.004000965505838394
-0.003985252697020769
-0.003969045821577311
-0.003952281549572945
-0.003934900276362896
-0.003916847053915262
-0.003898072289302945
-0.003878534538671374
-0.003858203301206231
-0.00383705971762538
-0.003815097501501441
-0.003792324103415012
-0.003768761875107884
-0.003744446439668536
-0.003719428321346641
-0.003693770850077271
-0.003667550394311547
-0.003640854032710195
-0.003613777924329042
-0.003586427075788379
-0.003558911848813295
-0.003531347028911114
-0.003503848100081086
-0.003476532176136971
-0.003449512179940939
-0.003422898007556796
-0.003396792570129037
-0.003371291793882847
-0.003346482757478952
-0.003322442760691047
-0.003299238625913858
-0.003276926698163152
-0.003255551215261221
-0.003235145704820752
-0.003215733217075467
-0.003197326092049479
-0.003179927123710513
-0.003163529792800546
-0.003148120129480958
-0.003133676247671247
-0.003120169043540955
-0.003107564290985465
-0.003095822641626
-0.003084899857640266
-0.003074747743085027
-0.00306531460955739
-0.003056545043364167
-0.003048381535336375
-0.003040761686861515
-0.003033620305359364
-0.003026890335604548
-0.003020500298589468
-0.003014376619830728
-0.003008443163707852
-0.003002620534971356
-0.002996828407049179
-0.002990985289216042
-0.002985008992254734
-0.002978818025439978
-0.002972332993522286
-0.002965477295219898
-0.002958179917186499
-0.002950375201180577
-0.002942005405202508
-0.002933023031800985
-0.002923391293734312
-0.002913085278123617
-0.002902093809098005
-0.0028904196806252
-0.002878080820664763
-0.002865109825506806
-0.002851553959771991
-0.002837474225088954
-0.002822944894433022
-0.002808052115142345
-0.002792890649288893
-0.002777563873678446
-0.002762179588899016
-0.002746848156675696
-0.002731679007411003
-0.002716779476031661
-0.002702250145375729
-0.002688182983547449
-0.002674659015610814
-0.002661745995283127
-0.00264949700795114
-0.002637948375195265
-0.00262711918912828
-0.002617011312395334
-0.002607609378173947
-0.002598880557343364
-0.002590776653960347
-0.002583235269412398
-0.002576181897893548
-0.002569532254710793
-0.002563193906098604
-0.00255706999450922
-0.002551061334088445
-0.002545069204643369
-0.0025389997754246
-0.002532763639464974
-0.002526280703023076
-0.002519480651244521
-0.002512304810807109
-0.00250470801256597
-0.002496660221368074
-0.002488145139068365
-0.002479161135852337
-0.002469720784574747
-0.002459850395098329
-0.002449588151648641
-0.002438982948660851
-0.00242809415794909
-0.002416986273601651
-0.002405730308964849
-0.002394400537014008
-0.002383071696385741
-0.00237181643024087
-0.002360705519095063
-0.002349803457036614
-0.00233916868455708
-0.002328850794583559
-0.00231889053247869
-0.002309318399056792
-0.002300153719261289
-0.002291404642164707
-0.00228306814096868
-0.002275132108479738
-0.00226757419295609
-0.002260362962260842
-0.002253459766507149
-0.002246820833534002
-0.002240397734567523
-0.002234139945358038
-0.002227996941655874
-0.002221919130533934
-0.002215859945863485
-0.002209778409451246
-0.002203639596700668
-0.002197416732087731
-0.002191091887652874
-0.002184657379984856
-0.0021781160030514
-0.002171480562537909
-0.002164775272831321
-0.00215803412720561
-0.002151299966499209
-0.002144625643268228
-0.002138070529326797
-0.002131699584424496
-0.002125581493601203
-0.00211978773586452
-0.002114389557391405
-0.002109457505866885
-0.002105058636516333
-0.002101255813613534
-0.002098105847835541
-0.002095659263432026
-0.002093958668410778
-0.002093037823215127
-0.002092923037707806
-0.002093632239848375
-0.002095176372677088
-0.002097558928653598
-0.002100777346640825
-0.002104824874550104
-0.00210969103500247
-0.002115362556651235
-0.002121825935319066
-0.00212906626984477
-0.002137070754542947
-0.002145828446373343
-0.002155330497771502
-0.002165570389479399
-0.002176545793190598
-0.002188255777582526
-0.002200700808316469
-0.002213882049545646
-0.002227800898253918
-0.002242457121610641
-0.002257846528664231
-0.002273961203172803
-0.002290785312652588
-0.002308296039700508
-0.002326461486518383
-0.002345239510759711
-0.002364576328545809
-0.00238440721295774
-0.002404655329883099
-0.002425232203677297
-0.002446038415655494
-0.002466965466737747
-0.002487895078957081
-0.002508703153580427
-0.002529259538277984
-0.002549431286752224
-0.002569085452705622
-0.002588090719655156
-0.002606319729238749
-0.002623651409521699
-0.002639974467456341
-0.002655187621712685
-0.002669202862307429
-0.002681945683434606
-0.002693357644602656
-0.002703397534787655
-0.002712040906772017
-0.002719281008467078
-0.002725128550082445
-0.002729611704126
-0.002732775639742613
-0.002734680892899632
-0.002735403599217534
-0.002735032700002193
-0.0027336694765836
-0.002731425920501351
-0.002728422870859504
-0.002724788384512067
-0.002720656571909785
-0.002716165268793702
-0.002711453475058079
-0.002706660889089108
-0.002701924880966544
-0.002697378629818559
-0.002693150425329804
-0.002689360873773694
-0.002686121501028538
-0.002683531725779176
-0.002681679092347622
-0.002680637408047915
-0.00268046441487968
-0.002681201556697488
-0.002682872582226992
-0.002685483079403639
-0.002689018845558167
-0.002693449147045612
-0.002698723692446947
-0.002704774029552937
-0.002711515873670578
-0.002718850038945675
-0.002726663136854768
-0.002734831068664789
-0.002743222285062075
-0.002751698950305581
-0.002760120667517185
-0.002768347971141338
-0.002776246285066009
-0.002783688018098474
-0.002790555590763688
-0.002796747256070375
-0.002802176168188453
-0.002806775271892548
-0.002810498932376504
-0.002813322469592094
-0.002815244719386101
-0.00281628780066967
-0.002816496416926384
-0.002815935760736465
-0.002814690349623561
-0.00281286146491766
-0.002810565056279302
-0.002807927783578634
-0.00280508236028254
-0.002802164759486914
-0.00279930979013443
-0.002796647837385535
-0.002794299740344286
-0.002792373532429338
-0.002790962578728795
-0.002790141617879272
-0.002789965365082026
-0.002790466183796525
-0.002791655017063022
-0.002793519059196115
-0.00279602431692183
-0.002799117006361485
-0.002802724484354258
-0.002806758508086205
-0.002811118494719267
-0.002815694781020284
-0.002820372581481934
-0.002825036644935608
-0.002829573582857847
-0.002833876758813858
-0.002837849548086524
-0.00284140813164413
-0.002844484755769372
-0.002847029129043221
-0.00284901075065136
-0.002850417513400316
-0.002851258730515838
-0.002851562341675162
-0.002851373283192515
-0.002850753255188465
-0.00284977606497705
-0.00284852716140449
-0.002847097581252456
-0.0028455825522542
-0.002844077069312334
-0.002842671703547239
-0.002841451903805137
-0.002840491710230708
-0.002839853055775166
-0.002839583205059171
-0.002839714055880904
-0.002840259810909629
-0.002841218141838908
-0.002842569723725319
-0.002844280563294888
-0.002846302930265665
-0.00284857745282352
-0.002851036377251148
-0.0028536063618958
-0.002856211038306355
-0.002858774969354272
-0.002861225744709373
-0.002863497938960791
-0.002865534974262118
-0.002867291681468487
-0.002868735929951072
-0.002869849558919668
-0.002870629075914621
-0.002871085423976183
-0.002871242351830006
-0.002871136413887143
-0.002870813943445683
-0.00287033012136817
-0.002869745949283242
-0.002869124058634043
-0.002868528245016932
-0.002868019044399261
-0.002867652336135507
-0.002867475617676973
-0.002867527771741152
-0.00286783603951335
-0.002868417650461197
-0.002869277494028211
-0.002870408352464437
-0.00287179253064096
-0.002873404184356332
-0.002875208621844649
-0.002877166727557778
-0.002879235660657287
-0.002881372347474098
-0.002883535344153643
-0.002885687630623579
-0.00288779754191637
-0.002889841562137008
-0.002891805488616228
-0.002893685596063733
-0.002895487705245614
-0.00289722834713757
-0.002898933831602335
-0.002900638384744525
-0.002902382984757423
-0.002904214663431048
-0.002906183246523142
-0.002908339723944664
-0.002910733688622713
-0.002913413569331169
-0.002916421974077821
-0.002919796854257584
-0.002923569176346064
-0.002927762689068913
-0.002932393457740545
-0.002937470097094774
-0.002942994236946106
-0.002948962384834886
-0.002955365693196654
-0.002962192520499229
-0.002969428896903992
-0.002977060386911035
-0.002985074650496244
-0.002993460977450013
-0.003002212150022388
-0.003011325374245644
-0.003020801814273
-0.003030648920685053
-0.003040877170860767
-0.003051501233130693
-0.003062539035454392
-0.003074010601267219
-0.003085935721173882
-0.003098333952948451
-0.003111222758889198
-0.003124614711850882
-0.003138517728075385
-0.003152934135869145
-0.003167859278619289
-0.003183280350640416
-0.003199176862835884
-0.003215520642697811
-0.003232276299968362
-0.00324940076097846
-0.003266845364123583
-0.00328455725684762
-0.003302478929981589
-0.003320550546050072
-0.003338710404932499
-0.003356896806508303
-0.003375048981979489
-0.003393106162548065
-0.003411011304706335
-0.003428708994761109
-0.003446146380156279
-0.003463274799287319
-0.003480047453194857
-0.003496420802548528
-0.003512353636324406
-0.003527807071805
-0.003542744088917971
-0.003557130694389343
-0.003570932894945145
-0.003584120655432343
-0.003596664406359196
-0.003608538303524256
-0.003619718365371227
-0.003630184102803469
-0.003639919683337212
-0.003648913698270917
-0.003657159628346562
-0.003664658637717366
-0.003671417711302638
-0.003677452448755503
-0.003682785434648395
-0.003687447868287563
-0.003691478865221143
-0.003694925922900438
-0.003697843523696065
-0.003700293367728591
-0.003702342277392745
-0.003704062895849347
-0.003705530194565654
-0.003706823568791151
-0.003708021715283394
-0.003709203796461225
-0.003710447112098336
-0.003711825935170054
-0.003713410114869475
-0.003715264610946178
-0.003717448096722364
-0.003720012493431568
-0.003723002271726727
-0.003726453054696321
-0.003730393014848232
-0.003734840778633952
-0.003739807521924376
-0.003745294408872724
-0.003751295618712902
-0.003757795318961143
-0.003764771856367588
-0.003772194730117917
-0.003780025988817215
-0.003788223024457693
-0.003796735545620322
-0.003805509302765131
-0.003814485156908631
-0.00382360047660768
-0.003832790302112699
-0.003841987811028957
-0.003851125948131084
-0.003860138589516282
-0.003868961008265615
-0.003877532435581088
-0.003885795595124364
-0.003893699962645769
-0.003901200601831079
-0.003908260259777308
-0.003914850763976574
-0.00392095185816288
-0.003926554694771767
-0.003931657876819372
-0.003936272580176592
-0.003940418362617493
-0.0039441236294806
-0.003947426099330187
-0.003950369544327259
-0.003953006118535995
-0.003955391701310873
-0.003957587759941816
-0.003959656693041325
-0.003961661830544472
-0.003963666036725044
-0.003965729847550392
-0.00396790960803628
-0.003970257006585598
-0.003972816746681929
-0.003975626081228256
-0.003978715278208256
-0.003982104361057281
-0.003985804971307516
-0.003989818505942822
-0.003994136583060026
-0.0039987419731915
-0.004003609530627728
-0.004008704330772161
-0.004013984929770231
-0.004019404295831919
-0.004024908412247896
-0.004030440468341112
-0.004035940393805504
-0.004041347187012434
-0.004046599846333265
-0.004051636904478073
-0.004056401085108519
-0.004060838837176561
-0.004064900800585747
-0.004068542737513781
-0.004071728326380253
-0.004074426367878914
-0.004076613113284111
-0.004078274592757225
-0.004079401958733797
-0.004079993348568678
-0.004080054350197315
-0.004079596139490604
-0.004078632686287165
-0.00407718401402235
-0.004075271543115377
-0.004072917159646749
-0.004070144612342119
-0.004066974855959415
-0.004063427448272705
-0.004059516359120607
-0.004055252764374018
-0.004050640854984522
-0.004045679699629545
-0.004040361382067204
-0.004034671932458878
-0.0040285917930305
-0.004022094421088696
-0.004015149548649788
-0.004007720854133368
-0.003999769221991301
-0.003991254139691591
-0.003982133232057095
-0.00397236505523324
-0.003961910959333181
-0.003950736485421658
-0.003938811831176281
-0.003926113247871399
-0.003912624903023243
-0.003898339113220572
-0.00388325983658433
-0.003867400344461203
-0.003850784385576844
-0.003833446884527802
-0.003815434174612164
-0.003796802135184407
-0.003777617588639259
-0.003757956204935908
-0.003737901104614139
-0.003717543557286263
-0.003696979722008109
-0.00367631041444838
-0.003655639244243503
-0.003635070519521832
-0.003614709246903658
-0.003594656940549612
-0.003575013251975179
-0.003555873176082969
-0.00353732518851757
-0.003519452409818769
-0.003502329578623176
-0.003486023750156164
-0.003470592899248004
-0.003456087084487081
-0.003442546119913459
-0.003430001204833388
-0.003418473759666085
-0.003407976822927594
-0.00339851388707757
-0.003390080295503139
-0.00338266184553504
-0.003376237349584699
-0.003370777470991015
-0.003366245422512293
-0.003362596966326237
-0.003359781112521887
-0.003357741050422192
-0.003356413217261434
-0.003355728695169091
-0.003355612279847264
-0.003355985041707754
-0.003356762463226914
-0.003357856767252088
-0.003359176917001605
-0.003360629081726074
-0.003362118266522884
-0.003363548777997494
-0.003364825854077935
-0.003365855664014816
-0.003366548800840974
-0.003366820747032762
-0.003366591641679406
-0.003365790937095881
-0.003364356933161616
-0.003362237941473722
-0.003359394380822778
-0.003355799708515406
-0.003351441351696849
-0.003346320474520326
-0.00334045453928411
-0.003333874512463808
-0.003326626261696219
-0.003318770555779338
-0.003310380270704627
-0.003301540389657021
-0.003292345907539129
-0.003282899502664804
-0.00327331037260592
-0.00326369097456336
-0.003254154231399298
-0.003244811436161399
-0.003235770389437675
-0.003227131208404899
-0.003218985628336668
-0.00321141304448247
-0.003204480279237032
-0.003198238788172603
-0.003192724427208304
-0.003187955589964986
-0.003183932974934578
-0.003180640749633312
-0.00317804585210979
-0.003176098922267556
-0.003174736397340894
-0.00317388167604804
-0.003173447446897626
-0.003173337783664465
-0.003173451637849212
-0.003173684235662222
-0.003173930803313851
-0.003174089128151536
-0.003174062119796872
-0.003173759905621409
-0.003173103323206306
-0.003172025317326188
-0.003170471172779799
-0.003168402006849647
-0.00316579407081008
-0.003162639914080501
-0.00315894722007215
-0.003154739970341325
-0.003150055184960365
-0.003144943621009588
-0.003139467211440206
-0.003133696271106601
-0.003127709263935685
-0.003121588611975312
-0.003115419298410416
-0.003109286306425929
-0.003103271126747131
-0.003097450593486428
-0.003091894555836916
-0.003086662851274014
-0.003081805538386106
-0.003077360102906823
-0.003073351457715034
-0.003069790545850992
-0.003066675737500191
-0.003063991433009505
-0.003061709925532341
-0.00305979186668992
-0.003058188362047076
-0.003056842600926757
-0.003055690787732601
-0.003054666332900524
-0.003053699852898717
-0.003052722895517945
-0.003051669802516699
-0.003050478873774409
-0.003049095394089818
-0.003047472564503551
-0.003045573830604553
-0.003043372416868806
-0.003040853654965758
-0.003038014285266399
-0.003034862922504544
-0.003031417960301042
-0.003027708968147635
-0.003023774130269885
-0.003019658382982016
-0.003015413181856275
-0.003011093242093921
-0.003006754210218787
-0.003002452896907926
-0.002998242154717445
-0.002994170878082514
-0.002990282606333494
-0.002986612729728222
-0.002983188023790717
-0.002980026416480541
-0.002977134194225073
-0.002974508795887232
-0.002972138114273548
-0.002970000961795449
-0.002968067768961191
-0.00296630198135972
-0.002964662155136466
-0.002963103819638491
-0.002961580408737063
-0.002960046287626028
-0.002958457684144378
-0.00295677431859076
-0.00295496080070734
-0.002952989423647523
-0.002950839232653379
-0.002948497887700796
-0.002945961197838187
-0.002943232655525208
-0.002940325299277902
-0.002937257988378406
-0.002934055868536234
-0.002930749673396349
-0.002927373163402081
-0.002923962194472551
-0.002920552622526884
-0.002917179139330983
-0.002913873177021742
-0.002910663140937686
-0.002907571149989963
-0.00290461303666234
-0.002901798812672496
-0.002899130340665579
-0.002896602731198072
-0.002894204808399081
-0.002891918877139688
-0.002889722585678101
-0.0028875891584903
-0.002885489258915186
-0.002883392851799726
-0.002881268970668316
-0.002879088278859854
-0.002876824699342251
-0.002874455414712429
-0.002871962729841471
-0.002869333606213331
-0.002866561058908701
-0.002863643690943718
-0.002860585693269968
-0.002857397077605128
-0.002854091580957174
-0.002850687364116311
-0.002847205149009824
-0.00284366705454886
-0.002840096596628428
-0.002836516126990318
-0.002832946134731174
-0.002829405711963773
-0.002825910225510597
-0.002822472481057048
-0.002819099696353078
-0.002815796295180917
-0.002812562277540565
-0.00280939438380301
-0.002806285861879587
-0.002803227864205837
-0.002800209447741508
-0.002797218970954418
-0.002794245025143027
-0.002791276900097728
-0.00278830504976213
-0.00278532225638628
-0.002782323630526662
-0.002779307309538126
-0.002776274690404534
-0.002773229731246829
-0.002770179184153676
-0.002767133060842752
-0.002764102071523666
-0.002761098789051175
-0.002758136251941323
-0.002755226800218225
-0.002752383006736636
-0.002749614650383592
-0.002746929880231619
-0.002744334517046809
-0.002741830656304955
-0.002739417366683483
-0.00273709069006145
-0.002734842943027616
-0.002732663881033659
-0.002730540232732892
-0.002728457795456052
-0.002726400038227439
-0.002724350430071354
-0.00272229197435081
-0.002720209071412683
-0.002718086587265134
-0.002715912647545338
-0.002713676309213042
-0.002711370354518294
-0.002708990359678864
-0.002706534927710891
-0.002704005222767591
-0.002701405435800552
-0.002698742551729083
-0.002696024952456355
-0.00269326358102262
-0.002690470078960061
-0.002687656786292791
-0.002684836275875568
-0.002682020887732506
-0.002679222030565143
-0.002676449716091156
-0.002673713490366936
-0.002671019872650504
-0.002668374450877309
-0.002665780950337648
-0.002663241466507316
-0.002660755766555667
-0.00265832245349884
-0.002655938267707825
-0.002653599716722965
-0.002651301212608814
-0.002649037865921855
-0.002646802924573421
-0.002644590334966779
-0.002642393577843904
-0.002640206133946776
-0.002638022415339947
-0.002635836834087968
-0.002633644035086036
-0.002631440525874496
-0.00262922141700983
-0.002626983681693673
-0.002624725224450231
-0.002622443484142423
-0.002620137762278318
-0.002617807360365987
-0.002615452511236072
-0.002613074146211147
-0.002610674593597651
-0.00260825571604073
-0.002605820773169398
-0.002603374421596527
-0.002600920619443059
-0.002598464023321867
-0.002596009988337755
-0.002593563636764884
-0.00259112985804677
-0.002588713308796287
-0.002586319111287594
-0.00258395099081099
-0.002581611508503556
-0.002579302294179797
-0.002577024744823575
-0.002574778627604246
-0.002572562312707305
-0.002570372773334384
-0.002568206284195185
-0.002566058188676834
-0.002563923131674528
-0.002561795525252819
-0.002559668850153685
-0.002557537285611033
-0.002555395243689418
-0.002553237834945321
-0.002551060868427157
-0.002548861550167203
-0.002546638483181596
-0.002544391201809049
-0.002542121103033423
-0.0025398307479918
-0.002537523629143834
-0.002535204635933042
-0.002532879123464227
-0.00253055221401155
-0.002528230426833034
-0.002525919117033482
-0.002523623406887054
-0.002521347953006625
-0.002519096015021205
-0.002516869688406587
-0.002514669904485345
-0.002512496197596192
-0.002510346937924623
-0.002508218865841627
-0.002506107790395617
-0.002504009753465652
-0.002501919632777572
-0.002499832073226571
-0.002497741254046559
-0.002495643449947238
-0.002493534702807665
-0.002491411520168185
-0.002489271573722363
-0.002487114863470197
-0.002484941622242332
-0.002482753014191985
-0.002480551600456238
-0.002478340873494744
-0.00247612502425909
-0.002473908243700862
-0.002471695188432932
-0.002469489816576242
-0.002467295387759805
-0.002465115394443274
-0.002462951932102442
-0.002460806164890528
-0.002458678092807531
-0.002456567948684096
-0.00245447363704443
-0.002452392363920808
-0.002450321335345507
-0.002448257058858871
-0.002446195809170604
-0.002444133860990405
-0.002442067954689264
-0.00243999483063817
-0.002437912626191974
-0.002435819711536169
-0.002433715853840113
-0.002431601984426379
-0.002429479267448187
-0.002427349332720041
-0.002425215672701597
-0.002423080615699291
-0.002420947421342134
-0.002418818650767207
-0.00241669756360352
-0.002414586022496223
-0.002412486122921109
-0.002410398097708821
-0.002408322645351291
-0.002406258834525943
-0.002404205268248916
-0.002402160316705704
-0.002400122117251158
-0.00239808764308691
-0.002396055031567812
-0.002394021721556783
-0.002391985850408673
-0.002389945555478334
-0.002387899672612548
-0.00238584796898067
-0.002383790444582701
-0.002381727797910571
-0.002379661425948143
-0.002377592492848635
-0.002375522861257195
-0.002373454626649618
-0.002371389186009765
-0.002369328401982784
-0.002367273438721895
-0.002365225926041603
-0.002363186329603195
-0.002361154416576028
-0.002359130652621388
-0.002357113640755415
-0.002355101983994246
-0.002353094751015306
-0.002351090312004089
-0.002349087037146091
-0.002347083063796163
-0.002345078391954303
-0.002343071391806006
-0.00234106183052063
-0.002339049940928817
-0.002337035490199924
-0.002335019176825881
-0.002333002630621195
-0.002330986317247152
-0.002328971866518259
-0.002326960675418377
-0.002324953908100724
-0.002322952030226588
-0.0023209557402879
-0.002318965969607234
-0.002316982252523303
-0.002315005287528038
-0.002313034143298864
-0.002311068121343851
-0.002309106988832355
-0.0023071498144418
-0.002305196365341544
-0.002303246175870299
-0.002301299478858709
-0.002299355808645487
-0.002297415630891919
-0.002295479644089937
-0.002293549012392759
-0.002291625365614891
-0.00228970916941762
-0.002287802752107382
-0.002285906812176108
-0.002284023445099592
-0.002282154047861695
-0.00228030001744628
-0.002278462750837207
-0.002276643412187696
-0.00227484293282032
-0.002273062244057655
-0.002271302510052919
-0.002269564894959331
-0.002267849864438176
-0.002266159048303962
-0.002264493145048618
-0.002262853551656008
-0.002261241665109992
-0.002259658882394433
-0.002258106600493193
-0.002256587147712708
-0.002255102386698127
-0.0022536541800946
-0.002252243924885988
-0.002250873949378729
-0.002249545184895396
-0.00224825949408114
-0.002247017342597246
-0.002245819661766291
-0.002244666684418917
-0.002243558643385768
-0.002242494141682982
-0.00224147317931056
-0.002240494126453996
-0.002239554887637496
-0.002238654298707843
-0.002237789332866669
-0.00223695719614625
-0.002236155560240149
-0.002235380932688713
-0.002234630053862929
-0.002233898965641856
-0.002233183477073908
-0.002232479164376855
-0.002231781603768468
-0.002231085672974586
-0.00223038624972105
-0.002229678211733699
-0.002228955738246441
-0.002228213474154472
-0.002227446064352989
-0.002226648619398475
-0.002225816249847412
-0.002224944299086928
-0.002224029041826725
-0.002223067451268435
-0.002222056966274977
-0.00222099618986249
-0.002219884190708399
-0.002218721667304635
-0.002217509318143129
-0.002216250170022249
-0.002214946318417788
-0.002213602885603905
-0.002212224761024117
-0.002210818231105804
-0.002209389815106988
-0.002207946963608265
-0.002206498058512807
-0.002205051481723785
-0.00220361677929759
-0.002202202333137393
-0.00220081745646894
-0.002199471229687333
-0.002198172034695745
-0.002196928486227989
-0.00219574780203402
-0.002194636734202504
-0.002193600405007601
-0.002192642772570252
-0.002191766165196896
-0.002190971979871392
-0.002190259983763099
-0.002189628081396222
-0.00218907231464982
-0.002188587794080377
-0.002188167767599225
-0.002187804551795125
-0.00218748883344233
-0.002187210135161877
-0.002186957513913512
-0.002186719793826342
-0.002186484867706895
-0.002186240861192346
-0.002185977064073086
-0.00218568230047822
-0.002185347257182002
-0.002184963086619973
-0.00218452257104218
-0.002184019889682531
-0.002183451084420085
-0.002182813826948404
-0.002182108117267489
-0.002181334653869271
-0.002180497162044048
-0.00217960006557405
-0.002178650116547942
-0.002177654998376966
-0.002176623325794935
-0.002175564877688885
-0.002174489898607135
-0.002173408167436719
-0.002172330161556602
-0.002171265659853816
-0.002170224208384752
-0.002169214189052582
-0.002168242819607258
-0.002167316153645515
-0.002166439080610871
-0.002165615791454911
-0.002164848381653428
-0.002164138481020927
-0.002163486555218697
-0.002162891672924161
-0.002162352902814746
-0.002161868149414659
-0.002161436481401324
-0.002161056036129594
-0.002160725416615605
-0.002160443924367428
-0.002160211792215705
-0.002160030184313655
-0.002159900963306427
-0.002159826923161745
-0.002159812487661839
-0.002159862546250224
-0.002159982919692993
-0.002160179195925593
-0.002160457894206047
-0.002160825999453664
-0.002161289798095822
-0.002161855110898614
-0.002162526827305555
-0.002163308672606945
-0.00216420297510922
-0.002165211364626884
-0.002166333608329296
-0.00216756877489388
-0.002168913604691625
-0.002170364372432232
-0.002171916421502829
-0.002173563465476036
-0.002175299916416407
-0.002177119022235274
-0.002179014729335904
-0.002180981216952205
-0.002183013828471303
-0.002185107674449682
-0.002187259960919619
-0.002189468126744032
-0.002191731706261635
-0.002194050699472427
-0.002196426270529628
-0.002198860514909029
-0.002201355993747711
-0.002203915035352111
-0.002206539968028665
-0.002209232887253165
-0.002211994491517544
-0.002214825013652444
-0.002217722125351429
-0.002220682101324201
-0.002223699353635311
-0.00222676619887352
-0.00222987262532115
-0.002233006991446018
-0.00223615625873208
-0.002239305758848786
-0.002242439426481724
-0.002245541894808412
-0.00224859663285315
-0.002251588506624103
-0.002254502382129431
-0.002257325686514378
-0.002260047243908048
-0.002262658206745982
-0.002265152288600802
-0.002267525997012854
-0.002269778866320848
-0.002271912759169936
-0.002273931866511703
-0.002275842474773526
-0.002277653198689222
-0.002279373351484537
-0.002281013643369079
-0.002282585483044386
-0.002284100046381354
-0.002285569440573454
-0.002287003677338362
-0.002288413001224399
-0.00228980602696538
-0.002291191136464477
-0.002292574616149068
-0.002293962053954601
-0.00229535810649395
-0.002296766499057412
-0.002298190491273999
-0.002299632877111435
-0.0023010962177068
-0.002302583074197173
-0.002304095309227705
-0.002305635251104832
-0.002307206159457564
-0.002308810595422983
-0.002310452051460743
-0.002312133554369211
-0.002313858829438686
-0.002315630204975605
-0.002317450707778335
-0.002319321967661381
-0.002321244915947318
-0.002323219552636147
-0.002325244946405292
-0.002327318536117673
-0.002329437062144279
-0.002331595635041595
-0.002333788201212883
-0.002336007775738835
-0.002338246675208211
-0.002340496284887195
-0.002342747757211328
-0.002344991778954864
-0.0023472192697227
-0.002349421847611666
-0.002351590432226658
-0.00235371757298708
-0.002355797216296196
-0.002357823308557272
-0.002359791193157434
-0.002361697144806385
-0.002363539533689618
-0.002365316962823272
-0.002367029432207346
-0.002368677640333772
-0.002370264148339629
-0.00237179221585393
-0.002373265335336328
-0.002374688629060984
-0.002376066986471415
-0.002377406461164355
-0.002378712641075253
-0.002379991812631488
-0.002381250029429793
-0.002382493112236261
-0.00238372664898634
-0.002384955296292901
-0.002386183245107532
-0.002387413987889886
-0.002388649387285113
-0.002389890607446432
-0.002391136949881911
-0.002392387250438333
-0.002393638249486685
-0.00239488622173667
-0.002396125812083483
-0.002397351199761033
-0.00239855470135808
-0.002399728866294026
-0.002400865545496345
-0.002401956589892507
-0.002402993617579341
-0.002403967780992389
-0.002404871629551053
-0.002405697479844093
-0.002406439278274775
-0.002407090738415718
-0.002407646737992764
-0.002408103551715612
-0.00240845768712461
-0.00240870681591332
-0.002408849541097879
-0.002408885629847646
-0.002408815314993262
-0.00240863929502666
-0.002408359199762344
-0.002407977357506752
-0.002407497027888894
-0.002406921470537782
-0.002406254643574357
-0.002405501436442137
-0.002404666505753994
-0.002403755439445376
-0.002402774291113019
-0.002401729114353657
-0.002400626195594668
-0.002399472519755363
-0.002398274606093764
-0.002397039905190468
-0.00239577516913414
-0.002394486218690872
-0.002393179340288043
-0.0023918601218611
-0.00239053345285356
-0.002389203757047653
-0.002387875458225608
-0.002386551117524505
-0.002385233296081424
-0.002383923856541514
-0.002382624428719282
-0.002381335943937302
-0.002380059100687504
-0.002378795063123107
-0.002377544064074755
-0.002376306336373091
-0.002375082112848759
-0.002373872557654977
-0.002372678369283676
-0.002371500944718719
-0.002370341215282679
-0.002369200112298131
-0.00236807856708765
-0.002366977510973811
-0.002365898108109832
-0.002364839892834425
-0.002363803563639522
-0.00236278772354126
-0.002361790975555778
-0.002360811689868569
-0.00235984637401998
-0.002358891768381
-0.002357943449169397
-0.002356996759772301
-0.002356046112254262
-0.002355085918679833
-0.002354110591113567
-0.002353113843128085
-0.002352089621126652
-0.002351032570004463
-0.002349937101826072
-0.002348799025639892
-0.00234761368483305
-0.002346377586945891
-0.002345088869333267
-0.002343746367841959
-0.002342349616810679
-0.002340899547562003
-0.00233939872123301
-0.002337850863113999
-0.0023362603969872
-0.002334633143618703
-0.002332976553589106
-0.002331298077479005
-0.002329606562852859
-0.002327912021428347
-0.002326223533600569
-0.00232455157674849
-0.002322906395420432
-0.002321298001334071
-0.00231973547488451
-0.002318227896466851
-0.002316783182322979
-0.002315408317372203
-0.002314108656719327
-0.002312888624146581
-0.002311750547960401
-0.002310696057975292
-0.002309724688529968
-0.002308833878487349
-0.002308020368218422
-0.002307278104126453
-0.002306600334122777
-0.002305978676304221
-0.002305403351783752
-0.002304863883182406
-0.002304349094629288
-0.00230384711176157
-0.002303346991539001
-0.002302836161106825
-0.002302303211763501
-0.00230173789896071
-0.002301130210980773
-0.002300471533089876
-0.002299755346029997
-0.0022989755962044
-0.002298128791153431
-0.00229721306823194
-0.002296227728947997
-0.002295174635946751
-0.002294057048857212
-0.002292880089953542
-0.002291649580001831
-0.002290373668074608
-0.002289060968905687
-0.002287721028551459
-0.002286364091560245
-0.002285000635311007
-0.002283641137182713
-0.00228229584172368
-0.002280974527820945
-0.002279686275869608
-0.002278438536450267
-0.002277238527312875
-0.002276091370731592
-0.002275000559166074
-0.002273967489600182
-0.002272992627695203
-0.002272074809297919
-0.002271210541948676
-0.002270395634695888
-0.002269623568281531
-0.002268887124955654
-0.002268178388476372
-0.002267488511279225
-0.002266808412969112
-0.002266128314658999
-0.002265439368784428
-0.002264732960611582
-0.002264001406729221
-0.002263237722218037
-0.002262436551973224
-0.002261593472212553
-0.002260706620290875
-0.002259774599224329
-0.002258798340335488
-0.002257779706269503
-0.002256722887977958
-0.00225563277490437
-0.002254515886306763
-0.00225337827578187
-0.00225222809240222
-0.002251073019579053
-0.002249920973554254
-0.00224878010340035
-0.002247656928375363
-0.002246557734906673
-0.002245487412437797
-0.002244449919089675
-0.002243447583168745
-0.002242481568828225
-0.002241551410406828
-0.002240655012428761
-0.002239789348095655
-0.002238950226455927
-0.002238132292404771
-0.002237330190837383
-0.002236536936834455
-0.00223574647679925
-0.002234952058643103
-0.002234147628769279
-0.002233328064903617
-0.002232488477602601
-0.002231626072898507
-0.002230738056823611
-0.002229823265224695
-0.002228882163763046
-0.002227915683761239
-0.002226926619186997
-0.002225918462499976
-0.002224894938990474
-0.002223860938102007
-0.002222822047770023
-0.002221783390268683
-0.002220750087872148
-0.002219726797193289
-0.002218717476353049
-0.002217725152149796
-0.002216751920059323
-0.002215798711404204
-0.002214865759015083
-0.002213952597230673
-0.002213056664913893
-0.002212175168097019
-0.002211305079981685
-0.002210442209616303
-0.002209583064541221
-0.002208723220974207
-0.002207858953624964
-0.00220698700286448
-0.002206104341894388
-0.002205207943916321
-0.002204296877607703
-0.002203369978815317
-0.002202427480369806
-0.002201470080763102
-0.002200499409809709
-0.00219951756298542
-0.002198526402935386
-0.002197529189288616
-0.002196528250351548
-0.002195526612922549
-0.002194525906816125
-0.002193527994677424
-0.002192534506320953
-0.002191545674577355
-0.00219056149944663
-0.002189581515267491
-0.002188603859394789
-0.002187626902014017
-0.002186647849157453
-0.002185663906857371
-0.002184671815484762
-0.002183669013902545
-0.002182652009651065
-0.002181618474423885
-0.002180565847083926
-0.002179492264986038
-0.002178395865485072
-0.002177275251597166
-0.002176130190491676
-0.002174960216507316
-0.002173765562474728
-0.002172545762732625
-0.002171301515772939
-0.002170032821595669
-0.002168738981708884
-0.002167419297620654
-0.002166073303669691
-0.002164698904380202
-0.002163294702768326
-0.002161857904866338
-0.002160385716706514
-0.002158874645829201
-0.002157321665436029
-0.002155722584575415
-0.002154073677957058
-0.002152370987460017
-0.002150611253455281
-0.002148790052160621
-0.002146904356777668
-0.002144951373338699
-0.002142928307875991
-0.002140833530575037
-0.002138664247468114
-0.00213641906157136
-0.0021340970415622
-0.002131696557626128
-0.002129217144101858
-0.00212665693834424
-0.0021240150090307
-0.002121289959177375
-0.002118480857461691
-0.002115585841238499
-0.002112603979185224
-0.00210953364148736
-0.002106373431161046
-0.002103121019899845
-0.002099775243550539
-0.002096334937959909
-0.002092799171805382
-0.0020891681779176
-0.002085442189127207
-0.002081622136756778
-0.002077710116282105
-0.002073707757517695
-0.002069618552923203
-0.002065446227788925
-0.002061194507405162
-0.002056868281215429
-0.002052472671493888
-0.002048013266175985
-0.002043495653197169
-0.002038925886154175
-0.002034309785813093
-0.002029653638601303
-0.00202496349811554
-0.002020245883613825
-0.00201550661586225
-0.002010751981288195
-0.002005988266319036
-0.002001221990212798
-0.001996459439396858
-0.001991707133129239
-0.001986971125006676
-0.001982257701456547
-0.001977573614567518
-0.001972925383597612
-0.001968319062143564
-0.001963760470971465
-0.001959256129339337
-0.001954811159521341
-0.001950430567376316
-0.001946119009517133
-0.001941880327649415
-0.001937717664986849
-0.001933633466251194
-0.001929629477672279
-0.001925706281326711
-0.001921863877214491
-0.001918101101182401
-0.001914416207000613
-0.001910806749947369
-0.001907269121147692
-0.001903799478895962
-0.001900393050163984
-0.001897044712677598
-0.001893748878501356
-0.001890499261207879
-0.001887289923615754
-0.001884114230051637
-0.001880965544842184
-0.001877837115898728
-0.001874721958301961
-0.001871613319963217
-0.001868503866717219
-0.001865387544967234
-0.001862257951870561
-0.001859109150245786
-0.001855935668572783
-0.001852732500992715
-0.001849494874477386
-0.001846219063736498
-0.001842901576310396
-0.001839540083892643
-0.0018361333059147
-0.001832679845392704
-0.001829180284403265
-0.001825635437853634
-0.001822047401219606
-0.001818419084884226
-0.001814754097722471
-0.001811056979931891
-0.001807333319447935
-0.001803589053452015
-0.001799830701202154
-0.001796065713278949
-0.001792301423847675
-0.001788546098396182
-0.001784807885996997
-0.001781094819307327
-0.001777415163815022
-0.001773777068592608
-0.001770188217051327
-0.001766656176187098
-0.001763188047334552
-0.001759790000505745
-0.00175646785646677
-0.001753226737491786
-0.001750070718117058
-0.001747003523632884
-0.001744027948006988
-0.001741145853884518
-0.001738358289003372
-0.001735665719024837
-0.001733067561872303
-0.001730563002638519
-0.001728150178678334
-0.00172582664526999
-0.00172358937561512
-0.001721435459330678
-0.001719361171126366
-0.00171736313495785
-0.001715437392704189
-0.001713579753413796
-0.001711786142550409
-0.001710052951239049
-0.001708376803435385
-0.001706754439510405
-0.001705183065496385
-0.001703660003840923
-0.001702183624729514
-0.001700752414762974
-0.001699365675449371
-0.001698022708296776
-0.001696723978966475
-0.001695469953119755
-0.001694261562079191
-0.001693099504336715
-0.001691985409706831
-0.001690920675173402
-0.001689906814135611
-0.001688945223577321
-0.00168803718406707
-0.001687183394096792
-0.001686384319327772
-0.00168563995976001
-0.001684949966147542
-0.001684312825091183
-0.001683726673945785
-0.001683189067989588
-0.001682696281932294
-0.001682243775576353
-0.001681827241554856
-0.001681440509855747
-0.001681077294051647
-0.001680730143561959
-0.00168039184063673
-0.001680054352618754
-0.001679709181189537
-0.00167934806086123
-0.001678962493315339
-0.001678543630987406
-0.001678084023296833
-0.001677575404755771
-0.001677010906860232
-0.001676384243182838
-0.001675689942203462
-0.001674923347309232
-0.001674081198871136
-0.001673160935752094
-0.001672161626629531
-0.001671083620749414
-0.00166992808226496
-0.001668697805143893
-0.001667396631091833
-0.001666029682382941
-0.00166460289619863
-0.001663122908212245
-0.001661597518250346
-0.001660035108216107
-0.001658444525673985
-0.001656834734603763
-0.001655214815400541
-0.00165359431412071
-0.001651981845498085
-0.001650386373512447
-0.00164881581440568
-0.001647277735173702
-0.001645778771489859
-0.00164432474412024
-0.001642920426093042
-0.001641569659113884
-0.001640275120735168
-0.001639038440771401
-0.001637860317714512
-0.001636740169487894
-0.001635676599107683
-0.0016346670454368
-0.001633708132430911
-0.001632796134799719
-0.001631926046684384
-0.001631092629395425
-0.001630290178582072
-0.001629512989893556
-0.001628754544071853
-0.00162800878752023
-0.001627269433811307
-0.00162653042934835
-0.00162578618619591
-0.001625031349249184
-0.001624261378310621
-0.001623471849597991
-0.001622658804990351
-0.001621819217689335
-0.001620950410142541
-0.001620050985366106
-0.001619119429960847
-0.001618155394680798
-0.001617159228771925
-0.001616131165064871
-0.001615072833374143
-0.001613986096344888
-0.001612873049452901
-0.001611736370250583
-0.001610578852705657
-0.001609403872862458
-0.001608214806765318
-0.00160701503045857
-0.001605807919986546
-0.00160459743347019
-0.001603386830538511
-0.00160217983648181
-0.001600979827344418
-0.001599789829924703
-0.001598612987436354
-0.001597451861016452
-0.001596308662556112
-0.001595185371115804
-0.001594083267264068
-0.001593003515154123
-0.001591947046108544
-0.00159091386012733
-0.001589903840795159
-0.001588916056789458
-0.001587949576787651
-0.001587003003805876
-0.001586074591614306
-0.001585161895491183
-0.001584262703545392
-0.00158337433822453
-0.001582493889145553
-0.001581618096679449
-0.001580743934027851
-0.001579868490807712
-0.001578988623805344
-0.001578101422637701
-0.001577203976921737
-0.001576294074766338
-0.001575369737111032
-0.001574429450556636
-0.001573471585288644
-0.001572496141307056
-0.001571502420119941
-0.001570490770973265
-0.001569462125189602
-0.001568417763337493
-0.001567359548062086
-0.001566289342008531
-0.001565209939144552
-0.001564123784191906
-0.001563034136779606
-0.001561943674460053
-0.001560855656862259
-0.001559772877953947
-0.001558698480948806
-0.001557635026983917
-0.001556584611535072
-0.001555548864416778
-0.00155452941544354
-0.001553527195937932
-0.001552542555145919
-0.001551575609482825
-0.001550625660456717
-0.001549691311083734
-0.001548771397210658
-0.001547863823361695
-0.001546966261230409
-0.00154607614967972
-0.001545190578326583
-0.001544306986033916
-0.001543422462418675
-0.001542534679174423
-0.001541640958748758
-0.001540739205665886
-0.00153982755728066
-0.001538904965855181
-0.001537970267236233
-0.001537023228593171
-0.001536063733510673
-0.001535092247650027
-0.001534109935164452
-0.001533117960207164
-0.001532117952592671
-0.001531111891381443
-0.001530101872049272
-0.001529090339317918
-0.001528079388663173
-0.00152707111556083
-0.00152606749907136
-0.001525070518255234
-0.001524081570096314
-0.001523102051578462
-0.001522132777608931
-0.001521174213849008
-0.001520226942375302
-0.001519290613941848
-0.001518364646472037
-0.001517448225058615
-0.001516540301963687
-0.001515639363788068
-0.001514743780717254
-0.001513851922936738
-0.001512962160632014
-0.001512072747573256
-0.001511182053945959
-0.001510288333520293
-0.001509390538558364
-0.001508487272076309
-0.001507577951997519
-0.001506661996245384
-0.001505739171989262
-0.001504809828475118
-0.001503874431364238
-0.001502933679148555
-0.001501988735981286
-0.001501040649600327
-0.001500090584158897
-0.001499139820225537
-0.001498189871199429
-0.001497241901233792
-0.00149629742372781
-0.001495357137173414
-0.001494422205723822
-0.001493492978625
-0.001492570154368877
-0.001491653849370778
-0.001490743830800056
-0.001489839982241392
-0.001488941605202854
-0.001488048350438476
-0.001487159170210361
-0.001486273133195937
-0.001485389424487948
-0.001484507112763822
-0.001483625150285661
-0.001482742722146213
-0.001481858897022903
-0.001480972860008478
-0.001480084378272295
-0.001479192869737744
-0.001478298450820148
-0.001477400888688862
-0.001476500649005175
-0.001475597964599729
-0.001474693301133811
-0.001473787357099354
-0.001472880714572966
-0.001471973955631256
-0.001471068128012121
-0.001470163813792169
-0.00146926159504801
-0.001468362053856254
-0.001467465772293508
-0.001466572866775095
-0.001465683686546981
-0.001464797998778522
-0.001463915919885039
-0.001463036984205246
-0.001462161191739142
-0.00146128807682544
-0.001460417057387531
-0.001459547900594771
-0.001458680024370551
-0.001457813079468906
-0.001456946367397904
-0.001456079771742225
-0.00145521282684058
-0.001454345067031682
-0.001453476492315531
-0.001452606869861484
-0.001451736316084862
-0.001450864830985665
-0.001449992530979216
-0.00144911976531148
-0.001448246533982456
-0.00144737318623811
-0.001446500071324408
-0.001445627654902637
-0.001444756169803441
-0.001443885965272784
-0.001443017390556633
-0.001442150794900954
-0.001441285945475101
-0.001440423307940364
-0.001439562649466097
-0.001438703970052302
-0.001437847502529621
-0.001436992781236768
-0.001436139922589064
-0.0014352883445099
-0.001434438163414598
-0.001433588797226548
-0.001432740245945752
-0.001431892276741564
-0.001431044889613986
-0.001430197851732373
-0.001429350930266082
-0.001428504125215113
-0.001427657320164144
-0.001426810515113175
-0.001425963826477528
-0.001425117370672524
-0.001424271264113486
-0.001423425739631057
-0.001422580564394593
-0.001421735971234739
-0.001420892309397459
-0.001420049462467432
-0.001419208012521267
-0.001418367843143642
-0.001417528954334557
-0.001416691578924656
-0.001415855600498617
-0.001415021135471761
-0.001414188067428768
-0.001413356047123671
-0.001412525307387114
-0.001411695615388453
-0.001410866854712367
-0.001410038908943534
-0.001409211661666632
-0.001408385229296982
-0.001407559379003942
-0.001406734227202833
-0.001405909424647689
-0.001405084971338511
-0.001404260983690619
-0.001403437345288694
-0.00140261382330209
-0.001401790999807417
-0.00140096852555871
-0.001400146633386612
-0.001399325323291123
-0.001398504711687565
-0.001397684682160616
-0.00139686546754092
-0.001396047067828476
-0.001395229599438608
-0.001394413062371314
-0.00139359780587256
-0.001392783364281058
-0.001391970203258097
-0.001391158089973032
-0.001390347024425864
-0.001389537123031914
-0.001388728152960539
-0.00138792023062706
-0.001387113239616156
-0.001386307063512504
-0.001385501585900784
-0.001384696690365672
-0.001383892493322492
-0.001383088761940598
-0.001382285496219993
-0.001381482696160674
-0.001380680361762643
-0.001379878609441221
-0.001379077672027051
-0.001378277433104813
-0.001377477659843862
-0.001376678701490164
-0.00137588067445904
-0.001375083462335169
-0.001374286948703229
-0.001373491482809186
-0.001372696831822395
-0.001371902879327536
-0.001371109858155251
-0.001370317651890218
-0.001369526144117117
-0.001368735451251268
-0.001367945456877351
-0.001367156277410686
-0.001366367796435952
-0.001365580013953149
-0.001364792813546956
-0.001364006311632693
-0.001363220508210361
-0.001362435519695282
-0.001361651462502778
-0.00136086845304817
-0.001360086258500814
