0
0
0
0
0
0
0
0
0
0
0
0
0
0
0
0
0
0
0
0
0
0
0
0
0
0
0
0
0
0
0
0
0
0
0
0
0
0
0
0
0
0
0
0
0
0
0
0
0
0
0
0
0
0
0
0
0
0
0
0
0
0
0
0
0
0
0
0
0
0
0
0
0
0
0
0
0
0
0
0
0
0
0
0
0
0
0
0
0
0
0
0
0
0
0
0
0
0
0
0
0
0
0
0
0
0
0
0
0
0
0
0
0
0
0
0
0
0
0
0
0
0
0
0
0
0
0
0
0
0
0
0
0
0
0
0
0
0
0
0
0
0
0
0
0
0
0
0
0
0
0
0
0
0
0
0
0
0
0
0
0
0
0
0
0
0
0
0
0
0
0
0
0
0
0
0
0
0
0
0
0
0
0
0
0
0
0
0
0
0
0
0
0
0
0
0
0
0
0
0
0
0
0
0
0
0
0
0
0
0
0
0
0
0
0
0
0
0
0
0
0
0
0
0
0
0
0
0
0
0
0
0
0
0
0
0
0
0
0
0
0
0
0
0
0
0
0
0
0
0
0
0
0
0
0
0
0
0
0
0
0
0
0
0
0
0
0
0
0
0
0
0
0
0
0
0
0
0
0
0
0
0
0
0
0
0
0
0
0
0
0
0
0
0
0
0
0
0
0
0
0
0
0
0
0
0
0
0
0
0
0
0
0
0
0
0
0
0
0
0
0
0
0
0
0
0
0
0
0
0
0
0
0
0
0
0
0
0
0
0
0
0
0
0
0
0
0
0
0
0
0
0
0
0
0
0
0
0
0
0
0
0
0
0
0
0
0
0
0
0
0
0
0
0
0
0
0
0
0
0
0
0
0
0
0
0
0
0
0
0
0
0
0
0
0
0
0
0
0
0
0
0
0
0
0
0
0
0
0
0
0
0
0
0
0
0
0
0
0
0
0
0
0
0
0
0
0
0
0
0
0
0
0
0
0
0
0
0
0
0
0
0
0
0
0
0
0
0
0
0
0
0
0
0
0
0
0
0
0
0
0
0
0
0
0
0
0
0
0
0
0
0
0
0
0
0
0
0
0
0
0
0
0
0
0
0
0
0
0
0
0
0
0
0
0
0
0
0
0
0
0
0
0
0
0
0
0
0
0
0
0
0
0
0
0
0
0
0
0
0
0
0
0
0
0
0
0
0
0
0
0
0
0
0
0
0
0
0
0
0
0
0
0
0
0
0
0
0
0
0
0
0
0
0
0
0
0
0
0
0
0
0
0
0
0
0
0
0
0
0
0
0
0
0
0
0
0
0
0
0
0
0
0
0
0
0
0
0
0
0
0
0
0
0
0
0
0
0
0
0
0
0
0
0
0
0
0
0
0
0
0
0
0
0
0
0
0
0
0
0
0
0
0
0
0
0
0
0
0
0
0
0
0
0
0
0
0
0
0
0
0
0
0
0
0
0
0
0
0
0
0
0
0
0
0
0
0
0
0
0
0
0
0
0
0
0
0
0
0
0
0
0
0
0
0
0
0
0
0
0
0
0
0
0
0
0
0
0
0
0
0
0
0
0
0
0
0
0
0
0
0
0
0
0
0
0
0
0
0
0
0
0
0
0
0
0
0
0
0
0
0
0
0
0
0
0
0
0
0
0
0
0
0
0
0
0
0
0
0
0
0
0
0
0
0
0
0
0
0
0
0
0
0
0
0
0
0
0
0
0
0
0
0
0
0
0
0
0
0
0
0
0
0
0
0
0
0
0
0
0
0
0
0
0
0
0
0
0
0
0
0
0
0
0
0
0
0
0
0
0
0
0
0
0
0
0
0
0
0
0
0
0
0
0
0
0
0
0
0
0
0
0
0
0
0
0
0
0
0
0
0
0
0
0
0
0
0
0
0
0
0
0
0
0
0
0
0
0
0
0
0
0
0
0
0
0
0
0
0
0
0
0
0
0
0
0
0
0
0
0
0
0
0
0
0
0
0
0
0
0
0
0
0
0
0
0
0
0
0
0
0
0
0
0
0
0
0
0
0
0
0
0
0
0
0
0
0
0
0
0
0
0
0
0
0
0
0
0
0
0
0
0
0
0
0
0
0
0
0
0
0
0
0
0
0
0
0
0
0
0
0
0
0
0
0
0
0
0
0
0
0
0
0
0
0
0
0
0
0
0
0
0
0
0
0
0
0
0
0
0
0
0
0
0
0
0
0
0
0
0
0
0
0
0
0
0
0
0
0
0
0
0
0
0
0
0
0
0
0
0
0
0
0
0
0
0
0
0
0
0
0
0
0
0
0
0
0
0
0
0
0
0
0
0
0
0
0
0
0
0
0
0
0
0
0
0
0
0
0
0
0
0
0
0
0
0
0
0
0
0
0
0
0
0
0
0
0
0
0
0
0
0
0
0
0
0
0
0
0
0
0
0
0
0
0
0
0
0
0
0
0
0
0
0
0
0
0
0
0
0
0
0
0
0
0
0
0
0
0
0
0
0
0
0
0
0
0
0
0
0
0
0
0
0
0
0
0
0
0
0
0
0
0
0
0
0
0
0
0
0
0
0
0
0
0
0
0
0
0
0
0
0
0
0
0
0
0
0
0
0
0
0
0
0
0
0
0
0
0
0
0
0
0
0
0
0
0
0
0
0
0
0
0
0
0
0
0
0
0
0
0
0
0
0
0
0
0
0
0
0
0
0
0
0
0
0
0
0
0
0
0
0
0
0
0
0
0
0
0
0
0
0
0
0
0
0
0
0
0
0
0
0
0
0
0
0
0
0
0
0
0
0
0
0
0
0
0
0
0
0
0
0
0
0
0
0
0
0
0
0
0
0
0
0
0
0
0
0
0
0
0
0
0
0
0
0
0
0
0
0
0
0
0
0
0
0
0
0
0
0
0
0
0
0
0
0
0
0
0
0
0
0
0
0
0
0
0
0
0
0
0
0
0
0
0
0
0
0
0
0
0
0
0
0
0
0
0
0
0
0
0
0
0
0
0
0
0
0
0
0
0
0
0
0
0
0
0
0
0
0
0
0
0
0
0
0
0
0
0
0
0
0
0
0
0
0
0
0
0
0
0
0
0
0
0
0
0
0
0
0
0
0
0
0
0
0
0
0
0
0
0
0
0
0
0
0
0
0
0
0
0
0
0
0
0
0
0
0
0
0
0
0
0
0
0
0
0
0
0
0
0
0
0
0
0
0
0
0
0
0
0
0
0
0
0
0
0
0
0
0
0
0
0
0
0
0
0
0
0
0
0
0
0
0
0
0
0
0
0
0
0
0
0
0
0
0
0
0
0
0
0
0
2.802596928649634e-45
1.961817850054744e-44
5.465064010866787e-44
1.317220556465328e-43
2.690493051503649e-43
5.465064010866787e-43
1.062184235958211e-42
2.008060699377463e-42
3.74987469053321e-42
6.951841681515417e-42
1.281627575471478e-41
2.355022199144288e-41
4.314037452270382e-41
7.884545939370016e-41
1.437844328274408e-40
2.616504492587298e-40
4.751354677016871e-40
8.610180323151336e-40
1.557089222394593e-39
2.810109289716879e-39
5.061150938912873e-39
9.09690172655606e-39
1.631758251845219e-38
2.921043643164539e-38
5.218445009975176e-38
9.303928440636637e-38
1.655445464774535e-37
2.939596610624446e-37
5.209380178365275e-37
9.213209611198897e-37
1.62616036716071e-36
2.86447055608747e-36
5.035643383226461e-36
8.834786382518806e-36
1.546923302019208e-35
2.70317409859344e-35
4.71425093036474e-35
8.205137109591138e-35
1.425260956844359e-34
2.470809458135531e-34
4.27485464325566e-34
7.381449276898878e-34
1.272040456920207e-33
2.187762494825269e-33
3.755262171127712e-33
6.433125729693225e-33
1.099882660352361e-32
1.876782819452944e-32
3.19614092802138e-32
5.432289121315196e-32
9.214797194379855e-32
1.560038519784186e-31
2.635920538922312e-31
4.44505947718247e-31
7.481210451881793e-31
1.256654618543173e-30
2.106738090741452e-30
3.52497841969781e-30
5.886461934906526e-30
9.810812773544795e-30
1.631958405088399e-29
2.709363338283721e-29
4.489316820683019e-29
7.424185490595719e-29
1.225387491961583e-28
2.018621822974434e-28
3.318898258229164e-28
5.446167326415072e-28
8.919627721953631e-28
1.458014382894171e-27
2.378684103875598e-27
3.873220762973659e-27
6.294610052250111e-27
1.021002948104925e-26
1.652903182123102e-26
2.670733276200445e-26
4.30701999698656e-26
6.932455400895018e-26
1.113682887852398e-25
1.78566838002716e-25
2.857625456374024e-25
4.564314684944171e-25
7.276323813785383e-25
1.157750901341243e-24
1.838591603696144e-24
2.914223761133303e-24
4.610293245589751e-24
7.279515347792681e-24
1.147215644230494e-23
1.804499283626072e-23
2.832943083333404e-23
4.439037380636968e-23
6.942403844099896e-23
1.083680692260685e-22
1.68835456679835e-22
2.625409367061243e-22
4.074757633586116e-22
6.312162040990932e-22
9.759473089645208e-22
1.506075367815287e-21
2.319740988148128e-21
3.566192917185611e-21
5.471961310751667e-21
8.380195866343133e-21
1.280968746204708e-20
1.954322279935785e-20
2.975961906948806e-20
4.523058486122047e-20
6.861369477073599e-20
1.038875001363071e-19
1.569964245701211e-19
2.368046970750096e-19
3.565044267045156e-19
5.356901780015248e-19
8.034091478082671e-19
1.202635514446586e-18
1.796824060464226e-18
2.679485124267257e-18
3.988148753028466e-18
5.924688582036574e-18
8.784840085047916e-18
1.300098380313376e-17
1.92040368592679e-17
2.831279425474668e-17
4.166263238223795e-17
6.119054022982241e-17
8.970059720832829e-17
1.312440626427994e-16
1.916624860190852e-16
2.793621068558681e-16
4.064157519248127e-16
5.901276955333934e-16
8.552512844250352e-16
1.237124230233375e-15
1.786095177194833e-15
2.57375492649487e-15
3.701695762794218e-15
5.313795973062915e-15
7.613410803761298e-15
1.08873837273123e-14
1.55395105962651e-14
2.213707055121958e-14
3.147541905931805e-14
4.466743882864006e-14
6.326714732619518e-14
8.944014691196489e-14
1.261982597415556e-13
1.777215934096674e-13
2.498000450153887e-13
3.504367748676657e-13
4.906717935605764e-13
6.857030676772624e-13
9.564096476594175e-13
1.331416747685221e-12
1.849888731780824e-12
2.565298884774081e-12
3.550506460017755e-12
4.904580214182275e-12
6.761946905187166e-12
9.304631717887979e-12
1.277859849185825e-11
1.751551854944911e-11
2.396170241392159e-11
3.271645454550054e-11
4.458283395236684e-11
6.063466395644923e-11
8.230479492388199e-11
1.115010722640974e-10
1.507584335147527e-10
2.034378360216138e-10
2.739858895317582e-10
3.682729399212548e-10
4.940323705682204e-10
6.614296332863034e-10
8.837984233345253e-10
1.178590336436969e-09
1.568596363910046e-09
2.08351580432975e-09
2.761965101072406e-09
3.654045510614878e-09
4.824613597520511e-09
6.357442128290813e-09
8.360493630732435e-09
1.097259794136107e-08
1.437187258090944e-08
1.878632893692611e-08
2.450718028512711e-08
3.190552533283153e-08
4.145315912751357e-08
5.374854339379453e-08
6.954903142286639e-08
8.981086097037405e-08
1.157385369765507e-07
1.48845728631386e-07
1.910301250518387e-07
2.446652160870144e-07
3.127124728052877e-07
3.988582477632008e-07
5.076798288428108e-07
6.448472618103551e-07
8.173665264621377e-07
1.033873559208587e-06
1.304986312788969e-06
1.643727273403783e-06
2.066027718683472e-06
2.591327529444243e-06
3.243286982979043e-06
4.050628831464564e-06
5.048129878559848e-06
6.277786269492935e-06
7.79017591412412e-06
9.646052603784483e-06
1.191818773804698e-05
1.469351627747528e-05
1.807559783628676e-05
2.218745248683263e-05
2.717481038416736e-05
3.320978430565447e-05
4.049508788739331e-05
4.926873225485906e-05
5.98093683947809e-05
7.244222797453403e-05
8.75457189977169e-05
0.0001055587563314475
0.0001269888161914423
0.0001524206891190261
0.0001825261570047587
0.0002180741867050529
0.0002599419967737049
0.0003091268881689757
0.0003667584678623825
0.0004341115127317607
0.0005126192700117826
0.0006038867286406457
0.0007097041816450655
0.0008320602937601507
0.0009731548489071429
0.001135409809648991
0.001321480493061244
0.001534263254143298
0.001776902470737696
0.002052792813628912
0.002365580061450601
0.002719156676903367
0.003117651911452413
0.003565418301150203
0.004067011177539825
0.004627159796655178
0.005250734277069569
0.005942701827734709
0.006708075758069754
0.007551857270300388
0.008478964678943157
0.009494155645370483
0.01060194429010153
0.01180650107562542
0.01311156153678894
0.01452030707150698
0.01603525690734386
0.0176581609994173
0.01938986964523792
0.02123022638261318
0.02317795529961586
0.02523056976497173
0.02738426253199577
0.02963384613394737
0.03197267651557922
0.03439263999462128
0.0368841178715229
0.03943601995706558
0.04203584417700768
0.04466972127556801
0.0473225973546505
0.0499783493578434
0.05262000113725662
0.05522993579506874
0.05779019743204117
0.06028279289603233
0.06268998235464096
0.06499467790126801
0.06718077510595322
0.06923352181911469
0.07113989442586899
0.07288896292448044
0.07447218894958496
0.07588371634483337
0.07712062448263168
0.07818309217691422
0.07907452434301376
0.07980159670114517
0.08037418127059937
0.08080523461103439
0.08111058175563812
0.08130859583616257
0.08141976594924927
0.08146629482507706
0.0814715102314949
0.08145926892757416
0.0814533606171608
0.08147680014371872
0.08155121654272079
0.08169619739055634
0.08192872256040573
0.08226261287927628
0.08270812034606934
0.0832715630531311
0.08395514637231827
0.08475685864686966
0.08567056804895401
0.0866861566901207
0.08778993040323257
0.08896510303020477
0.09019234776496887
0.09145055711269379
0.09271755814552307
0.09397096931934357
0.09518906474113464
0.09635159373283386
0.09744049608707428
0.09844069927930832
0.09934062510728836
0.1001326441764832
0.1008134037256241
0.1013838648796082
0.101849265396595
0.1022188365459442
0.1025054007768631
0.1027247384190559
0.1028949245810509
0.1030354201793671
0.1031662821769714
0.1033071726560593
0.1034765318036079
0.1036907136440277
0.1039632931351662
0.1043044552206993
0.1047205924987793
0.1052140668034554
0.1057831943035126
0.1064223796129227
0.1071225181221962
0.1078715026378632
0.1086549088358879
0.109456829726696
0.1102606654167175
0.1110500618815422
0.1118097379803658
0.1125262901186943
0.1131888404488564
0.1137895807623863
0.114324115216732
0.114791601896286
0.1151947155594826
0.1155394315719604
0.1158345341682434
0.1160910949110985
0.1163217425346375
0.1165399104356766
0.1167590245604515
0.116991713643074
0.117249108850956
0.1175402477383614
0.1178715452551842
0.1182465627789497
0.1186658665537834
0.1191271021962166
0.1196252331137657
0.1201529577374458
0.1207012534141541
0.1212600022554398
0.1218186765909195
0.1223670542240143
0.1228958070278168
0.1233971640467644
0.1238652467727661
0.1242964714765549
0.1246896609663963
0.125046044588089
0.1253690719604492
0.1256640553474426
0.1259378045797348
0.1261980384588242
0.1264528930187225
0.1267102658748627
0.12697733938694
0.1272600740194321
0.1275628954172134
0.1278883665800095
0.1282372027635574
0.1286082416772842
0.1289986073970795
0.1294040381908417
0.129819244146347
0.1302383244037628
0.1306552141904831
0.1310642659664154
0.1314604729413986
0.1318399310112
0.1322000622749329
0.1325397044420242
0.1328591704368591
0.1331601142883301
0.1334453523159027
0.1337186098098755
0.1339841783046722
0.1342465430498123
0.1345100104808807
0.1347784250974655
0.1350548416376114
0.1353413909673691
0.1356391161680222
0.1359479874372482
0.1362668871879578
0.1365938484668732
0.1369261890649796
0.1372608542442322
0.1375946402549744
0.1379244774580002
0.1382476985454559
0.1385620981454849
0.1388663053512573
0.1391597390174866
0.1394425630569458
0.1397157162427902
0.1399807780981064
0.1402397453784943
0.1404948830604553
0.1407484859228134
0.1410027146339417
0.1412593871355057
0.1415198147296906
0.1417848020792007
0.1420545428991318
0.1423286497592926
0.1426062285900116
0.1428859978914261
0.1431663781404495
0.1434457153081894
0.1437223851680756
0.1439948827028275
0.1442620307207108
0.144523024559021
0.1447773873806
0.1450250595808029
0.1452663093805313
0.1455016732215881
0.1457318663597107
0.1459575891494751
0.1461795568466187
0.1463982760906219
0.1466139107942581
0.14682637155056
0.147035077214241
0.1472391039133072
0.1474370956420898
0.1476273387670517
0.1478078067302704
0.1479761898517609
0.1481300294399261
0.1482666879892349
0.1483834683895111
0.1484775990247726
0.1485462486743927
0.1485865563154221
0.1485956162214279
0.1485703587532043
0.1485075950622559
0.1484039127826691
0.1482556164264679
0.1480588018894196
0.147809237241745
0.1475023776292801
0.1471334546804428
0.1466975063085556
0.1461894661188126
0.1456042528152466
0.1449369043111801
0.1441826969385147
0.1433372795581818
0.1423968821763992
0.1413584500551224
0.1402197927236557
0.1389796435832977
0.1376379132270813
0.1361957341432571
0.1346555799245834
0.133021354675293
0.1312984526157379
0.1294937878847122
0.1276158392429352
0.1256746649742126
0.123681828379631
0.1216503530740738
0.1195946484804153
0.1175302937626839
0.1154739186167717
0.1134429275989532
0.1114552393555641
0.1095289438962936
0.107681930065155
0.1059315130114555
0.10429397970438
0.1027840971946716
0.1014147326350212
0.1001963913440704
0.09913678467273712
0.09824047982692719
0.09750863164663315
0.09693871438503265
0.09652445465326309
0.09625577181577682
0.09611894190311432
0.09609682857990265
0.09616923332214355
0.09631340950727463
0.09650470316410065
0.09671717882156372
0.09692449122667313
0.09710074216127396
0.09722129255533218
0.09726373106241226
0.09720867127180099
0.09704053401947021
0.09674816578626633
0.09632539749145508
0.09577134996652603
0.09509053081274033
0.09429278969764709
0.0933929979801178
0.09241048246622086
0.09136830270290375
0.09029229730367661
0.08921001851558685
0.08814945816993713
0.08713783323764801
0.08620033413171768
0.0853588730096817
0.08463103324174881
0.08402916043996811
0.08355971425771713
0.08322284370660782
0.08301238715648651
0.08291606605052948
0.08291608840227127
0.08299000561237335
0.08311193436384201
0.08325384557247162
0.0833871066570282
0.08348406106233597
0.08351949602365494
0.08347216993570328
0.08332599699497223
0.08307093381881714
0.08270364999771118
0.08222766220569611
0.08165318518877029
0.08099646121263504
0.08027879148721695
0.0795251876115799
0.07876279205083847
0.07801917195320129
0.07732054591178894
0.07669009268283844
0.07614643126726151
0.07570244371891022
0.07536440342664719
0.07513159513473511
0.07499639689922333
0.07494483143091202
0.07495754957199097
0.07501125335693359
0.07508028298616409
0.07513848692178726
0.07516111433506012
0.07512651383876801
0.07501771301031113
0.07482361048460007
0.07453970611095428
0.0741683766245842
0.07371858507394791
0.07320509850978851
0.07264731824398041
0.07206763327121735
0.07148964703083038
0.07093626260757446
0.07042787224054337
0.069980688393116
0.06960549205541611
0.06930675357580185
0.06908233463764191
0.06892367452383041
0.06881654262542725
0.06874219328165054
0.06867900490760803
0.06860417127609253
0.06849559396505356
0.06833361834287643
0.06810257583856583
0.06779190897941589
0.0673968493938446
0.06691852957010269
0.06636366248130798
0.06574352830648422
0.06507273763418198
0.06436758488416672
0.06364430487155914
0.0629173219203949
0.0621977299451828
0.06149202212691307
0.06080135703086853
0.06012122333049774
0.05944171920418739
0.0587482862174511
0.05802291259169579
0.05724559351801872
0.05639601871371269
0.05545521154999733
0.05440704151988029
0.05323944985866547
0.05194523558020592
0.05052239447832108
0.04897394403815269
0.04730729386210442
0.04553324729204178
0.04366466403007507
0.04171508178114891
0.0396973043680191
0.03762217611074448
0.03549768030643463
0.03332840651273727
0.03111548349261284
0.02885693684220314
0.02654849365353584
0.02418465353548527
0.02175996825098991
0.01927036233246326
0.01671435311436653
0.01409404631704092
0.01141577865928411
0.008690351620316505
0.005932837259024382
0.003161969594657421
0.0003991799894720316
-0.002332595875486732
-0.005010238382965326
-0.007611742708832026
-0.01011737529188395
-0.0125105744227767
-0.01477852091193199
-0.01691234670579433
-0.0189069751650095
-0.02076066471636295
-0.02247430942952633
-0.02405061572790146
-0.02549327723681927
-0.02680623531341553
-0.02799314446747303
-0.02905707992613316
-0.03000054322183132
-0.03082574717700481
-0.03153510764241219
-0.03213190287351608
-0.03262097761034966
-0.03300941362977028
-0.0333070270717144
-0.03352664411067963
-0.03368408605456352
-0.03379787504673004
-0.03388860821723938
-0.03397810459136963
-0.03408843278884888
-0.03424079716205597
-0.03445452079176903
-0.03474611416459084
-0.03512859344482422
-0.03561100363731384
-0.03619825839996338
-0.03689127415418625
-0.0376872755587101
-0.03858035430312157
-0.03956208378076553
-0.04062216356396675
-0.04174905270338058
-0.04293044656515121
-0.04415369778871536
-0.04540606215596199
-0.04667480289936066
-0.0479472391307354
-0.04921072721481323
-0.05045268312096596
-0.05166061222553253
-0.05282227694988251
-0.05392596870660782
-0.05496087297797203
-0.05591754987835884
-0.05678843706846237
-0.05756836757063866
-0.05825500562787056
-0.05884917452931404
-0.0593549981713295
-0.05977987870573997
-0.06013421714305878
-0.06043097749352455
-0.06068505346775055
-0.06091252341866493
-0.0611298680305481
-0.06135314330458641
-0.06159725785255432
-0.06187533214688301
-0.0621982179582119
-0.06257417798042297
-0.06300871819257736
-0.06350459158420563
-0.06406191736459732
-0.0646783635020256
-0.0653495267033577
-0.06606911867856979
-0.0668293684720993
-0.06762135028839111
-0.06843525916337967
-0.06926073133945465
-0.07008713483810425
-0.07090391218662262
-0.07170087099075317
-0.07246852666139603
-0.07319846004247665
-0.07388366758823395
-0.07451886683702469
-0.07510074973106384
-0.07562818378210068
-0.07610233128070831
-0.07652661204338074
-0.07690653204917908
-0.07724948227405548
-0.07756426185369492
-0.07786065340042114
-0.07814890146255493
-0.07843916118144989
-0.07874090969562531
-0.07906252890825272
-0.0794108510017395
-0.07979091256856918
-0.08020574599504471
-0.08065631240606308
-0.08114161342382431
-0.08165881782770157
-0.08220352232456207
-0.08277010172605515
-0.0833519920706749
-0.08394209295511246
-0.08453314751386642
-0.08511807024478912
-0.08569026738405228
-0.08624391257762909
-0.08677420765161514
-0.08727755397558212
-0.08775167167186737
-0.08819566667079926
-0.08861003816127777
-0.08899664133787155
-0.08935852348804474
-0.08969980478286743
-0.09002537280321121
-0.09034065902233124
-0.09065129607915878
-0.09096281975507736
-0.09128034114837646
-0.09160828590393066
-0.09195008128881454
-0.09230802953243256
-0.09268320351839066
-0.09307537227869034
-0.09348307549953461
-0.09390374273061752
-0.09433388710021973
-0.09476928412914276
-0.09520530700683594
-0.09563716500997543
-0.0960601419210434
-0.09646988660097122
-0.09686259925365448
-0.09723515808582306
-0.09758523851633072
-0.09791136533021927
-0.098212830722332
-0.0984896719455719
-0.0987425222992897
-0.09897245466709137
-0.09918079525232315
-0.09936893731355667
-0.09953811019659042
-0.09968922287225723
-0.09982266277074814
-0.09993817657232285
-0.1000347211956978
-0.1001104637980461
-0.1001626998186111
-0.1001879125833511
-0.1001818254590034
-0.1001395136117935
-0.1000555604696274
-0.0999242290854454
-0.09973959624767303
-0.09949580579996109
-0.09918724745512009
-0.09880867600440979
-0.09835539013147354
-0.09782335162162781
-0.09720925986766815
-0.0965106189250946
-0.09572573751211166
-0.09485375881195068
-0.0938945859670639
-0.09284890443086624
-0.09171810001134872
-0.0905042365193367
-0.08921000361442566
-0.08783871680498123
-0.08639433234930038
-0.08488140255212784
-0.08330515027046204
-0.08167149126529694
-0.07998710125684738
-0.07825946062803268
-0.07649686932563782
-0.07470851391553879
-0.07290443032979965
-0.07109549641609192
-0.06929337978363037
-0.06751042604446411
-0.06575948745012283
-0.06405378878116608
-0.06240664795041084
-0.06083125993609428
-0.05934038013219833
-0.05794602259993553
-0.05665913969278336
-0.05548931658267975
-0.05444445461034775
-0.05353052541613579
-0.05275128409266472
-0.05210812389850616
-0.05159994214773178
-0.05122304707765579
-0.05097118765115738
-0.05083560943603516
-0.0508052185177803
-0.05086677521467209
-0.05100518837571144
-0.05120385810732841
-0.05144504457712173
-0.05171031132340431
-0.05198099091649055
-0.05223864689469337
-0.05246556177735329
-0.05264521017670631
-0.05276269838213921
-0.05280518531799316
-0.0527622364461422
-0.05262614041566849
-0.05239212885499001
-0.05205854028463364
-0.05162686482071877
-0.05110172554850578
-0.05049076676368713
-0.04980439320206642
-0.04905549436807632
-0.04825900867581367
-0.04743145406246185
-0.04659038409590721
-0.04575378820300102
-0.04493946954607964
-0.04416443780064583
-0.04344427213072777
-0.04279257729649544
-0.04222043603658676
-0.04173602536320686
-0.04134427383542061
-0.04104666784405708
-0.04084120318293571
-0.04072243720293045
-0.04068171232938766
-0.04070751741528511
-0.04078593850135803
-0.04090126976370811
-0.04103666171431541
-0.04117482528090477
-0.04129879921674728
-0.04139266163110733
-0.04144223034381866
-0.04143568873405457
-0.04136408120393753
-0.04122169688344002
-0.04100631549954414
-0.04071924835443497
-0.04036526009440422
-0.03995230048894882
-0.03949108347296715
-0.03899452462792397
-0.0384770892560482
-0.03795407712459564
-0.03744082152843475
-0.03695192933082581
-0.03650056198239326
-0.03609777241945267
-0.03575197234749794
-0.03546854853630066
-0.03524960950016975
-0.03509394824504852
-0.03499715402722359
-0.03495189547538757
-0.03494839742779732
-0.03497499227523804
-0.03501880541443825
-0.03506648540496826
-0.03510495275259018
-0.03512213006615639
-0.03510759398341179
-0.03505314141511917
-0.03495320305228233
-0.03480508923530579
-0.0346091017127037
-0.03436842560768127
-0.03408888354897499
-0.03377851471304893
-0.03344703838229179
-0.03310524299740791
-0.0327642634510994
-0.03243493661284447
-0.03212710842490196
-0.03184907138347626
-0.03160708025097847
-0.031405009329319
-0.03124417550861835
-0.03112333081662655
-0.03103880397975445
-0.03098481707274914
-0.03095391392707825
-0.03093748725950718
-0.03092639148235321
-0.03091154247522354
-0.03088453039526939
-0.03083815984427929
-0.03076688200235367
-0.03066711872816086
-0.03053745068609715
-0.03037862665951252
-0.03019345737993717
-0.0299865361303091
-0.02976386994123459
-0.02953240461647511
-0.02929950319230556
-0.02907241322100163
-0.02885774709284306
-0.02866104990243912
-0.02848641946911812
-0.02833626978099346
-0.0282112117856741
-0.02811008132994175
-0.02803009189665318
-0.02796708792448044
-0.02791590802371502
-0.02787081897258759
-0.02782595343887806
-0.02777575515210629
-0.02771538682281971
-0.02764107100665569
-0.02755033597350121
-0.02744214423000813
-0.02731692790985107
-0.02717647142708302
-0.02702373638749123
-0.02686257287859917
-0.02669737488031387
-0.02653271518647671
-0.02637296915054321
-0.0262219849973917
-0.02608278393745422
-0.02595736272633076
-0.02584657818078995
-0.02575012110173702
-0.02566660195589066
-0.0255937036126852
-0.02552841603755951
-0.02546732127666473
-0.02540688961744308
-0.02534377388656139
-0.02527508698403835
-0.02519861422479153
-0.02511296980082989
-0.02501767501235008
-0.02491315454244614
-0.02480064705014229
-0.02468206733465195
-0.02455981262028217
-0.02443652041256428
-0.02431483007967472
-0.0241971593350172
-0.02408549748361111
-0.02398125827312469
-0.02388517931103706
-0.0237972941249609
-0.02371696569025517
-0.02364298142492771
-0.02357367984950542
-0.02350713312625885
-0.02344132959842682
-0.02337436005473137
-0.02330457977950573
-0.02323075197637081
-0.02315212227404118
-0.02306847833096981
-0.02298012748360634
-0.02288784086704254
-0.02279275842010975
-0.02269626036286354
-0.02259982563555241
-0.02250488847494125
-0.02241270802915096
-0.02232425287365913
-0.02224013209342957
-0.02216055616736412
-0.02208534069359303
-0.022013945505023
-0.02194554358720779
-0.02187912911176682
-0.02181361429393291
-0.02174793556332588
-0.02168115973472595
-0.02161256037652493
-0.02154168859124184
-0.0214683897793293
-0.02139279618859291
-0.02131530083715916
-0.02123651094734669
-0.0211571604013443
-0.02107803523540497
-0.02099988795816898
-0.02092336304485798
-0.0208489578217268
-0.02077695168554783
-0.02070741727948189
-0.02064021304249763
-0.02057501114904881
-0.02051134593784809
-0.02044867165386677
-0.02038641460239887
-0.02032404765486717
-0.0202611219137907
-0.02019732818007469
-0.02013249881565571
-0.0200666282325983
-0.01999985985457897
-0.01993246376514435
-0.01986478641629219
-0.01979722641408443
-0.01973016932606697
-0.019663967192173
-0.01959889568388462
-0.0195351243019104
-0.01947271265089512
-0.0194116123020649
-0.01935167796909809
-0.01929268054664135
-0.01923434995114803
-0.01917639933526516
-0.01911855675280094
-0.01906060054898262
-0.01900237239897251
-0.01894379034638405
-0.01888485066592693
-0.01882562972605228
-0.0187662560492754
-0.01870690658688545
-0.01864777132868767
-0.01858904026448727
-0.01853087730705738
-0.01847340911626816
-0.01841670274734497
-0.01836077868938446
-0.01830559596419334
-0.01825107075273991
-0.01819708570837975
-0.01814350113272667
-0.01809018105268478
-0.01803700067102909
-0.01798386685550213
-0.01793071441352367
-0.01787752285599709
-0.01782430708408356
-0.01777111180126667
-0.01771801710128784
-0.01766510866582394
-0.01761247590184212
-0.0175602063536644
-0.01750835776329041
-0.01745697669684887
-0.01740607805550098
-0.01735564693808556
-0.01730565167963505
-0.01725604012608528
-0.01720674894750118
-0.01715771481394768
-0.01710887812077999
-0.01706018857657909
-0.0170116163790226
-0.01696314476430416
-0.01691477373242378
-0.01686652563512325
-0.01681843586266041
-0.01677054166793823
-0.01672288402915001
-0.01667550206184387
-0.01662842556834221
-0.01658167131245136
-0.01653524488210678
-0.01648914255201817
-0.01644334755837917
-0.01639783382415771
-0.01635256968438625
-0.01630753092467785
-0.01626268588006496
-0.01621801219880581
-0.01617349497973919
-0.01612912677228451
-0.01608491502702236
-0.01604085974395275
-0.01599698141217232
-0.0159533005207777
-0.01590983010828495
-0.01586658880114555
-0.01582358777523041
-0.01578083261847496
-0.01573831960558891
-0.01569604873657227
-0.01565400324761868
-0.01561217848211527
-0.0155705576762557
-0.01552912686020136
-0.01548787672072649
-0.01544679701328278
-0.01540588308125734
-0.01536513492465019
-0.01532455254346132
-0.01528414059430361
-0.0152439046651125
-0.01520385406911373
-0.01516399532556534
-0.01512433122843504
-0.01508486364036798
-0.01504559442400932
-0.01500652171671391
-0.01496763899922371
-0.01492894254624844
-0.01489042490720749
-0.01485207956284285
-0.01481390092521906
-0.01477588433772326
-0.01473802793771029
-0.01470033079385757
-0.0146627938374877
-0.0146254189312458
-0.01458820793777704
-0.01455116178840399
-0.01451428234577179
-0.01447756960988045
-0.01444102637469769
-0.01440465077757835
-0.01436844281852245
-0.01433239970356226
-0.01429651863873005
-0.0142607968300581
-0.01422523241490126
-0.01418982166796923
-0.01415456086397171
-0.01411944814026356
-0.01408448349684477
-0.01404966600239277
-0.01401499379426241
-0.01398046873509884
-0.01394608896225691
-0.01391185726970434
-0.01387777365744114
-0.01384383998811245
-0.0138100553303957
-0.01377641782164574
-0.01374292466789484
-0.01370957773178816
-0.01367637421935797
-0.01364331133663654
-0.01361038815230131
-0.01357760094106197
-0.01354494970291853
-0.0135124335065484
-0.01348005142062902
-0.01344780251383781
-0.01341568771749735
-0.01338370703160763
-0.01335186045616865
-0.01332014612853527
-0.01328856404870749
-0.013257110491395
-0.0132257891818881
-0.01319459732621908
-0.01316353399306536
-0.01313259825110435
-0.01310178823769093
-0.01307110302150249
-0.01304054260253906
-0.0130101041868329
-0.01297979056835175
-0.01294959802180529
-0.0129195274785161
-0.01288957986980677
-0.01285975333303213
-0.01283004693686962
-0.01280046161264181
-0.01277099456638098
-0.01274164672940969
-0.01271241810172796
-0.01268330682069063
-0.0126543128862977
-0.01262543443590403
-0.01259666960686445
-0.01256801746785641
-0.01253947708755732
-0.0125110475346446
-0.01248272974044085
-0.01245452184230089
-0.01242642477154732
-0.01239843666553497
-0.01237055845558643
-0.01234278827905655
-0.01231512520462275
-0.01228757109493017
-0.01226012408733368
-0.01223278418183327
-0.01220554858446121
-0.01217841915786266
-0.01215139497071505
-0.01212447416037321
-0.01209765765815973
-0.01207094360142946
-0.01204433292150497
-0.01201782468706369
-0.01199141889810562
-0.01196511369198561
-0.01193890813738108
-0.01191280037164688
-0.01188679132610559
-0.01186088006943464
-0.01183506660163403
-0.01180935092270374
-0.01178373023867607
-0.01175820641219616
-0.01173277758061886
-0.01170744467526674
-0.01168220583349466
-0.01165706105530262
-0.01163201127201319
-0.01160705555230379
-0.01158219110220671
-0.01155741978436708
-0.0115327425301075
-0.01150815654546022
-0.01148366276174784
-0.01145925931632519
-0.0114349452778697
-0.01141072064638138
-0.01138658355921507
-0.01136253494769335
-0.01133857388049364
-0.01131469942629337
-0.01129090879112482
-0.01126720383763313
-0.01124358456581831
-0.0112200491130352
-0.01119659934192896
-0.01117323525249958
-0.01114995498210192
-0.01112675946205854
-0.01110364869236946
-0.01108062081038952
-0.01105767674744129
-0.01103481464087963
-0.01101203449070454
-0.01098933443427086
-0.01096671633422375
-0.0109441764652729
-0.01092171482741833
-0.01089933328330517
-0.01087702997028828
-0.01085480581969023
-0.01083265896886587
-0.01081058941781521
-0.01078859716653824
-0.01076667942106724
-0.0107448399066925
-0.01072307862341404
-0.01070139557123184
-0.01067978702485561
-0.01065825577825308
-0.01063680090010166
-0.01061541959643364
-0.01059411372989416
-0.01057288330048323
-0.01055172551423311
-0.01053063943982124
-0.01050962693989277
-0.01048868428915739
-0.01046781428158283
-0.01044701412320137
-0.01042628474533558
-0.01040562707930803
-0.01038503926247358
-0.0103645222261548
-0.01034407410770655
-0.01032369676977396
-0.01030338741838932
-0.0102831469848752
-0.01026297453790903
-0.01024287007749081
-0.01022283360362053
-0.01020286418497562
-0.01018296275287867
-0.01016312930732965
-0.01014336198568344
-0.01012365892529488
-0.01010402292013168
-0.01008445303887129
-0.01006494835019112
-0.01004551071673632
-0.01002613827586174
-0.01000682916492224
-0.009987583383917809
-0.009968401864171028
-0.009949280880391598
-0.009930222295224667
-0.00991122517734766
-0.009892289526760578
-0.009873415343463421
-0.009854600764811039
-0.009835848584771156
-0.009817156009376049
-0.009798525832593441
-0.009779958985745907
-0.009761451743543148
-0.009743006899952888
-0.009724623523652554
-0.009706298820674419
-0.009688032791018486
-0.009669828228652477
-0.009651682339608669
-0.009633596055209637
-0.009615568444132805
-0.009597597643733025
-0.009579683654010296
-0.009561827406287193
-0.009544028900563717
-0.009526285342872143
-0.009508597664535046
-0.009490965865552425
-0.009473390877246857
-0.00945587083697319
-0.009438406676054001
-0.009420999325811863
-0.009403646923601627
-0.009386349469423294
-0.009369107894599438
-0.009351919405162334
-0.009334784001111984
-0.009317701682448387
-0.009300673380494118
-0.009283700026571751
-0.009266778826713562
-0.009249911643564701
-0.009233097545802593
-0.009216334670782089
-0.009199623018503189
-0.009182962588965893
-0.009166352450847626
-0.009149792604148388
-0.009133283980190754
-0.009116826578974724
-0.009100419469177723
-0.009084063582122326
-0.009067758917808533
-0.009051504544913769
-0.009035301394760609
-0.009019145742058754
-0.009003041312098503
-0.008986987173557281
-0.00897098146378994
-0.008955026045441628
-0.008939118124544621
-0.008923257701098919
-0.008907445706427097
-0.00889168307185173
-0.008875969797372818
-0.008860302157700062
-0.00884468387812376
-0.008829112164676189
-0.008813587017357349
-0.008798109367489815
-0.008782678283751011
-0.008767293766140938
-0.008751954883337021
-0.008736660704016685
-0.008721409365534782
-0.008706202730536461
-0.00869104266166687
-0.008675927296280861
-0.008660856634378433
-0.008645830675959587
-0.008630848489701748
-0.008615910075604916
-0.008601014502346516
-0.008586162701249123
-0.008571355603635311
-0.008556593209505081
-0.008541874587535858
-0.008527202531695366
-0.008512573316693306
-0.008497988805174828
-0.008483446203172207
-0.008468944579362869
-0.008454485796391964
-0.008440068922936916
-0.008425693958997726
-0.008411361835896969
-0.008397070690989494
-0.008382820524275303
-0.008368609473109245
-0.008354439400136471
-0.008340310305356979
-0.008326222188770771
-0.008312175050377846
-0.008298167958855629
-0.008284199982881546
-0.008270272985100746
-0.008256386965513229
-0.008242540992796421
-0.008228735066950321
-0.008214968256652355
-0.008201240561902523
-0.008187551982700825
-0.008173903450369835
-0.008160294033586979
-0.008146723732352257
-0.008133192546665668
-0.008119699545204639
-0.00810624472796917
-0.008092828094959259
-0.008079447783529758
-0.008066104725003242
-0.008052798919379711
-0.008039530366659164
-0.008026299998164177
-0.008013106882572174
-0.007999951019883156
-0.007986830547451973
-0.007973747327923775
-0.007960699498653412
-0.007947688922286034
-0.007934711873531342
-0.007921771146357059
-0.007908865809440613
-0.007895994931459427
-0.007883158512413502
-0.007870358414947987
-0.007857594639062881
-0.007844867184758186
-0.007832176983356476
-0.007819522172212601
-0.007806903682649136
-0.007794321049004793
-0.007781773805618286
-0.007769261486828327
-0.007756782229989767
-0.00774433696642518
-0.007731924764811993
-0.007719546090811491
-0.007707201410084963
-0.007694889325648546
-0.007682610303163528
-0.00767036434262991
-0.007658151909708977
-0.007645972073078156
-0.007633824832737446
-0.007621710654348135
-0.007609629072248936
-0.007597580552101135
-0.007585564162582159
-0.007573580369353294
-0.007561629172414541
-0.007549709640443325
-0.007537821773439646
-0.007525966037064791
-0.007514141499996185
-0.007502347696572542
-0.007490585558116436
-0.007478853687644005
-0.007467152085155249
-0.007455479819327593
-0.007443837355822325
-0.007432224694639444
-0.007420642767101526
-0.007409090176224709
-0.007397566456347704
-0.007386072538793087
-0.007374607492238283
-0.007363170851022005
-0.007351762615144253
-0.007340382784605026
-0.007329030893743038
-0.007317707408219576
-0.007306410931050777
-0.007295142393559217
-0.007283899933099747
-0.007272682618349791
-0.007261489983648062
-0.007250320166349411
-0.007239172235131264
-0.007228045724332333
-0.007216938305646181
-0.007205849047750235
-0.007194777019321918
-0.007183720823377371
-0.007172679994255304
-0.007161653134971857
-0.007150637451559305
-0.007139631547033787
-0.00712863402441144
-0.007117642089724541
-0.007106652017682791
-0.007095661945641041
-0.007084667216986418
-0.007073665969073772
-0.007062654010951519
-0.007051626686006784
-0.007040579803287983
-0.007029507774859667
-0.007018406875431538
-0.007007270120084286
-0.006996092386543751
-0.006984867621213198
-0.00697358651086688
-0.006962243001908064
-0.006950828712433577
-0.00693933479487896
-0.006927752401679754
-0.006916071753948927
-0.006904282607138157
-0.006892374716699123
-0.006880337838083506
-0.006868159864097834
-0.006855827756226063
-0.006843328475952148
-0.006830648984760046
-0.006817774847149849
-0.006804690230637789
-0.006791381165385246
-0.00677783228456974
-0.006764028687030077
-0.006749955005943775
-0.006735594477504492
-0.00672093266621232
-0.006705953739583492
-0.006690643262118101
-0.006674986332654953
-0.006658968981355429
-0.006642577238380909
-0.006625798530876637
-0.006608619820326567
-0.006591029930859804
-0.006573019083589315
-0.006554577965289354
-0.006535698659718037
-0.006516376044601202
-0.006496605928987265
-0.006476388312876225
-0.006455723196268082
-0.006434614770114422
-0.006413068622350693
-0.006391094531863928
-0.006368704605847597
-0.006345913279801607
-0.006322740111500025
-0.006299206055700779
-0.006275336723774672
-0.006251160055398941
-0.006226706318557262
-0.006202009040862322
-0.006177105475217104
-0.006152037065476179
-0.006126845721155405
-0.006101577077060938
-0.006076278630644083
-0.006051000207662582
-0.00602579303085804
-0.006000710651278496
-0.005975807085633278
-0.005951135419309139
-0.005926750600337982
-0.005902706179767847
-0.0058790547773242
-0.005855847150087357
-0.005833132192492485
-0.005810955539345741
-0.00578935956582427
-0.005768382921814919
-0.005748060066252947
-0.005728419404476881
-0.005709484685212374
-0.005691272672265768
-0.005673795472830534
-0.00565705681219697
-0.005641053896397352
-0.005625776946544647
-0.005611208733171225
-0.005597325973212719
-0.005584098864346743
-0.005571489688009024
-0.005559454672038555
-0.005547944456338882
-0.005536905489861965
-0.005526276770979166
-0.005515995435416698
-0.005505993962287903
-0.005496203899383545
-0.005486554466187954
-0.00547697301954031
-0.005467390641570091
-0.005457737483084202
-0.005447947420179844
-0.005437957588583231
-0.005427710246294737
-0.005417152773588896
-0.005406239069998264
-0.005394930019974709
-0.005383193958550692
-0.005371008533984423
-0.005358359776437283
-0.005345243494957685
-0.005331663880497217
-0.005317633505910635
-0.005303176119923592
-0.005288321524858475
-0.005273109301924706
-0.00525758508592844
-0.00524180056527257
-0.005225813947618008
-0.005209685768932104
-0.005193482153117657
-0.00517726968973875
-0.00516111496835947
-0.005145084578543901
-0.005129242781549692
-0.005113651510328054
-0.005098367109894753
-0.005083439406007528
-0.005068911705166101
-0.005054820328950882
-0.005041193217039108
-0.005028048995882273
-0.005015398375689983
-0.00500324135646224
-0.004991570953279734
-0.004980371333658695
-0.004969618748873472
-0.004959280602633953
-0.004949319642037153
-0.00493969302624464
-0.004930353723466396
-0.004921252373605967
-0.004912338685244322
-0.00490356283262372
-0.004894875921308994
-0.004886233247816563
-0.004877595230937004
-0.004868927411735058
-0.004860203713178635
-0.004851405043154955
-0.00484252255409956
-0.004833555314689875
-0.004824512638151646
-0.004815415013581514
-0.004806291311979294
-0.004797179251909256
-0.004788126330822706
-0.004779186565428972
-0.004770422354340553
-0.004761899821460247
-0.004753690212965012
-0.00474586570635438
-0.004738499876111746
-0.004731667693704367
-0.004725438542664051
-0.004719879943877459
-0.004715053830295801
-0.004711017478257418
-0.00470782071352005
-0.004705504048615694
-0.004704101011157036
-0.004703633952885866
-0.004704117309302092
-0.004705555271357298
-0.004707942716777325
-0.004711266607046127
-0.004715504590421915
-0.004720628261566162
-0.004726600367575884
-0.004733380861580372
-0.00474092410877347
-0.004749180283397436
-0.004758096765726805
-0.004767620004713535
-0.004777694586664438
-0.004788266494870186
-0.004799280315637589
-0.004810682032257318
-0.004822419956326485
-0.004834439605474472
-0.004846690688282251
-0.004859121982008219
-0.004871684592217207
-0.00488432589918375
-0.004896996542811394
-0.004909643437713385
-0.00492221349850297
-0.004934650380164385
-0.004946896806359291
-0.004958890844136477
-0.004970569629222155
-0.00498186657205224
-0.0049927132204175
-0.005003038793802261
-0.005012771114706993
-0.005021837539970875
-0.005030166823416948
-0.005037690512835979
-0.005044342484325171
-0.005050064530223608
-0.005054804496467113
-0.005058517679572105
-0.005061169620603323
-0.005062738433480263
-0.005063214339315891
-0.005062601994723082
-0.005060920026153326
-0.00505820382386446
-0.005054502747952938
-0.005049880594015121
-0.005044417921453714
-0.005038206931203604
-0.005031351931393147
-0.005023967940360308
-0.005016179755330086
-0.00500811543315649
-0.004999910015612841
-0.004991697613149881
-0.004983612336218357
-0.004975784104317427
-0.00496833398938179
-0.004961376544088125
-0.00495501235127449
-0.004949329420924187
-0.004944398999214172
-0.004940276499837637
-0.004936998710036278
-0.0049345837906003
-0.004933030810207129
-0.004932319279760122
-0.004932411015033722
-0.00493325013667345
-0.004934766329824924
-0.004936874844133854
-0.004939479287713766
-0.004942473955452442
-0.004945745691657066
-0.004949179012328386
-0.004952655639499426
-0.004956059157848358
-0.004959278739988804
-0.00496220774948597
-0.004964749794453382
-0.004966818727552891
-0.004968340508639812
-0.004969256930053234
-0.004969523753970861
-0.004969113040715456
-0.004968013614416122
-0.004966229666024446
-0.004963783081620932
-0.004960707854479551
-0.004957054741680622
-0.004952885676175356
-0.004948272369801998
-0.00494329771026969
-0.004938049707561731
-0.004932619631290436
-0.004927102476358414
-0.004921593237668276
-0.00491618225350976
-0.004910955205559731
-0.004905991721898317
-0.004901361186057329
-0.00489712180569768
-0.004893319215625525
-0.004889986477792263
-0.004887141287326813
-0.004884786903858185
-0.004882914014160633
-0.00488149793818593
-0.004880500491708517
-0.004879873711615801
-0.004879557527601719
-0.004879484884440899
-0.004879582207649946
-0.004879772663116455
-0.004879976157099009
-0.004880116321146488
-0.004880118183791637
-0.004879912827163935
-0.00487943971529603
-0.004878648091107607
-0.004877498373389244
-0.004875961691141129
-0.004874023143202066
-0.00487168226391077
-0.004868950694799423
-0.004865852184593678
-0.004862422589212656
-0.004858708009123802
-0.004854763858020306
-0.004850651137530804
-0.004846435505896807
-0.004842183087021112
-0.004837960936129093
-0.004833833780139685
-0.004829858895391226
-0.004826088435947895
-0.004822565242648125
-0.004819320514798164
-0.004816375207155943
-0.004813737701624632
-0.00481140473857522
-0.004809361416846514
-0.004807580728083849
-0.004806027747690678
-0.004804658237844706
-0.004803422372788191
-0.004802267532795668
-0.004801137372851372
-0.004799978341907263
-0.004798737354576588
-0.004797366913408041
-0.00479582604020834
-0.004794083070009947
-0.004792113788425922
-0.004789905622601509
-0.004787454847246408
-0.00478476844727993
-0.004781863652169704
-0.004778764676302671
-0.004775504115968943
-0.004772120155394077
-0.004768654704093933
-0.00476515106856823
-0.004761653952300549
-0.004758204333484173
-0.004754841793328524
-0.004751598462462425
-0.004748501349240541
-0.004745569080114365
-0.004742813296616077
-0.004740236792713404
-0.004737833514809608
-0.00473558995872736
-0.004733486566692591
-0.004731497727334499
-0.004729592707008123
-0.004727738909423351
-0.004725903272628784
-0.004724051803350449
-0.00472215423360467
-0.004720182158052921
-0.004718111827969551
-0.004715925548225641
-0.004713611677289009
-0.004711165092885494
-0.004708587191998959
-0.004705885890871286
-0.004703075159341097
-0.004700172692537308
-0.00469720084220171
-0.004694184754043818
-0.004691149573773146
-0.004688120912760496
-0.004685122985392809
-0.004682178609073162
-0.004679305478930473
-0.004676518496125937
-0.00467382650822401
-0.004671235103160143
-0.004668742883950472
-0.00466634426265955
-0.004664028529077768
-0.004661784507334232
-0.004659594036638737
-0.004657440353184938
-0.004655303899198771
-0.004653166979551315
-0.00465101283043623
-0.004648827947676182
-0.004646599758416414
-0.004644321277737617
-0.004641986917704344
-0.004639597609639168
-0.004637155681848526
-0.004634668584913015
-0.004632146563380957
-0.004629602655768394
-0.004627051297575235
-0.004624508786946535
-0.004621990956366062
-0.004619513638317585
-0.004617091733962297
-0.004614738281816244
-0.004612463060766459
-0.004610275849699974
-0.004608181305229664
-0.004606183152645826
-0.004604281857609749
-0.004602476954460144
-0.004600765649229288
-0.004599144216626883
-0.004597607534378767
-0.00459615234285593
-0.004594774916768074
-0.004593473393470049
-0.004592247772961855
-0.004591098986566067
-0.004590031690895557
-0.004589052405208349
-0.004588170908391476
-0.004587397910654545
-0.004586747381836176
-0.004586233291774988
-0.004585872869938612
-0.004585683811455965
-0.004585683345794678
-0.004585889168083668
-0.004586317576467991
-0.00458698533475399
-0.00458790548145771
-0.004589092452079058
-0.004590558353811502
-0.004592313431203365
-0.004594366531819105
-0.004596724640578032
-0.004599393345415592
-0.004602377768605947
-0.004605682566761971
-0.004609311930835247
-0.004613267723470926
-0.004617553669959307
-0.004622172098606825
-0.004627125337719917
-0.004632415715605021
-0.004638045560568571
-0.00464401813223958
-0.004650333896279335
-0.004656993318349123
-0.004663996864110231
-0.004671343136578798
-0.004679027479141951
-0.004687043372541666
-0.00469538290053606
-0.004704034421592951
-0.004712983965873718
-0.004722214303910732
-0.004731704480946064
-0.004741432145237923
-0.004751370754092932
-0.004761491436511278
-0.004771763458848
-0.004782154690474272
-0.004792629275470972
-0.00480315089225769
-0.004813682287931442
-0.004824183881282806
-0.004834616556763649
-0.004844941664487123
-0.004855119157582521
-0.004865111317485571
-0.004874879959970713
-0.004884388763457537
-0.004893602803349495
-0.004902487155050039
-0.004911009687930346
-0.004919140599668026
-0.004926851019263268
-0.004934115335345268
-0.004940910264849663
-0.004947215784341097
-0.004953016061335802
-0.004958297125995159
-0.004963049199432135
-0.004967267625033855
-0.004970951937139034
-0.00497410586103797
-0.00497673824429512
-0.004978862591087818
-0.004980496596544981
-0.004981664009392262
-0.004982392769306898
-0.00498271407559514
-0.004982665181159973
-0.004982285667210817
-0.004981618840247393
-0.004980710335075855
-0.004979609977453947
-0.00497836759313941
-0.004977032542228699
-0.00497565558180213
-0.00497428746894002
-0.004972977098077536
-0.004971772897988558
-0.004970717709511518
-0.00496985437348485
-0.004969220608472824
-0.004968849942088127
-0.004968770314007998
-0.004969005472958088
-0.004969572182744741
-0.004970483016222715
-0.004971742164343596
-0.004973349161446095
-0.004975297953933477
-0.004977574571967125
-0.004980159923434258
-0.00498302886262536
-0.004986150190234184
-0.004989488050341606
-0.004993000999093056
-0.004996646195650101
-0.005000374279916286
-0.005004134960472584
-0.005007876083254814
-0.005011542234569788
-0.00501507893204689
-0.005018434021621943
-0.005021553486585617
-0.00502438610419631
-0.005026885308325291
-0.005029005464166403
-0.005030708387494087
-0.005031958222389221
-0.00503272470086813
-0.005032984539866447
-0.005032717250287533
-0.005031909793615341
-0.005030553322285414
-0.005028643645346165
-0.005026183556765318
-0.005023177247494459
-0.005019634030759335
-0.005015566945075989
-0.00501099182292819
-0.00500592403113842
-0.005000381264835596
-0.004994379356503487
-0.004987935069948435
-0.004981061909347773
-0.004973770584911108
-0.004966068081557751
-0.004957958590239286
-0.004949439316987991
-0.004940503276884556
-0.004931136965751648
-0.004921321291476488
-0.004911030642688274
-0.004900233820080757
-0.004888894967734814
-0.004876972176134586
-0.004864418879151344
-0.004851186648011208
-0.004837222397327423
-0.004822471644729376
-0.004806880839169025
-0.004790395963937044
-0.004772964399307966
-0.004754537250846624
-0.004735068883746862
-0.004714518319815397
-0.004692853428423405
-0.004670046269893646
-0.004646079614758492
-0.004620943684130907
-0.00459463894367218
-0.00456717424094677
-0.00453856959939003
-0.004508856683969498
-0.004478075541555882
-0.004446277394890785
-0.004413521382957697
-0.004379877820611
-0.0043454235419631
-0.004310243297368288
-0.004274427425116301
-0.004238073248416185
-0.004201281350106001
-0.004164155572652817
-0.004126801155507565
-0.004089323803782463
-0.004051830619573593
-0.004014425911009312
-0.003977213520556688
-0.00394029077142477
-0.003903754521161318
-0.003867694642394781
-0.003832196583971381
-0.003797339973971248
-0.003763198154047132
-0.003729838877916336
-0.003697322914376855
-0.003665704978629947
-0.003635033266618848
-0.003605349455028772
-0.00357668986544013
-0.003549083834514022
-0.0035225551109761
-0.003497121157124639
-0.003472793148830533
-0.003449576906859875
-0.003427472431212664
-0.003406472969800234
-0.003386566415429115
-0.003367734141647816
-0.003349952399730682
-0.003333190223202109
-0.003317409660667181
-0.003302568336948752
-0.003288615727797151
-0.003275495953857899
-0.003263145918026567
-0.003251496003940701
-0.003240471705794334
-0.003229993395507336
-0.003219976555556059
-0.003210332710295916
-0.003200971055775881
-0.003191798459738493
-0.003182721789926291
-0.003173647681251168
-0.003164485562592745
-0.003155147423967719
-0.003145550843328238
-0.003135619219392538
-0.003125282470136881
-0.003114481223747134
-0.003103164955973625
-0.003091293387115002
-0.003078839043155313
-0.003065787255764008
-0.003052135463804007
-0.003037894610315561
-0.003023088676854968
-0.00300775351934135
-0.002991937333717942
-0.002975698094815016
-0.002959104254841805
-0.002942230552434921
-0.002925160108134151
-0.002907979069277644
-0.002890776610001922
-0.002873643068596721
-0.002856666687875986
-0.002839932451024652
-0.002823519520461559
-0.002807500772178173
-0.002791940234601498
-0.002776890294626355
-0.002762394491583109
-0.002748482162132859
-0.00273517076857388
-0.002722464269027114
-0.002710353583097458
-0.002698816824704409
-0.002687821164727211
-0.002677321899682283
-0.002667265012860298
-0.002657588571310043
-0.002648223657160997
-0.002639097161591053
-0.002630133647471666
-0.002621256280690432
-0.002612390788272023
-0.002603464527055621
-0.002594411373138428
-0.002585171023383737
-0.002575691556558013
-0.002565930364653468
-0.002555854851379991
-0.002545443596318364
-0.00253468775190413
-0.002523587550967932
-0.002512155100703239
-0.002500413684174418
-0.002488394966349006
-0.002476139459758997
-0.002463694429025054
-0.002451112261041999
-0.00243845023214817
-0.002425767714157701
-0.00241312338039279
-0.002400575438514352
-0.002388178836554289
-0.00237598386593163
-0.00236403476446867
-0.002352368086576462
-0.002341012004762888
-0.002329986309632659
-0.002319299848750234
-0.002308952622115612
-0.002298935316503048
-0.002289229305461049
-0.002279808046296239
-0.002270637545734644
-0.002261677291244268
-0.002252883743494749
-0.002244208008050919
-0.002235601423308253
-0.002227014629170299
-0.00221840082667768
-0.002209716476500034
-0.002200923394411802
-0.002191988518461585
-0.002182886702939868
-0.002173601184040308
-0.002164123579859734
-0.002154453424736857
-0.002144599566236138
-0.002134579233825207
-0.00212441710755229
-0.002114144619554281
-0.002103798324242234
-0.002093418734148145
-0.002083048922941089
-0.002072732197120786
-0.002062512561678886
-0.002052430296316743
-0.002042524283751845
-0.002032827818766236
-0.00202336790971458
-0.002014166209846735
-0.002005237620323896
-0.001996589358896017
-0.001988222589716315
-0.001980132190510631
-0.001972307218238711
-0.001964732306078076
-0.001957388827577233
-0.001950256293639541
-0.00194331316743046
-0.001936539658345282
-0.001929917954839766
-0.00192343455273658
-0.00191708083730191
-0.001910854713059962
-0.001904761418700218
-0.001898814225569367
-0.001893033972010016
-0.0018874496454373
-0.001882098382338881
-0.001877024187706411
-0.001872277120128274
-0.001867913175374269
-0.001863991841673851
-0.001860575168393552
-0.001857726369053125
-0.001855507842265069
-0.001853980356827378
-0.001853202003985643
-0.00185322598554194
-0.001854099915362895
-0.001855866052210331
-0.001858559786342084
-0.001862209988757968
-0.00186683819629252
-0.001872460125014186
-0.00187908427324146
-0.001886714249849319
-0.001895348890684545
-0.001904981210827827
-0.001915601431392133
-0.001927195815369487
-0.00193974853027612
-0.001953241415321827
-0.001967653166502714
-0.001982961315661669
-0.001999139785766602
-0.002016160637140274
-0.002033991040661931
-0.002052594441920519
-0.002071930095553398
-0.002091949572786689
-0.002112598158419132
-0.002133813221007586
-0.002155523048713803
-0.002177646616473794
-0.002200093818828464
-0.002222764771431684
-0.002245549578219652
-0.002268330194056034
-0.002290981123223901
-0.002313369419425726
-0.002335359109565616
-0.002356809563934803
-0.002377580851316452
-0.002397534670308232
-0.002416536910459399
-0.002434460446238518
-0.002451187465339899
-0.002466612495481968
-0.002480643335729837
-0.002493204548954964
-0.002504238858819008
-0.002513707615435123
-0.00252159358933568
-0.002527899574488401
-0.002532650483772159
-0.002535891951993108
-0.002537689404562116
-0.002538129454478621
-0.002537316177040339
-0.002535370178520679
-0.002532426966354251
-0.002528634620830417
-0.002524151466786861
-0.002519143279641867
-0.002513780258595943
-0.002508235396817327
-0.002502680523321033
-0.002497283974662423
-0.002492208033800125
-0.002487606601789594
-0.002483621472492814
-0.00248038093559444
-0.002477996749803424
-0.002476562978699803
-0.002476154128089547
-0.002476822584867477
-0.002478598617017269
-0.002481490140780807
-0.002485480159521103
-0.002490529557690024
-0.002496575005352497
-0.002503532450646162
-0.002511296421289444
-0.002519743982702494
-0.002528735902160406
-0.002538120374083519
-0.002547736279666424
-0.002557416213676333
-0.002566991606727242
-0.002576295752078295
-0.0025851686950773
-0.002593460259959102
-0.002601036336272955
-0.002607780043035746
-0.002613596152514219
-0.002618413651362062
-0.002622188068926334
-0.002624901942908764
-0.002626566449180245
-0.0026272211689502
-0.002626932458952069
-0.002625791821628809
-0.002623912878334522
-0.002621428575366735
-0.002618487225845456
-0.002615247620269656
-0.002611873904243112
-0.002608531154692173
-0.002605379559099674
-0.002602569991722703
-0.002600239589810371
-0.002598506398499012
-0.002597466576844454
-0.002597191603854299
-0.00259772501885891
-0.002599083352833986
-0.002601253567263484
-0.002604196546599269
-0.002607846166938543
-0.002612113952636719
-0.002616891171783209
-0.002622053259983659
-0.002627464709803462
-0.002632983261719346
-0.002638466423377395
-0.002643774496391416
-0.002648777095600963
-0.002653356641530991
-0.002657413715496659
-0.002660869155079126
-0.002663666382431984
-0.002665774431079626
-0.002667187713086605
-0.002667925786226988
-0.002668032422661781
-0.002667573746293783
-0.002666634973138571
-0.002665316686034203
-0.00266373110935092
-0.002661996753886342
-0.002660235622897744
-0.002658565761521459
-0.002657099394127727
-0.002655936405062675
-0.002655162708833814
-0.00265484512783587
-0.002655030693858862
-0.002655744552612305
-0.002656990196555853
-0.002658748766407371
-0.00266098091378808
-0.002663629129528999
-0.002666621236130595
-0.002669873181730509
-0.002673292765393853
-0.00267678452655673
-0.00268025416880846
-0.00268361228518188
-0.002686778316274285
-0.002689685672521591
-0.002692282432690263
-0.002694534137845039
-0.002696426352486014
-0.002697964198887348
-0.002699171425774693
-0.002700091106817126
-0.002700781915336847
-0.002701316028833389
-0.002701775636523962
-0.002702250145375729
-0.002702831057831645
-0.002703609177842736
-0.002704670419916511
-0.002706092782318592
-0.002707942854613066
-0.002710273955017328
-0.002713124500587583
-0.002716516843065619
-0.002720458200201392
-0.002724941121414304
-0.002729944884777069
-0.002735438290983438
-0.002741381525993347
-0.002747730119153857
-0.002754437504336238
-0.002761458745226264
-0.002768753562122583
-0.002776289591565728
-0.002784043783321977
-0.00279200472868979
-0.002800173824653029
-0.002808565273880959
-0.002817205153405666
-0.002826132345944643
-0.00283539411611855
-0.002845046808943152
-0.002855150261893868
-0.002865765942260623
-0.002876954851672053
-0.00288877310231328
-0.002901269588619471
-0.002914483193308115
-0.002928442321717739
-0.002943160943686962
-0.002958639524877071
-0.00297486549243331
-0.002991810906678438
-0.003009436652064323
-0.00302769267000258
-0.003046518191695213
-0.003065846627578139
-0.003085606032982469
-0.003105722134932876
-0.00312611972913146
-0.003146726870909333
-0.003167473943904042
-0.003188295755535364
-0.00320913246832788
-0.003229929832741618
-0.003250638488680124
-0.003271214431151748
-0.003291616914793849
-0.003311807755380869
-0.00333175016567111
-0.003351408056914806
-0.003370743244886398
-0.003389716148376465
-0.003408283228054643
-0.003426397684961557
-0.00344400922767818
-0.003461064537987113
-0.003477507969364524
-0.003493281779810786
-0.003508329624310136
-0.003522597486153245
-0.003536034608259797
-0.003548596752807498
-0.003560247831046581
-0.003570961533114314
-0.003580723656341434
-0.003589531872421503
-0.003597396891564131
-0.003604344092309475
-0.003610411891713738
-0.003615651512518525
-0.003620126517489552
-0.00362391141243279
-0.003627089085057378
-0.003629749873653054
-0.003631989005953074
-0.003633904503658414
-0.003635595785453916
-0.003637161571532488
-0.003638698253780603
-0.003640296636149287
-0.003642042865976691
-0.003644017037004232
-0.003646292025223374
-0.003648932790383697
-0.003651996375992894
-0.003655531210824847
-0.003659577807411551
-0.003664167830720544
-0.00366932456381619
-0.003675062907859683
-0.00368138961493969
-0.003688303055241704
-0.003695792518556118
-0.003703839611262083
-0.003712416859343648
-0.00372148840688169
-0.003731009783223271
-0.00374092860147357
-0.003751185024157166
-0.003761711996048689
-0.00377243640832603
-0.003783280029892921
-0.003794161137193441
-0.003804995678365231
-0.003815699135884643
-0.003826189320534468
-0.003836385672912002
-0.003846214152872562
-0.003855607938021421
-0.003864509053528309
-0.003872869070619345
-0.003880652831867337
-0.003887836821377277
-0.003894410794600844
-0.003900378011167049
-0.003905756399035454
-0.003910575527697802
-0.003914877772331238
-0.003918715286999941
-0.003922150004655123
-0.003925252240151167
-0.00392809696495533
-0.003930763341486454
-0.003933331929147243
-0.003935882356017828
-0.003938490990549326
-0.003941231872886419
-0.00394417205825448
-0.003947371151298285
-0.003950880840420723
-0.003954741638153791
-0.00395898474380374
-0.003963629715144634
-0.003968684934079647
-0.003974148537963629
-0.00398000655695796
-0.003986235707998276
-0.003992801997810602
-0.003999663516879082
-0.004006771370768547
-0.004014068283140659
-0.004021495580673218
-0.004028988070785999
-0.00403648242354393
-0.0040439129807055
-0.004051215946674347
-0.004058331716805696
-0.004065205343067646
-0.004071787931025028
-0.004078037571161985
-0.004083922132849693
-0.004089419264346361
-0.004094515927135944
-0.004099208395928144
-0.004103502724319696
-0.004107416141778231
-0.004110972862690687
-0.004114205949008465
-0.004117156378924847
-0.004119866527616978
-0.004122384823858738
-0.004124759696424007
-0.004127039108425379
-0.004129268694669008
-0.004131489433348179
-0.004133737646043301
-0.004136040806770325
-0.004138418473303318
-0.004140880890190601
-0.004143427591770887
-0.00414604926481843
-0.004148724023252726
-0.004151421599090099
-0.004154101945459843
-0.004156715702265501
-0.004159207921475172
-0.004161517601460218
-0.004163578618317842
-0.004165322985500097
-0.004166681319475174
-0.004167586099356413
-0.004167971201241016
-0.004167774226516485
-0.004166938364505768
-0.004165413323789835
-0.004163154866546392
-0.004160127136856318
-0.004156302660703659
-0.004151660017669201
-0.00414618756622076
-0.004139880184084177
-0.004132739268243313
-0.004124771803617477
-0.004115990828722715
-0.004106412176042795
-0.004096055869013071
-0.004084942396730185
-0.004073093645274639
-0.0040605328977108
-0.004047282040119171
-0.004033362492918968
-0.004018793348222971
-0.004003592766821384
-0.003987777512520552
-0.003971362952142954
-0.003954364918172359
-0.003936799708753824
-0.003918683156371117
-0.003900034120306373
-0.003880875650793314
-0.00386123382486403
-0.003841140773147345
-0.003820635145530105
-0.003799763042479753
-0.003778578247874975
-0.003757142927497625
-0.003735528094694018
-0.003713812911882997
-0.003692085389047861
-0.003670440288260579
-0.003648979123681784
-0.003627808298915625
-0.00360703794285655
-0.003586780047044158
-0.003567146370187402
-0.003548245877027512
-0.003530184039846063
-0.003513059811666608
-0.003496963996440172
-0.003481976222246885
-0.003468165872618556
-0.003455586964264512
-0.003444280475378036
-0.003434269921854138
-0.003425563685595989
-0.003418153384700418
-0.003412013407796621
-0.003407101845368743
-0.003403361421078444
-0.003400720423087478
-0.00339909247122705
-0.003398379543796182
-0.003398474073037505
-0.003399258246645331
-0.003400609130039811
-0.003402397502213717
-0.003404492046684027
-0.003406760049983859
-0.00340907066129148
-0.003411295358091593
-0.003413311438634992
-0.003415001323446631
-0.003416256746277213
-0.003416978986933827
-0.003417080268263817
-0.00341648468747735
-0.003415129380300641
-0.00341296661645174
-0.003409962635487318
-0.003406099276617169
-0.003401373513042927
-0.003395797684788704
-0.003389399731531739
-0.003382222726941109
-0.003374323481693864
-0.003365772776305676
-0.003356653731316328
-0.003347059246152639
-0.003337092697620392
-0.003326864680275321
-0.003316491143777966
-0.003306090831756592
-0.003295783186331391
-0.003285686951130629
-0.003275916446000338
-0.00326657947152853
-0.003257774515077472
-0.003249588655307889
-0.00324209569953382
-0.00323535455390811
-0.003229406429454684
-0.003224275074899197
-0.003219964914023876
-0.003216462442651391
-0.003213734133169055
-0.003211728995665908
-0.003210378810763359
-0.003209599759429693
-0.003209295915439725
-0.00320935994386673
-0.003209677059203386
-0.003210127586498857
-0.003210590919479728
-0.003210947383195162
-0.003211083123460412
-0.00321089313365519
-0.003210282884538174
-0.003209172980859876
-0.003207498695701361
-0.003205213928595185
-0.003202292136847973
-0.003198725404217839
-0.003194526070728898
-0.003189725801348686
-0.003184374189004302
-0.00317853782325983
-0.003172296332195401
-0.003165741451084614
-0.003158972365781665
-0.003152094315737486
-0.003145214170217514
-0.003138437401503325
-0.003131863893941045
-0.003125586081296206
-0.003119684522971511
-0.003114227671176195
-0.003109267679974437
-0.003104840172454715
-0.003100962843745947
-0.003097635693848133
-0.003094841027632356
-0.003092544386163354
-0.003090696409344673
-0.00308923376724124
-0.003088082885369658
-0.003087161807343364
-0.003086383687332273
-0.003085659351199865
-0.003084901021793485
-0.003084024647250772
-0.003082953859120607
-0.003081621136516333
-0.003079970367252827
-0.003077959408983588
-0.003075561253353953
-0.003072762861847878
-0.003069567959755659
-0.003065994242206216
-0.003062073606997728
-0.003057850524783134
-0.003053379245102406
-0.003048723563551903
-0.00304395193234086
-0.00303913583047688
-0.003034346736967564
-0.003029653569683433
-0.003025120357051492
-0.003020803444087505
-0.003016749164089561
-0.003012992907315493
-0.003009558422490954
-0.003006455954164267
-0.003003682941198349
-0.003001224482432008
-0.00299905426800251
-0.00299713434651494
-0.002995419315993786
-0.002993857488036156
-0.002992391819134355
-0.0029909648001194
-0.002989518688991666
-0.002987999003380537
-0.002986356616020203
-0.002984549617394805
-0.002982544712722301
-0.002980317920446396
-0.002977856434881687
-0.00297515862621367
-0.002972233109176159
-0.002969098743051291
-0.002965783001855016
-0.00296232127584517
-0.002958755008876324
-0.002955128671601415
-0.002951488364487886
-0.002947880188003182
-0.002944346982985735
-0.002940928097814322
-0.002937656594440341
-0.002934556920081377
-0.002931646769866347
-0.00292893429286778
-0.002926419023424387
-0.002924090949818492
-0.002921932842582464
-0.002919920487329364
-0.002918023150414228
-0.002916207304224372
-0.002914436161518097
-0.00291267316788435
-0.002910882700234652
-0.002909032162278891
-0.002907093614339828
-0.002905044471845031
-0.002902869135141373
-0.002900558523833752
-0.00289811147376895
-0.002895534038543701
-0.002892838325351477
-0.002890042960643768
-0.002887170528993011
-0.002884247107431293
-0.002881300635635853
-0.002878359518945217
-0.002875450998544693
-0.002872599521651864
-0.002869826974347234
-0.002867149654775858
-0.002864578971639276
-0.002862120280042291
-0.00285977334715426
-0.002857532352209091
-0.00285538611933589
-0.002853319281712174
-0.002851312747225165
-0.002849345561116934
-0.002847395138815045
-0.002845438895747066
-0.002843455178663135
-0.00284142536111176
-0.002839333144947886
-0.002837166422978044
-0.002834917511790991
-0.002832583384588361
-0.002830164972692728
-0.002827668096870184
-0.002825101604685187
-0.002822477137669921
-0.002819808898493648
-0.002817112021148205
-0.00281440163962543
-0.002811692422255874
-0.002808996709063649
-0.002806324977427721
-0.00280368491075933
-0.00280108000151813
-0.002798511181026697
-0.002795975189656019
-0.002793465973809361
-0.002790974220260978
-0.002788489451631904
-0.002785998163744807
-0.002783487085253
-0.002780942944809794
-0.002778352936729789
-0.002775705652311444
-0.002772991778329015
-0.002770204562693834
-0.002767340047284961
-0.002764397300779819
-0.00276137818582356
-0.002758286893367767
-0.002755130641162395
-0.00275191874243319
-0.002748661441728473
-0.002745370846241713
-0.002742059295997024
-0.002738739131018519
-0.002735421061515808
-0.002732115564867854
-0.002728831488639116
-0.002725575817748904
-0.002722354372963309
-0.002719170413911343
-0.002716026734560728
-0.002712923334911466
-0.002709860447794199
-0.00270683690905571
-0.002703851787373424
-0.002700903452932835
-0.002697991672903299
-0.002695116214454174
-0.002692277077585459
-0.002689476124942303
-0.002686715684831142
-0.002683999016880989
-0.002681329846382141
-0.002678711898624897
-0.002676148898899555
-0.002673644339665771
-0.002671200782060623
-0.002668820321559906
-0.002666502958163619
-0.002664247527718544
-0.00266205077059567
-0.002659907331690192
-0.002657811157405376
-0.002655754331499338
-0.002653727307915688
-0.002651719143614173
-0.002649718429893255
-0.002647713292390108
-0.002645692555233836
-0.002643645275384188
-0.002641561208292842
-0.00263943150639534
-0.002637249184772372
-0.002635009121149778
-0.002632708055898547
-0.00263034482486546
-0.002627919893711805
-0.002625436522066593
-0.002622899366542697
-0.002620314946398139
-0.00261769094504416
-0.002615036210045218
-0.002612360985949636
-0.002609675284475088
-0.002606989350169897
-0.002604313427582383
-0.002601656364277005
-0.002599027473479509
-0.002596433972939849
-0.002593883313238621
-0.002591379918158054
-0.002588927512988448
-0.002586528426036239
-0.002584183588624001
-0.002581892302259803
-0.002579652704298496
-0.00257746153511107
-0.002575314603745937
-0.002573206089437008
-0.002571129705756903
-0.002569078234955668
-0.002567043760791421
-0.00256501859985292
-0.00256299483589828
-0.002560964319854975
-0.002558919135481119
-0.002556852996349335
-0.002554759848862886
-0.00255263433791697
-0.002550472738221288
-0.002548272488638759
-0.002546032657846808
-0.002543754642829299
-0.002541439840570092
-0.002539091976359487
-0.002536716172471642
-0.002534318715333939
-0.002531907055526972
-0.002529488643631339
-0.002527071628719568
-0.002524664392694831
-0.002522275550290942
-0.002519912319257855
-0.002517581451684237
-0.002515287371352315
-0.002513034734874964
-0.002510824939236045
-0.002508658217266202
-0.002506532706320286
-0.002504445146769285
-0.002502390649169683
-0.002500362461432815
-0.002498353598639369
-0.002496355911716819
-0.00249436148442328
-0.002492362167686224
-0.00249034957960248
-0.002488317433744669
-0.0024862599093467
-0.00248417304828763
-0.00248205428943038
-0.002479902701452374
-0.002477719914168119
-0.002475508721545339
-0.002473273081704974
-0.002471019048243761
-0.002468753140419722
-0.002466482808813453
-0.002464215504005551
-0.002461958676576614
-0.002459718845784664
-0.002457501599565148
-0.00245531159453094
-0.002453152555972338
-0.002451025415211916
-0.002448930172249675
-0.002446865197271109
-0.00244482746347785
-0.002442811848595738
-0.00244081299751997
-0.002438825089484453
-0.002436841372400522
-0.002434855559840798
-0.00243286183103919
-0.002430855296552181
-0.002428831532597542
-0.002426787745207548
-0.002424722071737051
-0.002422634745016694
-0.002420526929199696
-0.002418401185423136
-0.002416261471807957
-0.002414112444967031
-0.002411959460005164
-0.002409807639196515
-0.002407661871984601
-0.002405527280643582
-0.002403407823294401
-0.002401307225227356
-0.002399227116256952
-0.002397169126197696
-0.002395132090896368
-0.002393114613369107
-0.002391114132478833
-0.002389127621427178
-0.002387150889262557
-0.002385179046541452
-0.002383207902312279
-0.002381233032792807
-0.002379250712692738
-0.002377257915213704
-0.002375253010541201
-0.002373234368860722
-0.002371201990172267
-0.002369157271459699
-0.002367102075368166
-0.002365039195865393
-0.002362972358241677
-0.002360904589295387
-0.002358840079978108
-0.002356782322749496
-0.002354734111577272
-0.002352698240429163
-0.002350676106289029
-0.002348668640479445
-0.002346675144508481
-0.002344694919884205
-0.002342726103961468
-0.002340766135603189
-0.002338812220841646
-0.002336860867217183
-0.002334909746423364
-0.002332955133169889
-0.002330995164811611
-0.002329028211534023
-0.002327053109183908
-0.002325069392099977
-0.002323077991604805
-0.002321080071851611
-0.002319077029824257
-0.002317071193829179
-0.002315065125003457
-0.002313061384484172
-0.002311062999069691
-0.002309071598574519
-0.002307088579982519
-0.002305114874616265
-0.002303151180967689
-0.002301197266206145
-0.002299251966178417
-0.002297313883900642
-0.002295381622388959
-0.002293452620506287
-0.002291525481268764
-0.002289597876369953
-0.002287668408825994
-0.002285735681653023
-0.002283798763528466
-0.002281856955960393
-0.002279910258948803
-0.002277960069477558
-0.002276006853207946
-0.002274052007123828
-0.002272097626700997
-0.002270144410431385
-0.002268194453790784
-0.002266248920932412
-0.002264308976009488
-0.002262375317513943
-0.00226044817827642
-0.002258527558296919
-0.002256612991914153
-0.002254703780636191
-0.002252798527479172
-0.002250896999612451
-0.002248997101560235
-0.002247098134830594
-0.002245198935270309
-0.002243299037218094
-0.002241398906335235
-0.002239497844129801
-0.002237596549093723
-0.002235695952549577
-0.002233796520158648
-0.002231900114566088
-0.002230007667094469
-0.002228120807558298
-0.002226240467280149
-0.002224367344751954
-0.002222502836957574
-0.002220646943897009
-0.002218800131231546
-0.002216962864622474
-0.002215135144069791
-0.002213316969573498
-0.002211508341133595
-0.002209709025919437
-0.002207919489592314
-0.002206140430644155
-0.002204372081905603
-0.002202616073191166
-0.002200873801484704
-0.00219914666377008
-0.002197436755523086
-0.002195745706558228
-0.002194076078012586
-0.002192429732531309
-0.002190808765590191
-0.002189215505495667
-0.002187651582062244
-0.002186118392273784
-0.002184618031606078
-0.002183152129873633
-0.002181722084060311
-0.002180328825488687
-0.002178973751142621
-0.002177657792344689
-0.002176382578909397
-0.002175149042159319
-0.00217395881190896
-0.00217281305231154
-0.002171713160350919
-0.002170659601688385
-0.002169654006138444
-0.002168696839362383
-0.002167788567021489
-0.002166929421946406
-0.002166118938475847
-0.002165356185287237
-0.002164639765396714
-0.00216396851465106
-0.002163340104743838
-0.0021627526730299
-0.002162202959880233
-0.002161687705665827
-0.002161203417927027
-0.002160745905712247
-0.002160311443731189
-0.002159895841032267
-0.002159494673833251
-0.002159103751182556
-0.002158718416467309
-0.002158334013074636
-0.002157946350052953
-0.002157551236450672
-0.00215714517980814
-0.002156723756343126
-0.002156283473595977
-0.002155820839107037
-0.002155333058908582
-0.002154817571863532
-0.002154272515326738
-0.002153696492314339
-0.002153089037165046
-0.00215245014987886
-0.002151780296117067
-0.002151080640032887
-0.002150353975594044
-0.00214960309676826
-0.002148831496015191
-0.002148043364286423
-0.002147243358194828
-0.00214643613435328
-0.002145626815035939
-0.002144821221008897
-0.00214402424171567
-0.002143240999430418
-0.002142476383596659
-0.002141734352335334
-0.002141018863767385
-0.002140331780537963
-0.002139675663784146
-0.002139051211997867
-0.002138457959517837
-0.002137895440682769
-0.00213736086152494
-0.002136850263923407
-0.002136359456926584
-0.002135882852599025
-0.002135413931682706
-0.002134945243597031
-0.002134468872100115
-0.002133976435288787
-0.002133459784090519
-0.002132910303771496
-0.002132319612428546
-0.002131680492311716
-0.002130985725671053
-0.002130229957401752
-0.002129408763721585
-0.002128519117832184
-0.00212755985558033
-0.002126530976966023
-0.002125435741618276
-0.002124277641996741
-0.002123062731698155
-0.002121798694133759
-0.002120494842529297
-0.002119161887094378
-0.002117811469361186
-0.002116455463692546
-0.002115106675773859
-0.002113777911290526
-0.002112481510266662
-0.002111229114234447
-0.002110031433403492
-0.00210889708250761
-0.002107833744958043
-0.002106846077367663
-0.00210593780502677
-0.002105108927935362
-0.002104357117787004
-0.002103678649291396
-0.002103066071867943
-0.002102511003613472
-0.002102002268657088
-0.002101527759805322
-0.002101074205711484
-0.002100626938045025
-0.002100172219797969
-0.002099695848301053
-0.002099184785038233
-0.002098627388477325
-0.00209801341407001
-0.002097335178405046
-0.002096587559208274
-0.002095767762511969
-0.002094875555485487
-0.002093914663419127
-0.00209289020858705
-0.002091810805723071
-0.002090687165036798
-0.0020895313937217
-0.00208835699595511
-0.002087178407236934
-0.00208601076155901
-0.0020848682615906
-0.002083764644339681
-0.002082712016999722
-0.002081721555441618
-0.002080801874399185
-0.002079958794638515
-0.002079195808619261
-0.002078514080494642
-0.002077911514788866
-0.00207738415338099
-0.002076926175504923
-0.002076528966426849
-0.002076183445751667
-0.002075879601761699
-0.00207560695707798
-0.002075355499982834
-0.002075116382911801
-0.002074880991131067
-0.002074643271043897
-0.00207439879886806
-0.002074145246297121
-0.002073884010314941
-0.002073617419227958
-0.002073350828140974
-0.002073091454803944
-0.002072848379611969
-0.002072632312774658
-0.002072454895824194
-0.00207232846878469
-0.002072265837341547
-0.002072278875857592
-0.002072378760203719
-0.002072575269266963
-0.002072876784950495
-0.002073289593681693
-0.002073818817734718
-0.002074466086924076
-0.002075232798233628
-0.002076117321848869
-0.002077117096632719
-0.002078228164464235
-0.002079444704577327
-0.00208076206035912
-0.002082173945382237
-0.002083674306049943
-0.002085258020088077
-0.002086920430883765
-0.002088657347485423
-0.002090465975925326
-0.002092344453558326
-0.002094291849061847
-0.002096308628097177
-0.002098395023494959
-0.002100551966577768
-0.00210278108716011
-0.00210508331656456
-0.002107459818944335
-0.002109911059960723
-0.002112436341121793
-0.00211503473110497
-0.002117702970281243
-0.002120437799021602
-0.002123234327882528
-0.002126086037606001
-0.002128985710442066
-0.00213192543014884
-0.002134895650669932
-0.002137886360287666
-0.002140888012945652
-0.002143889898434281
-0.002146882703527808
-0.002149856416508555
-0.002152801491320133
-0.002155709313228726
-0.00215857126750052
-0.002161380369216204
-0.0021641303319484
-0.00216681556776166
-0.002169431885704398
-0.002171975094825029
-0.002174442401155829
-0.002176831709221005
-0.002179141622036695
-0.002181371208280325
-0.00218352023512125
-0.002185588935390115
-0.002187579171732068
-0.002189492573961616
-0.002191331703215837
-0.002193099586293101
-0.002194799715653062
-0.00219643721356988
-0.00219801627099514
-0.002199542941525578
-0.002201023045927286
-0.002202463336288929
-0.002203870099037886
-0.002205250551924109
-0.00220661167986691
-0.002207960700616241
-0.002209305064752698
-0.002210651058703661
-0.002212005900219083
-0.002213376108556986
-0.002214768435806036
-0.002216188237071037
-0.002217641333118081
-0.00221913238056004
-0.002220666036009789
-0.002222246257588267
-0.002223876770585775
-0.002225559670478106
-0.002227297285571694
-0.002229090081527829
-0.002230939688161016
-0.002232844708487391
-0.002234804444015026
-0.002236815867945552
-0.002238875487819314
-0.002240978879854083
-0.002243120688945055
-0.002245294861495495
-0.002247494179755449
-0.002249710261821747
-0.002251935657113791
-0.002254161518067122
-0.002256378764286637
-0.002258579479530454
-0.002260755049064755
-0.002262897556647658
-0.002265000250190496
-0.002267056377604604
-0.002269061282277107
-0.002271011238917708
-0.002272902755066752
-0.00227473396807909
-0.002276504412293434
-0.002278213622048497
-0.002279862994328141
-0.002281453693285584
-0.002282988047227263
-0.002284468617290258
-0.00228589866310358
-0.002287281677126884
-0.002288620918989182
-0.002289919648319483
-0.002291180659085512
-0.002292407676577568
-0.002293603261932731
-0.002294770209118724
-0.002295911544933915
-0.002297029132023454
-0.002298124600201845
-0.002299199346452951
-0.002300254534929991
-0.00230129063129425
-0.002302307635545731
-0.002303304616361856
-0.002304279478266835
-0.00230522989295423
-0.0023061519023031
-0.002307041548192501
-0.002307892311364412
-0.002308698603883386
-0.002309452975168824
-0.002310147741809487
-0.002310774056240916
-0.002311323070898652
-0.002311785472556949
-0.002312152879312634
-0.002312416676431894
-0.002312567783519626
-0.002312599448487163
-0.002312504686415195
-0.00231227814219892
-0.002311915159225464
-0.002311412943527102
-0.0023107691667974
-0.002309983363375068
-0.002309056930243969
-0.002307991730049253
-0.00230679172091186
-0.002305461326614022
-0.002304006367921829
-0.002302433829754591
-0.002300751395523548
-0.002298967447131872
-0.002297091064974666
-0.002295132027938962
-0.002293100347742438
-0.00229100720025599
-0.002288863528519869
-0.00228668050840497
-0.002284469548612833
-0.002282241825014353
-0.002280008746311069
-0.002277781488373876
-0.002275570761412382
-0.002273387275636196
-0.002271241275593638
-0.002269141841679811
-0.002267098054289818
-0.002265117596834898
-0.002263207919895649
-0.002261374844238162
-0.002259623492136598
-0.002257958520203829
-0.002256382955238223
-0.002254899358376861
-0.002253509126603603
-0.00225221342407167
-0.002251012017950416
-0.002249903278425336
-0.002248885808512568
-0.002247957047075033
-0.002247113268822432
-0.002246350515633821
-0.002245663898065686
-0.002245046896860003
-0.002244494156911969
-0.00224399846047163
-0.002243551658466458
-0.00224314583465457
-0.002242772374302149
-0.00224242196418345
-0.00224208552390337
-0.002241753507405519
-0.002241415902972221
-0.002241063630208373
-0.002240688307210803
-0.002240281086415052
-0.002239834051579237
-0.002239339984953403
-0.002238793065771461
-0.002238188404589891
-0.00223752181045711
-0.002236791420727968
-0.002235995605587959
-0.002235134597867727
-0.002234210260212421
-0.002233225386589766
-0.002232184167951345
-0.002231091493740678
-0.002229954348877072
-0.002228779252618551
-0.002227573655545712
-0.002226346405223012
-0.002225105883553624
-0.002223860705271363
-0.002222618786618114
-0.002221388276666403
-0.002220176625996828
-0.002218990586698055
-0.002217836212366819
-0.00221671792678535
-0.002215638523921371
-0.002214600797742605
-0.002213605213910341
-0.002212651306763291
-0.002211737912148237
-0.002210862236097455
-0.00221002078615129
-0.002209209138527513
-0.002208422403782606
-0.002207654993981123
-0.002206901088356972
-0.002206156030297279
-0.002205414464697242
-0.002204671502113342
-0.002203922718763351
-0.002203164855018258
-0.002202395116910338
-0.002201611408963799
-0.002200812334194779
-0.002199998125433922
-0.002199169946834445
-0.00219832849688828
-0.002197475871071219
-0.002196614164859056
-0.002195746637880802
-0.002194875851273537
-0.002194004133343697
-0.002193133812397718
-0.002192267449572682
-0.002191406209021807
-0.002190551487728953
-0.002189703285694122
-0.00218886137008667
-0.002188024576753378
-0.002187191275879741
-0.002186358906328678
-0.002185525372624397
-0.002184687415137887
-0.002183841774240136
-0.002182985888794065
-0.002182117197662592
-0.002181234071031213
-0.002180335344746709
-0.002179420553147793
-0.002178489929065108
-0.002177544869482517
-0.002176587469875813
-0.002175621455535293
-0.002174649620428681
-0.002173676853999496
-0.002172708045691252
-0.00217174761928618
-0.002170800464227796
-0.002169870771467686
-0.002168962266296148
-0.002168078208342195
-0.002167220460250974
-0.00216638995334506
-0.002165586687624454
-0.002164809498935938
-0.002164055360481143
-0.002163320314139128
-0.002162599936127663
-0.002161888871341944
-0.002161181066185236
-0.002160470932722092
-0.002159751951694489
-0.002159018302336335
-0.002158265095204115
-0.002157487906515598
-0.002156683476641774
-0.002155850175768137
-0.002154986839741468
-0.002154094632714987
-0.002153175417333841
-0.00215223291888833
-0.002151271561160684
-0.002150296466425061
-0.002149313688278198
-0.00214832928031683
-0.002147349761798978
-0.002146380953490734
-0.002145427512004972
-0.002144494792446494
-0.002143586054444313
-0.002142703160643578
-0.002141847042366862
-0.00214101723395288
-0.002140211872756481
-0.00213942863047123
-0.002138663548976183
-0.002137911971658468
-0.002137168543413281
-0.002136428141966462
-0.002135685412213206
-0.002134935697540641
-0.002134175039827824
-0.002133399248123169
-0.002132605761289597
-0.002131793182343245
-0.002130961045622826
-0.002130109816789627
-0.002129241358488798
-0.002128357766196132
-0.002127461833879352
-0.0021265575196594
-0.002125648083165288
-0.002124737482517958
-0.002123829210177064
-0.002122926525771618
-0.002122031757608056
-0.002121146768331528
-0.002120272954925895
-0.002119410317391157
-0.002118558390066028
-0.002117716241627932
-0.002116882475093007
-0.002116054994985461
-0.002115231705829501
-0.002114410046488047
-0.002113587921485305
-0.002112763235345483
-0.0021119334269315
-0.002111097564920783
-0.002110254252329469
-0.002109403256326914
-0.002108543878421187
-0.002107676584273577
-0.002106801373884082
-0.002105918945744634
-0.002105030231177807
-0.002104136161506176
-0.002103236503899097
-0.002102332189679146
-0.002101423218846321
-0.002100509824231267
-0.002099590376019478
-0.002098665107041597
-0.002097731921821833
-0.002096790121868253
-0.002095837844535708
-0.002094873925670981
-0.002093896502628922
-0.002092904411256313
-0.002091896021738648
-0.002090870169922709
-0.002089825924485922
-0.002088763052597642
-0.002087680157274008
-0.002086576772853732
-0.002085452666506171
-0.002084306674078107
-0.002083138329908252
-0.002081946469843388
-0.002080729464069009
-0.002079485915601254
-0.002078213728964329
-0.002076910343021154
-0.00207557319663465
-0.002074199263006449
-0.002072785748168826
-0.002071329625323415
-0.002069827169179916
-0.002068275352939963
-0.002066671149805188
-0.002065011067315936
-0.002063292544335127
-0.002061513485386968
-0.002059671329334378
-0.002057763980701566
-0.002055789576843381
-0.002053746953606606
-0.002051635179668665
-0.00204945239238441
-0.002047197660431266
-0.002044869819656014
-0.002042467473074794
-0.002039989689365029
-0.002037435071542859
-0.002034801756963134
-0.002032087882980704
-0.002029292052611709
-0.002026413101702929
-0.002023448469117284
-0.0020203972235322
-0.002017257967963815
-0.002014030003920197
-0.002010712632909417
-0.00200730562210083
-0.002003809437155724
-0.00200022547505796
-0.001996555831283331
-0.0019928019028157
-0.001988966483622789
-0.001985052833333611
-0.001981064677238464
-0.001977006439119577
-0.00197288254275918
-0.001968697644770145
-0.001964456168934703
-0.001960163004696369
-0.001955823507159948
-0.001951443031430244
-0.001947026932612062
-0.001942580915056169
-0.001938110333867371
-0.001933620893396437
-0.001929118297994137
-0.001924608484841883
-0.001920097740367055
-0.001915592350997031
-0.001911098835989833
-0.001906623365357518
-0.001902172109112144
-0.001897751470096409
-0.001893367385491729
-0.001889025559648871
-0.001884731813333929
-0.00188049057032913
-0.001876306836493313
-0.001872184686362743
-0.001868127845227718
-0.001864139339886606
-0.001860221615061164
-0.001856376766227186
-0.00185260537546128
-0.001848908374086022
-0.001845285762101412
-0.001841736491769552
-0.001838259282521904
-0.001834851922467351
-0.001831511734053493
-0.001828235341235995
-0.001825018902309239
-0.001821858109906316
-0.001818748307414353
-0.001815684256143868
-0.001812660251744092
-0.001809670007787645
-0.001806707354262471
-0.001803765655495226
-0.00180083850864321
-0.001797919278033078
-0.001795001327991486
-0.001792078255675733
-0.001789144007489085
-0.001786193111911416
-0.001783219981007278
-0.00178022007457912
-0.001777188736014068
-0.001774122472852468
-0.001771018607541919
-0.001767874811775982
-0.001764689455740154
-0.001761461840942502
-0.001758192083798349
-0.001754881232045591
-0.001751530799083412
-0.00174814322963357
-0.001744721550494432
-0.001741269719786942
-0.001737792161293328
-0.00173429399728775
-0.001730781281366944
-0.001727259950712323
-0.001723736640997231
-0.001720218919217587
-0.001716714119538665
-0.001713229808956385
-0.00170977390371263
-0.00170635397080332
-0.001702977460809052
-0.001699651940725744
-0.001696384279057384
-0.001693180878646672
-0.001690047909505665
-0.001686990959569812
-0.001684014685451984
-0.001681122812442482
-0.001678319065831602
-0.001675605657510459
-0.001672984450124204
-0.001670456491410732
-0.001668022130616009
-0.00166568101849407
-0.001663432107307017
-0.001661273534409702
-0.001659202971495688
-0.001657217857427895
-0.00165531481616199
-0.001653490238822997
-0.001651740516535938
-0.001650061458349228
-0.001648449222557247
-0.00164689973462373
-0.001645409152843058
-0.00164397363550961
-0.001642589806579053
-0.001641254522837698
-0.0016399648739025
-0.001638718065805733
-0.001637512701563537
-0.001636346918530762
-0.001635219319723547
-0.001634129555895925
-0.001633077394217253
-0.001632062601856887
-0.001631085993722081
-0.0016301479190588
-0.001629249192774296
-0.0016283905133605
-0.00162757292855531
-0.001626796904020011
-0.001626063021831214
-0.001625371747650206
-0.001624722382985055
-0.001624114578589797
-0.001623547170311213
-0.001623018528334796
-0.00162252620793879
-0.001622067531570792
-0.001621638773940504
-0.001621235394850373
-0.001620852970518172
-0.001620485913008451
-0.001620128634385765
-0.001619774731807411
-0.001619417686015368
-0.001619050628505647
-0.001618666341528296
-0.00161825749091804
-0.001617817091755569
-0.001617338042706251
-0.001616814057342708
-0.001616238732822239
-0.001615606597624719
-0.001614912762306631
-0.001614153501577675
-0.00161332543939352
-0.001612426480278373
-0.00161145580932498
-0.001610413426533341
-0.001609300612471998
-0.001608119695447385
-0.001606873818673193
-0.001605567522346973
-0.001604206394404173
-0.001602796372026205
-0.001601344556547701
-0.001599858398549259
-0.001598345930688083
-0.001596815651282668
-0.001595276058651507
-0.001593735767528415
-0.001592203276231885
-0.001590686617419124
-0.001589193823747337
-0.001587731996551156
-0.001586307538673282
-0.001584926154464483
-0.001583593082614243
-0.001582311699166894
-0.001581085380166769
-0.001579916104674339
-0.001578804571181536
-0.001577750663273036
-0.001576753216795623
-0.00157580990344286
-0.001574917929247022
-0.001574073336087167
-0.001573271583765745
-0.001572507084347308
-0.001571774366311729
-0.001571067026816308
-0.001570378895848989
-0.00156970345415175
-0.001569034531712532
-0.001568365725688636
-0.001567691448144615
-0.00156700611114502
-0.001566304359585047
-0.001565581886097789
-0.001564834848977625
-0.001564060105010867
-0.001563255093060434
-0.001562417834065855
-0.001561547047458589
-0.001560642383992672
-0.001559704076498747
-0.001558733056299388
-0.001557730603963137
-0.001556698698550463
-0.001555639784783125
-0.001554556656628847
-0.001553452806547284
-0.001552331261336803
-0.001551195746287704
-0.001550050219520926
-0.001548898522742093
-0.0015477443812415
-0.001546591403894126
-0.001545442850328982
-0.001544302445836365
-0.001543173100799322
-0.001542057376354933
-0.001540957484394312
-0.001539875636808574
-0.001538813346996903
-0.001537772011943161
-0.001536752446554601
-0.001535755232907832
-0.001534780371002853
-0.001533827395178378
-0.001532895490527153
-0.001531983609311283
-0.001531090587377548
-0.001530214329250157
-0.001529352739453316
-0.001528503722511232
-0.001527664717286825
-0.001526833511888981
-0.001526007312349975
-0.001525183324702084
-0.001524358987808228
-0.001523531740531325
-0.001522698905318975
-0.001521858153864741
-0.001521007623523474
-0.001520145102404058
-0.001519269193522632
-0.001518378616310656
-0.001517472555860877
-0.00151655066292733
-0.00151561270467937
-0.001514658913947642
-0.001513690105639398
-0.001512707443907857
-0.001511712442152202
-0.001510707079432905
-0.001509693334810436
-0.001508673769421875
-0.001507650827988982
-0.001506627071648836
-0.001505605294369161
-0.001504588057287037
-0.001503577688708901
-0.001502576749771833
-0.001501586870290339
-0.001500609912909567
-0.001499647041782737
-0.001498698955401778
-0.001497766352258623
-0.00149684923235327
-0.001495947130024433
-0.001495059579610825
-0.001494185416959226
-0.001493323128670454
-0.001492471201345325
-0.001491627423092723
-0.001490789465606213
-0.001489955000579357
-0.00148912169970572
-0.001488287351094186
-0.00148744962643832
-0.001486606546677649
-0.001485756016336381
-0.001484896638430655
-0.00148402713239193
-0.001483146566897631
-0.001482254592701793
-0.001481351093389094
-0.0014804364182055
-0.001479511265642941
-0.00147857703268528
-0.001477635116316378
-0.001476687379181385
-0.001475735567510128
-0.001474782126024365
-0.001473828917369246
-0.00147287838626653
-0.001471931929700077
-0.001470991759561002
-0.001470059040002525
-0.001469135168008506
-0.001468221191316843
-0.001467317808419466
-0.001466425019316375
-0.001465542824007571
-0.001464670873247087
-0.001463808235712349
-0.001462953863665462
